   46750.0
  114450.0
  296450.0
  588650.0
  720950.0
  958950.0
 1073050.0
 1452850.0
 1460250.0
 1524750.0
 1974150.0
 1999250.0
 2370750.0
 2481850.0
 2508150.0
 2568950.0
 2768950.0
 2913350.0
 3022250.0
 3131550.0
 3263750.0
 3300550.0
 3714950.0
 3808050.0
 3948550.0
 4192950.0
 4200250.0
 4352050.0
 4456950.0
 4549150.0
 5094350.0
 5469950.0
 5719450.0
 6379450.0
 6429150.0
 6567850.0
 6940350.0
 7288350.0
 7353350.0
 7428250.0
 7568150.0
 7714050.0
 7714550.0
 7822350.0
 8134850.0
 8136150.0
 8307750.0
 8457250.0
 8775850.0
 8899650.0
 8961050.0
 9173050.0
 9216850.0
 9230250.0
 9640250.0
 9941150.0
10119150.0
10139550.0
10514150.0
10908950.0
11023050.0
11204050.0
11561250.0
11831850.0
11883750.0
11999050.0
12233450.0
12782050.0
13037450.0
13289250.0
13297650.0
13384650.0
13517350.0
14028850.0
14197050.0
14340550.0
14362050.0
14520150.0
14553950.0
14903450.0
14951850.0
14954350.0
15149650.0
15248350.0
15365750.0
15389750.0
15902750.0
16151150.0
16331650.0
16453450.0
16683750.0
16780450.0
16951550.0
16956550.0
17324150.0
17696950.0
17751250.0
17983250.0
18544150.0
18616550.0
18779550.0
18847950.0
19214850.0
19599550.0
19628950.0
20218950.0
20700250.0
20822050.0
21128450.0
21235450.0
21566450.0
21652150.0
21779950.0
21951950.0
22218050.0
22518650.0
22626550.0
22655750.0
22684150.0
22728950.0
22739650.0
22748850.0
22777750.0
22964950.0
