111.1
304.1
574.8
600.4
630.1
1108.7
1717.0
1741.6
1825.8
1891.1
2346.3
2754.2
3044.2
3435.2
3500.4
3762.5
3957.1
4155.3
4182.8
5136.7
5541.5
5679.9
5942.9
5944.0
5944.4
6236.9
6505.0
6515.7
6858.6
7013.4
7354.3
7539.9
7659.1
7729.1
7822.7
7857.2
8350.4
8431.1
8606.6
8778.0
8802.8
8995.4
9141.8
9396.4
9471.8
9517.4
9856.4
9992.0
10042.1
10116.0
10240.1
10392.0
10687.9
10882.5
11422.3
11837.6
12408.3
12741.9
12742.5
12922.3
13128.5
13571.2
13800.3
13826.2
14110.5
14151.5
14268.3
14847.5
15424.6
15428.4
15453.6
15530.4
15881.0
16099.4
16143.8
16239.4
16316.5
16637.4
16689.8
16807.7
16939.7
16974.8
17427.9
17481.6
17688.1
17801.3
17842.2
17998.6
18006.9
18083.5
18168.1
18624.9
18710.9
19077.8
19433.9
19647.6
19716.7
19988.2
20108.8
20303.7
20321.9
20691.5
20916.7
20925.5
20930.1
21012.4
21069.8
21116.6
21120.3
21182.3
21283.5
21601.4
22093.6
22204.1
22306.3
22549.4
22817.2
