  109550.0
  380050.0
  626450.0
  719150.0
  827050.0
  900350.0
  924150.0
 1030750.0
 1563050.0
 1610650.0
 1735450.0
 2119150.0
 2443350.0
 2553350.0
 2658750.0
 2889450.0
 2999150.0
 3443850.0
 3490350.0
 3761150.0
 4002850.0
 4135150.0
 4439350.0
 4486450.0
 4705850.0
 4852650.0
 5431850.0
 5588350.0
 5787050.0
 6848450.0
 7027950.0
 7296750.0
 7328150.0
 7676250.0
 8227150.0
 8255450.0
 8359350.0
 8362850.0
 8425850.0
 8670350.0
 8917150.0
 8933950.0
 9463750.0
 9469350.0
 9532650.0
 9537250.0
 9597950.0
 9772950.0
10009350.0
10215550.0
10493050.0
10529150.0
10701550.0
10826950.0
11035850.0
11127850.0
11626650.0
11932950.0
12119150.0
12213450.0
12267250.0
12335650.0
12371250.0
12526450.0
12533950.0
12652350.0
12916850.0
12998350.0
13246050.0
13460950.0
13799950.0
13896250.0
14597250.0
14805950.0
15157850.0
15556250.0
15564550.0
15750950.0
15759150.0
15807550.0
15891950.0
16520350.0
16553550.0
17043350.0
17482350.0
17760250.0
18018250.0
18216350.0
18420850.0
18468750.0
18734350.0
18858950.0
19347350.0
19360650.0
19541350.0
20153850.0
20393650.0
20403150.0
21141150.0
21358950.0
22032950.0
22177250.0
22322450.0
22624450.0
22718450.0
22834850.0
