108.6
469.0
688.4
925.7
1051.7
1301.5
1548.7
1640.2
1969.8
2243.4
2250.6
2520.8
2734.2
2804.8
3138.0
3251.3
3515.6
3748.3
3816.3
4734.0
4844.3
4931.8
5353.0
5414.8
5462.1
5688.2
5742.6
6057.9
6121.9
6160.6
6163.5
6298.1
6731.7
7495.0
7523.1
7588.1
7635.5
7653.1
7808.7
7839.9
7932.8
7947.6
8181.0
8402.4
8592.7
8759.2
9035.0
9111.6
9204.6
9994.7
10309.1
10582.0
10927.5
11034.7
11416.4
11605.6
11842.2
11889.8
11904.6
12231.1
12421.8
12770.7
12812.7
12855.4
12891.4
12903.0
13799.6
13850.7
14039.6
14118.4
14284.6
14440.6
14649.8
14681.3
14914.4
14969.8
15021.1
15775.7
16119.4
16132.9
16238.3
16396.7
16735.0
16753.2
16850.8
16973.5
16975.7
17041.2
17066.3
17072.9
17216.5
17829.8
18212.6
18230.8
18270.4
18397.4
18659.2
18852.2
19405.1
19649.2
19853.3
20059.4
20113.6
20249.0
20259.2
20348.6
20874.6
21156.5
21478.0
21499.4
21533.8
21548.8
21686.3
22361.0
22367.2
22502.5
