   55250.0
  119550.0
  339250.0
  425450.0
  515750.0
  523950.0
  567650.0
  777350.0
 1122250.0
 1273750.0
 1301450.0
 1699050.0
 2552050.0
 2861450.0
 2888950.0
 3275350.0
 3529550.0
 3717950.0
 3878450.0
 4494650.0
 4514450.0
 4872350.0
 5235050.0
 5565250.0
 5603450.0
 5638350.0
 5762950.0
 6246350.0
 6281550.0
 6483450.0
 6803750.0
 6835050.0
 6853650.0
 7009650.0
 7479850.0
 8755150.0
 8855750.0
 8894350.0
 8950050.0
 9274850.0
 9352350.0
 9404950.0
 9710250.0
 9731950.0
 9790450.0
 9968450.0
10262050.0
10298150.0
10372250.0
10431450.0
10561950.0
10701950.0
10784750.0
10869550.0
10997850.0
11149150.0
11257450.0
11575650.0
11802850.0
11963750.0
11981850.0
12033950.0
12160950.0
12827850.0
13049150.0
13083750.0
13323250.0
13499350.0
13571450.0
13600250.0
13757050.0
14002550.0
14092750.0
14266050.0
14365850.0
14507550.0
14757750.0
14957550.0
15087450.0
15288250.0
15575350.0
15706350.0
15820350.0
15877350.0
16114350.0
16186250.0
16803950.0
16980550.0
17479650.0
17839950.0
18257750.0
18386750.0
18544650.0
18693550.0
18735950.0
18784650.0
18796750.0
19064650.0
19463450.0
19595050.0
19620050.0
19841950.0
19912250.0
20103750.0
20179250.0
20213150.0
20298750.0
20368950.0
20538850.0
20700950.0
21089550.0
21267950.0
21720250.0
21875650.0
22133350.0
22228450.0
22337150.0
22548550.0
