  374950.0
  540250.0
  621650.0
  636450.0
  911450.0
 1058850.0
 1131250.0
 1346350.0
 1561250.0
 1606650.0
 1631850.0
 1673950.0
 2509250.0
 2519850.0
 2568250.0
 2580350.0
 2635650.0
 2885450.0
 2899050.0
 2989050.0
 3070050.0
 3289550.0
 3518150.0
 3543050.0
 3730550.0
 3998750.0
 4222650.0
 4563250.0
 4938750.0
 5138250.0
 5299250.0
 5372950.0
 5480150.0
 5515750.0
 5893750.0
 6368150.0
 6562050.0
 6725950.0
 6916250.0
 6942650.0
 6960750.0
 7144350.0
 7363950.0
 7412850.0
 7717350.0
 8691250.0
 8817750.0
 8905950.0
 9002550.0
 9167450.0
 9260150.0
 9785550.0
10337850.0
10348650.0
10554450.0
10566350.0
10600250.0
10688250.0
10748550.0
10805350.0
11041550.0
11273350.0
11288550.0
11301150.0
11576950.0
11582150.0
11743050.0
11821050.0
12089550.0
12390750.0
12399350.0
12491950.0
12515850.0
12561550.0
12897950.0
13112250.0
14510150.0
14603750.0
14801250.0
14986850.0
15088350.0
15455350.0
15561850.0
15826150.0
15985550.0
16005150.0
16204750.0
16258850.0
17131350.0
17231550.0
17263350.0
17284950.0
17430950.0
17447550.0
17598150.0
17689550.0
17859150.0
17936550.0
17942850.0
18018750.0
18029450.0
18412450.0
18760650.0
18990050.0
19268650.0
19392950.0
19724650.0
19919450.0
19982250.0
20007850.0
20036550.0
20126550.0
20146050.0
20282650.0
20283150.0
20359150.0
20461250.0
21232550.0
21532450.0
21535050.0
21556850.0
21818350.0
21973050.0
22027850.0
22094650.0
22194950.0
22415550.0
22460450.0
22589250.0
22840950.0
22935250.0
22997850.0
