   38750.0
   78750.0
   95650.0
  997350.0
 1097250.0
 1378750.0
 1457450.0
 1877050.0
 1988950.0
 2849950.0
 3198550.0
 3232050.0
 3257950.0
 3282250.0
 3347650.0
 3834350.0
 4371350.0
 4522650.0
 4538050.0
 4839450.0
 5171950.0
 5286650.0
 5304450.0
 5311850.0
 5484050.0
 5771450.0
 6700050.0
 6945750.0
 6978150.0
 7343550.0
 7483650.0
 8130450.0
 8685950.0
 8836150.0
 8928650.0
 9151450.0
 9178150.0
 9319350.0
 9359350.0
 9804350.0
 9881050.0
10021450.0
10545250.0
11195150.0
11277350.0
11286750.0
11391050.0
11564750.0
11769250.0
11937250.0
11981850.0
12061350.0
12187550.0
12215950.0
12376950.0
12927650.0
12969750.0
13152750.0
13578750.0
13659150.0
13838650.0
14035150.0
14618550.0
14759750.0
15002650.0
15022950.0
15041550.0
15190450.0
15554850.0
15708950.0
15755750.0
16021850.0
16053850.0
16291250.0
16352150.0
16542450.0
16812050.0
16896850.0
17692250.0
18334850.0
18437750.0
18480050.0
18524750.0
18714950.0
18892250.0
18953050.0
19023750.0
19436050.0
19448250.0
19480650.0
19642750.0
20090350.0
20215550.0
20224750.0
20413350.0
21193550.0
21323250.0
21816050.0
21905450.0
21997450.0
22062150.0
22186350.0
22469550.0
22861750.0
22904450.0
22930450.0
