  188650.0
  399750.0
 1070550.0
 1192350.0
 1302450.0
 1382950.0
 1562050.0
 1693150.0
 2296650.0
 2469150.0
 2482450.0
 2788950.0
 2922450.0
 3159750.0
 3354650.0
 3591250.0
 4475250.0
 4603650.0
 4615950.0
 4640250.0
 4878350.0
 5053950.0
 5151950.0
 5192650.0
 5209050.0
 5789050.0
 6117750.0
 6259250.0
 6261750.0
 6393450.0
 7350250.0
 7373150.0
 7432050.0
 7557150.0
 7731350.0
 8147150.0
 8329450.0
 8330050.0
 8501450.0
 8695450.0
 9149650.0
 9501050.0
 9601950.0
 9807250.0
 9947750.0
10008250.0
10396050.0
10681650.0
11317150.0
11370750.0
11382350.0
11590850.0
11661350.0
11701150.0
11757850.0
11854750.0
12102150.0
12220250.0
12696250.0
12769650.0
12787650.0
12788850.0
12797350.0
12942250.0
13560150.0
13848450.0
13965750.0
14293850.0
14620450.0
14726650.0
14858650.0
15028850.0
15048250.0
15248150.0
15467050.0
15582250.0
15774350.0
15921150.0
16057350.0
16097850.0
16154150.0
17024250.0
17191950.0
17903750.0
17910150.0
18262550.0
18323150.0
18558850.0
18563550.0
18655950.0
18684250.0
18989950.0
18999750.0
19040050.0
19090750.0
19119950.0
19187250.0
19488950.0
19936950.0
19975750.0
20028050.0
20123050.0
20125050.0
20152850.0
20596550.0
21373350.0
21393050.0
21510050.0
21747150.0
22069250.0
22132250.0
22148450.0
