  585350.0
  824450.0
 1170250.0
 1173750.0
 1390650.0
 1397850.0
 1837050.0
 2260350.0
 2294150.0
 2808750.0
 3438950.0
 3530750.0
 3637850.0
 3696050.0
 3778450.0
 3861250.0
 4016050.0
 4084050.0
 4244150.0
 4427650.0
 4774350.0
 5001050.0
 5068650.0
 5463550.0
 5778150.0
 6107850.0
 6430450.0
 6887350.0
 7095850.0
 7398550.0
 7723650.0
 7937350.0
 8316650.0
 8321450.0
 8438450.0
 8800650.0
 8902850.0
 9239850.0
 9363150.0
 9581950.0
 9719950.0
 9773650.0
10127550.0
10545350.0
10622750.0
10831750.0
11048550.0
11102050.0
11310350.0
11338050.0
11345650.0
11389850.0
11630250.0
11993250.0
12389650.0
12725350.0
12920850.0
12963650.0
13154650.0
13418950.0
13540250.0
13692550.0
13998350.0
14232150.0
14424050.0
14864150.0
15112550.0
15286550.0
15435650.0
15716550.0
15867250.0
15918350.0
16049850.0
16277850.0
16300150.0
16423550.0
17989550.0
18491150.0
18698850.0
19425450.0
19777850.0
19965650.0
20100550.0
20392550.0
20759850.0
21347750.0
21754350.0
22005650.0
22037050.0
22251050.0
22715150.0
22726050.0
22739750.0
22754750.0
22780450.0
