  322550.0
  550750.0
  661650.0
  789950.0
  873150.0
 1052650.0
 1110750.0
 1123150.0
 1145650.0
 1179450.0
 2452650.0
 2651550.0
 2675750.0
 2752950.0
 3085750.0
 3099850.0
 3306750.0
 3408550.0
 3419050.0
 3677050.0
 3801750.0
 4029450.0
 4255150.0
 4584950.0
 4990850.0
 5057950.0
 5186850.0
 5210650.0
 5463550.0
 5488750.0
 5491350.0
 5492350.0
 5615750.0
 6353850.0
 6369450.0
 6755150.0
 7395550.0
 7785950.0
 8055650.0
 8078550.0
 8092250.0
 8175050.0
 8313550.0
 8589050.0
 8680450.0
 8704350.0
 8847250.0
 8931450.0
 9024050.0
 9195150.0
 9199650.0
 9333750.0
 9467750.0
 9578250.0
 9796450.0
 9812950.0
 9894150.0
 9973350.0
10134850.0
10246150.0
10346250.0
10683150.0
10862750.0
10872950.0
10896750.0
10963150.0
11138750.0
11280050.0
11676550.0
11872150.0
12345650.0
12428450.0
12496850.0
12538150.0
12652650.0
12825650.0
12836150.0
13248750.0
13270450.0
13359050.0
13388650.0
13848050.0
14333150.0
14343650.0
14489250.0
14605050.0
14731550.0
15253850.0
15368950.0
15388050.0
15568050.0
15626850.0
16120150.0
16360550.0
16556350.0
16617250.0
16793450.0
17141250.0
17473250.0
17570250.0
17734950.0
17835150.0
17856850.0
18414650.0
18472350.0
18621550.0
18736550.0
18803050.0
19005450.0
19035750.0
19335350.0
19367350.0
19431350.0
19462550.0
19647250.0
20205650.0
20392750.0
20870450.0
21213850.0
21390550.0
22158450.0
22316250.0
22375650.0
22672850.0
22687950.0
22831350.0
22842250.0
22935650.0
