217.1
288.1
589.6
992.5
1017.9
1079.8
1196.8
1417.7
1999.3
2210.4
2690.4
2801.2
2843.9
2882.8
2890.3
3565.5
3625.0
3664.5
3867.1
3892.3
4261.0
4295.7
4363.3
4767.6
4781.9
4971.5
4991.8
5100.1
5137.8
5204.6
5214.8
5438.4
5601.7
5654.7
6074.8
6099.9
6106.3
6231.7
6340.3
6388.1
6655.4
6902.4
6997.1
7221.4
7607.3
7835.9
7841.5
7853.8
7925.9
8212.3
8383.2
8456.6
8568.3
8713.5
9127.4
9185.0
9368.5
9544.4
9950.9
10070.0
10406.0
10751.9
11185.9
11521.7
11777.4
11852.0
12089.7
12479.5
12597.6
12709.8
12770.4
12849.6
13383.0
13481.2
13590.2
13681.0
13918.7
14075.3
14253.2
14407.6
14453.9
14664.7
14803.2
14829.7
15089.4
15275.2
15310.6
15540.0
15711.9
15970.2
16058.4
16195.7
16423.8
16673.6
17048.0
17156.4
17307.2
17742.7
17919.3
17952.6
18144.5
18152.4
18359.6
18538.2
18608.4
18971.1
19148.1
19575.1
19740.6
19784.0
19959.3
20042.8
20057.5
20073.0
20081.3
20165.1
20272.1
20313.5
20833.8
20835.8
20888.7
20919.8
21082.5
21199.2
21412.6
21423.5
21709.0
21826.8
22251.8
22342.4
22961.6
