  385350.0
  467350.0
  498750.0
  695150.0
  767050.0
  866550.0
  897650.0
  948350.0
  979850.0
 1055150.0
 1116050.0
 1998250.0
 2127250.0
 2155850.0
 2163150.0
 2538750.0
 2541450.0
 2800150.0
 2891950.0
 3224750.0
 3340850.0
 3440450.0
 3756650.0
 3937150.0
 4145950.0
 4418150.0
 4504650.0
 4603650.0
 4982650.0
 5139650.0
 5230150.0
 5439950.0
 5612250.0
 5633950.0
 5780150.0
 5815050.0
 5954750.0
 6101250.0
 6126450.0
 6378750.0
 6525250.0
 7196050.0
 7441050.0
 7598850.0
 8122050.0
 8312750.0
 8613550.0
 8771050.0
 8899950.0
 9156850.0
 9215150.0
 9306150.0
 9333550.0
 9622050.0
 9748650.0
 9849650.0
 9896550.0
10185150.0
10198550.0
10690850.0
11388050.0
11437050.0
11540050.0
11680650.0
11720250.0
11758450.0
11803150.0
11946650.0
12010150.0
12211550.0
12254450.0
12436750.0
12693550.0
12798650.0
13641250.0
13894150.0
14019650.0
14150450.0
14174350.0
14247750.0
14313550.0
14424050.0
14448350.0
14552850.0
15397950.0
15611850.0
15832250.0
15883250.0
15976350.0
16029950.0
16306750.0
16573050.0
16637550.0
16671850.0
16778750.0
17092850.0
17222150.0
17236150.0
17298950.0
17364650.0
17366950.0
17932850.0
18574350.0
19242050.0
19463650.0
20127850.0
20317750.0
20331550.0
20538950.0
20668250.0
20738350.0
20777950.0
21664050.0
21698650.0
21770450.0
22223350.0
22236950.0
22240550.0
22262450.0
22339450.0
22371850.0
