  627950.0
  954550.0
 1135650.0
 1249950.0
 1583250.0
 1791150.0
 2385150.0
 2602350.0
 2629650.0
 2907250.0
 3301350.0
 3443450.0
 3792250.0
 3851350.0
 4265450.0
 4584250.0
 4792550.0
 4858450.0
 5104750.0
 5278450.0
 5364450.0
 5520750.0
 5664750.0
 6219250.0
 6510350.0
 6722050.0
 6784850.0
 6828650.0
 6894850.0
 6921350.0
 7134150.0
 7467450.0
 7588050.0
 7604150.0
 7753450.0
 7755050.0
 7775950.0
 7993050.0
 8092150.0
 8222950.0
 8725650.0
 8768850.0
 8770050.0
 8791750.0
 9056550.0
 9418850.0
 9824950.0
 9937450.0
10130450.0
10198050.0
10223650.0
10340150.0
10800150.0
11185950.0
11211450.0
11280550.0
11322550.0
11409750.0
11587150.0
11899750.0
12115450.0
12247550.0
12348850.0
13344150.0
13690350.0
14205750.0
14325950.0
14349150.0
14356950.0
14448850.0
14553650.0
15020150.0
15022950.0
15098950.0
15347650.0
15451950.0
15636050.0
15910150.0
16063250.0
16107550.0
16134750.0
16740050.0
16773850.0
17074850.0
17721550.0
17758450.0
18298150.0
18299450.0
18457750.0
18459550.0
18814550.0
18828450.0
19101950.0
19168450.0
19193050.0
19265250.0
19600250.0
19662750.0
19712450.0
20141350.0
20169150.0
20673450.0
20891750.0
21178950.0
21204950.0
21274650.0
21430350.0
21473850.0
21529150.0
21671050.0
21824450.0
21851550.0
22154050.0
22306650.0
22440350.0
22646550.0
22864750.0
