   12150.0
  136050.0
  221750.0
  505750.0
  590350.0
  854550.0
  887950.0
  960850.0
 1162750.0
 1556750.0
 1611150.0
 2260650.0
 2344850.0
 2572850.0
 2578850.0
 2923550.0
 3316050.0
 3435650.0
 3773750.0
 3853950.0
 5559550.0
 5590450.0
 5629750.0
 5675950.0
 5755550.0
 5900050.0
 5990150.0
 6109050.0
 6299750.0
 6357950.0
 6449050.0
 6471450.0
 6638550.0
 6904550.0
 7123250.0
 7546850.0
 7727850.0
 7779450.0
 7897350.0
 7979350.0
 8419750.0
 8587750.0
 8856150.0
 8880850.0
 9514750.0
 9657350.0
 9664250.0
 9744150.0
10175350.0
10200350.0
10484750.0
11056750.0
11189350.0
11361950.0
11588250.0
11811950.0
12010850.0
12137450.0
12199750.0
12217550.0
12233950.0
12832550.0
12892850.0
12987050.0
13167350.0
13182350.0
13303350.0
13411350.0
13448650.0
13476350.0
13479850.0
13490050.0
13798550.0
13849050.0
14014450.0
14037750.0
14337850.0
14455350.0
14499750.0
14645550.0
14721650.0
14775650.0
14878150.0
14889450.0
15231150.0
15360850.0
15601450.0
15699650.0
16172450.0
16561950.0
16570250.0
16641550.0
16867050.0
17373550.0
17878450.0
18310450.0
18387150.0
18925450.0
19117450.0
19271850.0
19707150.0
19920450.0
20253350.0
20278950.0
20493850.0
20627950.0
20762550.0
20818450.0
21914250.0
22245850.0
22247850.0
22305950.0
22421350.0
22468350.0
22808250.0
22911750.0
