  131650.0
  146150.0
  228850.0
  719850.0
  926050.0
  996550.0
 1160950.0
 1236050.0
 1314850.0
 1683750.0
 1695250.0
 1911950.0
 1912750.0
 2126650.0
 2334050.0
 2462450.0
 2715350.0
 2752950.0
 2788750.0
 2807350.0
 2911050.0
 3010750.0
 3376050.0
 3551250.0
 3607050.0
 3660750.0
 3702350.0
 4227250.0
 4245150.0
 4282650.0
 4512950.0
 4949750.0
 4986150.0
 5031250.0
 5090550.0
 5198650.0
 5491550.0
 6041350.0
 6252250.0
 6411150.0
 6411550.0
 6722650.0
 6754650.0
 7204550.0
 7521150.0
 8243750.0
 8331850.0
 8975150.0
 9063350.0
 9201350.0
 9945350.0
 9955550.0
10338750.0
10555750.0
10590950.0
10607250.0
10700150.0
10820050.0
10962150.0
11049850.0
11444150.0
11618750.0
12016350.0
12740350.0
12779650.0
13076450.0
13359250.0
14141150.0
14150750.0
14292650.0
14720950.0
14946650.0
15046750.0
15536950.0
15861250.0
16122050.0
16140950.0
16268150.0
16301250.0
16695450.0
16925950.0
17187250.0
17261650.0
17323150.0
17580950.0
17864750.0
17982850.0
18409550.0
18470550.0
18472650.0
18908150.0
19131150.0
19454450.0
19775750.0
19784650.0
19816450.0
19909350.0
20529350.0
20684550.0
20684950.0
20779350.0
20909450.0
20924950.0
21159650.0
21314350.0
21409350.0
21440250.0
21444050.0
21540750.0
22045850.0
22846450.0
