  199050.0
  541050.0
  594050.0
  684450.0
  802250.0
 1034150.0
 1405250.0
 1559450.0
 1659650.0
 1899850.0
 2787550.0
 2846050.0
 3030750.0
 3148050.0
 3346150.0
 3394150.0
 3704350.0
 3721050.0
 3813050.0
 4253950.0
 4376350.0
 4946350.0
 5189550.0
 5366150.0
 5449650.0
 5473550.0
 6023850.0
 6425150.0
 6568450.0
 6843950.0
 7043050.0
 7378950.0
 7522950.0
 7673150.0
 7749150.0
 7959450.0
 8309550.0
 8661150.0
 8687450.0
 8949350.0
 8990550.0
 9067350.0
 9126550.0
 9229250.0
 9550950.0
10321350.0
10425950.0
10699750.0
10753650.0
10839050.0
10945350.0
11215750.0
11505250.0
11566650.0
11584950.0
11894850.0
12036050.0
12040350.0
12193350.0
12265550.0
12713650.0
13032750.0
13389150.0
13727350.0
13816250.0
14062350.0
14813850.0
14859650.0
15010450.0
15186350.0
15465650.0
15732250.0
15864250.0
16054050.0
16110450.0
16113950.0
16379250.0
16739050.0
16810350.0
16855150.0
17695050.0
17762950.0
18398050.0
19119850.0
19268150.0
19472150.0
19633050.0
20193150.0
20262750.0
20284850.0
20456050.0
20497250.0
20578850.0
20697550.0
20721650.0
20972350.0
21123850.0
21510950.0
22597950.0
22619650.0
22744350.0
22804750.0
22809250.0
