  169150.0
  358350.0
  682250.0
  769950.0
  835050.0
  907650.0
 1013850.0
 1131350.0
 1336850.0
 1352850.0
 1461650.0
 1717250.0
 1803650.0
 1824050.0
 1841150.0
 1873850.0
 1989750.0
 2258350.0
 2281250.0
 2315450.0
 2335450.0
 2752750.0
 2785650.0
 2897650.0
 3101750.0
 3200550.0
 3588550.0
 3781550.0
 3994350.0
 4852250.0
 4866150.0
 5113050.0
 5324950.0
 5600250.0
 5884250.0
 5927250.0
 6196750.0
 6458550.0
 6488050.0
 6954850.0
 7042850.0
 8316750.0
 8721250.0
 8791850.0
 9374150.0
 9403450.0
 9821250.0
 9870950.0
10798350.0
10993650.0
11278150.0
11295950.0
11300050.0
11473250.0
11599850.0
11631950.0
11703550.0
11994650.0
12116150.0
12349950.0
12686250.0
12753950.0
13129550.0
13167550.0
13606650.0
13890650.0
13906750.0
13919050.0
14001950.0
14176150.0
14331850.0
14723050.0
15010050.0
15030150.0
15053550.0
15756750.0
15944850.0
16152850.0
17034050.0
17260350.0
17335350.0
17346550.0
17546650.0
17616650.0
17733550.0
17815050.0
17822950.0
17932950.0
18099150.0
18135950.0
18243050.0
18708250.0
18714550.0
18808550.0
19147050.0
19532650.0
19646950.0
19655450.0
20452250.0
20583650.0
20750950.0
20766550.0
20787850.0
20959850.0
21031650.0
21128650.0
21171250.0
21281050.0
21386450.0
21490950.0
22017450.0
22486650.0
22557250.0
22718850.0
22803950.0
22907050.0
