   22150.0
   62950.0
  290050.0
  497450.0
  559550.0
  561350.0
  770750.0
  964650.0
 1531850.0
 1877450.0
 2206050.0
 2243650.0
 2759950.0
 2912450.0
 2977750.0
 3114550.0
 3262950.0
 3268850.0
 3358950.0
 3376750.0
 3535750.0
 3588950.0
 4064450.0
 4183050.0
 4523050.0
 5288550.0
 5293250.0
 5399150.0
 5703250.0
 6034450.0
 6035950.0
 6604350.0
 7165050.0
 7421250.0
 7818150.0
 7840450.0
 8234550.0
 8278450.0
 8300250.0
 8350350.0
 8648850.0
 9536250.0
10321450.0
10527150.0
10703250.0
11087350.0
11232150.0
11857450.0
11942250.0
12119850.0
12237750.0
12506250.0
13277750.0
13353550.0
13392250.0
13484950.0
13731150.0
14295250.0
14322150.0
14336050.0
14372850.0
14755150.0
14964050.0
15035650.0
15084650.0
15207850.0
15240350.0
15312150.0
15678750.0
15839150.0
15849750.0
16280450.0
16385750.0
16792250.0
16908150.0
16972250.0
17910850.0
17976450.0
18364250.0
18510350.0
18555650.0
18612950.0
18627350.0
18751450.0
19001350.0
19348450.0
19418650.0
19677150.0
19731750.0
19814450.0
19865150.0
20062950.0
20279350.0
20630550.0
20930150.0
21049650.0
21134550.0
21268750.0
21349350.0
21617950.0
21777950.0
21928650.0
22688250.0
