  424950.0
 1199550.0
 1268750.0
 1305550.0
 1321850.0
 1490750.0
 1800250.0
 1825950.0
 2087950.0
 2347350.0
 2413650.0
 2770850.0
 3000250.0
 3179450.0
 3188150.0
 3222450.0
 3312850.0
 3342250.0
 3421450.0
 3509950.0
 3546050.0
 3626150.0
 3751550.0
 3936950.0
 4354750.0
 4367850.0
 4376650.0
 4462050.0
 5053250.0
 5166550.0
 5228950.0
 5497750.0
 5593550.0
 5649750.0
 5716150.0
 5806050.0
 5877050.0
 5989050.0
 6385250.0
 6388450.0
 6473450.0
 6589650.0
 6762450.0
 6763350.0
 6846650.0
 7240850.0
 7261150.0
 7528550.0
 7772850.0
 7827950.0
 7952050.0
 8062150.0
 8331350.0
 8559250.0
 8687050.0
 8744250.0
 8875150.0
 8972250.0
 9513950.0
 9870050.0
 9993850.0
10088450.0
10325750.0
10456950.0
10716550.0
10842250.0
11014650.0
11214550.0
11500350.0
11509950.0
11643150.0
11849950.0
11914750.0
12515350.0
12662550.0
12723650.0
12894850.0
13046750.0
13268150.0
13413550.0
13622850.0
14013550.0
14117850.0
14140150.0
14200550.0
14643050.0
14699150.0
15074950.0
15230850.0
16126050.0
16383150.0
16661450.0
16731150.0
16789750.0
16948850.0
16973250.0
17035950.0
17100950.0
17384750.0
17663350.0
17795850.0
17937950.0
17950450.0
18076650.0
18198750.0
18221150.0
18377550.0
19301850.0
19607850.0
19717850.0
19899950.0
20453150.0
20500350.0
20731150.0
21252750.0
21360250.0
21745550.0
21820550.0
21906650.0
22092250.0
22121150.0
22359750.0
