  750950.0
  753250.0
  832050.0
 1026850.0
 1360850.0
 1737550.0
 1754250.0
 1838850.0
 1918450.0
 2142450.0
 2383350.0
 2658450.0
 2766550.0
 2939350.0
 3113850.0
 3120750.0
 3340750.0
 3429950.0
 3516150.0
 3563750.0
 3609050.0
 3737550.0
 3828250.0
 4439750.0
 4588650.0
 4705050.0
 4751450.0
 5092150.0
 5219250.0
 5330050.0
 5367950.0
 5379350.0
 5845850.0
 5868250.0
 6025350.0
 6343750.0
 6374150.0
 6524250.0
 6561850.0
 6597250.0
 6988550.0
 7140450.0
 7199250.0
 7482950.0
 7587350.0
 7836250.0
 8222850.0
 8262850.0
 8301350.0
 8399150.0
 8641350.0
 8699150.0
 8779250.0
 9049550.0
 9309350.0
 9639250.0
10177850.0
10618250.0
10620150.0
10633450.0
10666950.0
11727650.0
12139450.0
12224650.0
12270450.0
12335050.0
12352850.0
12472450.0
12639250.0
12675150.0
13033750.0
13320150.0
13420750.0
14021450.0
14025350.0
14087550.0
14141350.0
14208150.0
14225750.0
14309750.0
14686350.0
14690050.0
14774950.0
14950850.0
15046750.0
15125850.0
15425850.0
15431650.0
15493650.0
15949650.0
15982450.0
16220950.0
16433850.0
16552350.0
16745450.0
17163050.0
17222450.0
17383450.0
17429150.0
17616550.0
17628550.0
17836750.0
17955750.0
17988150.0
18141450.0
18336450.0
18529050.0
18571550.0
18881250.0
18983450.0
19320750.0
19769350.0
19772550.0
19781250.0
19858850.0
20041650.0
20280750.0
20458250.0
20708350.0
20720850.0
21192150.0
21496950.0
21584850.0
21763450.0
21769750.0
21801550.0
22325950.0
22526550.0
22824850.0
