63.1
110.6
456.5
944.6
1169.7
1196.5
1416.1
2136.2
2763.7
2782.6
2807.6
2826.3
3067.6
3138.2
3217.8
3311.7
3536.5
4103.2
4187.8
4588.3
4606.2
4943.8
5054.6
5445.2
5741.9
5907.0
6331.4
6362.7
6462.5
7140.3
7168.3
7339.6
7424.4
7608.8
7733.2
8204.6
8221.6
8289.6
8661.7
8765.7
8867.8
8918.8
9071.9
9223.8
9334.9
9767.4
10207.3
10448.0
10505.9
10609.5
10673.3
10801.8
10827.4
11335.1
11769.6
11958.8
12074.0
12108.1
12419.8
12664.3
13141.6
13280.2
13630.4
13791.5
14109.5
14196.2
14390.8
14704.0
15178.6
15192.7
15203.2
15224.4
15308.9
15705.4
15742.3
16035.1
16131.4
16442.9
16504.3
16672.2
16863.3
17204.6
17519.7
17586.2
17906.6
17908.3
18018.2
18306.1
18465.0
18973.2
19400.2
19921.4
19978.6
20011.4
20039.7
20134.5
20189.0
20507.8
20577.6
20663.2
20673.8
20963.1
21043.8
21102.3
21465.4
21633.1
21709.6
21751.2
21753.6
21815.0
22108.3
22172.8
22189.7
22345.9
22589.6
22592.8
22611.4
22649.5
22717.9
22963.0
23034.2
