  134950.0
  936350.0
 1328950.0
 2204250.0
 2246650.0
 2269950.0
 2566750.0
 3005050.0
 3088850.0
 3182850.0
 3534250.0
 3773350.0
 3899650.0
 4189650.0
 4342950.0
 4373450.0
 4549950.0
 4697250.0
 4885450.0
 5171650.0
 5301250.0
 5303650.0
 5320150.0
 5431650.0
 5519850.0
 5558450.0
 5580650.0
 5637750.0
 5716950.0
 5854050.0
 6157150.0
 6441750.0
 6497650.0
 6723550.0
 6775350.0
 6864250.0
 7224950.0
 7343250.0
 7487050.0
 7722950.0
 8020250.0
 8348150.0
 8364950.0
 8410150.0
 8759850.0
 9070750.0
 9209550.0
 9294150.0
 9413350.0
 9674750.0
 9747250.0
 9972050.0
10602650.0
10669550.0
10708650.0
10743750.0
10929950.0
11025050.0
11266250.0
11385450.0
11695250.0
11711650.0
11968150.0
12050250.0
12057650.0
12405450.0
12845150.0
13245850.0
13741450.0
14426550.0
14430350.0
14497950.0
14505550.0
14644350.0
14759250.0
15622450.0
15715150.0
15974950.0
16319750.0
16332350.0
16393850.0
16575350.0
17149250.0
17280450.0
17299250.0
18414650.0
18517850.0
18602350.0
18605650.0
18653850.0
18765950.0
19095550.0
19486250.0
19505250.0
19675150.0
20006350.0
20037150.0
20215650.0
20351350.0
20450650.0
20884850.0
21089650.0
21352350.0
21648450.0
21927950.0
22139350.0
22273350.0
22603050.0
22733050.0
22813150.0
22875850.0
22953550.0
22961650.0
