  448250.0
  726850.0
  776350.0
  989950.0
 1502650.0
 1597050.0
 1862950.0
 2154050.0
 2176050.0
 2447950.0
 2602350.0
 2777350.0
 2837650.0
 2961150.0
 3106650.0
 3392950.0
 3400550.0
 3891550.0
 4009950.0
 4052350.0
 4500850.0
 4620750.0
 4737250.0
 5303050.0
 5590850.0
 5683850.0
 5706750.0
 5791450.0
 5923250.0
 6595650.0
 6604250.0
 6983550.0
 7020550.0
 7100850.0
 7703950.0
 7720050.0
 7917150.0
 8176750.0
 8353250.0
 8425750.0
 8442150.0
 9346550.0
 9658050.0
 9659050.0
 9769450.0
10052450.0
10228750.0
10792550.0
11068150.0
11401150.0
11839150.0
12055050.0
12199250.0
12394650.0
12669850.0
13099250.0
13272050.0
13519450.0
13696850.0
14073250.0
14124150.0
14312550.0
14519150.0
14811950.0
14964950.0
14990150.0
15510050.0
15784650.0
15819450.0
16273150.0
16437750.0
16486950.0
16534750.0
16782750.0
17761750.0
17776250.0
17831250.0
18181850.0
18355450.0
18784950.0
18795650.0
18981750.0
19157350.0
19191750.0
19673550.0
19775250.0
19854150.0
20118650.0
20170750.0
20398750.0
20495250.0
20583950.0
20597050.0
21112350.0
21269450.0
21795650.0
21820250.0
21900150.0
22250050.0
22272050.0
22656150.0
22991250.0
