  666150.0
  765150.0
  873250.0
 1466850.0
 1569850.0
 1639050.0
 1736450.0
 1752550.0
 1979950.0
 2079250.0
 2183150.0
 2284850.0
 2341350.0
 2554550.0
 2577050.0
 2710150.0
 3323250.0
 3549950.0
 3806350.0
 4402350.0
 5033750.0
 5047350.0
 5074750.0
 5721250.0
 5967150.0
 6049450.0
 6245650.0
 6367350.0
 6371450.0
 6481550.0
 7072550.0
 7363450.0
 7513650.0
 7741650.0
 8071750.0
 8183450.0
 8190550.0
 8294550.0
 8305850.0
 8403050.0
 8452450.0
 9009850.0
 9239750.0
 9445650.0
 9567450.0
 9731850.0
 9766450.0
 9829750.0
10061450.0
10165450.0
10838950.0
10967150.0
10990950.0
11031650.0
11582150.0
11728450.0
11767250.0
12031750.0
12151150.0
12289050.0
13087850.0
13164850.0
13251050.0
13420850.0
13462450.0
13507950.0
13682850.0
13708150.0
14131650.0
14134350.0
14209450.0
14341750.0
14635850.0
14762150.0
14807550.0
14869750.0
14953350.0
14984450.0
15010050.0
15046750.0
15105450.0
15251350.0
15275450.0
15557650.0
15999050.0
16084550.0
16202750.0
16238250.0
16480650.0
16720150.0
16720750.0
17016150.0
17563350.0
17590350.0
17722150.0
17725450.0
17823550.0
18142350.0
18211050.0
18689350.0
18753350.0
19137950.0
19593550.0
19634650.0
20140250.0
20631650.0
20760050.0
20762450.0
21295850.0
21351850.0
21761150.0
21794450.0
21817250.0
22021450.0
22041950.0
22226550.0
22691750.0
22887350.0
