   50750.0
  347250.0
  489750.0
  718650.0
  992550.0
 1051050.0
 1088250.0
 1317650.0
 1338750.0
 1425750.0
 1464950.0
 1985450.0
 2179950.0
 2359850.0
 2503750.0
 2990550.0
 3025650.0
 3250550.0
 3619850.0
 3715650.0
 4020050.0
 4132850.0
 4297750.0
 4371650.0
 4394450.0
 4832250.0
 5194950.0
 5218450.0
 5675350.0
 5731550.0
 5877350.0
 5902450.0
 5963650.0
 6377150.0
 6455950.0
 6530850.0
 6605350.0
 6668750.0
 6693850.0
 6821050.0
 7885050.0
 7995150.0
 8203350.0
 8215050.0
 8240350.0
 8251450.0
 8298650.0
 8454350.0
 8512550.0
 8575550.0
 8734650.0
 8822350.0
 9120750.0
 9333250.0
 9336850.0
 9402450.0
 9704750.0
 9713350.0
 9989550.0
10505450.0
10825150.0
10895450.0
11037950.0
11200350.0
11280050.0
11389750.0
11405550.0
11757250.0
11767750.0
12334650.0
12494450.0
12672050.0
12699250.0
12936550.0
12974050.0
13056050.0
13147150.0
13203750.0
13534650.0
13602850.0
13764950.0
13857150.0
13891650.0
14409450.0
14509650.0
14958650.0
14962050.0
14994850.0
15124050.0
15128950.0
15616850.0
15673950.0
15710550.0
15736650.0
15801450.0
16461850.0
16730050.0
16744550.0
16764850.0
16833650.0
17097550.0
17378350.0
17519650.0
17597750.0
18528350.0
18582450.0
18592150.0
18765950.0
18771250.0
18844750.0
19090150.0
19202550.0
19632350.0
19858550.0
20076150.0
20241650.0
20428350.0
20495750.0
20574450.0
20652050.0
21037150.0
21053050.0
21383150.0
21407250.0
22090450.0
22229750.0
22383450.0
22578950.0
22622450.0
22624850.0
22716750.0
22778050.0
22975950.0
