  123950.0
  163250.0
  272650.0
  361750.0
  675250.0
  763450.0
  830550.0
  847150.0
 1206750.0
 1212150.0
 1368650.0
 1603150.0
 1711550.0
 1728150.0
 1799450.0
 1865050.0
 2105650.0
 2357150.0
 2432950.0
 2490250.0
 2592550.0
 2754350.0
 2903750.0
 3005650.0
 3219150.0
 3265450.0
 3396150.0
 3707950.0
 3735850.0
 3783950.0
 3958950.0
 4023250.0
 4059250.0
 4311050.0
 4347750.0
 4663550.0
 4750350.0
 4896050.0
 4901650.0
 5306650.0
 5615550.0
 6696150.0
 6981150.0
 7004950.0
 7092050.0
 7310250.0
 7349750.0
 7879250.0
 8022250.0
 8086150.0
 8165350.0
 8286550.0
 8504350.0
 8716550.0
 8761650.0
 8849050.0
 8853350.0
 8864850.0
 9139950.0
 9303750.0
 9329150.0
 9337650.0
 9480850.0
 9680350.0
 9947950.0
10051150.0
10699650.0
10751650.0
10907150.0
10927450.0
11039850.0
11537950.0
11899850.0
11944250.0
11999950.0
12084950.0
12151750.0
12680550.0
13126550.0
13284850.0
13491250.0
13893250.0
14220250.0
14278450.0
14377350.0
14737750.0
14831550.0
14915050.0
15528450.0
15546750.0
15809250.0
15876550.0
16619950.0
16735050.0
17149050.0
17401650.0
17619950.0
18017550.0
18137350.0
18166850.0
18910250.0
18961650.0
19043950.0
19304750.0
19423050.0
19603750.0
19800050.0
19893350.0
19948850.0
19982850.0
20136650.0
20418550.0
20543650.0
21051950.0
21069050.0
21129950.0
21147150.0
22222150.0
22292650.0
22374650.0
22466050.0
22675450.0
22717050.0
22937950.0
22952850.0
