69.6
73.8
127.0
415.0
419.9
489.4
517.8
961.0
995.5
1177.3
1235.7
1459.0
1542.1
1915.7
2087.9
2278.5
2402.5
2478.6
3084.0
3149.0
3725.9
3840.8
3858.4
3860.4
3920.8
4176.8
4214.0
4757.1
4850.9
5061.4
5222.0
5303.2
5583.3
5652.0
5674.6
5880.0
5911.2
5948.6
6041.5
6087.1
6091.9
6160.0
6326.3
6651.1
6965.9
7024.3
7101.7
7214.3
7319.4
7460.9
7638.3
7828.6
8107.1
8588.8
8690.0
8722.6
8860.5
8909.0
9103.5
9227.2
9309.9
9349.1
9403.3
9479.7
9490.9
9771.6
9825.7
10001.9
10007.0
10303.3
10311.9
10746.0
10924.7
11052.4
11136.2
11284.0
11826.3
11846.9
11893.6
12463.6
12939.5
13169.8
13555.6
13609.8
13789.7
13812.3
13854.6
14300.1
14403.5
14946.3
15404.0
15627.6
15933.3
16962.5
17127.0
17400.8
17460.7
17714.1
18115.5
18128.1
18260.6
18285.3
18443.9
18653.9
18907.9
19478.1
19979.3
20023.6
20694.9
20869.3
20997.5
22013.9
22078.3
22253.3
22541.7
22936.8
