   24150.0
   49650.0
  115050.0
  314350.0
  651250.0
  675350.0
  870150.0
  899650.0
  904550.0
 1064950.0
 1565050.0
 1679150.0
 1829750.0
 1894750.0
 1897850.0
 1972050.0
 1998350.0
 2366650.0
 2417150.0
 2788350.0
 3282350.0
 3498950.0
 3530150.0
 3644250.0
 3654250.0
 3789650.0
 4079850.0
 4312650.0
 4356750.0
 4403850.0
 5220950.0
 5224350.0
 5255750.0
 5621750.0
 5886550.0
 6093450.0
 7068350.0
 7151950.0
 7582550.0
 7798250.0
 7890250.0
 8057750.0
 8143950.0
 8460250.0
 8521250.0
 8539950.0
 8546650.0
 8781850.0
 8810950.0
 8868850.0
 8922550.0
 8979750.0
 9338550.0
 9381850.0
 9837150.0
10166350.0
11287850.0
11399450.0
11445250.0
11503150.0
12362150.0
12510950.0
13181250.0
13220250.0
13257350.0
13412150.0
13579050.0
13788650.0
14067550.0
14106550.0
14142150.0
14721450.0
14856250.0
14874150.0
14894250.0
15155150.0
15229850.0
15521150.0
15526550.0
15963150.0
15968350.0
16406650.0
16417950.0
16927750.0
17183850.0
17687250.0
17812150.0
17823050.0
17902850.0
18272750.0
18583850.0
18925650.0
18955350.0
18961650.0
19291750.0
19554250.0
19663650.0
19688550.0
20000750.0
20044450.0
20225250.0
20225450.0
20409750.0
21042650.0
21056050.0
21103650.0
21229950.0
21282050.0
21405750.0
22222050.0
22350050.0
22440950.0
22485150.0
22507350.0
22815350.0
