  194650.0
  364150.0
  771850.0
  844250.0
  911650.0
  982750.0
  987350.0
 1107650.0
 1121550.0
 1274950.0
 1607350.0
 1795550.0
 1869350.0
 1918050.0
 2018450.0
 2278950.0
 2476150.0
 2564250.0
 2641650.0
 3635450.0
 3923650.0
 4021950.0
 4045950.0
 4060850.0
 4280750.0
 4432250.0
 4529150.0
 4563050.0
 4577750.0
 4805750.0
 4852250.0
 5776550.0
 5826150.0
 5840250.0
 5977150.0
 6010450.0
 6105350.0
 6176250.0
 6421350.0
 6690250.0
 6842450.0
 6893150.0
 7048750.0
 7114450.0
 7141950.0
 7219750.0
 7846450.0
 8199950.0
 8205150.0
 8403450.0
 8486950.0
 8582650.0
 8753250.0
 9414150.0
 9461050.0
 9525650.0
 9634350.0
 9638050.0
 9931850.0
10087050.0
10343350.0
10452550.0
10701750.0
10840450.0
11053950.0
11156350.0
11312750.0
11343050.0
11592750.0
11754350.0
12353650.0
12491350.0
12497950.0
12614450.0
12720050.0
12866550.0
13237850.0
13431650.0
13759950.0
13881950.0
14217650.0
14247650.0
14862350.0
14968450.0
15043450.0
15226550.0
15283850.0
15492550.0
15613650.0
15731250.0
15844150.0
15904650.0
16277150.0
16312050.0
16326450.0
16438050.0
16956050.0
17020350.0
17091650.0
17220650.0
18365150.0
18457950.0
18618550.0
19026150.0
19211250.0
19688850.0
20447850.0
20494050.0
20622950.0
20777250.0
20972450.0
20994650.0
21212250.0
21323950.0
21812550.0
21852850.0
22383150.0
22737150.0
