   83150.0
  237750.0
  662450.0
  802350.0
  943550.0
 1053450.0
 2062550.0
 2349450.0
 2368250.0
 2387850.0
 2666650.0
 2706650.0
 2875550.0
 2933250.0
 2991350.0
 3020950.0
 3493150.0
 3559750.0
 4269350.0
 4524150.0
 4793750.0
 4801850.0
 4825350.0
 5037550.0
 5308050.0
 5545650.0
 5774650.0
 6018750.0
 6208750.0
 6226650.0
 6622650.0
 6638250.0
 6768550.0
 6814650.0
 6918050.0
 7212550.0
 7407550.0
 7568150.0
 8308950.0
 8511950.0
 8678750.0
 9040950.0
 9316350.0
 9323950.0
 9746950.0
 9988650.0
10102450.0
10228750.0
10279850.0
10290150.0
10305450.0
10396150.0
10405750.0
10798550.0
10798850.0
11006750.0
11023150.0
11260350.0
11584350.0
11658250.0
11870450.0
12169550.0
12500450.0
12524150.0
13023550.0
13170550.0
13523750.0
14021250.0
14167550.0
14406050.0
15816450.0
16247350.0
16255550.0
16370450.0
16591550.0
16598550.0
16686950.0
17313950.0
17314850.0
17337750.0
17343150.0
17694550.0
17812150.0
17932350.0
18229050.0
18382750.0
18418850.0
18875450.0
18879150.0
19005950.0
19179050.0
19271550.0
19442450.0
20882050.0
21299050.0
21378850.0
21535850.0
21571850.0
21961250.0
22205950.0
22263050.0
22293350.0
22332750.0
22401750.0
22653450.0
22727050.0
