    7050.0
  145950.0
  395650.0
  841550.0
  866250.0
  892850.0
  899450.0
 1003650.0
 1049650.0
 1198150.0
 1282350.0
 1417850.0
 1936350.0
 1983250.0
 1988450.0
 2145350.0
 2328750.0
 2370450.0
 2501750.0
 2557950.0
 2692650.0
 2704650.0
 2796950.0
 3121850.0
 3358050.0
 3500650.0
 4007350.0
 4681550.0
 4710850.0
 4901550.0
 5216950.0
 5270950.0
 5307650.0
 5417950.0
 5459050.0
 5790750.0
 5839450.0
 6004050.0
 6136750.0
 6171650.0
 6279150.0
 6316750.0
 6360150.0
 6598750.0
 7552250.0
 7951150.0
 8247950.0
 8402850.0
 8585450.0
 8808850.0
 8861750.0
 8906950.0
 9178350.0
 9484750.0
 9574950.0
 9860250.0
 9895150.0
10010950.0
10378050.0
10603250.0
10998450.0
11239950.0
11254750.0
11300450.0
11519850.0
11648350.0
11891250.0
12036650.0
12183650.0
12660850.0
13320750.0
13660650.0
13816050.0
14403550.0
14570850.0
14802650.0
15358150.0
15470350.0
15554550.0
15578750.0
16062350.0
16544050.0
16854350.0
16863350.0
17108850.0
17248750.0
17549550.0
17632650.0
17828150.0
18196950.0
18984350.0
19263950.0
19410550.0
19461650.0
19877250.0
19897550.0
20164550.0
20466450.0
20500350.0
21082950.0
21206250.0
21804250.0
21849150.0
22323750.0
22324650.0
22506450.0
22550950.0
22858150.0
