  119450.0
  571050.0
  640850.0
  807750.0
 1069850.0
 1109650.0
 1139250.0
 1246650.0
 1253550.0
 1620450.0
 1740350.0
 1754550.0
 1786050.0
 2015750.0
 2033950.0
 2108650.0
 2593850.0
 2811650.0
 2862650.0
 3378550.0
 3591350.0
 3727650.0
 4940050.0
 5359750.0
 5473450.0
 5483350.0
 6329950.0
 6335650.0
 6563050.0
 6589550.0
 6756350.0
 6887550.0
 6900950.0
 7334150.0
 7693950.0
 7954450.0
 7989850.0
 8282850.0
 9133250.0
 9229450.0
 9310950.0
 9522150.0
 9751550.0
10193150.0
10292450.0
10845350.0
10901150.0
11461250.0
11479150.0
11653050.0
11985950.0
12053250.0
12592950.0
12884050.0
13383650.0
13532350.0
13596050.0
13714950.0
14441650.0
14694250.0
14833750.0
15022250.0
15050050.0
15123850.0
15309950.0
15407950.0
15623750.0
15658350.0
15664050.0
16185250.0
16285050.0
16480750.0
16558750.0
16660750.0
16829950.0
16847550.0
16901650.0
17256650.0
17354950.0
17470550.0
17605250.0
17827450.0
17852150.0
18520550.0
18612750.0
18763650.0
19147550.0
19161150.0
19477550.0
19601350.0
19723350.0
19843850.0
19933050.0
19941250.0
20247150.0
20348050.0
20365850.0
20424950.0
20429850.0
20613050.0
20915750.0
21148250.0
21170150.0
21273450.0
21415150.0
21427750.0
21479850.0
21488250.0
21514650.0
21631650.0
21884850.0
21897150.0
22464750.0
22736850.0
22751550.0
22881050.0
22994750.0
