  182650.0
  183550.0
  307250.0
 1037250.0
 1037850.0
 1203650.0
 1266150.0
 1270150.0
 1299450.0
 1446950.0
 2632850.0
 2774950.0
 2881950.0
 2904250.0
 3223250.0
 3313450.0
 3655350.0
 3851350.0
 3941750.0
 4120050.0
 4525350.0
 4756250.0
 4924750.0
 5321850.0
 5445250.0
 5601150.0
 5722550.0
 6151750.0
 6294850.0
 6580150.0
 6716150.0
 6802450.0
 6938350.0
 7002250.0
 7346850.0
 7520750.0
 7569650.0
 7627950.0
 7738150.0
 7756850.0
 7810050.0
 7908550.0
 7991750.0
 8289250.0
 8405650.0
 9084250.0
 9634250.0
10470750.0
10557850.0
10625750.0
10854950.0
11223550.0
11308450.0
11354150.0
11453050.0
11515150.0
11558450.0
11599550.0
11647650.0
11721250.0
11843450.0
11959550.0
12230850.0
12270350.0
12708350.0
12864350.0
13097250.0
13182550.0
13424750.0
13659450.0
14801250.0
14829850.0
15761850.0
15821050.0
15855350.0
15886350.0
16285250.0
16320850.0
16398650.0
16899650.0
16996850.0
17169150.0
17307250.0
17416750.0
17504650.0
17551550.0
17606350.0
17619250.0
18162350.0
18591150.0
18762550.0
19029050.0
19045950.0
19213550.0
19579950.0
19616250.0
19688050.0
20374550.0
20959850.0
20985650.0
21213050.0
21216950.0
21309950.0
21319650.0
21699450.0
21707450.0
21771850.0
21844450.0
21928150.0
21963950.0
22122250.0
22204850.0
22262650.0
22474350.0
22566750.0
22876450.0
22886650.0
