  196450.0
  247850.0
  249150.0
  422150.0
  655650.0
  750450.0
  785750.0
  937750.0
  955750.0
 1007250.0
 1021950.0
 1121050.0
 1219050.0
 1345150.0
 1485150.0
 1903050.0
 1909850.0
 1964050.0
 2150550.0
 2190950.0
 2205150.0
 2308950.0
 2362550.0
 2400550.0
 2408450.0
 2669250.0
 2999450.0
 3006850.0
 3512350.0
 3719750.0
 4115150.0
 4221350.0
 4264250.0
 4545850.0
 4624950.0
 4769650.0
 4941150.0
 4963750.0
 4996250.0
 5015350.0
 5093750.0
 5155450.0
 5586250.0
 5586350.0
 5705850.0
 6256350.0
 6501950.0
 6590050.0
 6857250.0
 7335950.0
 7402650.0
 7409950.0
 7909750.0
 7940250.0
 8149450.0
 8284650.0
 8350450.0
 8375350.0
 8649250.0
 8704750.0
 9066150.0
 9807950.0
10162050.0
10329050.0
10568950.0
10643650.0
10663850.0
10692250.0
10774350.0
10923350.0
11071050.0
11177950.0
11216750.0
11495150.0
11550250.0
11947750.0
12056650.0
12309950.0
12312050.0
12503650.0
12531250.0
12670050.0
12678550.0
13328550.0
13369250.0
13496650.0
13511750.0
13708950.0
13940350.0
14243950.0
14430350.0
14607350.0
15158750.0
15355150.0
15460350.0
15527750.0
15636550.0
15698650.0
16428250.0
16792650.0
16913650.0
17497950.0
17920350.0
18059450.0
18368250.0
18610850.0
19034450.0
19187750.0
19323550.0
19560850.0
19832750.0
19973050.0
20117350.0
20313450.0
20815550.0
20847250.0
21094650.0
21562550.0
21651650.0
21878850.0
22069950.0
22199350.0
22268950.0
22467650.0
22704750.0
22965350.0
