   41850.0
  137550.0
  239150.0
  293050.0
  385150.0
  544050.0
  570150.0
  722550.0
  883150.0
  894150.0
 1552850.0
 1628850.0
 1639050.0
 1662950.0
 1807950.0
 2033550.0
 2460850.0
 2843550.0
 2867350.0
 2970250.0
 3016550.0
 3022450.0
 3210450.0
 3252450.0
 3445250.0
 3864450.0
 3873850.0
 3965050.0
 4317350.0
 4401150.0
 4506250.0
 5567650.0
 5635250.0
 5690150.0
 6170350.0
 6739250.0
 6909950.0
 7022450.0
 7677950.0
 7684250.0
 8074950.0
 8425550.0
 8623850.0
 8904850.0
 9246750.0
 9331750.0
 9367850.0
 9694250.0
 9714250.0
 9771650.0
10387350.0
10405850.0
10467150.0
10512450.0
10798950.0
11129050.0
11240850.0
11515950.0
11624350.0
11877650.0
11989250.0
12038450.0
12194950.0
12393550.0
12542050.0
12892950.0
13638850.0
13713350.0
13720850.0
13731050.0
14086950.0
14113050.0
14480850.0
14494850.0
14646650.0
14758250.0
14989350.0
15007750.0
15037250.0
15075650.0
15166550.0
15419050.0
15498750.0
15603350.0
15741550.0
15772450.0
15821450.0
15823150.0
16666450.0
16782550.0
16869450.0
17162350.0
17705150.0
17874150.0
18041350.0
18051250.0
18249550.0
18409150.0
18565150.0
18570650.0
18598250.0
18601750.0
19217050.0
19342850.0
19507350.0
19630350.0
19776450.0
20019250.0
20065750.0
20337150.0
20513450.0
20635650.0
20746350.0
20943550.0
20957150.0
21135250.0
21179950.0
21427250.0
21573850.0
21994350.0
22053650.0
22228750.0
22557150.0
22909950.0
