  364150.0
  440350.0
  476350.0
  482150.0
  578250.0
  744350.0
  932550.0
 1196750.0
 1464550.0
 1589350.0
 1771850.0
 1799750.0
 1826850.0
 1947150.0
 2028950.0
 2504950.0
 2584550.0
 3146450.0
 3174750.0
 3873350.0
 4484150.0
 4744450.0
 5293350.0
 5315950.0
 5413750.0
 6023750.0
 6225250.0
 6371350.0
 6609150.0
 6838250.0
 7109950.0
 7124450.0
 7304850.0
 7353350.0
 7424450.0
 7518150.0
 7796550.0
 7813550.0
 7832550.0
 8038750.0
 8070150.0
 8307050.0
 8547650.0
 8866250.0
 8930650.0
 8968750.0
 9213750.0
 9489550.0
 9974950.0
 9983250.0
10477550.0
10603150.0
10614250.0
10632450.0
10693350.0
10927250.0
11154450.0
11230750.0
11505550.0
11719450.0
12780250.0
12816550.0
12954850.0
12977950.0
13076150.0
13161350.0
13329850.0
13732250.0
13740750.0
13914850.0
14212150.0
14311050.0
14768450.0
14839350.0
15004650.0
15123250.0
15366250.0
15459150.0
15467650.0
15575350.0
15597950.0
16070250.0
16196750.0
16301450.0
16467950.0
16597250.0
16778150.0
17028250.0
17387450.0
17537150.0
17582150.0
17699150.0
17835650.0
17943250.0
17945650.0
17969650.0
18682150.0
18686750.0
18770650.0
18833750.0
18970850.0
19035450.0
19272550.0
19397250.0
19493150.0
19523650.0
19617650.0
19669550.0
19914350.0
20081950.0
20259350.0
20275850.0
20281250.0
20502350.0
20624650.0
20746350.0
20802250.0
20822350.0
20856550.0
20888250.0
21104450.0
21171750.0
21177750.0
21194250.0
21307950.0
21413350.0
21435950.0
21878450.0
22168950.0
22203650.0
22314950.0
22498850.0
22631950.0
22982450.0
