  118650.0
  139850.0
  278550.0
  620750.0
  662150.0
  735250.0
  916150.0
 1496550.0
 1800250.0
 1894450.0
 1977750.0
 1993850.0
 2065550.0
 2257650.0
 2593350.0
 2760250.0
 2901150.0
 3461650.0
 3517250.0
 3905650.0
 4130650.0
 4233550.0
 4256750.0
 4334050.0
 5873650.0
 6179050.0
 6332150.0
 6554450.0
 6641650.0
 7052650.0
 7276750.0
 7681950.0
 7863650.0
 8257850.0
 8285750.0
 8363550.0
 8366950.0
 8475150.0
 8475750.0
 8837350.0
 8882850.0
 8992550.0
 9045450.0
 9199950.0
 9392950.0
 9544650.0
 9551350.0
 9671050.0
10147650.0
10399950.0
11089850.0
11200150.0
11645550.0
11732350.0
11847150.0
11925450.0
12004850.0
12082250.0
12285850.0
12518750.0
12537250.0
12545050.0
12626850.0
12803950.0
13048650.0
13054650.0
13168150.0
13412450.0
13549250.0
14071950.0
14313150.0
14333150.0
14464550.0
14466450.0
14962950.0
14999250.0
15121350.0
15216650.0
15255450.0
15416450.0
15570850.0
15715050.0
16009950.0
16062650.0
16607050.0
16752050.0
16959250.0
17300050.0
17394950.0
17435450.0
18143550.0
18556350.0
18558250.0
18567150.0
18612750.0
18618550.0
18690050.0
18949950.0
19049950.0
19115450.0
19158350.0
19515350.0
19897350.0
19953250.0
20478150.0
20619550.0
21300150.0
21547950.0
21910950.0
