  201050.0
  711650.0
 1311350.0
 1320450.0
 1597450.0
 1698450.0
 2005850.0
 2244250.0
 2608750.0
 2818250.0
 3108450.0
 3390050.0
 3444450.0
 3530550.0
 3712650.0
 3739250.0
 3998650.0
 4384450.0
 4488050.0
 5136650.0
 5217950.0
 5491050.0
 5638850.0
 5692950.0
 5719850.0
 5973650.0
 6096550.0
 6099850.0
 6274350.0
 6381250.0
 6721350.0
 6743550.0
 7233250.0
 7682750.0
 8103350.0
 8293450.0
 8578850.0
 8714550.0
 8720050.0
 8901650.0
 9130250.0
 9179850.0
 9721750.0
10568950.0
10577250.0
10751750.0
10798750.0
11549450.0
11931650.0
12354150.0
12363450.0
12481050.0
12496950.0
12566550.0
13042350.0
13102650.0
13125150.0
13206050.0
13238250.0
13268650.0
13363650.0
13688550.0
13745950.0
13943750.0
14019050.0
14291650.0
14435050.0
14769050.0
14940850.0
15154150.0
15283250.0
15474950.0
16010250.0
16049450.0
16126450.0
16129250.0
16314350.0
16500150.0
16679350.0
17100950.0
17126550.0
17142850.0
17366250.0
17425450.0
17709450.0
17889850.0
17988950.0
18213250.0
18260550.0
18276850.0
18555350.0
18803450.0
18827550.0
18888750.0
18988050.0
19276950.0
19292250.0
19405650.0
19426950.0
19478650.0
19723750.0
20290150.0
20733450.0
20736650.0
20955750.0
21469950.0
22512650.0
22526150.0
22596150.0
22687250.0
