   61850.0
  198950.0
  240950.0
  416150.0
  619350.0
  923750.0
 1016450.0
 1764650.0
 2155750.0
 2521150.0
 2820750.0
 3363950.0
 3693750.0
 4546350.0
 4766250.0
 4895650.0
 4901350.0
 5051250.0
 5082150.0
 5716150.0
 5771050.0
 5862250.0
 5894750.0
 6186650.0
 6813450.0
 7015050.0
 7853950.0
 7934550.0
 8036750.0
 8351950.0
 9119050.0
 9575450.0
 9877850.0
10093850.0
10168550.0
10310750.0
10384550.0
10398250.0
10594550.0
11137250.0
11213750.0
11313650.0
11754250.0
12153350.0
12396750.0
12799150.0
13204950.0
13404550.0
13607350.0
13701350.0
13910050.0
14072150.0
14269150.0
14321350.0
14482550.0
14631850.0
14761850.0
14832850.0
15159350.0
15361850.0
15585950.0
15897350.0
15913650.0
15951150.0
16004050.0
16119650.0
16318150.0
16454650.0
16469550.0
16517650.0
16554850.0
16622650.0
17020750.0
17202450.0
17254350.0
17308750.0
17331650.0
17836850.0
18136450.0
18796250.0
18811850.0
18978350.0
19277750.0
19294550.0
19752650.0
20733350.0
21005250.0
21258650.0
21546850.0
21561750.0
21803250.0
22002950.0
22004450.0
22199150.0
22366850.0
22518350.0
22689750.0
