  336350.0
  608450.0
  974950.0
 1186650.0
 1962650.0
 2312350.0
 2384250.0
 2420250.0
 2453250.0
 2462250.0
 2557150.0
 2573050.0
 2598550.0
 3432850.0
 3445350.0
 3653650.0
 3682250.0
 3723150.0
 3893250.0
 3905050.0
 4473650.0
 4813150.0
 5119250.0
 5143650.0
 5371950.0
 5411550.0
 5454050.0
 5704850.0
 5753050.0
 6505250.0
 6717750.0
 6765350.0
 7011050.0
 7110050.0
 7313450.0
 7395350.0
 7575650.0
 8005250.0
 8169050.0
 8389850.0
 8599450.0
 8600550.0
 8935750.0
 9043450.0
 9054250.0
 9390350.0
 9434950.0
 9852650.0
10070350.0
10353550.0
10493950.0
10593850.0
10715250.0
11250450.0
11390850.0
11391550.0
11547450.0
11868550.0
12216250.0
12436850.0
12554350.0
12570050.0
12750150.0
12818150.0
13053350.0
13149550.0
13420950.0
13754850.0
13865250.0
13890850.0
13933850.0
13992050.0
14849350.0
15112850.0
15173750.0
15219250.0
15238750.0
15248250.0
16230650.0
16679150.0
16686950.0
16990750.0
17106250.0
17187250.0
17523050.0
17632650.0
17898250.0
18070650.0
18132550.0
18331550.0
18837950.0
18867050.0
19618850.0
20289850.0
20304450.0
20646250.0
20775150.0
21001550.0
21583650.0
22500550.0
22512950.0
