  682850.0
  686650.0
  940250.0
 1137050.0
 1707350.0
 1752650.0
 1981250.0
 2172350.0
 2588350.0
 3108050.0
 3202550.0
 3236550.0
 3319550.0
 3484050.0
 3608850.0
 3754650.0
 3856650.0
 3984350.0
 4036650.0
 4300150.0
 4481350.0
 4704050.0
 5235950.0
 5321050.0
 5357050.0
 5403750.0
 5470150.0
 5635850.0
 5663050.0
 5710650.0
 5780450.0
 5839750.0
 5841850.0
 5872350.0
 5941450.0
 5950350.0
 6303650.0
 6308450.0
 6390050.0
 7344350.0
 7354950.0
 7488050.0
 7716150.0
 7746550.0
 7857850.0
 7968850.0
 8367550.0
 8627450.0
 8738850.0
 9148550.0
 9758250.0
 9932450.0
10025150.0
10182850.0
10257550.0
11252150.0
11372150.0
11377450.0
11443950.0
11858050.0
11890650.0
12003050.0
12124950.0
12605850.0
12684950.0
12743850.0
12769350.0
12802750.0
12942150.0
13488250.0
14084850.0
14219350.0
14387750.0
14391650.0
14567650.0
14775650.0
15276150.0
15310950.0
15769950.0
15992250.0
16168750.0
16487450.0
16505350.0
16712750.0
17488250.0
17621650.0
17654950.0
17671350.0
17869450.0
17940750.0
18095250.0
18374950.0
18684150.0
18804250.0
19068750.0
19092250.0
19357950.0
19590550.0
19627750.0
19885350.0
20356250.0
20799150.0
20800050.0
20948650.0
21119950.0
21483050.0
21845350.0
21962150.0
22547050.0
22658350.0
22695650.0
22857250.0
