  144750.0
  227850.0
  681950.0
  755850.0
  952050.0
 1232650.0
 1288950.0
 1596050.0
 1962750.0
 2351050.0
 2396650.0
 2527550.0
 3526050.0
 3594450.0
 4367850.0
 4367950.0
 4472150.0
 4768150.0
 4801150.0
 4907350.0
 5286050.0
 5696650.0
 5967650.0
 6172150.0
 6576250.0
 6671350.0
 7063450.0
 8139050.0
 8205650.0
 8430850.0
 8479850.0
 8636250.0
 8939750.0
 9087450.0
 9100750.0
 9276550.0
 9295150.0
 9372250.0
 9391550.0
10284550.0
10419450.0
11167850.0
11452450.0
11594650.0
11746050.0
11773650.0
11796050.0
12040850.0
12044350.0
12408450.0
12570650.0
12616350.0
12735050.0
13026950.0
13274850.0
13418550.0
13675350.0
13718350.0
13989850.0
14263850.0
14412750.0
14931950.0
14945950.0
15225350.0
15268450.0
15418750.0
15695950.0
16231350.0
16302850.0
16388150.0
16445950.0
16690050.0
16756850.0
17000150.0
17178950.0
17481450.0
17582750.0
17641150.0
17778550.0
17913850.0
18025550.0
18104350.0
18964850.0
19030250.0
19682550.0
19816450.0
19882850.0
19989950.0
20142950.0
20233950.0
20386150.0
20722650.0
20864650.0
21004950.0
21174850.0
21544550.0
21754650.0
21886450.0
22093450.0
22108150.0
22694650.0
22758150.0
22758950.0
22894850.0
