  104050.0
  340150.0
  789250.0
 1959350.0
 2281150.0
 2437850.0
 2574550.0
 2576450.0
 2589650.0
 2937450.0
 3052850.0
 3399650.0
 3461450.0
 3674850.0
 3756450.0
 3973450.0
 4141150.0
 4241950.0
 4299850.0
 4935250.0
 5184150.0
 5263050.0
 5896050.0
 6001650.0
 6024550.0
 6728850.0
 6740850.0
 7198450.0
 7212850.0
 7504450.0
 7614550.0
 7654650.0
 7680350.0
 8301950.0
 8467950.0
 8525550.0
 8616650.0
 8630450.0
 9163750.0
 9222950.0
 9307950.0
 9346450.0
 9593350.0
 9904650.0
10178850.0
10184750.0
10462350.0
11110950.0
11164050.0
11413750.0
11696050.0
11756550.0
12154150.0
12162850.0
12260550.0
12283050.0
12362750.0
12425150.0
12536050.0
12563050.0
12584350.0
12638250.0
12664150.0
12664750.0
12830650.0
13079950.0
13475350.0
13497550.0
13795050.0
13864950.0
13904450.0
13980350.0
15081050.0
15105450.0
15110950.0
15331650.0
15397550.0
15587550.0
15898950.0
16624550.0
16803250.0
16840750.0
16915250.0
17273550.0
17497450.0
18037350.0
18371350.0
18577150.0
18723250.0
18792350.0
18912850.0
18917450.0
18924250.0
19335150.0
19539350.0
19810250.0
20295650.0
20311950.0
20344850.0
20485550.0
20504350.0
20762650.0
21075750.0
21094950.0
21581250.0
21672550.0
21739450.0
21999050.0
22056050.0
22582150.0
