  287150.0
  480150.0
  544650.0
  564350.0
  586850.0
  641950.0
  830650.0
 1135750.0
 1260850.0
 1384350.0
 1416250.0
 1606950.0
 1623050.0
 1629150.0
 1701650.0
 1831450.0
 1993150.0
 2045250.0
 2477450.0
 2718450.0
 2771850.0
 2800050.0
 2992450.0
 3292050.0
 3513550.0
 3515650.0
 3668150.0
 3729850.0
 3883450.0
 4364150.0
 4371650.0
 4520750.0
 4769650.0
 4851450.0
 4875550.0
 5010450.0
 5172450.0
 5833550.0
 5860850.0
 6081750.0
 6145250.0
 6263950.0
 6832150.0
 6965050.0
 7625150.0
 7928850.0
 8064750.0
 8625850.0
 8627350.0
 8650050.0
 8688550.0
 8735850.0
 8929750.0
 9636950.0
 9966550.0
10018250.0
10137450.0
10157150.0
10263350.0
10365550.0
10540250.0
10601250.0
11003150.0
11479550.0
11645050.0
11659550.0
12134950.0
12147950.0
12344750.0
12443550.0
12496350.0
13311650.0
14242550.0
14477250.0
15007850.0
15069950.0
15238450.0
15447950.0
15687350.0
15813150.0
15832050.0
15918450.0
16156850.0
16351550.0
16688950.0
16783150.0
16967450.0
17125350.0
17346850.0
17545750.0
18409950.0
18786950.0
19730450.0
19826950.0
20161450.0
20326350.0
20415850.0
20855050.0
21035550.0
21038250.0
21240850.0
21694750.0
21762650.0
21847550.0
22028450.0
22034050.0
22104450.0
22130550.0
22320950.0
22519450.0
22829350.0
