  240750.0
  362950.0
  492650.0
  579150.0
  657650.0
  832350.0
 1022250.0
 1156450.0
 1185150.0
 1185350.0
 1386850.0
 1755650.0
 2048050.0
 2394850.0
 2603350.0
 2669950.0
 2679350.0
 2685250.0
 2686550.0
 2799050.0
 3936950.0
 3941050.0
 4013050.0
 4016450.0
 4026350.0
 4360350.0
 4596950.0
 4612050.0
 4853350.0
 4854650.0
 5292850.0
 5822850.0
 5990250.0
 6272850.0
 6468650.0
 6532250.0
 6906350.0
 6964950.0
 7175250.0
 7180950.0
 7193350.0
 7366850.0
 7392250.0
 7552150.0
 7662150.0
 7674950.0
 7687950.0
 7724050.0
 7782850.0
 7937850.0
 8226250.0
 8351750.0
 8357450.0
 8401950.0
 8584650.0
 8683650.0
 8810250.0
 9052650.0
 9079050.0
 9255450.0
 9459750.0
 9623350.0
 9757850.0
 9947750.0
10031750.0
10219550.0
10262350.0
10476750.0
10622750.0
11208950.0
11211650.0
11522450.0
11746550.0
11917050.0
12183350.0
12321850.0
12556150.0
12832850.0
13118750.0
13481950.0
13676950.0
13722650.0
13760350.0
13865350.0
13949850.0
14099450.0
14425650.0
14865050.0
15009750.0
15355050.0
15709050.0
15795350.0
16056050.0
16074750.0
17059150.0
17183050.0
17255750.0
17317350.0
17366550.0
17457350.0
18099450.0
18835950.0
18941650.0
18991550.0
19020750.0
19077650.0
19078950.0
19205150.0
19418450.0
19453350.0
19837050.0
19933450.0
20038050.0
20132450.0
20198950.0
20451650.0
21139250.0
21519850.0
21561650.0
21913050.0
21998850.0
22767550.0
22949150.0
