  110150.0
  171050.0
  236550.0
  446650.0
  733150.0
 1131650.0
 1141850.0
 1377750.0
 1463250.0
 1467050.0
 1859750.0
 1962250.0
 2099750.0
 2525650.0
 2541750.0
 2617450.0
 2938750.0
 2998950.0
 3198250.0
 3431850.0
 3514350.0
 3576650.0
 3585050.0
 4223650.0
 4303350.0
 4359550.0
 4383050.0
 4690450.0
 5163950.0
 5260750.0
 5263750.0
 5540050.0
 5847050.0
 6628450.0
 7157550.0
 7211050.0
 7242450.0
 7315750.0
 7448350.0
 7557450.0
 7660150.0
 7817950.0
 7906850.0
 8553650.0
 8700150.0
 8706750.0
 9047050.0
 9136550.0
 9173950.0
 9479350.0
 9953150.0
10014250.0
10021050.0
10261150.0
10923350.0
11292550.0
11323850.0
11690050.0
11869650.0
12369850.0
12405450.0
12706050.0
13033250.0
13084950.0
13737450.0
14365150.0
14434550.0
14840950.0
14863950.0
15065250.0
15126950.0
15899650.0
15904650.0
16056750.0
16096350.0
16166650.0
16453950.0
16804450.0
17170450.0
17440450.0
17639750.0
17995650.0
18282350.0
18352450.0
18401350.0
18424650.0
18518350.0
18916550.0
19335350.0
19393150.0
19399750.0
19604750.0
19862050.0
20127950.0
20425550.0
20438250.0
20704150.0
20952050.0
21039050.0
21389350.0
21444950.0
21537850.0
21620850.0
21768750.0
21851350.0
21981350.0
22052350.0
22165450.0
22254350.0
22486950.0
22565950.0
22826150.0
22918750.0
