  214250.0
 1344250.0
 1447550.0
 1894950.0
 2160250.0
 2583150.0
 2607250.0
 2913650.0
 2999550.0
 3091550.0
 3395550.0
 3450950.0
 4091050.0
 4309650.0
 4409950.0
 4668750.0
 4837950.0
 4943150.0
 4951250.0
 4978250.0
 4993250.0
 5088150.0
 5223050.0
 5509550.0
 5562750.0
 5677050.0
 5833250.0
 5905550.0
 5918950.0
 5948050.0
 6179750.0
 6265750.0
 6344250.0
 6526550.0
 6543050.0
 6645450.0
 6661450.0
 6700150.0
 6837650.0
 6947250.0
 7336250.0
 7613350.0
 7697050.0
 7821650.0
 7957350.0
 7958550.0
 8196050.0
 8226250.0
 8539450.0
 8701250.0
 9089450.0
 9109150.0
 9247950.0
 9274350.0
 9405050.0
 9444650.0
 9632050.0
 9702450.0
 9734750.0
 9758450.0
10015750.0
10131550.0
10234350.0
10284850.0
10673350.0
10677450.0
10940750.0
11054850.0
11271150.0
11720350.0
11834250.0
12025950.0
12383350.0
12602950.0
12671450.0
13013050.0
13084150.0
13954850.0
14055350.0
14607150.0
14664750.0
15469950.0
15510350.0
15532150.0
15865350.0
15882750.0
15924350.0
16004550.0
16061150.0
16236450.0
16393350.0
16437650.0
16576750.0
16764050.0
16939350.0
17053150.0
17139050.0
17196950.0
17209950.0
17338350.0
17526150.0
17589350.0
17680850.0
17818050.0
18065150.0
18223750.0
18324250.0
18564850.0
18713350.0
18842750.0
19365450.0
19422950.0
20356150.0
20405650.0
20429050.0
20947450.0
21045450.0
21277950.0
21400350.0
22443950.0
22478350.0
22490150.0
22534550.0
22649950.0
22888250.0
