  110350.0
  192350.0
  569150.0
  602750.0
 1115950.0
 1266750.0
 1267850.0
 1272850.0
 1611950.0
 1653250.0
 1657850.0
 1691450.0
 1966650.0
 2344350.0
 2516050.0
 2625750.0
 2864750.0
 2869150.0
 2948950.0
 3889950.0
 3994150.0
 4093850.0
 4104950.0
 4414550.0
 4433350.0
 4457350.0
 4673250.0
 4840550.0
 5134450.0
 5205850.0
 5237450.0
 5318150.0
 5371750.0
 5936150.0
 6005550.0
 6271650.0
 6288450.0
 6380250.0
 6488850.0
 6621350.0
 6926350.0
 7240350.0
 7275450.0
 7286850.0
 7625050.0
 7641650.0
 7797350.0
 7931550.0
 7974150.0
 8269450.0
 8889250.0
 8964450.0
 9004050.0
 9508150.0
 9510250.0
 9636450.0
 9657350.0
 9659550.0
 9953750.0
 9975450.0
10060250.0
10151450.0
10241150.0
10274850.0
10397250.0
10663550.0
10775450.0
10802050.0
10925050.0
10929150.0
11123450.0
11457150.0
11749850.0
11965850.0
12005050.0
12602150.0
12784450.0
13079150.0
13220250.0
13238950.0
13802650.0
13857250.0
14581750.0
15007350.0
15041850.0
15057550.0
15059850.0
15257250.0
15602450.0
15656150.0
15689550.0
15712750.0
15870650.0
15909550.0
16578750.0
16654450.0
16694650.0
16708550.0
17141550.0
17190750.0
17203150.0
17273650.0
18049050.0
18362350.0
18902850.0
19624050.0
20186650.0
20343550.0
20373250.0
20556250.0
20681050.0
20778250.0
20852350.0
21065450.0
21369950.0
21862450.0
22144650.0
22180250.0
22503750.0
22588950.0
22697050.0
