   49050.0
  390250.0
  409750.0
  531650.0
  609050.0
  641550.0
  671550.0
  811550.0
  953350.0
  964950.0
 1217350.0
 1365650.0
 1620850.0
 1681750.0
 1845750.0
 1961650.0
 2069950.0
 2287750.0
 2357350.0
 2598050.0
 2619450.0
 2708250.0
 2858650.0
 3126350.0
 3540550.0
 3711850.0
 3714250.0
 3721750.0
 3736850.0
 3817350.0
 4007250.0
 4399450.0
 4541150.0
 4756650.0
 4946550.0
 5220750.0
 5305350.0
 5851350.0
 5919550.0
 5935850.0
 6742850.0
 6859250.0
 6946650.0
 7224050.0
 7243450.0
 7286050.0
 7289750.0
 7363050.0
 7408950.0
 7440550.0
 7736950.0
 7956650.0
 7993250.0
 8064950.0
 8148650.0
 8663950.0
 8966550.0
 8984350.0
 9683350.0
 9995950.0
10149450.0
10365750.0
10888450.0
10977150.0
10996950.0
11487250.0
11965450.0
12299450.0
12338350.0
12418050.0
12755050.0
12770250.0
12881550.0
12892050.0
12987650.0
13021150.0
13368250.0
13822450.0
14290150.0
14670350.0
14682150.0
14704050.0
14729350.0
14830050.0
15264850.0
15295250.0
15326350.0
15732650.0
16097650.0
16264650.0
16421950.0
16461450.0
16518250.0
16758750.0
17312650.0
17395950.0
17408250.0
17569450.0
17713950.0
17723350.0
17786550.0
18038450.0
18219950.0
18461350.0
18735650.0
18809750.0
18968750.0
19198250.0
19663750.0
19950050.0
19952850.0
20018550.0
20389650.0
20724350.0
20857450.0
21137650.0
21171650.0
21429950.0
21591350.0
21650550.0
21749250.0
21778350.0
21821950.0
21925150.0
21962250.0
22077050.0
22084350.0
22223350.0
22772950.0
22774650.0
22821950.0
22844350.0
22938550.0
