   88650.0
  133850.0
  150350.0
  155450.0
  234550.0
  311250.0
  478150.0
  595150.0
  830750.0
 1190650.0
 1307750.0
 1511950.0
 1665650.0
 1699050.0
 1733450.0
 1804550.0
 2046750.0
 2204750.0
 2217650.0
 2354050.0
 2448350.0
 2591350.0
 2740750.0
 3569950.0
 3579450.0
 3680050.0
 3786450.0
 4219250.0
 4274050.0
 4296050.0
 4403450.0
 4502350.0
 4620150.0
 5018350.0
 5086850.0
 5162650.0
 5329550.0
 5632550.0
 5762250.0
 5908650.0
 6527250.0
 6535450.0
 6553550.0
 6684650.0
 6988850.0
 7178750.0
 7796250.0
 8581550.0
 8608350.0
 8954950.0
 8979050.0
 9046150.0
 9066050.0
 9475950.0
 9898350.0
10182550.0
10196650.0
10322350.0
10403950.0
10488650.0
10623750.0
10733250.0
10932450.0
11019950.0
11073450.0
11278150.0
11373850.0
11398450.0
11912550.0
12138450.0
12398850.0
12520950.0
12546650.0
12853850.0
13020850.0
13261750.0
14128450.0
14811450.0
14979350.0
15091550.0
15267150.0
15492250.0
15580150.0
15700150.0
15924650.0
16159650.0
16663950.0
16747950.0
17313050.0
17348450.0
17613650.0
17901050.0
17966750.0
18190050.0
18604350.0
18811250.0
18817650.0
18903050.0
18915650.0
19020950.0
19474350.0
19757750.0
20043450.0
20051650.0
20094450.0
20394550.0
20927350.0
20932450.0
21077850.0
21128950.0
21476350.0
21833350.0
22160050.0
22198250.0
22206050.0
22438050.0
22473650.0
22999450.0
