120.7
515.3
531.7
762.5
906.6
1078.8
1361.3
1385.0
1450.5
1525.3
1621.7
1787.4
1885.0
1968.0
2366.2
2495.0
2878.8
2969.4
3105.4
3222.3
3552.3
3883.3
3912.7
4076.0
4521.8
4687.5
4718.1
4937.7
5096.2
5470.8
5607.2
5745.4
5863.7
6025.2
6156.6
6208.2
6640.9
6740.0
6779.1
7085.6
7258.2
7434.9
7446.5
7609.1
7816.5
8130.4
8167.1
8647.0
8760.3
8925.8
8936.9
9008.0
9086.2
9146.4
9204.2
9338.5
9491.6
10260.8
10332.9
10374.9
10642.1
10650.2
10770.6
10856.9
10929.9
10963.6
11951.4
12158.1
12238.8
12991.3
13118.4
13462.1
13778.2
13885.5
13944.0
14040.8
14476.3
14586.9
14603.6
14652.8
14867.7
14873.0
15055.6
15258.4
15383.5
15483.0
15784.8
15837.6
16061.4
16140.1
16161.9
16194.8
16220.4
16509.9
16776.5
16966.2
16997.7
17059.8
17128.2
17216.0
18247.4
18298.6
18517.7
18541.2
18595.0
18596.7
18618.8
18891.3
19232.3
19453.1
19581.1
19590.2
19781.2
19969.6
20264.0
20489.2
20575.9
20770.2
20773.5
20815.6
20953.1
21066.6
21598.4
22142.1
22189.3
22469.2
22971.8
22999.0
