  355550.0
  807650.0
  964550.0
 1306850.0
 1408050.0
 1728450.0
 1737850.0
 1813750.0
 1929650.0
 2055050.0
 2200250.0
 2216450.0
 2773250.0
 2871950.0
 3129450.0
 3253550.0
 3267050.0
 3589850.0
 3594350.0
 3905050.0
 4606250.0
 4923950.0
 4958650.0
 5353850.0
 5592950.0
 5607350.0
 5611050.0
 6426150.0
 6454850.0
 7364750.0
 7382150.0
 7613150.0
 7670150.0
 7864550.0
 8043150.0
 8157550.0
 8416150.0
 9020750.0
 9305250.0
 9736650.0
10135850.0
10214750.0
10714050.0
11070850.0
11255550.0
11582150.0
11687550.0
11762450.0
11966950.0
12049250.0
12072750.0
12109050.0
12411950.0
12490850.0
12673050.0
12899850.0
12995450.0
13241950.0
13321750.0
13343250.0
13705450.0
13945350.0
13978750.0
14345650.0
14430050.0
14740250.0
15062350.0
15419950.0
15479950.0
15944450.0
16026050.0
16124750.0
16519950.0
17006650.0
17073850.0
17078650.0
17120450.0
17298150.0
17540150.0
17888450.0
18181750.0
18666650.0
18781050.0
18786350.0
19124450.0
19241550.0
19300050.0
19335750.0
20188250.0
20259550.0
20439550.0
20695750.0
20909550.0
20927250.0
21001150.0
21008050.0
21027650.0
21086450.0
21183750.0
21264650.0
21549450.0
21573650.0
21652450.0
21698250.0
21840750.0
21983150.0
22032550.0
22081450.0
22327750.0
22440250.0
