804.1
873.3
1082.4
1093.9
1144.2
1217.9
1445.0
1574.0
1946.3
2062.0
2434.3
2556.6
2689.8
2745.7
2907.9
2932.2
3035.1
3044.7
3241.9
3431.1
3836.2
4011.1
4628.3
4750.0
4926.3
5088.4
5126.2
5318.5
5633.8
5659.5
5705.7
5730.9
5935.0
6303.9
6371.5
6415.3
6430.9
6446.9
6559.5
6639.0
6900.2
6972.5
7135.8
7145.4
7164.3
7274.7
7632.3
7634.2
7720.9
7777.8
8122.1
8142.6
8393.5
8630.8
8724.3
9542.0
9564.1
9598.2
9761.5
9830.7
10126.4
10177.6
10213.9
10341.4
10535.6
10762.8
10809.8
10836.7
10867.3
10871.7
10915.1
10972.6
11600.2
11636.7
11677.2
11914.5
12267.0
12565.2
12646.7
12815.4
12829.7
13027.6
13116.9
13204.2
13467.8
13617.0
13974.0
14190.4
14237.8
14575.1
15240.8
15357.4
15379.0
15619.3
15958.9
16024.8
16631.2
16661.2
16781.5
16866.3
17229.3
17374.0
17463.2
17564.1
18050.0
18244.1
18286.5
18520.3
19407.6
19618.2
19718.9
20063.1
20076.1
20415.3
20495.3
20567.8
20698.0
20698.3
20803.8
20899.2
21181.7
21706.5
22393.8
22456.8
22477.3
22494.2
23040.3
