  637050.0
  706050.0
  719750.0
  790350.0
  856350.0
 2180750.0
 2238150.0
 2296050.0
 2322750.0
 2330550.0
 2936150.0
 3091350.0
 3735350.0
 3959350.0
 3968050.0
 4443150.0
 4486450.0
 4947350.0
 5153350.0
 5172350.0
 5212250.0
 5298750.0
 5331850.0
 5685150.0
 5820950.0
 5848350.0
 6245350.0
 6446850.0
 6495950.0
 6588950.0
 7057650.0
 7062150.0
 7112950.0
 8012650.0
 8073250.0
 8115850.0
 8667550.0
 9176250.0
 9884150.0
 9953650.0
 9986950.0
10091250.0
10111450.0
10238750.0
10243650.0
10254950.0
10289950.0
10336850.0
10507050.0
10545250.0
10966950.0
11199250.0
11733450.0
11774650.0
11776250.0
11902850.0
12374550.0
12457650.0
12621750.0
12746350.0
12780550.0
12847250.0
12919250.0
12923950.0
12933550.0
13008650.0
13047550.0
13072350.0
13206350.0
13483350.0
13607850.0
13827850.0
13866250.0
14043550.0
14155250.0
14276550.0
14518250.0
14761550.0
16044450.0
16196350.0
16309550.0
16743050.0
16840750.0
16847450.0
17100350.0
17200350.0
17209950.0
17416750.0
17516550.0
17669650.0
17890550.0
18102750.0
18389550.0
18793950.0
19888650.0
20127850.0
20380850.0
20720550.0
20987250.0
21037050.0
21273850.0
21322550.0
21346050.0
21458550.0
22124950.0
22233950.0
