  117850.0
  291650.0
  480750.0
  793950.0
 1519150.0
 1641550.0
 1920350.0
 2551550.0
 2736750.0
 2791050.0
 2828050.0
 3170350.0
 3289250.0
 3302450.0
 3334750.0
 3388250.0
 3405350.0
 3514150.0
 3748450.0
 3871650.0
 4156050.0
 4190950.0
 4630750.0
 4700050.0
 4806350.0
 5000550.0
 5176250.0
 5257350.0
 5749050.0
 6064150.0
 6284550.0
 6301850.0
 6311550.0
 6444950.0
 6478550.0
 6711450.0
 6713650.0
 6749650.0
 6815450.0
 6831950.0
 6838950.0
 6849050.0
 6864050.0
 6965550.0
 7122350.0
 7298850.0
 7820050.0
 7827850.0
 8182050.0
 8243450.0
 8407250.0
 8555950.0
 8596650.0
 8652950.0
 8760950.0
 8763850.0
 8900850.0
 9423250.0
 9731950.0
 9834050.0
 9885650.0
 9889450.0
 9927450.0
 9929250.0
10317150.0
10846350.0
11214450.0
12330050.0
12710150.0
12714050.0
12823050.0
13227150.0
13590550.0
13924450.0
14106750.0
14450250.0
14618650.0
15443750.0
15474750.0
15502550.0
15529750.0
15698250.0
15862950.0
15916750.0
16659350.0
16684050.0
16973450.0
17073550.0
17163450.0
17693850.0
18303650.0
18564650.0
18679450.0
18775250.0
19159750.0
19279950.0
19416950.0
19705550.0
19927450.0
19960750.0
20711150.0
20749450.0
20808150.0
21021650.0
21448350.0
21991550.0
22003050.0
22254450.0
22580350.0
22586350.0
22905550.0
