14
15
16
17
19
20
24
25
28
29
30
31
35
36
38
47
50
51
136
145
148
151
152
153
156
157
161
164
165
169
170
171
172
173
174
265
266
267
268
269
271
273
276
277
280
282
287
288
294
297
396
397
399
402
403
404
405
406
407
409
411
412
413
2152
2156
2158
2161
2162
2165
2168
2169
2264
2265
2270
2273
2277
2280
2281
2283
2284
2285
2286
2287
2292
2293
2295
2296
2298
2386
2390
2394
2395
2397
2399
2400
2401
2404
2405
2408
2410
2412
2413
2415
2417
2420
2422
2423
2424
2425
2426
2516
2517
2518
2519
2521
2524
2528
2529
2530
2532
2533
2536
2537
2538
2539
2540
2542
2544
2546
2549
2552
2553
2635
2637
2638
2642
2643
2644
2646
2647
2648
2650
2652
2655
2658
2659
2661
2664
2666
2667
2672
2674
2762
2764
2766
2771
2775
2776
2779
2780
2781
2782
2784
2785
2787
2788
2790
2793
2795
2799
2895
2897
2901
2905
2906
2908
2909
2912
2916
2917
2918
2919
2920
2922
4647
4652
4653
4656
4663
4671
4764
4771
4778
4785
4787
4790
4791
4793
4796
4887
4889
4896
4897
4899
4900
4901
4902
4906
4907
4910
4912
4914
4916
4917
4920
4921
4924
4925
4927
5012
5019
5021
5022
5023
5025
5027
5029
5031
5033
5034
5043
5046
5051
5053
5134
5135
5137
5138
5142
5143
5144
5147
5148
5153
5154
5157
5158
5159
5162
5164
5165
5166
5172
5175
5262
5266
5268
5269
5273
5274
5276
5280
5281
5283
5284
5288
5289
5290
5291
5296
5298
5299
5301
5304
5387
5389
5391
5392
5394
5396
5398
5400
5401
5402
5405
5406
5407
5410
5412
5414
5421
5422
5423
5517
5518
5519
5521
5523
5524
5526
5527
5528
5530
5533
5534
5536
5539
5541
5546
5549
5640
5642
5647
5654
5655
5656
5659
5662
5663
5665
5666
5668
5669
5670
5672
5674
5675
5676
5764
5765
5766
5770
5772
5773
5775
5778
5781
5784
5786
5789
5790
5795
5796
5798
5894
5900
5901
5902
5908
5914
5918
5919
6023
6028
6037
12775
12776
12777
12778
12781
12784
12785
12787
12788
12895
12896
12897
12903
12904
12905
12906
12908
12909
12910
12913
12914
12916
12918
12919
13015
13017
13018
13019
13020
13021
13022
13023
13024
13025
13026
13027
13029
13031
13033
13034
13038
13039
13041
13043
13143
13144
13145
13146
13147
13148
13152
13153
13154
13156
13164
13165
13169
13174
13263
13267
13269
13270
13276
13280
13282
13283
13284
13291
13293
13294
13296
13386
13387
13389
13391
13392
13395
13398
13399
13401
13402
13409
13412
13413
13416
13420
13422
13424
13426
13512
13524
13529
13530
13531
13534
13536
13538
13539
13540
13541
13543
13545
13639
13640
13651
13652
13653
13654
13655
13657
13659
13660
13662
13664
13667
13673
13674
13766
13770
13774
13776
13777
13780
13781
13782
13784
13786
13791
13792
13793
13794
13797
13891
13892
13900
13902
13903
13904
13905
13906
13909
13910
13911
13912
14025
14026
14027
14028
14029
14030
16280
16284
16285
16390
16391
16394
16395
16396
16397
16398
16403
16404
16405
16408
16409
16410
16413
16416
16417
16419
16512
16516
16521
16523
16524
16525
16526
16527
16530
16533
16535
16536
16538
16539
16541
16542
16544
16636
16637
16639
16641
16642
16645
16649
16650
16652
16654
16655
16656
16660
16662
16663
16665
16666
16669
16673
16674
16677
16678
16765
16768
16769
16775
16777
16778
16780
16781
16784
16787
16788
16789
16790
16792
16793
16794
16795
16796
16799
16801
16802
16803
16885
16887
16888
16889
16890
16892
16893
16894
16895
16896
16900
16904
16905
16907
16913
16914
16919
16922
16925
17014
17015
17017
17020
17021
17022
17025
17026
17027
17028
17030
17032
17033
17038
17049
17144
17150
17151
17154
17159
17163
18893
18895
18902
18904
18906
18908
18909
18911
18915
18917
18920
19018
19023
19024
19025
19026
19027
19028
19032
19033
19035
19038
19041
19043
19045
19046
19047
19140
19141
19143
19145
19146
19150
19153
19154
19155
19157
19160
19162
19163
19168
19177
19265
19268
19269
19270
19273
19274
19279
19280
19287
19290
19292
19294
19298
19302
19303
19385
19388
19389
19392
19394
19395
19397
19398
19400
19409
19413
19414
19415
19416
19418
19419
19512
19513
19519
19521
19522
19524
19525
19526
19527
19533
19536
19539
19543
19547
19548
19550
19640
19644
19654
19657
19658
19660
19665
19668
19779
19781
19782
19784
