2403
2406
2408
2412
2525
2529
2537
2539
2543
2643
2645
2647
2649
2650
2651
2652
2659
2661
2663
2666
2667
2669
2670
2768
2771
2774
2775
2780
2783
2784
2785
2788
2789
2791
2896
2899
2901
2904
2908
2909
2910
2913
2914
2915
3023
3025
3026
3027
3028
3029
3031
3034
3035
3037
5398
5400
5402
5408
5410
5411
5412
5415
5514
5518
5519
5523
5524
5526
5529
5532
5536
5539
5541
5545
5546
5547
5637
5643
5646
5647
5649
5651
5652
5653
5659
5663
5664
5668
5673
5676
5677
5764
5767
5768
5769
5777
5781
5783
5785
5786
5787
5788
5790
5793
5797
5800
5802
5803
5884
5886
5888
5890
5891
5893
5895
5897
5898
5899
5900
5901
5902
5903
5905
5907
5909
5911
5914
5915
5916
5917
5919
5923
5926
5927
5928
5929
6010
6011
6012
6018
6020
6021
6023
6024
6025
6026
6027
6031
6033
6035
6037
6038
6039
6042
6044
6045
6047
6050
6051
6052
6142
6144
6148
6151
6153
6154
6155
6156
6158
6159
6160
6162
6166
6174
6177
6265
6269
6272
6273
6280
6286
6287
6288
6292
6293
6294
6295
6389
6392
6394
6395
6397
6403
6407
6414
6417
6420
6523
6525
6526
6528
6538
6540
