646
648
649
652
654
656
658
660
661
663
664
665
666
667
668
768
772
774
775
780
784
786
793
795
887
888
891
895
899
901
903
906
907
910
913
915
916
919
920
922
923
924
927
928
1010
1011
1012
1013
1019
1020
1028
1029
1032
1033
1035
1038
1043
1044
1046
1047
1050
1053
1136
1137
1140
1142
1150
1153
1155
1158
1161
1162
1163
1164
1165
1166
1167
1169
1171
1172
1173
1175
1176
1265
1266
1268
1270
1273
1276
1277
1278
1281
1282
1284
1289
1299
1302
1391
1397
1401
1403
1404
1405
1408
1410
1520
1521
1522
1528
1529
1530
1532
1534
3147
3148
3150
3151
3154
3156
3158
3159
3162
3165
3267
3270
3271
3280
3285
3291
3292
3293
3294
3296
3297
3392
3394
3399
3400
3408
3412
3414
3417
3419
3424
3425
3426
3510
3513
3519
3521
3523
3526
3527
3528
3530
3532
3533
3534
3535
3537
3540
3544
3546
3547
3550
3552
3635
3637
3639
3640
3642
3643
3644
3648
3650
3651
3655
3656
3657
3658
3660
3661
3662
3666
3667
3668
3669
3674
3764
3766
3767
3768
3771
3773
3775
3777
3781
3782
3783
3784
3785
3787
3788
3789
3792
3795
3796
3798
3890
3891
3893
3895
3915
3916
3919
4021
4023
4025
4026
4029
4033
4037
4038
4039
4040
4042
4043
5771
5776
5777
5778
5779
5789
5790
5795
5889
5890
5891
5898
5902
5904
5910
5911
5915
5917
5924
6011
6013
6016
6020
6021
6025
6026
6029
6030
6033
6034
6037
6038
6040
6041
6042
6047
6048
6051
6137
6140
6144
6147
6150
6153
6155
6156
6158
6164
6167
6170
6171
6172
6174
6175
6264
6270
6271
6275
6277
6278
6285
6289
6291
6293
6389
6390
6393
6395
6399
6407
6408
6409
6410
6412
6415
6418
6421
6521
6525
6526
6528
6529
6531
6537
6539
6540
6541
8283
8393
8394
8397
8398
8400
8402
8404
8405
8407
8408
8410
8412
8413
8414
8416
8418
8419
8518
8522
8523
8525
8526
8527
8528
8529
8536
8537
8538
8539
8546
8639
8640
8641
8643
8651
8657
8670
8672
8763
8764
8766
8769
8771
8775
8782
8783
8784
8785
8789
8790
8792
8794
8892
8893
8894
8895
8898
8901
8902
8903
8904
8905
8909
8911
8912
8915
8916
9024
9026
9028
9030
9031
9032
9033
9036
10902
10906
10915
11022
11024
11025
11027
11030
11032
11033
11035
11036
11038
11040
11041
11044
11143
11147
11148
11149
11154
11161
11162
11167
11169
11266
11267
11268
11270
11272
11273
11276
11277
11281
11283
11284
11288
11290
11291
11292
11394
11396
11397
11398
11400
11406
11407
11414
11416
11418
13523
13524
13528
13530
13532
13536
13646
13650
13651
13653
13654
13655
13658
13660
13667
13771
13772
13773
13774
13776
13780
13781
13784
13785
13787
13790
13791
13900
13905
13906
13908
13912
13913
