4649
4650
4664
4767
4773
4775
4776
4778
4781
4783
4787
4789
4790
4793
4794
4795
4796
4797
4888
4892
4895
4901
4902
4904
4905
4908
4909
4910
4911
4913
4914
4917
4919
4921
4923
4926
5012
5014
5016
5020
5024
5025
5026
5027
5028
5029
5030
5031
5034
5035
5038
5045
5047
5049
5050
5052
5137
5139
5144
5149
5150
5153
5155
5157
5159
5167
5168
5170
5175
5176
5263
5264
5265
5267
5270
5271
5272
5275
5276
5281
5283
5285
5287
5290
5291
5293
5299
5392
5394
5395
5396
5397
5399
5400
5405
5406
5407
5409
5411
5412
5416
5417
5419
5420
5421
5518
5522
5523
5525
5527
5533
5534
5540
8524
8529
8535
8536
8649
8650
8654
8663
8775
8776
8778
8779
8788
8789
8900
8902
8904
8905
8913
9022
9025
9026
9027
9028
9032
9037
9042
9043
9143
9144
9147
9154
9156
9157
9158
9162
9165
9167
9170
9268
9270
9271
9273
9277
9279
9282
9284
9285
9289
9292
9293
9395
9396
9397
9398
9400
9402
9407
9410
9415
9416
9518
9520
9523
9524
9526
9527
9537
9541
9546
9641
9644
9645
9651
9652
9657
9658
9659
9660
9661
9662
9663
9664
9670
9671
9765
9771
9773
9777
9778
9780
9784
9785
9787
9788
9790
9793
9796
9797
9890
9891
9894
9895
9897
9898
9900
9903
9906
9908
9909
9910
9913
9917
9919
9922
10013
10015
10017
10019
10024
10027
10029
10034
10035
10036
10040
10042
10046
10139
10140
10144
10148
10151
10156
10158
10160
10162
10164
10168
10169
10170
10266
10269
10271
10274
10276
10281
10282
10283
10284
10285
10289
10294
10298
10390
10392
10401
10402
10404
10405
10406
10408
10409
10412
10414
10415
10417
10515
10519
10520
10529
10530
10534
10535
10548
10638
10643
10645
10648
10652
10654
10656
10660
10661
10663
10664
10665
10667
10674
10763
10765
10766
10775
10776
10787
10792
10793
10794
10797
10798
10799
10888
10890
10891
10897
10898
10899
10903
10910
10913
10917
10919
10921
11018
11020
11021
11025
11026
11028
11035
11037
11038
11041
11045
11046
11142
11147
11150
11153
11154
11158
11159
11161
11163
11166
11167
11170
11172
11173
11266
11269
11270
11277
11278
11281
11283
11286
11293
11295
11297
11393
11394
11396
11402
11409
11410
11411
11413
11414
11415
11416
11418
11420
11519
11521
11523
11531
11534
11543
11646
11651
11654
11662
11664
11772
11773
11776
11780
11784
11786
11789
11895
11896
11898
11899
11901
11904
11906
11907
11911
11913
11917
18523
18525
18528
18532
18533
18535
18541
18642
18643
18644
18648
18650
18652
18653
18654
18657
18658
18659
18660
18661
18662
18664
18665
18666
18672
18673
18761
18765
18766
18768
18771
18773
18777
18778
18781
18782
18783
18784
18785
18789
18790
18791
18792
18793
18794
18797
18802
18888
18895
18896
18898
18901
18904
18906
18907
18911
18912
18915
18918
18920
18921
18922
18924
18925
18926
18928
19010
19013
19016
19022
19023
19025
19026
19028
19029
19030
19032
19033
19034
19037
19038
19040
19041
19044
19045
19048
19050
19051
19141
19147
19152
19156
19159
19163
19164
19170
19271
19272
