8021
8022
8024
8031
8032
8037
8038
8039
8143
8145
8148
8149
8151
8153
8154
8158
8159
8161
8165
8166
8167
8270
8272
8273
8275
8276
8279
8281
8282
8283
8285
8287
8288
8293
8395
8396
8397
8401
8402
8405
8406
8414
8416
8417
8521
8523
8524
8529
8532
8534
8536
8538
8540
8654
8656
8657
8658
10901
10902
10906
10910
11019
11021
11022
11023
11027
11029
11031
11036
11037
11038
11040
11042
11044
11141
11143
11147
11148
11152
11153
11154
11155
11158
11160
11162
11166
11167
11168
11169
11172
11267
11268
11269
11273
11274
11277
11278
11279
11280
11282
11284
11287
11288
11290
11292
11293
11295
11387
11389
11391
11394
11397
11398
11400
11405
11408
11410
11411
11412
11416
11417
11418
11419
11420
11421
11424
11428
11429
11510
11512
11513
11515
11516
11518
11520
11521
11522
11525
11527
11528
11529
11530
11531
11532
11534
11537
11541
11542
11544
11546
11548
11549
11550
11551
11552
11553
11634
11635
11636
11640
11641
11642
11644
11646
11649
11652
11653
11654
11656
11657
11658
11661
11662
11665
11671
11673
11674
11676
11678
11760
11762
11768
11771
11773
11774
11777
11780
11784
11785
11788
11789
11793
11795
11796
11801
11894
11896
11897
11898
11900
11901
11904
11912
11913
11916
11920
12019
12022
12026
12027
12029
12033
12034
12035
12036
12039
12041
12044
12151
12153
12158
