10
11
12
17
19
21
24
25
26
27
30
31
33
35
37
39
41
42
44
48
49
52
138
140
142
145
146
147
148
149
150
151
152
157
160
161
163
164
166
167
173
178
261
265
266
267
269
271
273
275
279
281
284
285
286
287
288
289
290
292
293
295
298
299
301
388
389
391
395
400
401
404
405
406
409
410
411
413
418
419
420
423
518
519
520
525
526
528
530
532
533
535
536
541
542
543
7280
7402
7403
7406
7407
7409
7410
7413
7529
7530
7532
11771
11772
11775
11779
11781
11784
11786
11787
11789
11790
11796
11897
11900
11901
11905
11908
11909
11910
11911
11913
11917
11921
11922
11923
11925
11926
12011
12012
12020
12022
12025
12026
12027
12029
12030
12032
12034
12036
12037
12038
12039
12044
12050
12134
12137
12139
12140
12143
12146
12148
12151
12158
12160
12163
12165
12167
12173
12174
12175
12177
12178
12260
12262
12264
12265
12270
12271
12275
12278
12279
12282
12283
12291
12294
12295
12297
12298
12299
12301
12302
12303
12385
12387
12389
12392
12393
12394
12395
12399
12401
12402
12404
12405
12408
12409
12412
12415
12417
12419
12423
12424
12425
12426
12427
12512
12515
12517
12519
12520
12521
12522
12524
12525
12533
12534
12535
12537
12539
12541
12542
12544
12545
12546
12547
12648
12649
12652
12653
12655
12656
12657
12660
12665
12666
12670
