4899
4908
4910
4911
4914
4916
5021
5024
5025
5028
5032
5037
5039
5042
5148
5150
5152
5155
5157
5161
5163
5164
5168
5269
5271
5272
5274
5276
5286
5398
5399
5400
5403
5404
5405
5406
5410
5416
5531
5532
7777
7785
7891
7896
7898
7900
7904
7907
7909
7910
7911
7915
7916
7919
7921
8014
8019
8022
8026
8031
8032
8033
8034
8036
8037
8040
8043
8136
8139
8140
8149
8150
8151
8152
8154
8155
8156
8157
8158
8160
8161
8162
8163
8164
8166
8170
8175
8177
8178
8266
8267
8272
8276
8280
8282
8284
8286
8287
8288
8289
8290
8291
8293
8296
8298
8303
8384
8385
8386
8390
8392
8393
8395
8396
8397
8398
8401
8403
8405
8406
8407
8410
8414
8419
8421
8422
8425
8428
8509
8510
8512
8515
8516
8519
8520
8522
8525
8527
8528
8530
8532
8534
8537
8538
8539
8542
8544
8545
8546
8550
8551
8553
8635
8637
8639
8642
8644
8645
8647
8651
8653
8656
8657
8658
8660
8661
8662
8663
8665
8666
8668
8671
8673
8763
8772
8773
8774
8778
8779
8784
8793
8795
8892
8893
8897
8904
8906
8907
8911
9028
9030
