-65
-64.9851
-64.9703
-64.9555
-64.9408
-64.9261
-64.9115
-64.897
-64.8825
-64.8681
-64.8537
-64.8395
-64.8252
-64.811
-64.7969
-64.7829
-64.7689
-64.7549
-64.741
-64.7272
-64.7135
-64.6997
-64.6861
-64.6725
-64.659
-64.6455
-64.632
-64.6187
-64.6053
-64.5921
-64.5789
-64.5657
-64.5526
-64.5396
-64.5266
-64.5137
-64.5008
-64.4879
-64.4752
-64.4624
-64.4498
-64.4371
-64.4246
-64.4121
-64.3996
-64.3872
-64.3748
-64.3625
-64.3503
-64.338
-64.3259
-64.3138
-64.3017
-64.2897
-64.2778
-64.2658
-64.254
-64.2422
-64.2304
-64.2187
-64.207
-64.1954
-64.1838
-64.1723
-64.1608
-64.1494
-64.138
-64.1267
-64.1154
-64.1042
-64.093
-64.0818
-64.0707
-64.0597
-64.0486
-64.0377
-64.0267
-64.0159
-64.005
-63.9942
-63.9835
-63.9728
-63.9621
-63.9515
-63.941
-63.9304
-63.9199
-63.9095
-63.8991
-63.8887
-63.8784
-63.8681
-63.8579
-63.8477
-63.8376
-63.8275
-63.8174
-63.8074
-63.7974
-63.7874
-63.7775
-63.7677
-63.7578
-63.7481
-63.7383
-63.7286
-63.7189
-63.7093
-63.6997
-63.6902
-63.6806
-63.6712
-63.6617
-63.6523
-63.643
-63.6337
-63.6244
-63.6151
-63.6059
-63.5967
-63.5876
-63.5785
-63.5694
-63.5604
-63.5514
-63.5425
-63.5336
-63.5247
-63.5158
-63.507
-63.4982
-63.4895
-63.4808
-63.4721
-63.4635
-63.4549
-63.4463
-63.4378
-63.4293
-63.4208
-63.4124
-63.404
-63.3957
-63.3873
-63.379
-63.3708
-63.3626
-63.3544
-63.3462
-63.3381
-63.33
-63.3219
-63.3139
-63.3059
-63.2979
-63.29
-63.2821
-63.2742
-63.2664
-63.2585
-63.2508
-63.243
-63.2353
-63.2276
-63.22
-63.2123
-63.2047
-63.1972
-63.1897
-63.1821
-63.1747
-63.1672
-63.1598
-63.1524
-63.1451
-63.1378
-63.1305
-63.1232
-63.116
-63.1087
-63.1016
-63.0944
-63.0873
-63.0802
-63.0731
-63.0661
-63.0591
-63.0521
-63.0451
-63.0382
-63.0313
-63.0244
-63.0176
-63.0108
-63.004
-62.9972
-62.9905
-62.9838
-62.9771
-62.9704
-62.9638
-62.9572
-62.9506
-62.9441
-62.9375
-62.931
-62.9246
-62.9181
-62.9117
-62.9053
-62.8989
-62.8926
-62.8862
-62.8799
-62.8736
-62.8674
-62.8612
-62.855
-62.8488
-62.8426
-62.8365
-62.8304
-62.8243
-62.8182
-62.8122
-62.8062
-62.8002
-62.7942
-62.7883
-62.7824
-62.7765
-62.7706
-62.7647
-62.7589
-62.7531
-62.7473
-62.7416
-62.7358
-62.7301
-62.7244
-62.7187
-62.7131
-62.7075
-62.7019
-62.6963
-62.6907
-62.6852
-62.6796
-62.6741
-62.6687
-62.6632
-62.6578
-62.6524
-62.647
-62.6416
-62.6362
-62.6309
-62.6256
-62.6203
-62.6151
-62.6098
-62.6046
-62.5994
-62.5942
-62.589
-62.5839
-62.5787
-62.5736
-62.5685
-62.5635
-62.5584
-62.5534
-62.5484
-62.5434
-62.5384
-62.5335
-62.5285
-62.5236
-62.5187
-62.5139
-62.509
-62.5042
-62.4993
-62.4945
-62.4898
-62.485
-62.4802
-62.4755
-62.4708
-62.4661
-62.4614
-62.4568
-62.4521
-62.4475
-62.4429
-62.4383
-62.4338
-62.4292
-62.4247
-62.4202
-62.4157
-62.4112
-62.4067
-62.4023
-62.3979
-62.3935
-62.3891
-62.3847
-62.3803
-62.376
-62.3717
-62.3673
-62.3631
-62.3588
-62.3545
-62.3503
-62.346
-62.3418
-62.3376
-62.3335
-62.3293
-62.3251
-62.321
-62.3169
-62.3128
-62.3087
-62.3046
-62.3006
-62.2966
-62.2925
-62.2885
-62.2845
-62.2806
-62.2766
-62.2726
-62.2687
-62.2648
-62.2609
-62.257
-62.2531
-62.2493
-62.2454
-62.2416
-62.2378
-62.234
-62.2302
-62.2265
-62.2227
-62.219
-62.2152
-62.2115
-62.2078
-62.2041
-62.2005
-62.1968
-62.1932
-62.1896
-62.1859
-62.1823
-62.1788
-62.1752
-62.1716
-62.1681
-62.1645
-62.161
-62.1575
-62.154
-62.1506
-62.1471
-62.1436
-62.1402
-62.1368
-62.1334
-62.13
-62.1266
-62.1232
-62.1198
-62.1165
-62.1132
-62.1098
-62.1065
-62.1032
-62.0999
-62.0967
-62.0934
-62.0902
-62.0869
-62.0837
-62.0805
-62.0773
-62.0741
-62.0709
-62.0678
-62.0646
-62.0615
-62.0584
-62.0553
-62.0521
-62.0491
-62.046
-62.0429
-62.0399
-62.0368
-62.0338
-62.0308
-62.0278
-62.0248
-62.0218
-62.0188
-62.0158
-62.0129
-62.0099
-62.007
-62.0041
-62.0012
-61.9983
-61.9954
-61.9925
-61.9897
-61.9868
-61.984
-61.9811
-61.9783
-61.9755
-61.9727
-61.9699
-61.9671
-61.9643
-61.9616
-61.9588
-61.9561
-61.9534
-61.9506
-61.9479
-61.9452
-61.9425
-61.9399
-61.9372
-61.9345
-61.9319
-61.9292
-61.9266
-61.924
-61.9214
-61.9188
-61.9162
-61.9136
-61.911
-61.9085
-61.9059
-61.9034
-61.9008
-61.8983
-61.8958
-61.8933
-61.8908
-61.8883
-61.8858
-61.8833
-61.8809
-61.8784
-61.876
-61.8736
-61.8711
-61.8687
-61.8663
-61.8639
-61.8615
-61.8591
-61.8568
-61.8544
-61.852
-61.8497
-61.8474
-61.845
-61.8427
-61.8404
-61.8381
-61.8358
-61.8335
-61.8312
-61.829
-61.8267
-61.8245
-61.8222
-61.82
-61.8177
-61.8155
-61.8133
-61.8111
-61.8089
-61.8067
-61.8045
-61.8024
-61.8002
-61.7981
-61.7959
-61.7938
-61.7916
-61.7895
-61.7874
-61.7853
-61.7832
-61.7811
-61.779
-61.7769
-61.7749
-61.7728
-61.7707
-61.7687
-61.7667
-61.7646
-61.7626
-61.7606
-61.7586
-61.7566
-61.7546
-61.7526
-61.7506
-61.7486
-61.7467
-61.7447
-61.7428
-61.7408
-61.7389
-61.7369
-61.735
-61.7331
-61.7312
-61.7293
-61.7274
-61.7255
-61.7236
-61.7217
-61.7199
-61.718
-61.7162
-61.7143
-61.7125
-61.7106
-61.7088
-61.707
-61.7052
-61.7034
-61.7016
-61.6998
-61.698
-61.6962
-61.6944
-61.6927
-61.6909
-61.6891
-61.6874
-61.6857
-61.6839
-61.6822
-61.6805
-61.6787
-61.677
-61.6753
-61.6736
-61.6719
-61.6703
-61.6686
-61.6669
-61.6652
-61.6636
-61.6619
-61.6603
-61.6586
-61.657
-61.6554
-61.6537
-61.6521
-61.6505
-61.6489
-61.6473
-61.6457
-61.6441
-61.6425
-61.6409
-61.6394
-61.6378
-61.6362
-61.6347
-61.6331
-61.6316
-61.63
-61.6285
-61.627
-61.6255
-61.6239
-61.6224
-61.6209
-61.6194
-61.6179
-61.6164
-61.615
-61.6135
-61.612
-61.6105
-61.6091
-61.6076
-61.6062
-61.6047
-61.6033
-61.6018
-61.6004
-61.599
-61.5976
-61.5962
-61.5947
-61.5933
-61.5919
-61.5905
-61.5892
-61.5878
-61.5864
-61.585
-61.5836
-61.5823
-61.5809
-61.5796
-61.5782
-61.5769
-61.5755
-61.5742
-61.5729
-61.5715
-61.5702
-61.5689
-61.5676
-61.5663
-61.565
-61.5637
-61.5624
-61.5611
-61.5598
-61.5586
-61.5573
-61.556
-61.5547
-61.5535
-61.5522
-61.551
-61.5497
-61.5485
-61.5473
-61.546
-61.5448
-61.5436
-61.5424
-61.5411
-61.5399
-61.5387
-61.5375
-61.5363
-61.5351
-61.5339
-61.5328
-61.5316
-61.5304
-61.5292
-61.5281
-61.5269
-61.5257
-61.5246
-61.5234
-61.5223
-61.5212
-61.52
-61.5189
-61.5178
-61.5166
-61.5155
-61.5144
-61.5133
-61.5122
-61.5111
-61.51
-61.5089
-61.5078
-61.5067
-61.5056
-61.5045
-61.5034
-61.5024
-61.5013
-61.5002
-61.4992
-61.4981
-61.4971
-61.496
-61.495
-61.4939
-61.4929
-61.4918
-61.4908
-61.4898
-61.4888
-61.4877
-61.4867
-61.4857
-61.4847
-61.4837
-61.4827
-61.4817
-61.4807
-61.4797
-61.4787
-61.4777
-61.4768
-61.4758
-61.4748
-61.4738
-61.4729
-61.4719
-61.4709
-61.47
-61.469
-61.4681
-61.4671
-61.4662
-61.4653
-61.4643
-61.4634
-61.4625
-61.4615
-61.4606
-61.4597
-61.4588
-61.4579
-61.457
-61.4561
-61.4552
-61.4543
-61.4534
-61.4525
-61.4516
-61.4507
-61.4498
-61.4489
-61.4481
-61.4472
-61.4463
-61.4454
-61.4446
-61.4437
-61.4429
-61.442
-61.4412
-61.4403
-61.4395
-61.4386
-61.4378
-61.4369
-61.4361
-61.4353
-61.4345
-61.4336
-61.4328
-61.432
-61.4312
-61.4304
-61.4296
-61.4288
-61.428
-61.4271
-61.4264
-61.4256
-61.4248
-61.424
-61.4232
-61.4224
-61.4216
-61.4208
-61.4201
-61.4193
-61.4185
-61.4178
-61.417
-61.4162
-61.4155
-61.4147
-61.414
-61.4132
-61.4125
-61.4117
-61.411
-61.4103
-61.4095
-61.4088
-61.408
-61.4073
-61.4066
-61.4059
-61.4052
-61.4044
-61.4037
-61.403
-61.4023
-61.4016
-61.4009
-61.4002
-61.3995
-61.3988
-61.3981
-61.3974
-61.3967
-61.396
-61.3953
-61.3946
-61.394
-61.3933
-61.3926
-61.3919
-61.3913
-61.3906
-61.3899
-61.3893
-61.3886
-61.3879
-61.3873
-61.3866
-61.386
-61.3853
-61.3847
-61.384
-61.3834
-61.3828
-61.3821
-61.3815
-61.3809
-61.3802
-61.3796
-61.379
-61.3784
-61.3777
-61.3771
-61.3765
-61.3759
-61.3753
-61.3747
-61.374
-61.3734
-61.3728
-61.3722
-61.3716
-61.371
-61.3704
-61.3698
-61.3693
-61.3687
-61.3681
-61.3675
-61.3669
-61.3663
-61.3658
-61.3652
-61.3646
-61.364
-61.3635
-61.3629
-61.3623
-61.3618
-61.3612
-61.3606
-61.3601
-61.3595
-61.359
-61.3584
-61.3579
-61.3573
-61.3568
-61.3562
-61.3557
-61.3552
-61.3546
-61.3541
-61.3535
-61.353
-61.3525
-61.352
-61.3514
-61.3509
-61.3504
-61.3499
-61.3493
-61.3488
-61.3483
-61.3478
-61.3473
-61.3468
-61.3463
-61.3458
-61.3453
-61.3448
-61.3443
-61.3438
-61.3433
-61.3428
-61.3423
-61.3418
-61.3413
-61.3408
-61.3403
-61.3398
-61.3393
-61.3389
-61.3384
-61.3379
-61.3374
-61.337
-61.3365
-61.336
-61.3355
-61.3351
-61.3346
-61.3341
-61.3337
-61.3332
-61.3328
-61.3323
-61.3318
-61.3314
-61.3309
-61.3305
-61.33
-61.3296
-61.3291
-61.3287
-61.3283
-61.3278
-61.3274
-61.3269
-61.3265
-61.3261
-61.3256
-61.3252
-61.3248
-61.3243
-61.3239
-61.3235
-61.3231
-61.3226
-61.3222
-61.3218
-61.3214
-61.321
-61.3206
-61.3201
-61.3197
-61.3193
-61.3189
-61.3185
-61.3181
-61.3177
-61.3173
-61.3169
-61.3165
-61.3161
-61.3157
-61.3153
-61.3149
-61.3145
-61.3141
-61.3137
-61.3133
-61.3129
-61.3126
-61.3122
-61.3118
-61.3114
-61.311
-61.3106
-61.3103
-61.3099
-61.3095
-61.3091
-61.3088
-61.3084
-61.308
-61.3077
-61.3073
-61.3069
-61.3066
-61.3062
-61.3058
-61.3055
-61.3051
-61.3048
-61.3044
-61.304
-61.3037
-61.3033
-61.303
-61.3026
-61.3023
-61.3019
-61.3016
-61.3012
-61.3009
-61.3006
-61.3002
-61.2999
-61.2995
-61.2992
-61.2989
-61.2985
-61.2982
-61.2979
-61.2975
-61.2972
-61.2969
-61.2965
-61.2962
-61.2959
-61.2956
-61.2952
-61.2949
-61.2946
-61.2943
-61.294
-61.2936
-61.2933
-61.293
-61.2927
-61.2924
-61.2921
-61.2917
-61.2914
-61.2911
-61.2908
-61.2905
-61.2902
-61.2899
-61.2896
-61.2893
-61.289
-61.2887
-61.2884
-61.2881
-61.2878
-61.2875
-61.2872
-61.2869
-61.2866
-61.2863
-61.286
-61.2858
-61.2855
-61.2852
-61.2849
-61.2846
-61.2843
-61.284
-61.2838
-61.2835
-61.2832
-61.2829
-61.2826
-61.2824
-61.2821
-61.2818
-61.2815
-61.2813
-61.281
-61.2807
-61.2804
-61.2802
-61.2799
-61.2796
-61.2794
-61.2791
-61.2788
-61.2786
-61.2783
-61.2781
-61.2778
-61.2775
-61.2773
-61.277
-61.2768
-61.2765
-61.2762
-61.276
-61.2757
-61.2755
-61.2752
-61.275
-61.2747
-61.2745
-61.2742
-61.274
-61.2737
-61.2735
-61.2733
-61.273
-61.2728
-61.2725
-61.2723
-61.272
-61.2718
-61.2716
-61.2713
-61.2711
-61.2709
-61.2706
-61.2704
-61.2702
-61.2699
-61.2697
-61.2695
-61.2692
-61.269
-61.2688
-61.2685
-61.2683
-61.2681
-61.2679
-61.2676
-61.2674
-61.2672
-61.267
-61.2668
-61.2665
-61.2663
-61.2661
-61.2659
-61.2657
-61.2654
-61.2652
-61.265
-61.2648
-61.2646
-61.2644
-61.2642
-61.2639
-61.2637
-61.2635
-61.2633
-61.2631
-61.2629
-61.2627
-61.2625
-61.2623
-61.2621
-61.2619
-61.2617
-61.2615
-61.2613
-61.2611
-61.2609
-61.2607
-61.2605
-61.2603
-61.2601
-61.2599
-61.2597
-61.2595
-61.2593
-61.2591
-61.2589
-61.2587
-61.2585
-61.2583
-61.2581
-61.258
-61.2578
-61.2576
-61.2574
-61.2572
-61.257
-61.2568
-61.2567
-61.2565
-61.2563
-61.2561
-61.2559
-61.2557
-61.2556
-61.2554
-61.2552
-61.255
-61.2548
-61.2547
-61.2545
-61.2543
-61.2541
-61.254
-61.2538
-61.2536
-61.2534
-61.2533
-61.2531
-61.2529
-61.2528
-61.2526
-61.2524
-61.2522
-61.2521
-61.2519
-61.2517
-61.2516
-61.2514
-61.2512
-61.2511
-61.2509
-61.2508
-61.2506
-61.2504
-61.2503
-61.2501
-61.2499
-61.2498
-61.2496
-61.2495
-61.2493
-61.2492
-61.249
-61.2488
-61.2487
-61.2485
-61.2484
-61.2482
-61.2481
-61.2479
-61.2478
-61.2476
-61.2475
-61.2473
-61.2472
-61.247
-61.2469
-61.2467
-61.2466
-61.2464
-61.2463
-61.2461
-61.246
-61.2458
-61.2457
-61.2455
-61.2454
-61.2452
-61.2451
-61.245
-61.2448
-61.2447
-61.2445
-61.2444
-61.2443
-61.2441
-61.244
-61.2438
-61.2437
-61.2436
-61.2434
-61.2433
-61.2432
-61.243
-61.2429
-61.2428
-61.2426
-61.2425
-61.2424
-61.2422
-61.2421
-61.242
-61.2418
-61.2417
-61.2416
-61.2414
-61.2413
-61.2412
-61.241
-61.2409
-61.2408
-61.2407
-61.2405
-61.2404
-61.2403
-61.2402
-61.24
-61.2399
-61.2398
-61.2397
-61.2395
-61.2394
-61.2393
-61.2392
-61.2391
-61.2389
-61.2388
-61.2387
-61.2386
-61.2385
-61.2383
-61.2382
-61.2381
-61.238
-61.2379
-61.2378
-61.2376
-61.2375
-61.2374
-61.2373
-61.2372
-61.2371
-61.237
-61.2368
-61.2367
-61.2366
-61.2365
-61.2364
-61.2363
-61.2362
-61.2361
-61.2359
-61.2358
-61.2357
-61.2356
-61.2355
-61.2354
-61.2353
-61.2352
-61.2351
-61.235
-61.2349
-61.2348
-61.2347
-61.2346
-61.2345
-61.2343
-61.2342
-61.2341
-61.234
-61.2339
-61.2338
-61.2337
-61.2336
-61.2335
-61.2334
-61.2333
-61.2332
-61.2331
-61.233
-61.2329
-61.2328
-61.2327
-61.2326
-61.2325
-61.2324
-61.2323
-61.2322
-61.2321
-61.2321
-61.232
-61.2319
-61.2318
-61.2317
-61.2316
-61.2315
-61.2314
-61.2313
-61.2312
-61.2311
-61.231
-61.2309
-61.2308
-61.2307
-61.2307
-61.2306
-61.2305
-61.2304
-61.2303
-61.2302
-61.2301
-61.23
-61.2299
-61.2299
-61.2298
-61.2297
-61.2296
-61.2295
-61.2294
-61.2293
-61.2293
-61.2292
-61.2291
-61.229
-61.2289
-61.2288
-61.2287
-61.2287
-61.2286
-61.2285
-61.2284
-61.2283
-61.2282
-61.2282
-61.2281
-61.228
-61.2279
-61.2278
-61.2278
-61.2277
-61.2276
-61.2275
-61.2274
-61.2274
-61.2273
-61.2272
-61.2271
-61.2271
-61.227
-61.2269
-61.2268
-61.2267
-61.2267
-61.2266
-61.2265
-61.2264
-61.2264
-61.2263
-61.2262
-61.2261
-61.2261
-61.226
-61.2259
-61.2258
-61.2258
-61.2257
-61.2256
-61.2256
-61.2255
-61.2254
-61.2253
-61.2253
-61.2252
-61.2251
-61.2251
-61.225
-61.2249
-61.2249
-61.2248
-61.2247
-61.2246
-61.2246
-61.2245
-61.2244
-61.2244
-61.2243
-61.2242
-61.2242
-61.2241
-61.224
-61.224
-61.2239
-61.2238
-61.2238
-61.2237
-61.2236
-61.2236
-61.2235
-61.2234
-61.2234
-61.2233
-61.2233
-61.2232
-61.2231
-61.2231
-61.223
-61.2229
-61.2229
-61.2228
-61.2228
-61.2227
-61.2226
-61.2226
-61.2225
-61.2224
-61.2224
-61.2223
-61.2223
-61.2222
-61.2221
-61.2221
-61.222
-61.222
-61.2219
-61.2218
-61.2218
-61.2217
-61.2217
-61.2216
-61.2216
-61.2215
-61.2214
-61.2214
-61.2213
-61.2213
-61.2212
-61.2212
-61.2211
-61.221
-61.221
-61.2209
-61.2209
-61.2208
-61.2208
-61.2207
-61.2207
-61.2206
-61.2206
-61.2205
-61.2204
-61.2204
-61.2203
-61.2203
-61.2202
-61.2202
-61.2201
-61.2201
-61.22
-61.22
-61.2199
-61.2199
-61.2198
-61.2198
-61.2197
-61.2197
-61.2196
-61.2196
-61.2195
-61.2195
-61.2194
-61.2194
-61.2193
-61.2193
-61.2192
-61.2192
-61.2191
-61.2191
-61.219
-61.219
-61.2189
-61.2189
-61.2188
-61.2188
-61.2187
-61.2187
-61.2186
-61.2186
-61.2185
-61.2185
-61.2185
-61.2184
-61.2184
-61.2183
-61.2183
-61.2182
-61.2182
-61.2181
-61.2181
-61.218
-61.218
-61.218
-61.2179
-61.2179
-61.2178
-61.2178
-61.2177
-61.2177
-61.2177
-61.2176
-61.2176
-61.2175
-61.2175
-61.2174
-61.2174
-61.2174
-61.2173
-61.2173
-61.2172
-61.2172
-61.2171
-61.2171
-61.2171
-61.217
-61.217
-61.2169
-61.2169
-61.2169
-61.2168
-61.2168
-61.2167
-61.2167
-61.2167
-61.2166
-61.2166
-61.2165
-61.2165
-61.2165
-61.2164
-61.2164
-61.2163
-61.2163
-61.2163
-61.2162
-61.2162
-61.2162
-61.2161
-61.2161
-61.216
-61.216
-61.216
-61.2159
-61.2159
-61.2159
-61.2158
-61.2158
-61.2157
-61.2157
-61.2157
-61.2156
-61.2156
-61.2156
-61.2155
-61.2155
-61.2155
-61.2154
-61.2154
-61.2154
-61.2153
-61.2153
-61.2152
-61.2152
-61.2152
-61.2151
-61.2151
-61.2151
-61.215
-61.215
-61.215
-61.2149
-61.2149
-61.2149
-61.2148
-61.2148
-61.2148
-61.2147
-61.2147
-61.2147
-61.2146
-61.2146
-61.2146
-61.2146
-61.2145
-61.2145
-61.2145
-61.2144
-61.2144
-61.2144
-61.2143
-61.2143
-61.2143
-61.2142
-61.2142
-61.2142
-61.2141
-61.2141
-61.2141
-61.2141
-61.214
-61.214
-61.214
-61.2139
-61.2139
-61.2139
-61.2138
-61.2138
-61.2138
-61.2138
-61.2137
-61.2137
-61.2137
-61.2136
-61.2136
-61.2136
-61.2136
-61.2135
-61.2135
-61.2135
-61.2134
-61.2134
-61.2134
-61.2134
-61.2133
-61.2133
-61.2133
-61.2133
-61.2132
-61.2132
-61.2132
-61.2131
-61.2131
-61.2131
-61.2131
-61.213
-61.213
-61.213
-61.213
-61.2129
-61.2129
-61.2129
-61.2129
-61.2128
-61.2128
-61.2128
-61.2128
-61.2127
-61.2127
-61.2127
-61.2127
-61.2126
-61.2126
-61.2126
-61.2126
-61.2125
-61.2125
-61.2125
-61.2125
-61.2124
-61.2124
-61.2124
-61.2124
-61.2123
-61.2123
-61.2123
-61.2123
-61.2122
-61.2122
-61.2122
-61.2122
-61.2122
-61.2121
-61.2121
-61.2121
-61.2121
-61.212
-61.212
-61.212
-61.212
-61.2119
-61.2119
-61.2119
-61.2119
-61.2119
-61.2118
-61.2118
-61.2118
-61.2118
-61.2118
-61.2117
-61.2117
-61.2117
-61.2117
-61.2116
-61.2116
-61.2116
-61.2116
-61.2116
-61.2115
-61.2115
-61.2115
-61.2115
-61.2115
-61.2114
-61.2114
-61.2114
-61.2114
-61.2114
-61.2113
-61.2113
-61.2113
-61.2113
-61.2113
-61.2112
-61.2112
-61.2112
-61.2112
-61.2112
-61.2111
-61.2111
-61.2111
-61.2111
-61.2111
-61.211
-61.211
-61.211
-61.211
-61.211
-61.211
-61.2109
-61.2109
-61.2109
-61.2109
-61.2109
-61.2108
-61.2108
-61.2108
-61.2108
-61.2108
-61.2108
-61.2107
-61.2107
-61.2107
-61.2107
-61.2107
-61.2106
-61.2106
-61.2106
-61.2106
-61.2106
-61.2106
-61.2105
-61.2105
-61.2105
-61.2105
-61.2105
-61.2105
-61.2104
-61.2104
-61.2104
-61.2104
-61.2104
-61.2104
-61.2103
-61.2103
-61.2103
-61.2103
-61.2103
-61.2103
-61.2102
-61.2102
-61.2102
-61.2102
-61.2102
-61.2102
-61.2102
-61.2101
-61.2101
-61.2101
-61.2101
-61.2101
-61.2101
-61.21
-61.21
-61.21
-61.21
-61.21
-61.21
-61.21
-61.2099
-61.2099
-61.2099
-61.2099
-61.2099
-61.2099
-61.2099
-61.2098
-61.2098
-61.2098
-61.2098
-61.2098
-61.2098
-61.2098
-61.2097
-61.2097
-61.2097
-61.2097
-61.2097
-61.2097
-61.2097
-61.2096
-61.2096
-61.2096
-61.2096
-61.2096
-61.2096
-61.2096
-61.2095
-61.2095
-61.2095
-61.2095
-61.2095
-61.2095
-61.2095
-61.2095
-61.2094
-61.2094
-61.2094
-61.2094
-61.2094
-61.2094
-61.2094
-61.2094
-61.2093
-61.2093
-61.2093
-61.2093
-61.2093
-61.2093
-61.2093
-61.2093
-61.2092
-61.2092
-61.2092
-61.2092
-61.2092
-61.2092
-61.2092
-61.2092
-61.2092
-61.2091
-61.2091
-61.2091
-61.2091
-61.2091
-61.2091
-61.2091
-61.2091
-61.209
-61.209
-61.209
-61.209
-61.209
-61.209
-61.209
-61.209
-61.209
-61.2089
-61.2089
-61.2089
-61.2089
-61.2089
-61.2089
-61.2089
-61.2089
-61.2089
-61.2088
-61.2088
-61.2088
-61.2088
-61.2088
-61.2088
-61.2088
-61.2088
-61.2088
-61.2088
-61.2087
-61.2087
-61.2087
-61.2087
-61.2087
-61.2087
-61.2087
-61.2087
-61.2087
-61.2087
-61.2086
-61.2086
-61.2086
-61.2086
-61.2086
-61.2086
-61.2086
-61.2086
-61.2086
-61.2086
-61.2086
-61.2085
-61.2085
-61.2085
-61.2085
-61.2085
-61.2085
-61.2085
-61.2085
-61.2085
-61.2085
-61.2085
-61.2084
-61.2084
-61.2084
-61.2084
-61.2084
-61.2084
-61.2084
-61.2084
-61.2084
-61.2084
-61.2084
-61.2083
-61.2083
-61.2083
-61.2083
-61.2083
-61.2083
-61.2083
-61.2083
-61.2083
-61.2083
-61.2083
-61.2083
-61.2082
-61.2082
-61.2082
-61.2082
-61.2082
-61.2082
-61.2082
-61.2082
-61.2082
-61.2082
-61.2082
-61.2082
-61.2081
-61.2081
-61.2081
-61.2081
-61.2081
-61.2081
-61.2081
-61.2081
-61.2081
-61.2081
-61.2081
-61.2081
-61.2081
-61.2081
-61.208
-61.208
-61.208
-61.208
-61.208
-61.208
-61.208
-61.208
-61.208
-61.208
-61.208
-61.208
-61.208
-61.2079
-61.2079
-61.2079
-61.2079
-61.2079
-61.2079
-61.2079
-61.2079
-61.2079
-61.2079
-61.2079
-61.2079
-61.2079
-61.2079
-61.2079
-61.2078
-61.2078
-61.2078
-61.2078
-61.2078
-61.2078
-61.2078
-61.2078
-61.2078
-61.2078
-61.2078
-61.2078
-61.2078
-61.2078
-61.2078
-61.2078
-61.2077
-61.2077
-61.2077
-61.2077
-61.2077
-61.2077
-61.2077
-61.2077
-61.2077
-61.2077
-61.2077
-61.2077
-61.2077
-61.2077
-61.2077
-61.2077
-61.2077
-61.2076
-61.2076
-61.2076
-61.2076
-61.2076
-61.2076
-61.2076
-61.2076
-61.2076
-61.2076
-61.2076
-61.2076
-61.2076
-61.2076
-61.2076
-61.2076
-61.2076
-61.2076
-61.2075
-61.2075
-61.2075
-61.2075
-61.2075
-61.2075
-61.2075
-61.2075
-61.2075
-61.2075
-61.2075
-61.2075
-61.2075
-61.2075
-61.2075
-61.2075
-61.2075
-61.2075
-61.2075
-61.2074
-61.2074
-61.2074
-61.2074
-61.2074
-61.2074
-61.2074
-61.2074
-61.2074
-61.2074
-61.2074
-61.2074
-61.2074
-61.2074
-61.2074
-61.2074
-61.2074
-61.2074
-61.2074
-61.2074
-61.2074
-61.2073
-61.2073
-61.2073
-61.2073
-61.2073
-61.2073
-61.2073
-61.2073
-61.2073
-61.2073
-61.2073
-61.2073
-61.2073
-61.2073
-61.2073
-61.2073
-61.2073
-61.2073
-61.2073
-61.2073
-61.2073
-61.2073
-61.2073
-61.2072
-61.2072
-61.2072
-61.2072
-61.2072
-61.2072
-61.2072
-61.2072
-61.2072
-61.2072
-61.2072
-61.2072
-61.2072
-61.2072
-61.2072
-61.2072
-61.2072
-61.2072
-61.2072
-61.2072
-61.2072
-61.2072
-61.2072
-61.2072
-61.2072
-61.2072
-61.2071
-61.2071
-61.2071
-61.2071
-61.2071
-61.2071
-61.2071
-61.2071
-61.2071
-61.2071
-61.2071
-61.2071
-61.2071
-61.2071
-61.2071
-61.2071
-61.2071
-61.2071
-61.2071
-61.2071
-61.2071
-61.2071
-61.2071
-61.2071
-61.2071
-61.2071
-61.2071
-61.2071
-61.2071
-61.2071
-61.207
-61.207
-61.207
-61.207
-61.207
-61.207
-61.207
-61.207
-61.207
-61.207
-61.207
-61.207
-61.207
-61.207
-61.207
-61.207
-61.207
-61.207
-61.207
-61.207
-61.207
-61.207
-61.207
-61.207
-61.207
-61.207
-61.207
-61.207
-61.207
-61.207
-61.207
-61.207
-61.207
-61.207
-61.2069
-61.2069
-61.2069
-61.2069
-61.2069
-61.2069
-61.2069
-61.2069
-61.2069
-61.2069
-61.2069
-61.2069
-61.2069
-61.2069
-61.2069
-61.2069
-61.2069
-61.2069
-61.2069
-61.2069
-61.2069
-61.2069
-61.2069
-61.2069
-61.2069
-61.2069
-61.2069
-61.2069
-61.2069
-61.2069
-61.2069
-61.2069
-61.2069
-61.2069
-61.2069
-61.2069
-61.2069
-61.2069
-61.2069
-61.2069
-61.2068
-61.2068
-61.2068
-61.2068
-61.2068
-61.2068
-61.2068
-61.2068
-61.2068
-61.2068
-61.2068
-61.2068
-61.2068
-61.2068
-61.2068
-61.2068
-61.2068
-61.2068
-61.2068
-61.2068
-61.2068
-61.2068
-61.2068
-61.2068
-61.2068
-61.2068
-61.2068
-61.2068
-61.2068
-61.2068
-61.2068
-61.2068
-61.2068
-61.2068
-61.2068
-61.2068
-61.2068
-61.2068
-61.2068
-61.2068
-61.2068
-61.2068
-61.2068
-61.2068
-61.2068
-61.2068
-61.2068
-61.2068
-61.2068
-61.2068
-61.2067
-61.2067
-61.2067
-61.2067
-61.2067
-61.2067
-61.2067
-61.2067
-61.2067
-61.2067
-61.2067
-61.2067
-61.2067
-61.2067
-61.2067
-61.2067
-61.2067
-61.2067
-61.2067
-61.2067
-61.2067
-61.2067
-61.2067
-61.2067
-61.2067
-61.2067
-61.2067
-61.2067
-61.2067
-61.2067
-61.2067
-61.2067
-61.2067
-61.2067
-61.2067
-61.2067
-61.2067
-61.2067
-61.2067
-61.2067
-61.2067
-61.2067
-61.2067
-61.2067
-61.2067
-61.2067
-61.2067
-61.2067
-61.2067
-61.2067
-61.2067
-61.2067
-61.2067
-61.2067
-61.2067
-61.2067
-61.2067
-61.2067
-61.2067
-61.2067
-61.2067
-61.2067
-61.2067
-61.2067
-61.2067
-61.2067
-61.2067
-61.2067
-61.2067
-61.2067
-61.2066
-61.2066
-61.2066
-61.2066
-61.2066
-61.2066
-61.2066
-61.2066
-61.2066
-61.2066
-61.2066
-61.2066
-61.2066
-61.2066
-61.2066
-61.2066
-61.2066
-61.2066
-61.2066
-61.2066
-61.2066
-61.2066
-61.2066
-61.2066
-61.2066
-61.2066
-61.2066
-61.2066
-61.2066
-61.2066
-61.2066
-61.2066
-61.2066
-61.2066
-61.2066
-61.2066
-61.2066
-61.2066
-61.2066
-61.2066
-61.2066
-61.2066
-61.2066
-61.2066
-61.2066
-61.2066
-61.2066
-61.2066
-61.2066
-61.2066
-61.2066
-61.2066
-61.2066
-61.2066
-61.2066
-61.2066
-61.2066
-61.2066
-61.2066
-61.2066
-61.2066
-61.2066
-61.2066
-61.2066
-61.2066
-61.2066
-61.2066
-61.2066
-61.2066
-61.2066
-61.2066
-61.2066
-61.2066
-61.2066
-61.2066
-61.2066
-61.2066
-61.2066
-61.2066
-61.2066
-61.2066
-61.2066
-61.2066
-61.2066
-61.2066
-61.2066
-61.2066
-61.2066
-61.2066
-61.2066
-61.2066
-61.2066
-61.2066
-61.2066
-61.2066
-61.2066
-61.2066
-61.2066
-61.2066
-61.2066
-61.2066
-61.2066
-61.2066
-61.2066
-61.2066
-61.2066
-61.2066
-61.2066
-61.2066
-61.2066
-61.2066
-61.2066
-61.2066
-61.2066
-61.2066
-61.2066
-61.2066
-61.2066
-61.2066
-61.2066
-61.2066
-61.2066
-61.2066
-61.2066
-61.2066
-61.2066
-61.2066
-61.2066
-61.2066
-61.2066
-61.2066
-61.2066
-61.2066
-61.2065
-61.2065
-61.2065
-61.2065
-61.2065
-61.2065
-61.2065
-61.2065
-61.2065
-61.2065
-61.2065
-61.2065
-61.2065
-61.2065
-61.2065
-61.2065
-61.2065
-61.2065
-61.2065
-61.2065
-61.2065
-61.2065
-61.2065
-61.2065
-61.2065
-61.2065
-61.2065
-61.2065
-61.2065
-61.2065
-61.2065
-61.2065
-61.2065
-61.2065
-61.2065
-61.2065
-61.2065
-61.2065
-61.2065
-61.2065
-61.2065
-61.2065
-61.2065
-61.2065
-61.2065
-61.2065
-61.2065
-61.2065
-61.2065
-61.2065
-61.2065
-61.2065
-61.2065
-61.2065
-61.2065
-61.2065
-61.2065
-61.2065
-61.2065
-61.2065
-61.2065
-61.2065
-61.2065
-61.2065
-61.2065
-61.2065
-61.2065
-61.2065
-61.2065
-61.2065
-61.2065
-61.2065
-61.2065
-61.2065
-61.2065
-61.2065
-61.2065
-61.2065
-61.2065
-61.2065
-61.2065
-61.2065
-61.2065
-61.2065
-61.2065
-61.2065
-61.2065
-61.2065
-61.2065
-61.2065
-61.2065
-61.2065
-61.2065
-61.2065
-61.2065
-61.2065
-61.2065
-61.2065
-61.2065
-61.2065
-61.2065
-61.2065
-61.2065
-61.2065
-61.2065
-61.2065
-61.2065
-61.2065
-61.2065
-61.2065
-61.2065
-61.2065
-61.2065
-61.2065
-61.2065
-61.2065
-61.2065
-61.2065
-61.2065
-61.2065
-61.2065
-61.2065
-61.2065
-61.2065
-61.2065
-61.2065
-61.2065
-61.2065
-61.2065
-61.2065
-61.2065
-61.2065
-61.2065
-61.2065
-61.2065
-61.2065
-61.2065
-61.2065
-61.2065
-61.2065
-61.2065
-61.2065
-61.2065
-61.2065
-61.2065
-61.2065
-61.2065
-61.2065
-61.2065
-61.2065
-61.2065
-61.2065
-61.2065
-61.2065
-61.2065
-61.2065
-61.2065
-61.2065
-61.2065
-61.2065
-61.2065
-61.2065
-61.2065
-61.2065
-61.2065
-61.2065
-61.2065
-61.2065
-61.2065
-61.2065
-61.2065
-61.2065
-61.2065
-61.2065
-61.2065
-61.2065
-61.2065
-61.2065
-61.2065
-61.2065
-61.2065
-61.2065
-61.2065
-61.2065
-61.2065
-61.2065
-61.2065
-61.2065
-61.2065
-61.2065
-61.2065
-61.2065
-61.2065
-61.2065
-61.2065
-61.2065
-61.2065
-61.2065
-61.2065
-61.2065
-61.2065
-61.2065
-61.2065
-61.2065
-61.2065
-61.2065
-61.2065
-61.2065
-61.2065
-61.2065
-61.2065
-61.2065
-61.2065
-61.2065
-61.2065
-61.2065
-61.2065
-61.2065
-61.2065
-61.2065
-61.2065
-61.2065
-61.2065
-61.2065
-61.2065
-61.2065
-61.2065
-61.2065
-61.2065
-61.2065
-61.2065
-61.2065
-61.2065
-61.2065
-61.2065
-61.2065
-61.2065
-61.2065
-61.2065
-61.2065
-61.2065
-61.2065
-61.2065
-61.2065
-61.2065
-61.2065
-61.2066
-61.2066
-61.2066
-61.2066
-61.2066
-61.2066
-61.2066
-61.2066
-61.2066
-61.2066
-61.2066
-61.2066
-61.2066
-61.2066
-61.2066
-61.2066
-61.2066
-61.2066
-61.2066
-61.2066
-61.2066
-61.2066
-61.2066
-61.2066
-61.2066
-61.2066
-61.2066
-61.2066
-61.2066
-61.2066
-61.2066
-61.2066
-61.2066
-61.2066
-61.2066
-61.2066
-61.2066
-61.2066
-61.2066
-61.2066
-61.2066
-61.2066
-61.2066
-61.2066
-61.2066
-61.2066
-61.2066
-61.2066
-61.2066
-61.2066
-61.2066
-61.2066
-61.2066
-61.2066
-61.2066
-61.2066
-61.2066
-61.2066
-61.2066
-61.2066
-61.2066
-61.2066
-61.2066
-61.2066
-61.2066
-61.2066
-61.2066
-61.2066
-61.2066
-61.2066
-61.2066
-61.2066
-61.2066
-61.2066
-61.2066
-61.2066
-61.2066
-61.2066
-61.2066
-61.2066
-61.2066
-61.2066
-61.2066
-61.2066
-61.2066
-61.2066
-61.2066
-61.2066
-61.2066
-61.2066
-61.2066
-61.2066
-61.2066
-61.2066
-61.2066
-61.2066
-61.2066
-61.2066
-61.2066
-61.2066
-61.2066
-61.2066
-61.2066
-61.2066
-61.2066
-61.2066
-61.2066
-61.2066
-61.2066
-61.2066
-61.2066
-61.2066
-61.2066
-61.2066
-61.2066
-61.2066
-61.2066
-61.2066
-61.2066
-61.2066
-61.2066
-61.2066
-61.2066
-61.2066
-61.2066
-61.2066
-61.2066
-61.2066
-61.2066
-61.2066
-61.2066
-61.2066
-61.2066
-61.2066
-61.2066
-61.2066
-61.2066
-61.2066
-61.2066
-61.2066
-61.2066
-61.2066
-61.2066
-61.2066
-61.2066
-61.2066
-61.2066
-61.2066
-61.2066
-61.2066
-61.2066
-61.2066
-61.2066
-61.2066
-61.2066
-61.2066
-61.2066
-61.2066
-61.2066
-61.2066
-61.2066
-61.2066
-61.2066
-61.2066
-61.2066
-61.2066
-61.2066
-61.2066
-61.2066
-61.2066
-61.2066
-61.2066
-61.2066
-61.2066
-61.2066
-61.2066
-61.2066
-61.2066
-61.2066
-61.2066
-61.2066
-61.2066
-61.2066
-61.2066
-61.2066
-61.2066
-61.2066
-61.2066
-61.2066
-61.2066
-61.2066
-61.2066
-61.2066
-61.2066
-61.2066
-61.2066
-61.2066
-61.2066
-61.2066
-61.2066
-61.2066
-61.2066
-61.2066
-61.2066
-61.2066
-61.2066
-61.2066
-61.2066
-61.2066
-61.2066
-61.2066
-61.2066
-61.2066
-61.2066
-61.2066
-61.2066
-61.2066
-61.2066
-61.2066
-61.2066
-61.2066
-61.2066
-61.2066
-61.2067
-61.2067
-61.2067
-61.2067
-61.2067
-61.2067
-61.2067
-61.2067
-61.2067
-61.2067
-61.2067
-61.2067
-61.2067
-61.2067
-61.2067
-61.2067
-61.2067
-61.2067
-61.2067
-61.2067
-61.2067
-61.2067
-61.2067
-61.2067
-61.2067
-61.2067
-61.2067
-61.2067
-61.2067
-61.2067
-61.2067
-61.2067
-61.2067
-61.2067
-61.2067
-61.2067
-61.2067
-61.2067
-61.2067
-61.2067
-61.2067
-61.2067
-61.2067
-61.2067
-61.2067
-61.2067
-61.2067
-61.2067
-61.2067
-61.2067
-61.2067
-61.2067
-61.2067
-61.2067
-61.2067
-61.2067
-61.2067
-61.2067
-61.2067
-61.2067
-61.2067
-61.2067
-61.2067
-61.2067
-61.2067
-61.2067
-61.2067
-61.2067
-61.2067
-61.2067
-61.2067
-61.2067
-61.2067
-61.2067
-61.2067
-61.2067
-61.2067
-61.2067
-61.2067
-61.2067
-61.2067
-61.2067
-61.2067
-61.2067
-61.2067
-61.2067
-61.2067
-61.2067
-61.2067
-61.2067
-61.2067
-61.2067
-61.2067
-61.2067
-61.2067
-61.2067
-61.2067
-61.2067
-61.2067
-61.2067
-61.2067
-61.2067
-61.2067
-61.2067
-61.2067
-61.2067
-61.2067
-61.2067
-61.2067
-61.2067
-61.2067
-61.2067
-61.2067
-61.2067
-61.2067
-61.2067
-61.2067
-61.2067
-61.2067
-61.2067
-61.2067
-61.2067
-61.2067
-61.2067
-61.2067
-61.2067
-61.2067
-61.2067
-61.2067
-61.2067
-61.2067
-61.2067
-61.2067
-61.2067
-61.2067
-61.2067
-61.2067
-61.2067
-61.2067
-61.2067
-61.2067
-61.2067
-61.2067
-61.2067
-61.2067
-61.2067
-61.2067
-61.2067
-61.2067
-61.2067
-61.2067
-61.2067
-61.2067
-61.2067
-61.2067
-61.2067
-61.2067
-61.2067
-61.2067
-61.2067
-61.2067
-61.2067
-61.2067
-61.2067
-61.2067
-61.2067
-61.2068
-61.2068
-61.2068
-61.2068
-61.2068
-61.2068
-61.2068
-61.2068
-61.2068
-61.2068
-61.2068
-61.2068
-61.2068
-61.2068
-61.2068
-61.2068
-61.2068
-61.2068
-61.2068
-61.2068
-61.2068
-61.2068
-61.2068
-61.2068
-61.2068
-61.2068
-61.2068
-61.2068
-61.2068
-61.2068
-61.2068
-61.2068
-61.2068
-61.2068
-61.2068
-61.2068
-61.2068
-61.2068
-61.2068
-61.2068
-61.2068
-61.2068
-61.2068
-61.2068
-61.2068
-61.2068
-61.2068
-61.2068
-61.2068
-61.2068
-61.2068
-61.2068
-61.2068
-61.2068
-61.2068
-61.2068
-61.2068
-61.2068
-61.2068
-61.2068
-61.2068
-61.2068
-61.2068
-61.2068
-61.2068
-61.2068
-61.2068
-61.2068
-61.2068
-61.2068
-61.2068
-61.2068
-61.2068
-61.2068
-61.2068
-61.2068
-61.2068
-61.2068
-61.2068
-61.2068
-61.2068
-61.2068
-61.2068
-61.2068
-61.2068
-61.2068
-61.2068
-61.2068
-61.2068
-61.2068
-61.2068
-61.2068
-61.2068
-61.2068
-61.2068
-61.2068
-61.2068
-61.2068
-61.2068
-61.2068
-61.2068
-61.2068
-61.2068
-61.2068
-61.2068
-61.2068
-61.2068
-61.2068
-61.2068
-61.2068
-61.2068
-61.2068
-61.2068
-61.2068
-61.2068
-61.2068
-61.2068
-61.2068
-61.2068
-61.2068
-61.2068
-61.2068
-61.2068
-61.2068
-61.2068
-61.2068
-61.2068
-61.2068
-61.2068
-61.2068
-61.2068
-61.2068
-61.2068
-61.2068
-61.2068
-61.2068
-61.2068
-61.2068
-61.2068
-61.2068
-61.2068
-61.2068
-61.2068
-61.2068
-61.2068
-61.2068
-61.2068
-61.2068
-61.2068
-61.2068
-61.2068
-61.2068
-61.2069
-61.2069
-61.2069
-61.2069
-61.2069
-61.2069
-61.2069
-61.2069
-61.2069
-61.2069
-61.2069
-61.2069
-61.2069
-61.2069
-61.2069
-61.2069
-61.2069
-61.2069
-61.2069
-61.2069
-61.2069
-61.2069
-61.2069
-61.2069
-61.2069
-61.2069
-61.2069
-61.2069
-61.2069
-61.2069
-61.2069
-61.2069
-61.2069
-61.2069
-61.2069
-61.2069
-61.2069
-61.2069
-61.2069
-61.2069
-61.2069
-61.2069
-61.2069
-61.2069
-61.2069
-61.2069
-61.2069
-61.2069
-61.2069
-61.2069
-61.2069
-61.2069
-61.2069
-61.2069
-61.2069
-61.2069
-61.2069
-61.2069
-61.2069
-61.2069
-61.2069
-61.2069
-61.2069
-61.2069
-61.2069
-61.2069
-61.2069
-61.2069
-61.2069
-61.2069
-61.2069
-61.2069
-61.2069
-61.2069
-61.2069
-61.2069
-61.2069
-61.2069
-61.2069
-61.2069
-61.2069
-61.2069
-61.2069
-61.2069
-61.2069
-61.2069
-61.2069
-61.2069
-61.2069
-61.2069
-61.2069
-61.2069
-61.2069
-61.2069
-61.2069
-61.2069
-61.2069
-61.2069
-61.2069
-61.2069
-61.2069
-61.2069
-61.2069
-61.2069
-61.2069
-61.2069
-61.2069
-61.2069
-61.2069
-61.2069
-61.2069
-61.2069
-61.2069
-61.2069
-61.2069
-61.2069
-61.2069
-61.2069
-61.2069
-61.2069
-61.2069
-61.2069
-61.2069
-61.2069
-61.2069
-61.2069
-61.2069
-61.2069
-61.2069
-61.2069
-61.2069
-61.2069
-61.2069
-61.2069
-61.2069
-61.2069
-61.2069
-61.2069
-61.2069
-61.2069
-61.2069
-61.2069
-61.2069
-61.2069
-61.2069
-61.2069
-61.2069
-61.207
-61.207
-61.207
-61.207
-61.207
-61.207
-61.207
-61.207
-61.207
-61.207
-61.207
-61.207
-61.207
-61.207
-61.207
-61.207
-61.207
-61.207
-61.207
-61.207
-61.207
-61.207
-61.207
-61.207
-61.207
-61.207
-61.207
-61.207
-61.207
-61.207
-61.207
-61.207
-61.207
-61.207
-61.207
-61.207
-61.207
-61.207
-61.207
-61.207
-61.207
-61.207
-61.207
-61.207
-61.207
-61.207
-61.207
-61.207
-61.207
-61.207
-61.207
-61.207
-61.207
-61.207
-61.207
-61.207
-61.207
-61.207
-61.207
-61.207
-61.207
-61.207
-61.207
-61.207
-61.207
-61.207
-61.207
-61.207
-61.207
-61.207
-61.207
-61.207
-61.207
-61.207
-61.207
-61.207
-61.207
-61.207
-61.207
-61.207
-61.207
-61.207
-61.207
-61.207
-61.207
-61.207
-61.207
-61.207
-61.207
-61.207
-61.207
-61.207
-61.207
-61.207
-61.207
-61.207
-61.207
-61.207
-61.207
-61.207
-61.207
-61.207
-61.207
-61.207
-61.207
-61.207
-61.207
-61.207
-61.207
-61.207
-61.207
-61.207
-61.207
-61.207
-61.207
-61.207
-61.207
-61.207
-61.207
-61.207
-61.207
-61.207
-61.207
-61.207
-61.207
-61.207
-61.207
-61.207
-61.207
-61.207
-61.207
-61.207
-61.207
-61.207
-61.207
-61.207
-61.207
-61.207
-61.207
-61.207
-61.207
-61.207
-61.207
-61.207
-61.207
-61.207
-61.2071
-61.2071
-61.2071
-61.2071
-61.2071
-61.2071
-61.2071
-61.2071
-61.2071
-61.2071
-61.2071
-61.2071
-61.2071
-61.2071
-61.2071
-61.2071
-61.2071
-61.2071
-61.2071
-61.2071
-61.2071
-61.2071
-61.2071
-61.2071
-61.2071
-61.2071
-61.2071
-61.2071
-61.2071
-61.2071
-61.2071
-61.2071
-61.2071
-61.2071
-61.2071
-61.2071
-61.2071
-61.2071
-61.2071
-61.2071
-61.2071
-61.2071
-61.2071
-61.2071
-61.2071
-61.2071
-61.2071
-61.2071
-61.2071
-61.2071
-61.2071
-61.2071
-61.2071
-61.2071
-61.2071
-61.2071
-61.2071
-61.2071
-61.2071
-61.2071
-61.2071
-61.2071
-61.2071
-61.2071
-61.2071
-61.2071
-61.2071
-61.2071
-61.2071
-61.2071
-61.2071
-61.2071
-61.2071
-61.2071
-61.2071
-61.2071
-61.2071
-61.2071
-61.2071
-61.2071
-61.2071
-61.2071
-61.2071
-61.2071
-61.2071
-61.2071
-61.2071
-61.2071
-61.2071
-61.2071
-61.2071
-61.2071
-61.2071
-61.2071
-61.2071
-61.2071
-61.2071
-61.2071
-61.2071
-61.2071
-61.2071
-61.2071
-61.2071
-61.2071
-61.2071
-61.2071
-61.2071
-61.2071
-61.2071
-61.2071
-61.2071
-61.2071
-61.2071
-61.2071
-61.2071
-61.2071
-61.2071
-61.2071
-61.2071
-61.2071
-61.2071
-61.2071
-61.2071
-61.2071
-61.2071
-61.2071
-61.2071
-61.2071
-61.2071
-61.2071
-61.2071
-61.2071
-61.2071
-61.2071
-61.2071
-61.2071
-61.2071
-61.2071
-61.2071
-61.2071
-61.2071
-61.2071
-61.2071
-61.2071
-61.2071
-61.2071
-61.2071
-61.2072
-61.2072
-61.2072
-61.2072
-61.2072
-61.2072
-61.2072
-61.2072
-61.2072
-61.2072
-61.2072
-61.2072
-61.2072
-61.2072
-61.2072
-61.2072
-61.2072
-61.2072
-61.2072
-61.2072
-61.2072
-61.2072
-61.2072
-61.2072
-61.2072
-61.2072
-61.2072
-61.2072
-61.2072
-61.2072
-61.2072
-61.2072
-61.2072
-61.2072
-61.2072
-61.2072
-61.2072
-61.2072
-61.2072
-61.2072
-61.2072
-61.2072
-61.2072
-61.2072
-61.2072
-61.2072
-61.2072
-61.2072
-61.2072
-61.2072
-61.2072
-61.2072
-61.2072
-61.2072
-61.2072
-61.2072
-61.2072
-61.2072
-61.2072
-61.2072
-61.2072
-61.2072
-61.2072
-61.2072
-61.2072
-61.2072
-61.2072
-61.2072
-61.2072
-61.2072
-61.2072
-61.2072
-61.2072
-61.2072
-61.2072
-61.2072
-61.2072
-61.2072
-61.2072
-61.2072
-61.2072
-61.2072
-61.2072
-61.2072
-61.2072
-61.2072
-61.2072
-61.2072
-61.2072
-61.2072
-61.2072
-61.2072
-61.2072
-61.2072
-61.2072
-61.2072
-61.2072
-61.2072
-61.2072
-61.2072
-61.2072
-61.2072
-61.2072
-61.2072
-61.2072
-61.2072
-61.2072
-61.2072
-61.2072
-61.2072
-61.2072
-61.2072
-61.2072
-61.2072
-61.2072
-61.2072
-61.2072
-61.2072
-61.2072
-61.2072
-61.2072
-61.2072
-61.2072
-61.2072
-61.2072
-61.2072
-61.2072
-61.2072
-61.2072
-61.2072
-61.2072
-61.2072
-61.2072
-61.2072
-61.2072
-61.2072
-61.2072
-61.2072
-61.2072
-61.2072
-61.2072
-61.2072
-61.2072
-61.2072
-61.2072
-61.2072
-61.2072
-61.2072
-61.2072
-61.2073
-61.2073
-61.2073
-61.2073
-61.2073
-61.2073
-61.2073
-61.2073
-61.2073
-61.2073
-61.2073
-61.2073
-61.2073
-61.2073
-61.2073
-61.2073
-61.2073
-61.2073
-61.2073
-61.2073
-61.2073
-61.2073
-61.2073
-61.2073
-61.2073
-61.2073
-61.2073
-61.2073
-61.2073
-61.2073
-61.2073
-61.2073
-61.2073
-61.2073
-61.2073
-61.2073
-61.2073
-61.2073
-61.2073
-61.2073
-61.2073
-61.2073
-61.2073
-61.2073
-61.2073
-61.2073
-61.2073
-61.2073
-61.2073
-61.2073
-61.2073
-61.2073
-61.2073
-61.2073
-61.2073
-61.2073
-61.2073
-61.2073
-61.2073
-61.2073
-61.2073
-61.2073
-61.2073
-61.2073
-61.2073
-61.2073
-61.2073
-61.2073
-61.2073
-61.2073
-61.2073
-61.2073
-61.2073
-61.2073
-61.2073
-61.2073
-61.2073
-61.2073
-61.2073
-61.2073
-61.2073
-61.2073
-61.2073
-61.2073
-61.2073
-61.2073
-61.2073
-61.2073
-61.2073
-61.2073
-61.2073
-61.2073
-61.2073
-61.2073
-61.2073
-61.2073
-61.2073
-61.2073
-61.2073
-61.2073
-61.2073
-61.2073
-61.2073
-61.2073
-61.2073
-61.2073
-61.2073
-61.2073
-61.2073
-61.2073
-61.2073
-61.2073
-61.2073
-61.2073
-61.2073
-61.2073
-61.2073
-61.2073
-61.2073
-61.2073
-61.2073
-61.2073
-61.2073
-61.2073
-61.2073
-61.2073
-61.2073
-61.2073
-61.2073
-61.2073
-61.2073
-61.2073
-61.2073
-61.2073
-61.2073
-61.2073
-61.2073
-61.2073
-61.2073
-61.2073
-61.2073
-61.2073
-61.2073
-61.2073
-61.2073
-61.2073
-61.2073
-61.2073
-61.2073
-61.2073
-61.2073
-61.2073
-61.2073
-61.2074
-61.2074
-61.2074
-61.2074
-61.2074
-61.2074
-61.2074
-61.2074
-61.2074
-61.2074
-61.2074
-61.2074
-61.2074
-61.2074
-61.2074
-61.2074
-61.2074
-61.2074
-61.2074
-61.2074
-61.2074
-61.2074
-61.2074
-61.2074
-61.2074
-61.2074
-61.2074
-61.2074
-61.2074
-61.2074
-61.2074
-61.2074
-61.2074
-61.2074
-61.2074
-61.2074
-61.2074
-61.2074
-61.2074
-61.2074
-61.2074
-61.2074
-61.2074
-61.2074
-61.2074
-61.2074
-61.2074
-61.2074
-61.2074
-61.2074
-61.2074
-61.2074
-61.2074
-61.2074
-61.2074
-61.2074
-61.2074
-61.2074
-61.2074
-61.2074
-61.2074
-61.2074
-61.2074
-61.2074
-61.2074
-61.2074
-61.2074
-61.2074
-61.2074
-61.2074
-61.2074
-61.2074
-61.2074
-61.2074
-61.2074
-61.2074
-61.2074
-61.2074
-61.2074
-61.2074
-61.2074
-61.2074
-61.2074
-61.2074
-61.2074
-61.2074
-61.2074
-61.2074
-61.2074
-61.2074
-61.2074
-61.2074
-61.2074
-61.2074
-61.2074
-61.2074
-61.2074
-61.2074
-61.2074
-61.2074
-61.2074
-61.2074
-61.2074
-61.2074
-61.2074
-61.2074
-61.2074
-61.2074
-61.2074
-61.2074
-61.2074
-61.2074
-61.2074
-61.2074
-61.2074
-61.2074
-61.2074
-61.2074
-61.2074
-61.2074
-61.2074
-61.2074
-61.2074
-61.2074
-61.2074
-61.2074
-61.2074
-61.2074
-61.2074
-61.2074
-61.2074
-61.2074
-61.2074
-61.2074
-61.2074
-61.2074
-61.2074
-61.2074
-61.2074
-61.2074
-61.2074
-61.2074
-61.2074
-61.2074
-61.2074
-61.2074
-61.2074
-61.2074
-61.2074
-61.2074
-61.2074
-61.2074
-61.2074
-61.2074
-61.2074
-61.2074
-61.2074
-61.2075
-61.2075
-61.2075
-61.2075
-61.2075
-61.2075
-61.2075
-61.2075
-61.2075
-61.2075
-61.2075
-61.2075
-61.2075
-61.2075
-61.2075
-61.2075
-61.2075
-61.2075
-61.2075
-61.2075
-61.2075
-61.2075
-61.2075
-61.2075
-61.2075
-61.2075
-61.2075
-61.2075
-61.2075
-61.2075
-61.2075
-61.2075
-61.2075
-61.2075
-61.2075
-61.2075
-61.2075
-61.2075
-61.2075
-61.2075
-61.2075
-61.2075
-61.2075
-61.2075
-61.2075
-61.2075
-61.2075
-61.2075
-61.2075
-61.2075
-61.2075
-61.2075
-61.2075
-61.2075
-61.2075
-61.2075
-61.2075
-61.2075
-61.5541
-62.0097
-62.4972
-62.981
-63.444
-63.8782
-64.2807
-64.6513
-64.9913
-65.3027
-65.5878
-65.8489
-66.0884
-66.3084
-66.5109
-66.6975
-66.8699
-67.0295
-67.1775
-67.3151
-67.4433
-67.5628
-67.6744
-67.7789
-67.8769
-67.9688
-68.0552
-68.1364
-68.2129
-68.285
-68.353
-68.4172
-68.4778
-68.535
-68.5891
-68.6403
-68.6886
-68.7344
-68.9255
-69.1553
-69.3909
-69.6182
-69.8312
-70.0275
-70.2068
-70.3697
-70.5174
-70.651
-70.7721
-70.8818
-70.9812
-71.0716
-71.1538
-71.2288
-71.2972
-71.3597
-71.4169
-71.4693
-71.5173
-71.6388
-71.7753
-71.9103
-72.0373
-72.1538
-72.2593
-72.3541
-72.4389
-72.5147
-72.5822
-72.6425
-72.6963
-72.7444
-72.7873
-72.8256
-72.8599
-72.8905
-72.9179
-72.9423
-72.9641
-72.9834
-73.0006
-73.0157
-73.029
-73.0407
-73.0102
-72.9844
-72.9733
-72.9729
-72.9783
-72.986
-72.994
-73.0014
-73.0076
-73.0124
-73.0159
-73.063
-73.1206
-73.1792
-73.2347
-73.2856
-73.3314
-73.3719
-73.4075
-73.4385
-73.4654
-73.4885
-73.5082
-73.5249
-73.539
-73.5506
-73.5601
-73.5676
-73.5734
-73.5776
-73.5804
-73.5818
-73.5821
-73.5813
-73.5794
-73.5766
-73.573
-73.5685
-73.5633
-73.5574
-73.5508
-73.5435
-73.5357
-73.5273
-73.5183
-73.5088
-73.4988
-73.4883
-73.4774
-73.466
-73.4542
-73.4419
-73.4293
-73.4163
-73.4028
-73.389
-73.3749
-73.3604
-73.3455
-73.3303
-73.3148
-73.2989
-73.2828
-73.2663
-73.2495
-73.2324
-73.215
-73.1974
-73.1794
-73.1612
-73.1865
-73.2247
-73.2664
-73.3072
-73.3453
-73.3797
-73.4101
-73.4366
-73.4593
-73.4786
-73.4947
-73.5078
-73.5183
-73.5265
-73.5325
-73.5366
-73.5389
-73.5397
-73.539
-73.537
-73.5339
-73.5297
-73.5245
-73.5183
-73.5114
-73.5036
-73.4951
-73.4859
-73.4761
-73.4657
-73.4547
-73.4432
-73.3885
-73.339
-73.3052
-73.2836
-73.2689
-73.2979
-73.3396
-73.4197
-73.5048
-73.585
-73.657
-73.7199
-73.7741
-73.8204
-73.8596
-73.8926
-73.9204
-73.9435
-73.9626
-73.9783
-73.991
-74.0011
-74.009
-74.0148
-74.0189
-74.0214
-74.0226
-74.0225
-74.0213
-74.0191
-74.016
-74.012
-74.0073
-74.0018
-73.9957
-73.989
-73.9817
-73.9739
-73.9656
-73.9568
-73.9475
-73.9378
-73.9277
-73.9172
-73.9062
-73.895
-73.8833
-73.8713
-73.859
-73.8463
-73.8334
-73.8201
-73.8065
-73.7926
-73.7784
-73.7639
-73.7491
-73.7341
-73.7187
-73.7031
-73.6873
-73.6287
-73.5754
-73.5383
-73.5134
-73.4957
-73.4814
-73.4686
-73.456
-73.443
-73.4295
-73.4154
-73.4005
-73.3851
-73.369
-73.3524
-73.3353
-73.3177
-73.2998
-73.2814
-73.2626
-73.2436
-73.2241
-73.2044
-73.1844
-73.164
-73.1434
-73.1226
-73.1015
-73.0801
-73.0585
-73.0366
-73.0145
-72.9922
-72.9697
-72.9469
-72.924
-72.9008
-72.8774
-72.8539
-72.8301
-72.8061
-72.782
-72.7577
-72.7332
-72.7085
-72.6836
-72.6586
-72.6334
-72.608
-72.5825
-72.5568
-72.531
-72.505
-72.4789
-72.4526
-72.4262
-72.3996
-72.3729
-72.3461
-72.3191
-72.292
-72.2648
-72.2375
-72.21
-72.1824
-72.1547
-72.1269
-72.054
-71.9851
-71.9323
-71.8923
-71.8602
-71.8322
-71.8063
-71.7812
-71.7562
-71.731
-71.7055
-71.6797
-71.6535
-71.6269
-71.6001
-71.5729
-71.5455
-71.5179
-71.4901
-71.462
-71.4339
-71.4055
-71.377
-71.3484
-71.3197
-71.2909
-71.2619
-71.2329
-71.2037
-71.1745
-71.1452
-71.1159
-71.0864
-71.1549
-71.2549
-71.3648
-71.4747
-71.5796
-71.6773
-71.7668
-71.848
-71.921
-71.9865
-72.0451
-72.0972
-72.1435
-72.1845
-72.2209
-72.2529
-72.2811
-72.3059
-72.3274
-72.3462
-72.3623
-72.3761
-72.3878
-72.3974
-72.4053
-72.4115
-72.4161
-72.4193
-72.4212
-72.4219
-72.4214
-72.4198
-72.4172
-72.4136
-72.4092
-72.4038
-72.3977
-72.3908
-72.3832
-72.3749
-72.3659
-72.3562
-72.346
-72.3351
-72.3237
-72.3118
-72.2993
-72.2863
-72.2729
-72.259
-72.2446
-72.2298
-72.2145
-72.1989
-72.1828
-72.1664
-72.1496
-72.1324
-72.1149
-72.097
-72.0788
-72.0602
-72.0414
-72.0222
-72.0027
-71.983
-71.9629
-71.9426
-71.922
-71.9011
-71.88
-71.8586
-71.837
-71.8152
-71.7931
-71.7708
-71.7482
-71.7255
-71.7025
-71.6793
-71.656
-71.6324
-71.6086
-71.5847
-71.5606
-71.5363
-71.5118
-71.4871
-71.4623
-71.4374
-71.4123
-71.387
-71.3616
-71.336
-71.3103
-71.2845
-71.2586
-71.2325
-71.2063
-71.1799
-71.1535
-71.1269
-71.1003
-71.0735
-71.0466
-71.0197
-70.9926
-70.9654
-70.9382
-70.9109
-70.8834
-70.856
-70.8284
-70.8007
-70.773
-70.7452
-70.7174
-70.6895
-70.6615
-70.6335
-70.6054
-70.5773
-70.5491
-70.5208
-70.4926
-70.4643
-70.4359
-70.4075
-70.3791
-70.3506
-70.3222
-70.2936
-70.2651
-70.2366
-70.208
-70.1794
-70.1508
-70.1221
-70.0935
-70.0648
-70.0362
-70.0075
-69.9789
-69.9502
-69.9215
-69.8929
-69.8642
-69.8355
-69.8069
-69.7782
-69.7496
-69.721
-69.6924
-69.6638
-69.6352
-69.6067
-69.5781
-69.5496
-69.5211
-69.4926
-69.4642
-69.4358
-69.4074
-69.379
-69.3507
-69.3224
-69.2942
-69.2659
-69.2377
-69.2096
-69.1815
-69.1534
-69.1254
-69.0974
-69.0694
-69.0415
-69.0137
-68.9859
-68.9581
-68.9304
-68.9027
-68.8751
-68.8475
-68.82
-68.7925
-68.7651
-68.7378
-68.7105
-68.6832
-68.656
-68.6289
-68.6018
-68.5748
-68.5479
-68.521
-68.4941
-68.4674
-68.4407
-68.414
-68.3874
-68.3609
-68.3345
-68.3081
-68.2817
-68.2555
-68.2293
-68.2032
-68.1771
-68.1511
-68.1252
-68.0994
-68.0736
-68.0479
-68.0222
-67.9967
-67.9712
-67.9458
-67.9204
-67.8951
-67.8699
-67.8448
-67.8197
-67.7947
-67.7698
-67.745
-67.7202
-67.6955
-67.6709
-67.6463
-67.6219
-67.5975
-67.5732
-67.5489
-67.5247
-67.5007
-67.4766
-67.4527
-67.4288
-67.405
-67.3813
-67.3577
-67.3342
-67.3107
-67.2873
-67.2639
-67.2407
-67.2175
-67.1944
-67.1714
-67.1485
-67.1256
-67.1028
-67.0801
-67.0575
-67.035
-67.0125
-66.9901
-66.9678
-66.9455
-66.9234
-66.9013
-66.8793
-66.8573
-66.8355
-66.8137
-66.792
-66.7704
-66.7488
-66.7274
-66.706
-66.6847
-66.6634
-66.6423
-66.6212
-66.6002
-66.5793
-66.5584
-66.5376
-66.5169
-66.4963
-66.4757
-66.4553
-66.4349
-66.4145
-66.3943
-66.3741
-66.354
-66.334
-66.3141
-66.2942
-66.2744
-66.2547
-66.235
-66.2154
-66.1959
-66.1765
-66.1571
-66.1379
-66.1187
-66.0995
-66.0805
-66.0615
-66.0426
-66.0237
-66.0049
-65.9862
-65.9676
-65.9491
-65.9306
-65.9122
-65.8938
-65.8756
-65.8574
-65.8392
-65.8212
-65.8032
-65.7853
-65.7674
-65.7496
-65.7319
-65.7143
-65.6967
-65.6792
-65.6618
-65.6444
-65.6271
-65.6099
-65.5927
-65.5756
-65.5586
-65.5416
-65.5247
-65.5079
-65.4911
-65.4744
-65.4578
-65.4412
-65.4247
-65.4083
-65.3919
-65.3756
-65.3594
-65.3432
-65.3271
-65.311
-65.2951
-65.2791
-65.2633
-65.2475
-65.2318
-65.2161
-65.2005
-65.1849
-65.1695
-65.154
-65.1387
-65.1234
-65.1082
-65.093
-65.0779
-65.0628
-65.0478
-65.0329
-65.018
-65.0032
-64.9885
-64.9738
-64.9591
-64.9447
-64.9303
-64.9161
-64.9021
-64.8881
-64.8742
-64.8604
-64.8467
-64.8331
-64.8196
-64.8061
-64.7927
-64.7794
-64.7661
-64.7528
-64.7397
-64.7266
-64.7135
-64.7005
-64.6875
-64.6746
-64.6618
-64.6489
-64.6362
-64.6235
-64.6108
-64.5977
-64.5839
-64.5693
-64.5541
-64.5382
-64.5218
-64.5048
-64.4873
-64.4695
-64.4513
-64.4304
-64.4065
-64.3799
-64.3507
-64.3193
-64.2859
-64.2507
-64.214
-64.176
-64.1368
-64.0938
-64.0466
-63.9953
-63.9404
-63.8822
-63.8212
-63.7578
-63.6922
-63.6247
-63.5557
-63.4821
-63.4034
-63.3198
-63.2317
-63.1398
-63.0446
-62.9464
-62.8458
-62.7432
-62.6389
-62.5272
-62.4081
-62.2825
-62.1511
-62.0148
-61.8744
-61.7304
-61.5836
-61.4345
-61.2835
-61.1208
-60.946
-60.7601
-60.5646
-60.3608
-60.1503
-59.9341
-59.7132
-59.4885
-59.2609
-59.0219
-58.7711
-58.5095
-58.2386
-57.9597
-57.6742
-57.3832
-57.0877
-56.7885
-56.4865
-56.1716
-55.8436
-55.504
-55.1539
-54.7947
-54.4272
-54.052
-53.6694
-53.2795
-52.8817
-52.465
-52.027
-51.5665
-51.0813
-50.5686
-50.0228
-49.4371
-48.7994
-48.0929
-47.2906
-46.3354
-45.1433
-43.5489
-41.1667
-36.8738
-26.2801
6.64547
45.0205
51.7827
48.7869
41.2265
31.4515
20.9967
10.8811
1.8527
-5.67957
-11.8253
-17.066
-21.9522
-26.9752
-32.4835
-38.4189
-44.0064
-48.3343
-51.2227
-52.9645
-53.901
-54.294
-54.325
-54.1164
-53.7339
-53.232
-52.6496
-52.0136
-51.342
-50.6464
-49.9338
-49.2072
-48.4664
-47.7079
-46.914
-46.0728
-45.1672
-44.1703
-43.0384
-41.6967
-40.0066
-37.6866
-34.0768
-27.3817
-12.5489
15.3519
35.7692
40.6197
34.512
22.6012
9.60251
-1.61873
-10.1854
-17.6975
-24.1478
-30.2691
-36.4185
-42.243
-46.9824
-50.348
-52.5477
-53.8971
-54.6598
-55.0255
-55.109
-54.9986
-54.7562
-54.4243
-54.0321
-53.5995
-53.1398
-52.6617
-52.1705
-51.6691
-51.1489
-50.6087
-50.6203
-50.7882
-50.9923
-51.1801
-51.3263
-51.4194
-51.4537
-51.4261
-51.3686
-51.2129
-50.9503
-50.5629
-50.0032
-49.1563
-47.828
-45.5548
-41.7795
-35.7867
-26.5256
-11.4931
11.8806
27.9399
29.089
22.311
11.8309
0.813766
-8.85575
-16.7726
-23.5226
-29.8185
-36.022
-41.9337
-46.9441
-50.6743
-53.2074
-54.8213
-55.7856
-56.3052
-56.5016
-56.4771
-56.3031
-56.0284
-55.6863
-55.2995
-54.8831
-54.4475
-53.999
-53.5417
-53.1226
-52.7481
-52.401
-52.0611
-51.7121
-51.3418
-51.4651
-51.6935
-51.9087
-52.0547
-52.0839
-51.9538
-51.5847
-50.7877
-49.2053
-46.4885
-42.3503
-36.4539
-28.4386
-16.7116
2.34091
20.9462
26.6689
23.6192
15.6893
5.68822
-3.93017
-12.0883
-18.8291
-24.7076
-31.0113
-37.2634
-43.047
-47.7717
-51.1948
-53.4831
-54.9814
-55.9454
-56.5432
-56.8868
-57.0375
-57.0492
-56.9612
-56.8019
-56.591
-56.343
-56.0678
-55.7725
-55.462
-55.1399
-54.7918
-54.4212
-54.0316
-53.6254
-53.2037
-53.2372
-53.3784
-53.5268
-53.6406
-53.7004
-53.6868
-53.5912
-53.399
-53.0754
-52.5275
-51.5312
-49.7459
-46.8547
-42.5123
-36.2242
-27.383
-13.5683
8.83115
25.3753
28.076
23.0052
13.9528
3.78146
-5.56022
-14.3078
-21.7434
-28.4973
-35.0877
-41.4349
-46.9058
-50.9943
-53.7421
-55.465
-56.5175
-57.0879
-57.3311
-57.3599
-57.249
-57.0473
-56.7866
-56.4877
-56.1642
-55.8246
-55.5293
-55.2861
-55.0704
-54.8648
-54.6575
-54.4409
-54.2108
-53.9649
-53.7022
-53.422
-53.5877
-53.8522
-54.1086
-54.3165
-54.4582
-54.5238
-54.5008
-54.3597
-54.0169
-53.2928
-51.939
-49.7024
-46.3437
-41.4856
-34.6701
-25.2661
-10.2317
12.7052
26.8795
28.1561
22.435
13.1855
3.08288
-6.10023
-13.7445
-20.1582
-25.9355
-31.5173
-37.0079
-42.7379
-47.5931
-51.1883
-53.6348
-55.2184
-56.2
-56.8106
-57.1348
-57.2646
-57.2642
-57.1762
-57.0291
-56.8418
-56.6212
-56.7575
-56.9663
-57.1716
-57.3455
-57.4785
-57.5689
-57.6185
-57.6307
-57.609
-57.5532
-57.466
-57.35
-57.2637
-57.2134
-57.181
-57.1453
-57.0858
-56.9779
-56.7737
-56.3672
-55.604
-54.3114
-52.2958
-49.4125
-45.3447
-39.5258
-31.439
-19.8698
-0.499561
22.0062
30.3972
28.5874
21.3068
11.5166
1.52352
-7.29729
-14.6177
-20.8606
-27.4596
-34.158
-40.8141
-46.7347
-51.2742
-54.4216
-56.5036
-57.8511
-58.7094
-59.2441
-59.5638
-59.737
-59.8097
-59.813
-59.7676
-59.7208
-59.6416
-59.5372
-59.415
-59.2801
-59.1359
-58.9504
-58.7621
-58.5801
-58.402
-58.2245
-58.0458
-57.8647
-57.6809
-57.8739
-58.1627
-58.4638
-58.7436
-58.9884
-59.194
-59.6802
-60.1916
-60.6635
-61.0758
-61.425
-61.7143
-61.9493
-62.1364
-62.2815
-62.3901
-62.4669
-62.5156
-62.5388
-62.5375
-62.5091
-62.4421
-62.3048
-62.0257
-61.4794
-60.4972
-58.8459
-56.166
-52.113
-46.0933
-37.2449
-25.1908
-5.92342
22.104
34.8514
34.2717
27.7063
18.3159
8.24478
-1.11116
-9.12007
-15.8839
-21.943
-27.9319
-34.253
-40.8121
-46.8533
-51.6001
-54.9528
-57.2184
-58.7316
-59.7441
-60.4258
-60.8882
-61.2034
-61.4183
-61.8618
-62.3276
-62.7648
-63.1574
-63.5018
-63.7998
-64.055
-64.272
-64.4553
-64.6092
-64.7376
-64.8438
-64.9309
-65.0014
-65.0576
-65.1014
-65.1345
-65.1583
-65.174
-65.1827
-65.1852
-65.1823
-65.1748
-65.1631
-65.1477
-65.1291
-65.1078
-65.0838
-65.0577
-65.0296
-64.9997
-65.1909
-65.4385
-65.6942
-65.9378
-66.161
-66.3609
-66.5372
-66.8645
-67.2048
-67.523
-67.8082
-68.0585
-68.2755
-68.4624
-68.6225
-68.7592
-68.8758
-68.975
-69.0592
-69.1304
-69.1906
-69.2411
-69.2833
-69.3182
-69.3469
-69.3701
-69.3886
-69.4027
-69.4132
-69.4204
-69.4246
-69.4262
-69.4255
-69.4227
-69.418
-69.4116
-69.4036
-69.3942
-69.3835
-69.3717
-69.3587
-69.3448
-69.3299
-69.3142
-69.2977
-69.2805
-69.2625
-69.2439
-69.2248
-69.205
-69.1848
-69.164
-69.1428
-69.1211
-69.0991
-69.0766
-69.0538
-69.0306
-69.0071
-68.9439
-68.886
-68.8431
-68.8117
-68.7868
-68.765
-68.7445
-68.7242
-68.7035
-68.6823
-68.8065
-68.9708
-69.1432
-69.31
-69.4652
-69.6064
-69.733
-69.8457
-69.9452
-70.0328
-70.1095
-70.1767
-70.2352
-70.2862
-70.3304
-70.3685
-70.4014
-70.4295
-70.4535
-70.4736
-70.4904
-70.5042
-70.5153
-70.524
-70.5304
-70.5348
-70.5374
-70.5383
-70.5377
-70.5357
-70.5325
-70.528
-70.5224
-70.5157
-70.5082
-70.4997
-70.4904
-70.4803
-70.4695
-70.4579
-70.5506
-70.7675
-71.0068
-71.2367
-71.4459
-71.631
-71.7927
-71.9327
-72.0534
-72.1574
-72.2468
-72.3238
-72.39
-72.447
-72.496
-72.5382
-72.5744
-72.6056
-72.6322
-72.6549
-72.6741
-72.6904
-72.7039
-72.715
-72.724
-72.731
-72.7363
-72.74
-72.7423
-72.7433
-72.7431
-72.7417
-72.7393
-72.736
-72.7318
-72.7268
-72.7209
-72.7144
-72.7071
-72.6992
-72.6907
-72.6816
-72.6719
-72.6617
-72.6509
-72.6397
-72.628
-72.6158
-72.6032
-72.5902
-72.5356
-72.4864
-72.4529
-72.4312
-72.4163
-72.4045
-72.3939
-72.3833
-72.3723
-72.3605
-72.348
-72.3348
-72.3208
-72.3062
-72.2909
