-65
-64.9848
-64.9714
-64.9581
-64.9453
-64.9331
-64.9218
-64.9115
-64.9021
-64.8937
-64.8861
-64.8793
-64.8732
-64.8678
-64.8629
-64.8585
-64.8546
-64.851
-64.8479
-64.845
-64.8425
-64.8402
-64.8382
-64.8363
-64.8347
-64.8333
-64.832
-64.8309
-64.8299
-64.8291
-64.8284
-64.8278
-64.8273
-64.8269
-64.8266
-64.8264
-64.8262
-64.8262
-64.8262
-64.8263
-64.8264
-64.8267
-64.8269
-64.8272
-64.8276
-64.828
-64.8285
-64.8289
-64.8295
-64.83
-64.8306
-64.8313
-64.8319
-64.8326
-64.8333
-64.8341
-64.8348
-64.8356
-64.8364
-64.8372
-64.838
-64.8389
-64.8397
-64.8406
-64.8415
-64.8424
-64.8433
-64.8442
-64.8452
-64.8461
-64.847
-64.848
-64.8489
-64.8499
-64.8508
-64.8518
-64.8528
-64.8538
-64.8547
-64.8557
-64.8567
-64.8577
-64.8586
-64.8596
-64.8606
-64.8616
-64.8625
-64.8635
-64.8645
-64.8655
-64.8664
-64.8674
-64.8684
-64.8693
-64.8703
-64.8712
-64.8722
-64.8731
-64.8741
-64.875
-64.876
-64.8769
-64.8778
-64.8787
-64.8797
-64.8806
-64.8815
-64.8824
-64.8833
-64.8842
-64.8851
-64.886
-64.8868
-64.8877
-64.8886
-64.8894
-64.8903
-64.8912
-64.892
-64.8928
-64.8937
-64.8945
-64.8953
-64.8961
-64.897
-64.8978
-64.8986
-64.8994
-64.9001
-64.9009
-64.9017
-64.9025
-64.9032
-64.904
-64.9048
-64.9055
-64.9062
-64.907
-64.9077
-64.9084
-64.9091
-64.9099
-64.9106
-64.9113
-64.912
-64.9127
-64.9133
-64.914
-64.9147
-64.9154
-64.916
-64.9167
-64.9173
-64.918
-64.9186
-64.9193
-64.9199
-64.9205
-64.9211
-64.9217
-64.9223
-64.9229
-64.9235
-64.9241
-64.9247
-64.9253
-64.9259
-64.9265
-64.927
-64.9276
-64.9281
-64.9287
-64.9292
-64.9298
-64.9303
-64.9308
-64.9314
-64.9319
-64.9324
-64.9329
-64.9334
-64.9339
-64.9344
-64.9349
-64.9354
-64.9359
-64.9364
-64.9369
-64.9373
-64.9378
-64.9383
-64.9387
-64.9392
-64.9396
-64.9401
-64.9405
-64.9409
-64.9414
-64.9418
-64.9422
-64.9427
-64.9431
-64.9435
-64.9439
-64.9443
-64.9447
-64.9451
-64.9455
-64.9459
-64.9463
-64.9466
-64.947
-64.9474
-64.9478
-64.9481
-64.9485
-64.9489
-64.9492
-64.9496
-64.9499
-64.9503
-64.9506
-64.9509
-64.9513
-64.9516
-64.9519
-64.9523
-64.9526
-64.9529
-64.9532
-64.9535
-64.9538
-64.9542
-64.9545
-64.9548
-64.9551
-64.9553
-64.9556
-64.9559
-64.9562
-64.9565
-64.9568
-64.9571
-64.9573
-64.9576
-64.9579
-64.9581
-64.9584
-64.9586
-64.9589
-64.9592
-64.9594
-64.9597
-64.9599
-64.9601
-64.9604
-64.9606
-64.9609
-64.9611
-64.9613
-64.9616
-64.9618
-64.962
-64.9622
-64.9624
-64.9627
-64.9629
-64.9631
-64.9633
-64.9635
-64.9637
-64.9639
-64.9641
-64.9643
-64.9645
-64.9647
-64.9649
-64.9651
-64.9653
-64.9654
-64.9656
-64.9658
-64.966
-64.9662
-64.9663
-64.9665
-64.9667
-64.9668
-64.967
-64.9672
-64.9673
-64.9675
-64.9677
-64.9678
-64.968
-64.9681
-64.9683
-64.9684
-64.9686
-64.9687
-64.9689
-64.969
-64.9692
-64.9693
-64.9694
-64.9696
-64.9697
-64.9698
-64.97
-64.9701
-64.9702
-64.9703
-64.9705
-64.9706
-64.9707
-64.9708
-64.971
-64.9711
-64.9712
-64.9713
-64.9714
-64.9715
-64.9716
-64.9717
-64.9719
-64.972
-64.9721
-64.9722
-64.9723
-64.9724
-64.9725
-64.9726
-64.9727
-64.9728
-64.9729
-64.9729
-64.973
-64.9731
-64.9732
-64.9733
-64.9734
-64.9735
-64.9736
-64.9736
-64.9737
-64.9738
-64.9739
-64.974
-64.974
-64.9741
-64.9742
-64.9743
-64.9743
-64.9744
-64.9745
-64.9746
-64.9746
-64.9747
-64.9748
-64.9748
-64.9749
-64.975
-64.975
-64.9751
-64.9751
-64.9752
-64.9753
-64.9753
-64.9754
-64.9754
-64.9755
-64.9755
-64.9756
-64.9757
-64.9757
-64.9758
-64.9758
-64.9759
-64.9759
-64.976
-64.976
-64.976
-64.9761
-64.9761
-64.9762
-64.9762
-64.9763
-64.9763
-64.9763
-64.9764
-64.9764
-64.9765
-64.9765
-64.9765
-64.9766
-64.9766
-64.9766
-64.9767
-64.9767
-64.9768
-64.9768
-64.9768
-64.9768
-64.9769
-64.9769
-64.9769
-64.977
-64.977
-64.977
-64.977
-64.9771
-64.9771
-64.9771
-64.9772
-64.9772
-64.9772
-64.9772
-64.9772
-64.9773
-64.9773
-64.9773
-64.9773
-64.9773
-64.9774
-64.9774
-64.9774
-64.9774
-64.9774
-64.9775
-64.9775
-64.9775
-64.9775
-64.9775
-64.9775
-64.9775
-64.9776
-64.9776
-64.9776
-64.9776
-64.9776
-64.9776
-64.9776
-64.9776
-64.9777
-64.9777
-64.9777
-64.9777
-64.9777
-64.9777
-64.9777
-64.9777
-64.9777
-64.9777
-64.9777
-64.9777
-64.9777
-64.9778
-64.9778
-64.9778
-64.9778
-64.9778
-64.9778
-64.9778
-64.9778
-64.9778
-64.9778
-64.9778
-64.9778
-64.9778
-64.9778
-64.9778
-64.9778
-64.9778
-64.9778
-64.9778
-64.9778
-64.9778
-64.9778
-64.9778
-64.9778
-64.9778
-64.9778
-64.9778
-64.9778
-64.9778
-64.9778
-64.9778
-64.9778
-64.9778
-64.9777
-64.9777
-64.9777
-64.9777
-64.9777
-64.9777
-64.9777
-64.9777
-64.9777
-64.9777
-64.9777
-64.9777
-64.9777
-64.9777
-64.9777
-64.9777
-64.9776
-64.9776
-64.9776
-64.9776
-64.9776
-64.9776
-64.9776
-64.9776
-64.9776
-64.9776
-64.9776
-64.9776
-64.9775
-64.9775
-64.9775
-64.9775
-64.9775
-64.9775
-64.9775
-64.9775
-64.9775
-64.9774
-64.9774
-64.9774
-64.9774
-64.9774
-64.9774
-64.9774
-64.9774
-64.9774
-64.9773
-64.9773
-64.9773
-64.9773
-64.9773
-64.9773
-64.9773
-64.9772
-64.9772
-64.9772
-64.9772
-64.9772
-64.9772
-64.9772
-64.9772
-64.9771
-64.9771
-64.9771
-64.9771
-64.9771
-64.9771
-64.9771
-64.977
-64.977
-64.977
-64.977
-64.977
-64.977
-64.9769
-64.9769
-64.9769
-64.9769
-64.9769
-64.9769
-64.9769
-64.9768
-64.9768
-64.9768
-64.9768
-64.9768
-64.9768
-64.9767
-64.9767
-64.9767
-64.9767
-64.9767
-64.9767
-64.9766
-64.9766
-64.9766
-64.9766
-64.9766
-64.9766
-64.9765
-64.9765
-64.9765
-64.9765
-64.9765
-64.9765
-64.9764
-64.9764
-64.9764
-64.9764
-64.9764
-64.9764
-64.9763
-64.9763
-64.9763
-64.9763
-64.9763
-64.9763
-64.9762
-64.9762
-64.9762
-64.9762
-64.9762
-64.9762
-64.9761
-64.9761
-64.9761
-64.9761
-64.9761
-64.9761
-64.976
-64.976
-64.976
-64.976
-64.976
-64.9759
-64.9759
-64.9759
-64.9759
-64.9759
-64.9759
-64.9758
-64.9758
-64.9758
-64.9758
-64.9758
-64.9758
-64.9757
-64.9757
-64.9757
-64.9757
-64.9757
-64.9756
-64.9756
-64.9756
-64.9756
-64.9756
-64.9756
-64.9755
-64.9755
-64.9755
-64.9755
-64.9755
-64.9755
-64.9754
-64.9754
-64.9754
-64.9754
-64.9754
-64.9753
-64.9753
-64.9753
-64.9753
-64.9753
-64.9753
-64.9752
-64.9752
-64.9752
-64.9752
-64.9752
-64.9752
-64.9751
-64.9751
-64.9751
-64.9751
-64.9751
-64.975
-64.975
-64.975
-64.975
-64.975
-64.975
-64.9749
-64.9749
-64.9749
-64.9749
-64.9749
-64.9749
-64.9748
-64.9748
-64.9748
-64.9748
-64.9748
-64.9748
-64.9747
-64.9747
-64.9747
-64.9747
-64.9747
-64.9747
-64.9746
-64.9746
-64.9746
-64.9746
-64.9746
-64.9746
-64.9745
-64.9745
-64.9745
-64.9745
-64.9745
-64.9745
-64.9744
-64.9744
-64.9744
-64.9744
-64.9744
-64.9744
-64.9743
-64.9743
-64.9743
-64.9743
-64.9743
-64.9743
-64.9742
-64.9742
-64.9742
-64.9742
-64.9742
-64.9742
-64.9741
-64.9741
-64.9741
-64.9741
-64.9741
-64.9741
-64.974
-64.974
-64.974
-64.974
-64.974
-64.974
-64.9739
-64.9739
-64.9739
-64.9739
-64.9739
-64.9739
-64.9739
-64.9738
-64.9738
-64.9738
-64.9738
-64.9738
-64.9738
-64.9737
-64.9737
-64.9737
-64.9737
-64.9737
-64.9737
-64.9736
-64.9736
-64.9736
-64.9736
-64.9736
-64.9736
-64.9736
-64.9735
-64.9735
-64.9735
-64.9735
-64.9735
-64.9735
-64.9735
-64.9734
-64.9734
-64.9734
-64.9734
-64.9734
-64.9734
-64.9734
-64.9733
-64.9733
-64.9733
-64.9733
-64.9733
-64.9733
-64.9732
-64.9732
-64.9732
-64.9732
-64.9732
-64.9732
-64.9732
-64.9732
-64.9731
-64.9731
-64.9731
-64.9731
-64.9731
-64.9731
-64.9731
-64.973
-64.973
-64.973
-64.973
-64.973
-64.973
-64.973
-64.9729
-64.9729
-64.9729
-64.9729
-64.9729
-64.9729
-64.9729
-64.9728
-64.9728
-64.9728
-64.9728
-64.9728
-64.9728
-64.9728
-64.9728
-64.9727
-64.9727
-64.9727
-64.9727
-64.9727
-64.9727
-64.9727
-64.9727
-64.9726
-64.9726
-64.9726
-64.9726
-64.9726
-64.9726
-64.9726
-64.9725
-64.9725
-64.9725
-64.9725
-64.9725
-64.9725
-64.9725
-64.9725
-64.9724
-64.9724
-64.9724
-64.9724
-64.9724
-64.9724
-64.9724
-64.9724
-64.9724
-64.9723
-64.9723
-64.9723
-64.9723
-64.9723
-64.9723
-64.9723
-64.9723
-64.9722
-64.9722
-64.9722
-64.9722
-64.9722
-64.9722
-64.9722
-64.9722
-64.9721
-64.9721
-64.9721
-64.9721
-64.9721
-64.9721
-64.9721
-64.9721
-64.9721
-64.972
-64.972
-64.972
-64.972
-64.972
-64.972
-64.972
-64.972
-64.972
-64.9719
-64.9719
-64.9719
-64.9719
-64.9719
-64.9719
-64.9719
-64.9719
-64.9719
-64.9718
-64.9718
-64.9718
-64.9718
-64.9718
-64.9718
-64.9718
-64.9718
-64.9718
-64.9718
-64.9717
-64.9717
-64.9717
-64.9717
-64.9717
-64.9717
-64.9717
-64.9717
-64.9717
-64.9717
-64.9716
-64.9716
-64.9716
-64.9716
-64.9716
-64.9716
-64.9716
-64.9716
-64.9716
-64.9716
-64.9715
-64.9715
-64.9715
-64.9715
-64.9715
-64.9715
-64.9715
-64.9715
-64.9715
-64.9715
-64.9714
-64.9714
-64.9714
-64.9714
-64.9714
-64.9714
-64.9714
-64.9714
-64.9714
-64.9714
-64.9714
-64.9713
-64.9713
-64.9713
-64.9713
-64.9713
-64.9713
-64.9713
-64.9713
-64.9713
-64.9713
-64.9713
-64.9712
-64.9712
-64.9712
-64.9712
-64.9712
-64.9712
-64.9712
-64.9712
-64.9712
-64.9712
-64.9712
-64.9711
-64.9711
-64.9711
-64.9711
-64.9711
-64.9711
-64.9711
-64.9711
-64.9711
-64.9711
-64.9711
-64.9711
-64.971
-64.971
-64.971
-64.971
-64.971
-64.971
-64.971
-64.971
-64.971
-64.971
-64.971
-64.971
-64.9709
-64.9709
-64.9709
-64.9709
-64.9709
-64.9709
-64.9709
-64.9709
-64.9709
-64.9709
-64.9709
-64.9709
-64.9709
-64.9708
-64.9708
-64.9708
-64.9708
-64.9708
-64.9708
-64.9708
-64.9708
-64.9708
-64.9708
-64.9708
-64.9708
-64.9708
-64.9707
-64.9707
-64.9707
-64.9707
-64.9707
-64.9707
-64.9707
-64.9707
-64.9707
-64.9707
-64.9707
-64.9707
-64.9707
-64.9707
-64.9706
-64.9706
-64.9706
-64.9706
-64.9706
-64.9706
-64.9706
-64.9706
-64.9706
-64.9706
-64.9706
-64.9706
-64.9706
-64.9706
-64.9706
-64.9705
-64.9705
-64.9705
-64.9705
-64.9705
-64.9705
-64.9705
-64.9705
-64.9705
-64.9705
-64.9705
-64.9705
-64.9705
-64.9705
-64.9705
-64.9704
-64.9704
-64.9704
-64.9704
-64.9704
-64.9704
-64.9704
-64.9704
-64.9704
-64.9704
-64.9704
-64.9704
-64.9704
-64.9704
-64.9704
-64.9704
-64.9703
-64.9703
-64.9703
-64.9703
-64.9703
-64.9703
-64.9703
-64.9703
-64.9703
-64.9703
-64.9703
-64.9703
-64.9703
-64.9703
-64.9703
-64.9703
-64.9703
-64.9702
-64.9702
-64.9702
-64.9702
-64.9702
-64.9702
-64.9702
-64.9702
-64.9702
-64.9702
-64.9702
-64.9702
-64.9702
-64.9702
-64.9702
-64.9702
-64.9702
-64.9702
-64.9701
-64.9701
-64.9701
-64.9701
-64.9701
-64.9701
-64.9701
-64.9701
-64.9701
-64.9701
-64.9701
-64.9701
-64.9701
-64.9701
-64.9701
-64.9701
-64.9701
-64.9701
-64.9701
-64.97
-64.97
-64.97
-64.97
-64.97
-64.97
-64.97
-64.97
-64.97
-64.97
-64.97
-64.97
-64.97
-64.97
-64.97
-64.97
-64.97
-64.97
-64.97
-64.97
-64.9699
-64.9699
-64.9699
-64.9699
-64.9699
-64.9699
-64.9699
-64.9699
-64.9699
-64.9699
-64.9699
-64.9699
-64.9699
-64.9699
-64.9699
-64.9699
-64.9699
-64.9699
-64.9699
-64.9699
-64.9699
-64.9699
-64.9698
-64.9698
-64.9698
-64.9698
-64.9698
-64.9698
-64.9698
-64.9698
-64.9698
-64.9698
-64.9698
-64.9698
-64.9698
-64.9698
-64.9698
-64.9698
-64.9698
-64.9698
-64.9698
-64.9698
-64.9698
-64.9698
-64.9698
-64.9698
-64.9697
-64.9697
-64.9697
-64.9697
-64.9697
-64.9697
-64.9697
-64.9697
-64.9697
-64.9697
-64.9697
-64.9697
-64.9697
-64.9697
-64.9697
-64.9697
-64.9697
-64.9697
-64.9697
-64.9697
-64.9697
-64.9697
-64.9697
-64.9697
-64.9697
-64.9697
-64.9696
-64.9696
-64.9696
-64.9696
-64.9696
-64.9696
-64.9696
-64.9696
-64.9696
-64.9696
-64.9696
-64.9696
-64.9696
-64.9696
-64.9696
-64.9696
-64.9696
-64.9696
-64.9696
-64.9696
-64.9696
-64.9696
-64.9696
-64.9696
-64.9696
-64.9696
-64.9696
-64.9696
-64.9695
-64.9695
-64.9695
-64.9695
-64.9695
-64.9695
-64.9695
-64.9695
-64.9695
-64.9695
-64.9695
-64.9695
-64.9695
-64.9695
-64.9695
-64.9695
-64.9695
-64.9695
-64.9695
-64.9695
-64.9695
-64.9695
-64.9695
-64.9695
-64.9695
-64.9695
-64.9695
-64.9695
-64.9695
-64.9695
-64.9695
-64.9695
-64.9695
-64.9694
-64.9694
-64.9694
-64.9694
-64.9694
-64.9694
-64.9694
-64.9694
-64.9694
-64.9694
-64.9694
-64.9694
-64.9694
-64.9694
-64.9694
-64.9694
-64.9694
-64.9694
-64.9694
-64.9694
-64.9694
-64.9694
-64.9694
-64.9694
-64.9694
-64.9694
-64.9694
-64.9694
-64.9694
-64.9694
-64.9694
-64.9694
-64.9694
-64.9694
-64.9694
-64.9694
-64.9693
-64.9693
-64.9693
-64.9693
-64.9693
-64.9693
-64.9693
-64.9693
-64.9693
-64.9693
-64.9693
-64.9693
-64.9693
-64.9693
-64.9693
-64.9693
-64.9693
-64.9693
-64.9693
-64.9693
-64.9693
-64.9693
-64.9693
-64.9693
-64.9693
-64.9693
-64.9693
-64.9693
-64.9693
-64.9693
-64.9693
-64.9693
-64.9693
-64.9693
-64.9693
-64.9693
-64.9693
-64.9693
-64.9693
-64.9693
-64.9693
-64.9693
-64.9693
-64.9693
-64.9692
-64.9692
-64.9692
-64.9692
-64.9692
-64.9692
-64.9692
-64.9692
-64.9692
-64.9692
-64.9692
-64.9692
-64.9692
-64.9692
-64.9692
-64.9692
-64.9692
-64.9692
-64.9692
-64.9692
-64.9692
-64.9692
-64.9692
-64.9692
-64.9692
-64.9692
-64.9692
-64.9692
-64.9692
-64.9692
-64.9692
-64.9692
-64.9692
-64.9692
-64.9692
-64.9692
-64.9692
-64.9692
-64.9692
-64.9692
-64.9692
-64.9692
-64.9692
-64.9692
-64.9692
-64.9692
-64.9692
-64.9692
-64.9692
-64.9692
-64.9692
-64.9692
-64.9692
-64.9692
-64.9691
-64.9691
-64.9691
-64.9691
-64.9691
-64.9691
-64.9691
-64.9691
-64.9691
-64.9691
-64.9691
-64.9691
-64.9691
-64.9691
-64.9691
-64.9691
-64.9691
-64.9691
-64.9691
-64.9691
-64.9691
-64.9691
-64.9691
-64.9691
-64.9691
-64.9691
-64.9691
-64.9691
-64.9691
-64.9691
-64.9691
-64.9691
-64.9691
-64.9691
-64.9691
-64.9691
-64.9691
-64.9691
-64.9691
-64.9691
-64.9691
-64.9691
-64.9691
-64.9691
-64.9691
-64.9691
-64.9691
-64.9691
-64.9691
-64.9691
-64.9691
-64.9691
-64.9691
-64.9691
-64.9691
-64.9691
-64.9691
-64.9691
-64.9691
-64.9691
-64.9691
-64.9691
-64.9691
-64.9691
-64.9691
-64.9691
-64.9691
-64.9691
-64.9691
-64.9691
-64.9691
-64.9691
-64.9691
-64.9691
-64.9691
-64.9691
-64.969
-64.969
-64.969
-64.969
-64.969
-64.969
-64.969
-64.969
-64.969
-64.969
-64.969
-64.969
-64.969
-64.969
-64.969
-64.969
-64.969
-64.969
-64.969
-64.969
-64.969
-64.969
-64.969
-64.969
-64.969
-64.969
-64.969
-64.969
-64.969
-64.969
-64.969
-64.969
-64.969
-64.969
-64.969
-64.969
-64.969
-64.969
-64.969
-64.969
-64.969
-64.969
-64.969
-64.969
-64.969
-64.969
-64.969
-64.969
-64.969
-64.969
-64.969
-64.969
-64.969
-64.969
-64.969
-64.969
-64.969
-64.969
-64.969
-64.969
-64.969
-64.969
-64.969
-64.969
-64.969
-64.969
-64.969
-64.969
-64.969
-64.969
-64.969
-64.969
-64.969
-64.969
-64.969
-64.969
-64.969
-64.969
-64.969
-64.969
-64.969
-64.969
-64.969
-64.969
-64.969
-64.969
-64.969
-64.969
-64.969
-64.969
-64.969
-64.969
-64.969
-64.969
-64.969
-64.969
-64.969
-64.969
-64.969
-64.969
-64.969
-64.969
-64.969
-64.969
-64.969
-64.969
-64.969
-64.969
-64.969
-64.969
-64.969
-64.969
-64.9781
-64.9893
-65.0006
-65.0113
-65.0213
-65.0304
-65.0387
-65.0463
-65.0532
-65.0597
-65.0656
-65.0712
-65.0763
-65.0812
-65.0858
-65.0901
-65.0942
-65.098
-65.1017
-65.1052
-65.1085
-65.1116
-65.1146
-65.1174
-65.1201
-65.1226
-65.1251
-65.1274
-65.1295
-65.1316
-65.1335
-65.1354
-65.1371
-65.1388
-65.1403
-65.1417
-65.1431
-65.1444
-65.1456
-65.1467
-65.1477
-65.1486
-65.1495
-65.1503
-65.151
-65.1517
-65.1523
-65.1528
-65.1533
-65.1537
-65.154
-65.1543
-65.1546
-65.1548
-65.1549
-65.155
-65.155
-65.155
-65.155
-65.1549
-65.1548
-65.1546
-65.1544
-65.1541
-65.1539
-65.1535
-65.1532
-65.1528
-65.1524
-65.1519
-65.1515
-65.151
-65.1504
-65.1499
-65.1493
-65.1487
-65.148
-65.1474
-65.1467
-65.146
-65.1453
-65.1446
-65.1438
-65.143
-65.1422
-65.1414
-65.1406
-65.1397
-65.1389
-65.138
-65.1371
-65.1362
-65.1353
-65.1344
-65.1335
-65.1325
-65.1316
-65.1306
-65.1296
-65.1287
-65.1277
-65.1267
-65.1257
-65.1247
-65.1236
-65.1226
-65.1216
-65.1205
-65.1195
-65.1184
-65.1174
-65.1163
-65.1153
-65.1142
-65.1132
-65.1121
-65.111
-65.1099
-65.1089
-65.1078
-65.1067
-65.1056
-65.1045
-65.1035
-65.1024
-65.1013
-65.1002
-65.0991
-65.0981
-65.097
-65.0959
-65.0948
-65.0937
-65.0927
-65.0916
-65.0905
-65.0894
-65.0884
-65.0873
-65.0862
-65.0852
-65.0841
-65.083
-65.082
-65.0809
-65.0799
-65.0788
-65.0778
-65.0768
-65.0757
-65.0747
-65.0737
-65.0726
-65.0716
-65.0706
-65.0696
-65.0686
-65.0676
-65.0666
-65.0656
-65.0646
-65.0636
-65.0626
-65.0617
-65.0607
-65.0597
-65.0588
-65.0578
-65.0568
-65.0559
-65.055
-65.054
-65.0531
-65.0522
-65.0512
-65.0503
-65.0494
-65.0485
-65.0476
-65.0467
-65.0458
-65.0449
-65.0441
-65.0432
-65.0423
-65.0415
-65.0406
-65.0397
-65.0389
-65.0381
-65.0372
-65.0364
-65.0356
-65.0348
-65.0339
-65.0331
-65.0323
-65.0315
-65.0307
-65.03
-65.0292
-65.0284
-65.0276
-65.0269
-65.0261
-65.0254
-65.0246
-65.0239
-65.0232
-65.0224
-65.0217
-65.021
-65.0203
-65.0196
-65.0189
-65.0182
-65.0175
-65.0168
-65.0161
-65.0155
-65.0148
-65.0141
-65.0135
-65.0128
-65.0122
-65.0115
-65.0109
-65.0103
-65.0097
-65.009
-65.0084
-65.0078
-65.0072
-65.0066
-65.006
-65.0054
-65.0048
-65.0043
-65.0037
-65.0031
-65.0026
-65.002
-65.0015
-65.0009
-65.0004
-64.9998
-64.9993
-64.9988
-64.9983
-64.9977
-64.9972
-64.9967
-64.9962
-64.9957
-64.9952
-64.9947
-64.9943
-64.9938
-64.9933
-64.9928
-64.9924
-64.9919
-64.9914
-64.991
-64.9905
-64.9901
-64.9897
-64.9892
-64.9888
-64.9884
-64.9879
-64.9875
-64.9871
-64.9867
-64.9863
-64.995
-65.0058
-65.0167
-65.027
-65.0366
-65.0453
-65.0532
-65.0604
-65.067
-65.073
-65.0786
-65.0838
-65.0886
-65.0931
-65.0973
-65.1013
-65.105
-65.1086
-65.1119
-65.115
-65.118
-65.1208
-65.1235
-65.126
-65.1284
-65.1306
-65.1327
-65.1347
-65.1366
-65.1384
-65.14
-65.1416
-65.143
-65.1444
-65.1457
-65.1468
-65.1479
-65.1489
-65.1498
-65.1507
-65.1515
-65.1521
-65.1528
-65.1533
-65.1538
-65.1542
-65.1546
-65.1549
-65.1551
-65.1553
-65.1554
-65.1555
-65.1555
-65.1555
-65.1554
-65.1553
-65.1551
-65.1549
-65.1546
-65.1544
-65.154
-65.1537
-65.1533
-65.1528
-65.1523
-65.1518
-65.1513
-65.1507
-65.1501
-65.1495
-65.1489
-65.1482
-65.1475
-65.1468
-65.146
-65.1452
-65.1445
-65.1436
-65.1428
-65.142
-65.1411
-65.1402
-65.1393
-65.1384
-65.1374
-65.1365
-65.1355
-65.1345
-65.1335
-65.1325
-65.1315
-65.1305
-65.1295
-65.1284
-65.1274
-65.1263
-65.1252
-65.1241
-65.1231
-65.122
-65.1209
-65.1197
-65.1186
-65.1175
-65.1164
-65.1153
-65.1141
-65.113
-65.1118
-65.1107
-65.1096
-65.1084
-65.1073
-65.1061
-65.105
-65.1038
-65.1026
-65.1015
-65.1003
-65.0992
-65.098
-65.0968
-65.0957
-65.0945
-65.0934
-65.0922
-65.0911
-65.0899
-65.0888
-65.0876
-65.0865
-65.0853
-65.0842
-65.0831
-65.0819
-65.0808
-65.0797
-65.0785
-65.0774
-65.0763
-65.0752
-65.0741
-65.0729
-65.0718
-65.0707
-65.0696
-65.0686
-65.0675
-65.0664
-65.0653
-65.0642
-65.0632
-65.0621
-65.061
-65.06
-65.0589
-65.0579
-65.0569
-65.0558
-65.0548
-65.0538
-65.0528
-65.0518
-65.0507
-65.0497
-65.0488
-65.0478
-65.0468
-65.0458
-65.0448
-65.0439
-65.0429
-65.042
-65.041
-65.0401
-65.0391
-65.0382
-65.0373
-65.0364
-65.0355
-65.0346
-65.0337
-65.0328
-65.0319
-65.031
-65.0301
-65.0293
-65.0284
-65.0276
-65.0267
-65.0259
-65.025
-65.0242
-65.0234
-65.0226
-65.0218
-65.0209
-65.0201
-65.0194
-65.0186
-65.0178
-65.017
-65.0163
-65.0155
-65.0147
-65.014
-65.0132
-65.0125
-65.0118
-65.0111
-65.0103
-65.0096
-65.0089
-65.0082
-65.0075
-65.0068
-65.0062
-65.0055
-65.0048
-65.0042
-65.0035
-65.0028
-65.0022
-65.0016
-65.0009
-65.0003
-64.9997
-64.9991
-64.9984
-64.9978
-64.9972
-64.9966
-64.9961
-64.9955
-64.9949
-64.9943
-64.9938
-64.9932
-64.9926
-64.9921
-64.9915
-64.991
-64.9905
-64.9899
-64.9894
-64.9889
-64.9884
-64.9879
-64.9874
-64.9869
-64.9864
-64.9859
-64.9854
-64.9849
-64.9845
-64.984
-64.9835
-64.9831
-64.9826
-64.9822
-64.9817
-64.9813
-64.9809
-64.9804
-64.98
-64.9796
-64.9792
-64.9788
-64.9784
-64.978
-64.9776
-64.9772
-64.9768
-64.9764
-64.976
-64.9756
-64.9753
-64.9749
-64.9745
-64.9742
-64.9738
-64.9735
-64.9731
-64.9728
-64.9725
-64.9721
-64.9718
-64.9715
-64.9711
-64.9708
-64.9705
-64.9702
-64.9699
-64.9696
-64.9693
-64.969
-64.9687
-64.9684
-64.9681
-64.9679
-64.9676
-64.9673
-64.967
-64.9668
-64.9665
-64.9662
-64.966
-64.9657
-64.9655
-64.9652
-64.965
-64.9648
-64.9645
-64.9643
-64.9641
-64.9638
-64.9636
-64.9634
-64.9632
-64.963
-64.9627
-64.9625
-64.9623
-64.9621
-64.9619
-64.9617
-64.9615
-64.9613
-64.9612
-64.961
-64.9608
-64.9606
-64.9604
-64.9603
-64.9601
-64.9599
-64.9598
-64.9596
-64.9594
-64.9593
-64.9591
-64.959
-64.9588
-64.9587
-64.9585
-64.9584
-64.9582
-64.9581
-64.9579
-64.9578
-64.9577
-64.9575
-64.9574
-64.9573
-64.9572
-64.957
-64.9569
-64.9568
-64.9567
-64.9566
-64.9565
-64.9564
-64.9563
-64.9561
-64.956
-64.9559
-64.9558
-64.9557
-64.9556
-64.9556
-64.9555
-64.9554
-64.9553
-64.9552
-64.9551
-64.955
-64.955
-64.9549
-64.9548
-64.9547
-64.9546
-64.9546
-64.9545
-64.9544
-64.9544
-64.9543
-64.9542
-64.9542
-64.9541
-64.9541
-64.954
-64.9539
-64.9539
-64.9538
-64.9538
-64.9537
-64.9537
-64.9536
-64.9536
-64.9535
-64.9535
-64.9534
-64.9534
-64.9534
-64.9533
-64.9533
-64.9533
-64.9532
-64.9532
-64.9532
-64.9531
-64.9531
-64.9531
-64.953
-64.953
-64.953
-64.953
-64.9529
-64.9529
-64.9529
-64.9529
-64.9529
-64.9528
-64.9528
-64.9528
-64.9528
-64.9528
-64.9528
-64.9527
-64.9527
-64.9527
-64.9527
-64.9527
-64.9527
-64.9527
-64.9527
-64.9527
-64.9527
-64.9527
-64.9527
-64.9527
-64.9527
-64.9527
-64.9527
-64.9527
-64.9527
-64.9527
-64.9527
-64.9527
-64.9527
-64.9527
-64.9527
-64.9527
-64.9527
-64.9527
-64.9528
-64.9528
-64.9528
-64.9528
-64.9528
-64.9528
-64.9528
-64.9528
-64.9529
-64.9529
-64.9529
-64.9529
-64.9529
-64.9529
-64.953
-64.953
-64.953
-64.953
-64.953
-64.9531
-64.9531
-64.9531
-64.9531
-64.9532
-64.9532
-64.9532
-64.9532
-64.9533
-64.9533
-64.9533
-64.9625
-64.9737
-64.9851
-64.9958
-65.0058
-65.015
-65.0233
-65.0309
-65.038
-65.0444
-65.0504
-65.056
-65.0612
-65.0661
-65.0707
-65.075
-65.0792
-65.0831
-65.0868
-65.0903
-65.0936
-65.0968
-65.0998
-65.1027
-65.1054
-65.108
-65.1104
-65.1128
-65.115
-65.1171
-65.1191
-65.1209
-65.1227
-65.1244
-65.126
-65.1274
-65.1288
-65.1301
-65.1313
-65.1325
-65.1335
-65.1345
-65.1354
-65.1363
-65.137
-65.1377
-65.1384
-65.1389
-65.1394
-65.1399
-65.1403
-65.1406
-65.1409
-65.1411
-65.1413
-65.1414
-65.1415
-65.1415
-65.1415
-65.1415
-65.1414
-65.1413
-65.1411
-65.1409
-65.1406
-65.1404
-65.1401
-65.1397
-65.1393
-65.1389
-65.1385
-65.138
-65.1375
-65.137
-65.1365
-65.1359
-65.1353
-65.1347
-65.1341
-65.1334
-65.1327
-65.132
-65.1313
-65.1306
-65.1298
-65.1291
-65.1283
-65.1275
-65.1267
-65.1258
-65.125
-65.1241
-65.1233
-65.1224
-65.1215
-65.1206
-65.1197
-65.1188
-65.1178
-65.1169
-65.1159
-65.115
-65.114
-65.113
-65.1121
-65.1111
-65.1101
-65.1091
-65.1081
-65.1071
-65.1061
-65.1051
-65.1041
-65.103
-65.102
-65.101
-65.1
-65.0989
-65.0979
-65.0969
-65.0958
-65.0948
-65.0938
-65.0927
-65.0917
-65.0906
-65.0896
-65.0886
-65.0875
-65.0865
-65.0854
-65.0844
-65.0834
-65.0823
-65.0813
-65.0803
-65.0792
-65.0782
-65.0772
-65.0762
-65.0842
-65.0942
-65.1044
-65.114
-65.1228
-65.1308
-65.138
-65.1445
-65.1504
-65.1558
-65.1607
-65.1652
-65.1693
-65.1732
-65.1767
-65.18
-65.1831
-65.186
-65.1886
-65.1911
-65.1935
-65.1956
-65.1976
-65.1995
-65.2012
-65.2029
-65.2043
-65.2057
-65.207
-65.2081
-65.2091
-65.2101
-65.2109
-65.2116
-65.2123
-65.2129
-65.2133
-65.2137
-65.214
-65.2143
-65.2145
-65.2146
-65.2146
-65.2145
-65.2144
-65.2143
-65.2141
-65.2138
-65.2135
-65.2131
-65.2126
-65.2121
-65.2116
-65.211
-65.2104
-65.2097
-65.209
-65.2083
-65.2075
-65.2066
-65.2058
-65.2049
-65.2039
-65.203
-65.202
-65.201
-65.1999
-65.1988
-65.1977
-65.1966
-65.1955
-65.1943
-65.1931
-65.1919
-65.1906
-65.1894
-65.1881
-65.1868
-65.1855
-65.1842
-65.1828
-65.1815
-65.1801
-65.1787
-65.1774
-65.176
-65.1745
-65.1731
-65.1717
-65.1702
-65.1688
-65.1673
-65.1659
-65.1644
-65.1629
-65.1614
-65.1599
-65.1584
-65.1569
-65.1554
-65.1629
-65.1723
-65.1819
-65.1909
-65.1992
-65.2066
-65.2132
-65.2191
-65.2244
-65.2292
-65.2336
-65.2375
-65.241
-65.2531
-65.2669
-65.2806
-65.2934
-65.3053
-65.3162
-65.326
-65.3351
-65.3433
-65.3509
-65.3579
-65.3644
-65.3704
-65.3759
-65.3811
-65.3859
-65.3903
-65.3945
-65.3983
-65.4019
-65.4052
-65.4083
-65.4111
-65.4137
-65.4161
-65.4183
-65.4203
-65.4221
-65.4237
-65.4252
-65.4264
-65.4275
-65.4285
-65.4293
-65.4299
-65.4304
-65.4308
-65.431
-65.4311
-65.4311
-65.431
-65.4307
-65.4304
-65.4299
-65.4293
-65.4286
-65.4279
-65.427
-65.426
-65.425
-65.4239
-65.4227
-65.4214
-65.42
-65.4186
-65.4171
-65.4155
-65.4139
-65.4122
-65.4105
-65.4087
-65.4068
-65.4049
-65.4029
-65.4009
-65.3988
-65.3967
-65.3946
-65.3924
-65.3901
-65.3879
-65.3856
-65.3832
-65.3808
-65.3784
-65.376
-65.3735
-65.371
-65.3685
-65.366
-65.3634
-65.3608
-65.3582
-65.3555
-65.3529
-65.3502
-65.3475
-65.3448
-65.3421
-65.3394
-65.3367
-65.3339
-65.3311
-65.3284
-65.3256
-65.3228
-65.32
-65.3172
-65.3144
-65.3116
-65.3088
-65.3059
-65.3031
-65.3003
-65.2975
-65.2946
-65.2918
-65.289
-65.2861
-65.2833
-65.2805
-65.2777
-65.2748
-65.272
-65.2692
-65.2664
-65.2636
-65.2608
-65.258
-65.2552
-65.2524
-65.2497
-65.2469
-65.2441
-65.2414
-65.2386
-65.2359
-65.2332
-65.2305
-65.2278
-65.2251
-65.2224
-65.2197
-65.217
-65.2144
-65.2117
-65.2091
-65.2065
-65.2039
-65.2013
-65.1987
-65.1961
-65.1935
-65.191
-65.1885
-65.1859
-65.1834
-65.1809
-65.1785
-65.176
-65.1735
-65.1711
-65.1687
-65.1662
-65.1638
-65.1614
-65.1591
-65.1567
-65.1544
-65.152
-65.1497
-65.1474
-65.1451
-65.1429
-65.1406
-65.1384
-65.1361
-65.1339
-65.1317
-65.1296
-65.1274
-65.1252
-65.1231
-65.121
-65.1189
-65.1168
-65.1147
-65.1126
-65.1106
-65.1086
-65.1066
-65.1046
-65.1026
-65.1006
-65.0986
-65.0967
-65.0948
-65.0929
-65.091
-65.0891
-65.0872
-65.0854
-65.0835
-65.0817
-65.0799
-65.0781
-65.0764
-65.0746
-65.0729
-65.0711
-65.0694
-65.0677
-65.066
-65.0643
-65.0627
-65.061
-65.0594
-65.0578
-65.0562
-65.0546
-65.053
-65.0515
-65.0499
-65.0484
-65.0469
-65.0454
-65.0439
-65.0424
-65.041
-65.0395
-65.0381
-65.0367
-65.0353
-65.0339
-65.0325
-65.0311
-65.0298
-65.0284
-65.0271
-65.0258
-65.0245
-65.0232
-65.0219
-65.0207
-65.0194
-65.0182
-65.0169
-65.0157
-65.0145
-65.0133
-65.0122
-65.011
-65.0098
-65.0087
-65.0076
-65.0065
-65.0054
-65.0043
-65.0032
-65.0021
-65.0011
-65
-64.999
-64.9979
-64.9969
-64.9959
-64.9949
-64.994
-64.993
-64.992
-64.9911
-64.9901
-64.9892
-64.9883
-64.9874
-64.9865
-64.9856
-64.9847
-64.9839
-64.983
-64.9822
-64.9813
-64.9805
-64.9797
-64.9789
-64.9781
-64.9773
-64.9765
-64.9757
-64.975
-64.9742
-64.9735
-64.9728
-64.972
-64.9713
-64.9706
-64.9699
-64.9692
-64.9685
-64.9679
-64.9672
-64.9666
-64.9659
-64.9653
-64.9646
-64.964
-64.9634
-64.9628
-64.9622
-64.9616
-64.961
-64.9605
-64.9599
-64.9593
-64.9588
-64.9582
-64.9577
-64.9572
-64.9566
-64.9561
-64.9556
-64.9551
-64.9546
-64.9541
-64.9537
-64.9532
-64.9527
-64.9523
-64.9518
-64.9514
-64.9509
-64.9505
-64.9501
-64.9497
-64.9492
-64.9488
-64.9484
-64.948
-64.9477
-64.9473
-64.9469
-64.9465
-64.9462
-64.9458
-64.9454
-64.9451
-64.9448
-64.9444
-64.9441
-64.9438
-64.9434
-64.9431
-64.9428
-64.9425
-64.9422
-64.9419
-64.9416
-64.9413
-64.9411
-64.9408
-64.9405
-64.9403
-64.94
-64.9397
-64.9395
-64.9393
-64.939
-64.9388
-64.9385
-64.9383
-64.9381
-64.9379
-64.9377
-64.9375
-64.9372
-64.937
-64.9369
-64.9367
-64.9365
-64.9363
-64.9361
-64.9359
-64.9358
-64.9356
-64.9354
-64.9353
-64.9351
-64.9349
-64.9348
-64.9347
-64.9345
-64.9344
-64.9342
-64.9341
-64.934
-64.9338
-64.9337
-64.9336
-64.9335
-64.9334
-64.9333
-64.9332
-64.9331
-64.933
-64.9329
-64.9328
-64.9327
-64.9326
-64.9325
-64.9324
-64.9323
-64.9323
-64.9322
-64.9321
-64.9321
-64.932
-64.9319
-64.9319
-64.9318
-64.9318
-64.9317
-64.9317
-64.9316
-64.9316
-64.9315
-64.9315
-64.9314
-64.9314
-64.9314
-64.9313
-64.9313
-64.9313
-64.9313
-64.9312
-64.9312
-64.9312
-64.9312
-64.9312
-64.9312
-64.9312
-64.9311
-64.9311
-64.9311
-64.9311
-64.9311
-64.9311
-64.9311
-64.9311
-64.9312
-64.9312
-64.9312
-64.9312
-64.9312
-64.9312
-64.9312
-64.9313
-64.9313
-64.9313
-64.9313
-64.9313
-64.9314
-64.9314
-64.9314
-64.9315
-64.9315
-64.9315
-64.9316
-64.9316
-64.9316
-64.9317
-64.9317
-64.9318
-64.9318
-64.9319
-64.9319
-64.9319
-64.932
-64.932
-64.9321
-64.9321
-64.9322
-64.9323
-64.9323
-64.9324
-64.9324
-64.9325
-64.9325
-64.9326
-64.9327
-64.9327
-64.9328
-64.9329
-64.9329
-64.933
-64.933
-64.9331
-64.9332
-64.9333
-64.9333
-64.9334
-64.9335
-64.9335
-64.9336
-64.9337
-64.9338
-64.9338
-64.9339
-64.934
-64.9341
-64.9342
-64.9342
-64.9343
-64.9344
-64.9345
-64.9346
-64.9346
-64.9347
-64.9348
-64.9349
-64.935
-64.9351
-64.9351
-64.9352
-64.9353
-64.9354
-64.9355
-64.9356
-64.9357
-64.9358
-64.9359
-64.9359
-64.936
-64.9361
-64.9362
-64.9363
-64.9364
-64.9365
-64.9366
-64.9367
-64.9368
-64.9369
-64.937
-64.9371
-64.9372
-64.9372
-64.9373
-64.9374
-64.9375
-64.9376
-64.9377
-64.9378
-64.9379
-64.938
-64.9381
-64.9382
-64.9383
-64.9384
-64.9385
-64.9386
-64.9387
-64.9388
-64.9389
-64.939
-64.9391
-64.9392
-64.9393
-64.9394
-64.9395
-64.9396
-64.9397
-64.9398
-64.9399
-64.94
-64.9401
-64.9402
-64.9403
-64.9404
-64.9405
-64.9406
-64.9407
-64.9408
-64.9409
-64.941
-64.9411
-64.9412
-64.9413
-64.9414
-64.9415
-64.9416
-64.9417
-64.9418
-64.942
-64.9421
-64.9422
-64.9423
-64.9424
-64.9425
-64.9426
-64.9427
-64.9428
-64.9429
-64.943
-64.9431
-64.9432
-64.9433
-64.9434
-64.9435
-64.9436
-64.9437
-64.9438
-64.9439
-64.944
-64.9441
-64.9442
-64.9443
-64.9444
-64.9445
-64.9446
-64.9447
-64.9448
-64.9449
-64.945
-64.9451
-64.9452
-64.9453
-64.9454
-64.9455
-64.9456
-64.9457
-64.9458
-64.9459
-64.946
-64.9461
-64.9462
-64.9463
-64.9464
-64.9465
-64.9466
-64.9467
-64.9468
-64.9469
-64.947
-64.9471
-64.9471
-64.9472
-64.9473
-64.9474
-64.9475
-64.9476
-64.9477
-64.9478
-64.9479
-64.948
-64.9481
-64.9482
-64.9483
-64.9484
-64.9485
-64.9486
-64.9487
-64.9488
-64.9488
-64.9489
-64.949
-64.9491
-64.9492
-64.9493
-64.9494
-64.9495
-64.9496
-64.9497
-64.9498
-64.9499
-64.9499
-64.95
-64.9501
-64.9502
-64.9503
-64.9504
-64.9505
-64.9506
-64.9507
-64.9507
-64.9508
-64.9509
-64.951
-64.9511
-64.9512
-64.9513
-64.9514
-64.9514
-64.9515
-64.9516
-64.9517
-64.9518
-64.9519
-64.952
-64.952
-64.9521
-64.9522
-64.9523
-64.9524
-64.9525
-64.9525
-64.9526
-64.9527
-64.9528
-64.9529
-64.9529
-64.953
-64.9531
-64.9532
-64.9533
-64.9534
-64.9534
-64.9535
-64.9536
-64.9537
-64.9537
-64.9538
-64.9539
-64.954
-64.9541
-64.9541
-64.9542
-64.9543
-64.9544
-64.9544
-64.9545
-64.9546
-64.9547
-64.9547
-64.9548
-64.9549
-64.955
-64.955
-64.9551
-64.9552
-64.9553
-64.9553
-64.9554
-64.9555
-64.9556
-64.9556
-64.9557
-64.9558
-64.9558
-64.9559
-64.956
-64.9561
-64.9561
-64.9562
-64.9563
-64.9563
-64.9564
-64.9565
-64.9565
-64.9566
-64.9567
-64.9568
-64.9568
-64.9569
-64.957
-64.957
-64.9571
-64.9572
-64.9572
-64.9573
-64.9574
-64.9574
-64.9575
-64.9575
-64.9576
-64.9577
-64.9577
-64.9578
-64.9579
-64.9579
-64.958
-64.9581
-64.9581
-64.9582
-64.9582
-64.9583
-64.9584
-64.9584
-64.9585
-64.9586
-64.9586
-64.9587
-64.9587
-64.9588
-64.9589
-64.9589
-64.959
-64.959
-64.9591
-64.9591
-64.9592
-64.9593
-64.9593
-64.9594
-64.9594
-64.9595
-64.9595
-64.9596
-64.9597
-64.9597
-64.9598
-64.9598
-64.9599
-64.9599
-64.96
-64.96
-64.9601
-64.9602
-64.9602
-64.9603
-64.9603
-64.9604
-64.9604
-64.9605
-64.9605
-64.9574
-64.9483
-64.9317
-64.9072
-64.8751
-64.8359
-64.7906
-64.7402
-64.6856
-64.6277
-64.5674
-64.5054
-64.4424
-64.379
-64.3157
-64.253
-64.191
-64.1303
-64.0709
-64.0131
-63.957
-63.9028
-63.8504
-63.8001
-63.7517
-63.7054
-63.6611
-63.6188
-63.5785
-63.5402
-63.5038
-63.4693
-63.4367
-63.4058
-63.3768
-63.3495
-63.3238
-63.2998
-63.2773
-63.2563
-63.2369
-63.2188
-63.2021
-63.1867
-63.1726
-63.1597
-63.148
-63.1374
-63.128
-63.1195
-63.1121
-63.1057
-63.1002
-63.0956
-63.0919
-63.089
-63.0869
-63.0855
-63.0849
-63.0849
-63.0857
-63.087
-63.089
-63.0916
-63.0947
-63.0984
-63.1025
-63.1072
-63.1123
-63.1178
-63.1238
-63.1302
-63.1369
-63.144
-63.1515
-63.1593
-63.1673
-63.1757
-63.1844
-63.1933
-63.2024
-63.2118
-63.2214
-63.2312
-63.2412
-63.2514
-63.2617
-63.2722
-63.2829
-63.2936
-63.3046
-63.3156
-63.3267
-63.338
-63.3493
-63.3607
-63.3722
-63.3837
-63.3953
-63.407
-63.4187
-63.4304
-63.4422
-63.454
-63.4659
-63.4777
-63.4896
-63.5015
-63.5133
-63.5252
-63.5371
-63.5489
-63.5608
-63.5726
-63.5844
-63.5962
-63.608
-63.6197
-63.6314
-63.643
-63.6546
-63.6662
-63.6778
-63.6892
-63.7007
-63.7121
-63.7234
-63.7347
-63.7459
-63.7571
-63.7682
-63.7793
-63.7902
-63.8012
-63.812
-63.8228
-63.8336
-63.8442
-63.8548
-63.8654
-63.8758
-63.8862
-63.8965
-63.9068
-63.917
-63.9271
-63.9371
-63.9471
-63.957
-63.9668
-63.9765
-63.9862
-63.9958
-64.0053
-64.0147
-64.0241
-64.0334
-64.0426
-64.0517
-64.0608
-64.0698
-64.0787
-64.0875
-64.0963
-64.105
-64.1136
-64.1222
-64.1306
-64.139
-64.1473
-64.1556
-64.1638
-64.1719
-64.1799
-64.1879
-64.1957
-64.2036
-64.2113
-64.219
-64.2266
-64.2341
-64.2416
-64.249
-64.2563
-64.2635
-64.2707
-64.2778
-64.2849
-64.2919
-64.2988
-64.3056
-64.3124
-64.3191
-64.3258
-64.3324
-64.3389
-64.3454
-64.3518
-64.3581
-64.3644
-64.3706
-64.3768
-64.3829
-64.3889
-64.3949
-64.4008
-64.4066
-64.4124
-64.4182
-64.4238
-64.4295
-64.435
-64.4405
-64.446
-64.4514
-64.4567
-64.462
-64.4673
-64.4724
-64.4776
-64.4827
-64.4877
-64.4927
-64.4976
-64.5024
-64.5073
-64.512
-64.5168
-64.5214
-64.5261
-64.5306
-64.5352
-64.5397
-64.5441
-64.5485
-64.5528
-64.5571
-64.5614
-64.5656
-64.5697
-64.5739
-64.5779
-64.582
-64.586
-64.5899
-64.5938
-64.5977
-64.6015
-64.6053
-64.609
-64.6127
-64.6164
-64.62
-64.6236
-64.6271
-64.6306
-64.6341
-64.6375
-64.6409
-64.6443
-64.6476
-64.6509
-64.6542
-64.6574
-64.6605
-64.6637
-64.6668
-64.6699
-64.6729
-64.6759
-64.6789
-64.6818
-64.6848
-64.6876
-64.6905
-64.6901
-64.6838
-64.67
-64.6483
-64.619
-64.5826
-64.5401
-64.4924
-64.4406
-64.3854
-64.3278
-64.2685
-64.2083
-64.1475
-64.0869
-64.0267
-63.9674
-63.9092
-63.8524
-63.7971
-63.7436
-63.6918
-63.6419
-63.594
-63.548
-63.5041
-63.4621
-63.4222
-63.3842
-63.3481
-63.314
-63.2817
-63.2513
-63.2227
-63.1958
-63.1706
-63.147
-63.125
-63.1046
-63.0857
-63.0682
-63.0521
-63.0373
-63.0238
-63.0116
-63.0006
-62.9907
-62.982
-62.9743
-62.9677
-62.962
-62.9573
-62.9535
-62.9506
-62.9485
-62.9472
-62.9467
-62.947
-62.9479
-62.9495
-62.9518
-62.9546
-62.9581
-62.9621
-62.9667
-62.9718
-62.9774
-62.9834
-62.9899
-62.9968
-63.0041
-63.0117
-63.0198
-63.0281
-63.0369
-63.0459
-63.0552
-63.0647
-63.0746
-63.0846
-63.0949
-63.1055
-63.1162
-63.1271
-63.1382
-63.1494
-63.1608
-63.1724
-63.1841
-63.1959
-63.2078
-63.2198
-63.2319
-63.2441
-63.2564
-63.2687
-63.2811
-63.2935
-63.3061
-63.3186
-63.3312
-63.3438
-63.3564
-63.369
-63.3817
-63.3944
-63.407
-63.4197
-63.4323
-63.4449
-63.4576
-63.4702
-63.4827
-63.4953
-63.5078
-63.5203
-63.5327
-63.5451
-63.5575
-63.5698
-63.582
-63.5943
-63.6064
-63.6185
-63.6306
-63.6426
-63.6545
-63.6663
-63.6781
-63.6899
-63.7015
-63.7131
-63.7247
-63.7361
-63.7475
-63.7588
-63.7701
-63.7812
-63.7923
-63.8033
-63.8143
-63.8251
-63.8359
-63.8466
-63.8572
-63.8678
-63.8782
-63.8886
-63.8989
-63.9091
-63.9193
-63.9293
-63.9393
-63.9492
-63.959
-63.9687
-63.9784
-63.988
-63.9975
-64.0069
-64.0162
-64.0254
-64.0346
-64.0437
-64.0527
-64.0616
-64.0705
-64.0792
-64.0879
-64.0965
-64.105
-64.1135
-64.1219
-64.1302
-64.1384
-64.1465
-64.1546
-64.1626
-64.1705
-64.1783
-64.1861
-64.1938
-64.2014
-64.2089
-64.2164
-64.2238
-64.2311
-64.2383
-64.2455
-64.2526
-64.2597
-64.2666
-64.2735
-64.2803
-64.2871
-64.2938
-64.3004
-64.307
-64.3135
-64.3199
-64.3263
-64.3326
-64.3388
-64.345
-64.3511
-64.3571
-64.3631
-64.369
-64.3749
-64.3806
-64.3864
-64.3921
-64.3977
-64.4032
-64.4087
-64.4142
-64.4196
-64.4249
-64.4301
-64.4354
-64.4405
-64.4456
-64.4507
-64.4557
-64.4606
-64.4655
-64.4703
-64.4751
-64.4799
-64.4814
-64.4769
-64.465
-64.4451
-64.4176
-64.3831
-64.3425
-64.2967
-64.2467
-64.1934
-64.1377
-64.0803
-64.0218
-63.9629
-63.9041
-63.8458
-63.7882
-63.742
-63.6996
-63.6589
-63.6193
-63.5807
-63.543
-63.5063
-63.4709
-63.4366
-63.4038
-63.3723
-63.3424
-63.3139
-63.2869
-63.2615
-63.2375
-63.215
-63.1939
-63.1743
-63.1561
-63.1392
-63.1236
-63.1093
-63.0962
-63.0843
-63.0735
-63.0639
-63.0553
-63.0477
-63.0412
-63.0356
-63.0309
-63.027
-63.0241
-63.0219
-63.0205
-63.0198
-63.0199
-63.0206
-63.022
-63.024
-63.0266
-63.0298
-63.0335
-63.0377
-63.0425
-63.0476
-63.0533
-63.0593
-63.0658
-63.0726
-63.0799
-63.0874
-63.0953
-63.1035
-63.112
-63.1207
-63.1297
-63.139
-63.1485
-63.1582
-63.1681
-63.1782
-63.1885
-63.1989
-63.2095
-63.2203
-63.2312
-63.2422
-63.2533
-63.2645
-63.2758
-63.2872
-63.2987
-63.3102
-63.3218
-63.3334
-63.3451
-63.3569
-63.3687
-63.3805
-63.3923
-63.4041
-63.416
-63.4278
-63.4397
-63.4515
-63.4634
-63.4752
-63.487
-63.4988
-63.5106
-63.5223
-63.5341
-63.5457
-63.5574
-63.569
-63.5805
-63.592
-63.6035
-63.6149
-63.6262
-63.6375
-63.6488
-63.66
-63.6711
-63.6822
-63.6932
-63.7041
-63.715
-63.7258
-63.7365
-63.7471
-63.7577
-63.7683
-63.7787
-63.7891
-63.7994
-63.8096
-63.8197
-63.8298
-63.8398
-63.8497
-63.8595
-63.8693
-63.879
-63.8886
-63.8981
-63.9075
-63.9169
-63.9262
-63.9354
-63.9445
-63.9536
-63.9625
-63.9714
-63.9802
-63.9889
-63.9976
-64.0062
-64.0147
-64.0231
-64.0314
-64.0397
-64.0478
-64.0559
-64.064
-64.0719
-64.0798
-64.0876
-64.0953
-64.103
-64.1105
-64.118
-64.1255
-64.1328
-64.15
-64.1692
-64.1886
-64.2072
-64.2249
-64.2416
-64.2574
-64.2723
-64.2865
-64.3
-64.3129
-64.3253
-64.3373
-64.3488
-64.36
-64.3708
-64.3813
-64.3915
-64.4014
-64.411
-64.4204
-64.4296
-64.4385
-64.4472
-64.4557
-64.464
-64.472
-64.4799
-64.4876
-64.4951
-64.5025
-64.5096
-64.5166
-64.5234
-64.5301
-64.5366
-64.543
-64.5492
-64.5553
-64.5612
-64.567
-64.5726
-64.5782
-64.5836
-64.5888
-64.594
-64.599
-64.6008
-64.5965
-64.5847
-64.565
-64.5375
-64.5031
-64.4624
-64.4166
-64.3665
-64.313
-64.2571
-64.1995
-64.1408
-64.0816
-64.0225
-63.9638
-63.9059
-63.8491
-63.7935
-63.7395
-63.6871
-63.6365
-63.5877
-63.5408
-63.4958
-63.4528
-63.4117
-63.3726
-63.3354
-63.3001
-63.2666
-63.235
-63.2051
-63.177
-63.1506
-63.1258
-63.0996
-63.069
-63.0328
-62.9903
-62.9419
-62.8881
-62.8297
-62.7678
-62.7031
-62.6366
-62.569
-62.5012
-62.4336
-62.3668
-62.3013
-62.2375
-62.1756
-62.1158
-62.0584
-62.0036
-61.9513
-61.9016
-61.8547
-61.8104
-61.7689
-61.73
-61.6938
-61.6601
-61.6289
-61.6002
-61.5739
-61.5499
-61.5282
-61.5086
-61.4911
-61.4756
-61.4621
-61.4505
-61.4406
-61.4325
-61.426
-61.4211
-61.4177
-61.4158
-61.4152
-61.416
-61.418
-61.4213
-61.4257
-61.4311
-61.4375
-61.4449
-61.4531
-61.4621
-61.4718
-61.4822
-61.4933
-61.5049
-61.5171
-61.5298
-61.543
-61.5565
-61.5704
-61.5847
-61.5992
-61.6141
-61.6291
-61.6444
-61.66
-61.6757
-61.6916
-61.7077
-61.724
-61.7405
-61.7572
-61.774
-61.791
-61.8081
-61.8254
-61.8429
-61.8605
-61.8783
-61.8962
-61.9261
-61.9587
-61.9917
-62.024
-62.0553
-62.0855
-62.1148
-62.1433
-62.1709
-62.198
-62.2244
-62.2504
-62.2759
-62.3011
-62.3259
-62.3504
-62.3745
-62.3985
-62.4221
-62.4454
-62.4684
-62.4912
-62.5136
-62.5357
-62.5575
-62.579
-62.6001
-62.6208
-62.6411
-62.661
-62.6804
-62.6994
-62.7178
-62.7358
-62.7533
-62.7703
-62.7867
-62.8027
-62.8182
-62.8333
-62.8478
-62.8619
-62.8755
-62.8887
-62.9015
-62.9139
-62.9259
-62.9376
-62.949
-62.96
-62.9708
-62.9812
-62.9914
-63.0013
-63.0109
-63.0203
-63.0294
-63.0352
-63.0351
-63.0274
-63.012
-62.989
-62.9591
-62.9233
-62.8824
-62.8374
-62.7893
-62.7389
-62.687
-62.6341
-62.5809
-62.5279
-62.4755
-62.424
-62.3738
-62.325
-62.2778
-62.2325
-62.1891
-62.1476
-62.1082
-62.0709
-62.0356
-62.0024
-61.9713
-61.9423
-61.9152
-61.89
-61.8668
-61.8453
-61.8256
-61.8076
-61.7912
-61.7826
-61.7779
-61.7759
-61.7757
-61.7771
-61.7798
-61.7836
-61.7884
-61.7939
-61.8003
-61.8074
-61.8151
-61.8234
-61.8323
-61.8418
-61.8517
-61.8622
-61.8731
-61.8845
-61.8963
-61.9086
-61.9213
-61.9343
-61.9477
-61.9613
-61.9752
-61.9894
-62.0036
-62.0181
-62.0326
-62.0472
-62.0618
-62.0765
-62.0913
-62.1061
-62.1209
-62.1358
-62.1508
-62.1657
-62.1808
-62.1959
-62.211
-62.2263
-62.2416
-62.2569
-62.2723
-62.2877
-62.3031
-62.3186
-62.334
-62.3495
-62.3649
-62.3803
-62.3957
-62.4111
-62.4264
-62.4418
-62.4571
-62.4724
-62.4877
-62.503
-62.5183
-62.5335
-62.5488
-62.564
-62.5791
-62.5942
-62.6092
-62.624
-62.6388
-62.6535
-62.6681
-62.6825
-62.6969
-62.7111
-62.7253
-62.7395
-62.7535
-62.7675
-62.7814
-62.7953
-62.8091
-62.8229
-62.8366
-62.8503
-62.8638
-62.8773
-62.8906
-62.9038
-62.9169
-62.9299
-62.9427
-62.9554
-62.968
-62.9805
-62.9928
-63.0051
-63.0173
-63.0294
-63.0415
-63.0535
-63.0654
-63.0773
-63.0892
-63.101
-63.1128
-63.1246
-63.1363
-63.1481
-63.1599
-63.1716
-63.1833
-63.1951
-63.2068
-63.2186
-63.2303
-63.2421
-63.2538
-63.2656
-63.2774
-63.2892
-63.3009
-63.3127
-63.3245
-63.3363
-63.3481
-63.3598
-63.3716
-63.3834
-63.3952
-63.4069
-63.4187
-63.4304
-63.4422
-63.4539
-63.4656
-63.4773
-63.489
-63.5007
-63.5123
-63.5239
-63.5355
-63.5471
-63.5586
-63.5701
-63.5816
-63.5931
-63.6045
-63.6158
-63.6272
-63.6385
-63.6497
-63.661
-63.6721
-63.6833
-63.6944
-63.7054
-63.7164
-63.7273
-63.7382
-63.7491
-63.7599
-63.7706
-63.7813
-63.7919
-63.8025
-63.813
-63.8234
-63.8338
-63.8441
-63.8544
-63.8646
-63.8748
-63.8848
-63.8949
-63.9048
-63.9147
-63.9245
-63.9343
-63.9439
-63.9536
-63.9631
-63.9726
-63.982
-63.9914
-64.0006
-64.0098
-64.019
-64.028
-64.037
-64.046
-64.0548
-64.0636
-64.0723
-64.0809
-64.0895
-64.098
-64.1064
-64.1148
-64.1231
-64.1313
-64.1394
-64.1475
-64.1555
-64.1634
-64.1713
-64.1791
-64.1868
-64.1944
-64.202
-64.2095
-64.2169
-64.2243
-64.2316
-64.2388
-64.2459
-64.253
-64.26
-64.267
-64.2836
-64.3024
-64.3212
-64.3393
-64.3565
-64.3727
-64.388
-64.4025
-64.4162
-64.4293
-64.4418
-64.4538
-64.4653
-64.4764
-64.4872
-64.4976
-64.5077
-64.5175
-64.5271
-64.5364
-64.5454
-64.5542
-64.5628
-64.5711
-64.5793
-64.5872
-64.5949
-64.6025
-64.6098
-64.6139
-64.6119
-64.6023
-64.5847
-64.5594
-64.5271
-64.4886
-64.4449
-64.3969
-64.3456
-64.2919
-64.2363
-64.1798
-64.1227
-64.0656
-64.009
-63.9531
-63.8983
-63.8449
-63.7928
-63.7425
-63.6938
-63.647
-63.602
-63.559
-63.5179
-63.4787
-63.4414
-63.406
-63.3725
-63.3408
-63.311
-63.2828
-63.2565
-63.2317
-63.2086
-63.1871
-63.1671
-63.1486
-63.1315
-63.1157
-63.1014
-63.0991
-63.1004
-63.1032
-63.1064
-63.1098
-63.1132
-63.1166
-63.1202
-63.124
-63.128
-63.1323
-63.1369
-63.1419
-63.1472
-63.1529
-63.159
-63.1655
-63.1723
-63.1795
-63.187
-63.1949
-63.203
-63.2085
-63.2086
-63.2019
-63.188
-63.1673
-63.1402
-63.1077
-63.0706
-63.03
-62.9867
-62.9414
-62.8949
-62.8478
-62.8006
-62.7539
-62.7079
-62.6631
-62.6195
-62.5775
-62.5372
-62.4987
-62.4621
-62.4275
-62.3948
-62.3642
-62.3355
-62.3088
-62.2841
-62.2613
-62.2404
-62.2213
-62.204
-62.1884
-62.1745
-62.1623
-62.1516
-62.1424
-62.1347
-62.1285
-62.1235
-62.1199
-62.1175
-62.1164
-62.1163
-62.1174
-62.1195
-62.1226
-62.1237
-62.1199
-62.1099
-62.0931
-62.0699
-62.0407
-62.0065
-61.9682
-61.9266
-61.8827
-61.8372
-61.7909
-61.7443
-61.698
-61.6524
-61.608
-61.5649
-61.5235
-61.484
-61.4464
-61.411
-61.3777
-61.3466
-61.3177
-61.2911
-61.2667
-61.2444
-61.2243
-61.2063
-61.1904
-61.1764
-61.1644
-61.1543
-61.1459
-61.1393
-61.1344
-61.1311
-61.1293
-61.1291
-61.1302
-61.1327
-61.1365
-61.1416
-61.1479
-61.1552
-61.1637
-61.1732
-61.1837
-61.1951
-61.2074
-61.2205
-61.2344
-61.2491
-61.2645
-61.2806
-61.2973
-61.3146
-61.3325
-61.3509
-61.3699
-61.3893
-61.4091
-61.4294
-61.4501
-61.4711
-61.4924
-61.4958
-61.4842
-61.462
-61.4323
-61.3975
-61.3592
-61.3187
-61.2768
-61.2344
-61.192
-61.1502
-61.1093
-61.0697
-61.0315
-60.9951
-60.9606
-60.928
-60.8974
-60.869
-60.8427
-60.8186
-60.7788
-60.7263
-60.6654
-60.5992
-60.5301
-60.4595
-60.3887
-60.3184
-60.2495
-60.1825
-60.1177
-60.0555
-59.9961
-59.9398
-59.8866
-59.8366
-59.79
-59.7466
-59.7065
-59.6696
-59.636
-59.6055
-59.578
-59.5536
-59.532
-59.5133
-59.4972
-59.4838
-59.4729
-59.4644
-59.4583
-59.4544
-59.4526
-59.4528
-59.455
-59.4591
-59.465
-59.4725
-59.4817
-59.4925
-59.5046
-59.5182
-59.5332
-59.5493
-59.5667
-59.5852
-59.6048
-59.6254
-59.6469
-59.6694
-59.6927
-59.7168
-59.7417
-59.7673
-59.7936
-59.8205
-59.848
-59.876
-59.9045
-59.9336
-59.963
-59.9929
-60.0232
-60.0538
-60.0983
-60.146
-60.1942
-60.2418
-60.2883
-60.3337
-60.378
-60.4214
-60.464
-60.5058
-60.547
-60.5876
-60.6278
-60.6674
-60.7067
-60.7456
-60.7841
-60.8223
-60.8601
-60.8976
-60.9348
-60.9717
-61.0083
-61.0446
-61.0805
-61.1162
-61.1516
-61.1866
-61.2214
-61.2559
-61.29
-61.3239
-61.3575
-61.3907
-61.4237
-61.4564
-61.4888
-61.5209
-61.5527
-61.5842
-61.6154
-61.6463
-61.6769
-61.7072
-61.7373
-61.767
-61.7965
-61.8256
-61.8545
-61.8831
-61.9115
-61.9395
-61.9673
-61.9947
-62.0219
-62.0489
-62.0755
-62.1019
-62.128
-62.1539
-62.1794
-62.2048
-62.2298
-62.2546
-62.2791
-62.3034
-62.3274
-62.3512
-62.3747
-62.3979
-62.421
-62.4437
-62.4662
-62.4885
-62.5106
-62.5324
-62.5539
-62.5753
-62.5964
-62.6172
-62.6379
-62.6583
-62.6785
-62.6985
-62.7182
-62.7378
-62.7571
-62.7762
-62.7951
-62.7951
-62.7793
-62.7521
-62.7168
-62.6759
-62.6308
-62.5829
-62.5333
-62.4826
-62.4315
-62.3806
-62.3301
-62.2806
-62.2322
-62.1852
-62.1398
-62.0961
-62.0542
-62.0141
-61.976
-61.9399
-61.9057
-61.8736
-61.8434
-61.8151
-61.7888
-61.7644
-61.7418
-61.7211
-61.7021
-61.6848
-61.6692
-61.6552
-61.6428
-61.6318
-61.6223
-61.6142
-61.6075
-61.602
-61.5978
-61.5948
-61.593
-61.5922
-61.5925
-61.5938
-61.5961
-61.5993
-61.6034
-61.6084
-61.6141
-61.6206
-61.6279
-61.6358
-61.6445
-61.6537
-61.6636
-61.674
-61.6849
-61.6964
-61.7084
-61.7208
-61.7337
-61.7469
-61.7606
-61.7746
-61.789
-61.8037
-61.8187
-61.8339
-61.8495
-61.8652
-61.8812
-61.8975
-61.9139
-61.9305
-61.9473
-61.9642
-61.9812
-61.9984
-62.0157
-62.0331
-62.0506
-62.0682
-62.0858
-62.1035
-62.1212
-62.139
-62.1569
-62.1747
-62.1926
-62.2104
-62.2283
-62.2461
-62.264
-62.2818
-62.2996
-62.3174
-62.3351
-62.3528
-62.3704
-62.388
-62.4056
-62.423
-62.4404
-62.4578
-62.4751
-62.4922
-62.5094
-62.5264
-62.5433
-62.5602
-62.577
-62.5936
-62.6102
-62.6267
-62.6431
-62.6594
-62.6756
-62.6916
-62.7076
-62.7235
-62.7392
-62.7549
-62.7704
-62.7859
-62.8012
-62.8164
-62.8315
-62.8464
-62.8613
-62.876
-62.8907
-62.9052
-62.9196
-62.9338
-62.948
-62.962
-62.976
-62.9898
-63.0035
-63.017
-63.0305
-63.0438
-63.0571
-63.0702
-63.0832
-63.096
-63.1088
-63.1214
-63.134
-63.1464
-63.1587
-63.1709
-63.1937
-63.2188
-63.2439
-63.2683
-63.2915
-63.3137
-63.3348
-63.3549
-63.3742
-63.3927
-63.4106
-63.4278
-63.4446
-63.4608
-63.4766
-63.492
-63.507
-63.5285
-63.5652
-63.6046
-63.6434
-63.6871
-63.7301
-63.7709
-63.8092
-63.8451
-63.8786
-63.9102
-63.9399
-63.968
-63.9946
-64.02
-64.0443
-64.0675
-64.0897
-64.1111
-64.1382
-64.1659
-64.193
-64.219
-64.2437
-64.2671
-64.2894
-64.3106
-64.3308
-64.3501
-64.3685
-64.3861
-64.403
-64.4192
-64.4348
-64.4497
-64.4641
-64.4779
-64.4912
-64.5039
-64.5162
-64.528
-64.5393
-64.5502
-64.5607
-64.5771
-64.6069
-64.6392
-64.677
-64.7143
-64.7495
-64.7822
-64.8074
-64.8259
-64.8394
-64.849
-64.8555
-64.8595
-64.8616
-64.8623
-64.8618
-64.8603
-64.8532
-64.8413
-64.8261
-64.8147
-64.8031
-64.7905
-64.7769
-64.7625
-64.7475
-64.7321
-64.7166
-64.7011
-64.6858
-64.6708
-64.6561
-64.642
-64.6283
-64.6277
-64.6366
-64.6475
-64.6584
-64.6683
-64.677
-64.6846
-64.6913
-64.6972
-64.7025
-64.7072
-64.7116
-64.7157
-64.7257
-64.7369
-64.748
-64.7586
-64.7686
-64.778
-64.7867
-64.7949
-64.8027
-64.8101
-64.8162
-64.8206
-64.8226
-64.8224
-64.82
-64.8155
-64.8093
-64.8015
-64.7926
-64.7827
-64.7662
-64.7435
-64.7156
-64.6835
-64.6542
-64.6362
-64.6191
-64.6006
-64.58
-64.5841
-64.5913
-64.5951
-64.6004
-64.6025
-64.601
-64.5961
-64.5885
-64.5789
-64.568
-64.5561
-64.5431
-64.5285
-64.5123
-64.4945
-64.4755
-64.4555
-64.4349
-64.4139
-64.3928
-64.372
-64.3467
-64.3179
-64.2871
-64.2552
-64.223
-64.191
-64.1596
-64.1356
-64.1141
-64.0939
-64.0698
-64.0425
-64.0134
-63.9834
-63.9531
-63.9231
-63.8938
-63.8653
-63.8381
-63.8121
-63.7876
-63.7779
-63.7794
-63.784
-63.7893
-63.7944
-63.7991
-63.8034
-63.8075
-63.8115
-63.8173
-63.8207
-63.8217
-63.8206
-63.818
-63.8144
-63.8101
-63.8054
-63.8007
-63.7961
-63.7911
-63.785
-63.7776
-63.7689
-63.7589
-63.748
-63.7364
-63.7243
-63.7119
-63.6995
-63.6874
-63.6756
-63.6643
-63.659
-63.6563
-63.6553
-63.6556
-63.6569
-63.6591
-63.662
-63.6599
-63.6529
-63.642
-63.6277
-63.6109
-63.5921
-63.5787
-63.5658
-63.5526
-63.5524
-63.5548
-63.5572
-63.5587
-63.5593
-63.5658
-63.5734
-63.5807
-63.5874
-63.5937
-63.5997
-63.6046
-63.6081
-63.6099
-63.6099
-63.6084
-63.6056
-63.6018
-63.6256
-63.6588
-63.6934
-63.7266
-63.7573
-63.7855
-63.818
-63.85
-63.8804
-63.909
-63.936
-63.9616
-63.986
-64.0046
-64.0184
-64.0287
-64.0366
-64.0428
-64.0479
-64.0521
-64.0559
-64.0594
-64.0628
-64.0793
-64.0988
-64.1185
-64.1376
-64.1559
-64.1732
-64.1898
-64.2057
-64.2212
-64.2362
-64.2461
-64.2517
-64.2544
-64.255
-64.2543
-64.2526
-64.2569
-64.2622
-64.274
-64.2867
-64.2991
-64.3107
-64.3215
-64.3316
-64.3411
-64.3501
-64.3587
-64.3671
-64.3752
-64.3832
-64.3911
-64.3989
-64.4067
-64.4143
-64.422
-64.4295
-64.4464
-64.4652
-64.4839
-64.5018
-64.5187
-64.5408
-64.5632
-64.5847
-64.6049
-64.633
-64.674
-64.7164
-64.757
-64.7947
-64.8295
-64.8613
-64.8906
-64.9174
-64.9422
-64.9652
-64.9865
-65.0062
-65.0246
-65.0418
-65.0578
-65.0728
-65.0868
-65.0998
-65.1121
-65.1235
-65.1342
-65.1442
-65.1536
-65.1624
-65.1764
-65.1969
-65.2183
-65.2387
-65.2576
-65.2749
-65.2906
-65.3049
-65.3178
-65.3294
-65.34
-65.3496
-65.3582
-65.366
-65.373
-65.3794
-65.3851
-65.3901
-65.3947
-65.3987
-65.4022
-65.4053
-65.408
-65.4102
-65.4121
-65.4136
-65.4148
-65.4157
-65.4402
-65.4727
-65.5064
-65.55
-65.5936
-65.6345
-65.6722
-65.7065
-65.7377
-65.7662
-65.7923
-65.8162
-65.8384
-65.8588
-65.8778
-65.8955
-65.912
-65.9274
-65.9418
-65.9553
-65.9679
-65.9851
-66.0026
-66.0195
-66.0353
-66.0499
-66.0634
-66.0757
-66.0871
-66.0976
-66.1072
-66.116
-66.1241
-66.1315
-66.1383
-66.1444
-66.15
-66.1551
-66.1596
-66.1636
-66.1672
-66.1703
-66.1729
-66.1752
-66.1823
-66.1901
-66.1976
-66.2044
-66.2103
-66.2154
-66.2197
-66.2233
-66.2261
-66.2336
-66.2417
-66.2493
-66.256
-66.2619
-66.2668
-66.2708
-66.2741
-66.2766
-66.2785
-66.2798
-66.2805
-66.2808
-66.2805
-66.2799
-66.2788
-66.2773
-66.2755
-66.2539
-66.2159
-66.1662
-66.1083
-66.0445
-65.9766
-65.9058
-65.8331
-65.7593
-65.685
-65.6106
-65.5367
-65.4636
-65.3915
-65.3206
-65.2512
-65.1834
-65.1173
-65.053
-64.9906
-64.9348
-64.8827
-64.8336
-64.7867
-64.742
-64.6992
-64.6582
-64.6188
-64.581
-64.5447
-64.5098
-64.4763
-64.4441
-64.4132
-64.3835
-64.355
-64.3277
-64.3016
-64.2765
-64.2526
-64.2297
-64.2078
-64.1869
-64.1669
-64.1478
-64.1394
-64.134
-64.1294
-64.1249
-64.1203
-64.1153
-64.1102
-64.1048
-64.0993
-64.0939
-64.0884
-64.083
-64.0777
-64.0726
-64.0677
-64.0629
-64.0584
-64.054
-64.0499
-64.046
-64.0422
-64.0386
-64.0352
-64.0318
-64.0286
-64.0255
-64.0224
-64.0195
-64.0166
-64.0138
-64.011
-64.0084
-64.0058
-64.0034
-64.001
-63.9987
-63.9965
-63.9944
-63.9925
-63.9906
-63.9889
-63.9872
-63.9857
-63.9843
-63.983
-63.9818
-63.9807
-63.9797
-63.9788
-63.978
-63.9772
-63.9765
-63.9758
-63.9751
-63.9843
-63.9957
-64.0071
-64.0179
-64.0277
-64.0366
-64.0444
-64.0514
-64.0575
-64.063
-64.0678
-64.072
-64.0757
-64.0789
-64.0817
-64.0841
-64.0862
-64.088
-64.0895
-64.0907
-64.0917
-64.0926
-64.0932
-64.0937
-64.094
-64.0942
-64.0942
-64.094
-64.0937
-64.0932
-64.0925
-64.0917
-64.0906
-64.0894
-64.0881
-64.0866
-64.085
-64.0833
-64.0815
-64.0795
-64.0776
-64.0755
-64.0734
-64.0713
-64.0692
-64.067
-64.0649
-64.0627
-64.0606
-64.0584
-64.0563
-64.0543
-64.0523
-64.0503
-64.0484
-64.0465
-64.0447
-64.0429
-64.0412
-64.0396
-64.0191
-63.9828
-63.9353
-63.88
-63.8192
-63.7546
-63.6874
-63.6187
-63.5492
-63.4795
-63.4102
-63.3416
-63.2741
-63.2079
-63.1433
-63.0804
-63.0194
-62.9603
-62.9032
-62.8482
-62.7953
-62.7444
-62.6957
-62.649
-62.6045
-62.562
-62.5215
-62.483
-62.4465
-62.4119
-62.3792
