-65
-64.9848
-64.9714
-64.9581
-64.9453
-64.9331
-64.9218
-64.9115
-64.9021
-64.8937
-64.8861
-64.8793
-64.8732
-64.8678
-64.8629
-64.8585
-64.8546
-64.851
-64.8479
-64.845
-64.8425
-64.8402
-64.8382
-64.8363
-64.8347
-64.8333
-64.832
-64.8309
-64.8299
-64.8291
-64.8284
-64.8278
-64.8273
-64.8269
-64.8266
-64.8264
-64.8262
-64.8262
-64.8262
-64.8263
-64.8264
-64.8267
-64.8269
-64.8272
-64.8276
-64.828
-64.8285
-64.8289
-64.8295
-64.83
-64.8306
-64.8313
-64.8319
-64.8326
-64.8333
-64.8341
-64.8348
-64.8356
-64.8364
-64.8372
-64.838
-64.8389
-64.8397
-64.8406
-64.8415
-64.8424
-64.8433
-64.8442
-64.8452
-64.8461
-64.847
-64.848
-64.8489
-64.8499
-64.8508
-64.8518
-64.8528
-64.8538
-64.8547
-64.8557
-64.8567
-64.8577
-64.8586
-64.8596
-64.8606
-64.8616
-64.8625
-64.8635
-64.8645
-64.8655
-64.8664
-64.8674
-64.8684
-64.8693
-64.8703
-64.8712
-64.8722
-64.8731
-64.8741
-64.875
-64.876
-64.8769
-64.8778
-64.8787
-64.8797
-64.8806
-64.8815
-64.8824
-64.8833
-64.8842
-64.8851
-64.886
-64.8868
-64.8877
-64.8886
-64.8894
-64.8903
-64.8912
-64.892
-64.8928
-64.8937
-64.8945
-64.8953
-64.8961
-64.897
-64.8978
-64.8986
-64.8994
-64.9001
-64.9009
-64.9017
-64.9025
-64.9032
-64.904
-64.9048
-64.9055
-64.9062
-64.907
-64.9077
-64.9084
-64.9091
-64.9099
-64.9106
-64.9113
-64.912
-64.9127
-64.9133
-64.914
-64.9147
-64.9154
-64.916
-64.9167
-64.9173
-64.918
-64.9186
-64.9193
-64.9199
-64.9205
-64.9211
-64.9217
-64.9223
-64.9229
-64.9235
-64.9241
-64.9247
-64.9253
-64.9259
-64.9265
-64.927
-64.9276
-64.9281
-64.9287
-64.9292
-64.9298
-64.9303
-64.9308
-64.9314
-64.9319
-64.9324
-64.9329
-64.9334
-64.9339
-64.9344
-64.9349
-64.9354
-64.9359
-64.9364
-64.9369
-64.9373
-64.9378
-64.9383
-64.9387
-64.9392
-64.9396
-64.9401
-64.9405
-64.9409
-64.9414
-64.9418
-64.9422
-64.9427
-64.9431
-64.9435
-64.9439
-64.9443
-64.9447
-64.9451
-64.9455
-64.9459
-64.9463
-64.9466
-64.947
-64.9474
-64.9478
-64.9481
-64.9485
-64.9489
-64.9492
-64.9496
-64.9499
-64.9503
-64.9506
-64.9509
-64.9513
-64.9516
-64.9519
-64.9523
-64.9526
-64.9529
-64.9532
-64.9535
-64.9538
-64.9542
-64.9545
-64.9548
-64.9551
-64.9553
-64.9556
-64.9559
-64.9562
-64.9565
-64.9568
-64.9571
-64.9573
-64.9576
-64.9579
-64.9581
-64.9584
-64.9586
-64.9589
-64.9592
-64.9594
-64.9597
-64.9599
-64.9601
-64.9604
-64.9606
-64.9609
-64.9611
-64.9613
-64.9616
-64.9618
-64.962
-64.9622
-64.9624
-64.9627
-64.9629
-64.9631
-64.9633
-64.9635
-64.9637
-64.9639
-64.9641
-64.9643
-64.9645
-64.9647
-64.9649
-64.9651
-64.9653
-64.9654
-64.9656
-64.9658
-64.966
-64.9662
-64.9663
-64.9665
-64.9667
-64.9668
-64.967
-64.9672
-64.9673
-64.9675
-64.9677
-64.9678
-64.968
-64.9681
-64.9683
-64.9684
-64.9686
-64.9687
-64.9689
-64.969
-64.9692
-64.9693
-64.9694
-64.9696
-64.9697
-64.9698
-64.97
-64.9701
-64.9702
-64.9703
-64.9705
-64.9706
-64.9707
-64.9708
-64.971
-64.9711
-64.9712
-64.9713
-64.9714
-64.9715
-64.9716
-64.9717
-64.9719
-64.972
-64.9721
-64.9722
-64.9723
-64.9724
-64.9725
-64.9726
-64.9727
-64.9728
-64.9729
-64.9729
-64.973
-64.9731
-64.9732
-64.9733
-64.9734
-64.9735
-64.9736
-64.9736
-64.9737
-64.9738
-64.9739
-64.974
-64.974
-64.9741
-64.9742
-64.9743
-64.9743
-64.9744
-64.9745
-64.9746
-64.9746
-64.9747
-64.9748
-64.9748
-64.9749
-64.975
-64.975
-64.9751
-64.9751
-64.9752
-64.9753
-64.9753
-64.9754
-64.9754
-64.9755
-64.9755
-64.9756
-64.9757
-64.9757
-64.9758
-64.9758
-64.9759
-64.9759
-64.976
-64.976
-64.976
-64.9761
-64.9761
-64.9762
-64.9762
-64.9763
-64.9763
-64.9763
-64.9764
-64.9764
-64.9765
-64.9765
-64.9765
-64.9766
-64.9766
-64.9766
-64.9767
-64.9767
-64.9768
-64.9768
-64.9768
-64.9768
-64.9769
-64.9769
-64.9769
-64.977
-64.977
-64.977
-64.977
-64.9771
-64.9771
-64.9771
-64.9772
-64.9772
-64.9772
-64.9772
-64.9772
-64.9773
-64.9773
-64.9773
-64.9773
-64.9773
-64.9774
-64.9774
-64.9774
-64.9774
-64.9774
-64.9775
-64.9775
-64.9775
-64.9775
-64.9775
-64.9775
-64.9775
-64.9776
-64.9776
-64.9776
-64.9776
-64.9776
-64.9776
-64.9776
-64.9776
-64.9777
-64.9777
-64.9777
-64.9777
-64.9777
-64.9777
-64.9777
-64.9777
-64.9777
-64.9777
-64.9777
-64.9777
-64.9777
-64.9778
-64.9778
-64.9778
-64.9778
-64.9778
-64.9778
-64.9778
-64.9778
-64.9778
-64.9778
-64.9778
-64.9778
-64.9778
-64.9778
-64.9778
-64.9778
-64.9778
-64.9778
-64.9778
-64.9778
-64.9778
-64.9778
-64.9778
-64.9778
-64.9778
-64.9778
-64.9778
-64.9778
-64.9778
-64.9778
-64.9778
-64.9778
-64.9778
-64.9777
-64.9777
-64.9777
-64.9777
-64.9777
-64.9777
-64.9777
-64.9777
-64.9777
-64.9777
-64.9777
-64.9777
-64.9777
-64.9777
-64.9777
-64.9777
-64.9776
-64.9776
-64.9776
-64.9776
-64.9776
-64.9776
-64.9776
-64.9776
-64.9776
-64.9776
-64.9776
-64.9776
-64.9775
-64.9775
-64.9775
-64.9775
-64.9775
-64.9775
-64.9775
-64.9775
-64.9775
-64.9774
-64.9774
-64.9774
-64.9774
-64.9774
-64.9774
-64.9774
-64.9774
-64.9774
-64.9773
-64.9773
-64.9773
-64.9773
-64.9773
-64.9773
-64.9773
-64.9772
-64.9772
-64.9772
-64.9772
-64.9772
-64.9772
-64.9772
-64.9772
-64.9771
-64.9771
-64.9771
-64.9771
-64.9771
-64.9771
-64.9771
-64.977
-64.977
-64.977
-64.977
-64.977
-64.977
-64.9769
-64.9769
-64.9769
-64.9769
-64.9769
-64.9769
-64.9769
-64.9768
-64.9768
-64.9768
-64.9768
-64.9768
-64.9768
-64.9767
-64.9767
-64.9767
-64.9767
-64.9767
-64.9767
-64.9766
-64.9766
-64.9766
-64.9766
-64.9766
-64.9766
-64.9765
-64.9765
-64.9765
-64.9765
-64.9765
-64.9765
-64.9764
-64.9764
-64.9764
-64.9764
-64.9764
-64.9764
-64.9763
-64.9763
-64.9763
-64.9763
-64.9763
-64.9763
-64.9762
-64.9762
-64.9762
-64.9762
-64.9762
-64.9762
-64.9761
-64.9761
-64.9761
-64.9761
-64.9761
-64.9761
-64.976
-64.976
-64.976
-64.976
-64.976
-64.9759
-64.9759
-64.9759
-64.9759
-64.9759
-64.9759
-64.9758
-64.9758
-64.9758
-64.9758
-64.9758
-64.9758
-64.9757
-64.9757
-64.9757
-64.9757
-64.9757
-64.9756
-64.9756
-64.9756
-64.9756
-64.9756
-64.9756
-64.9755
-64.9755
-64.9755
-64.9755
-64.9755
-64.9755
-64.9754
-64.9754
-64.9754
-64.9754
-64.9754
-64.9753
-64.9753
-64.9753
-64.9753
-64.9753
-64.9753
-64.9752
-64.9752
-64.9752
-64.9752
-64.9752
-64.9752
-64.9751
-64.9751
-64.9751
-64.9751
-64.9751
-64.975
-64.975
-64.975
-64.975
-64.975
-64.975
-64.9749
-64.9749
-64.9749
-64.9749
-64.9749
-64.9749
-64.9748
-64.9748
-64.9748
-64.9748
-64.9748
-64.9748
-64.9747
-64.9747
-64.9747
-64.9747
-64.9747
-64.9747
-64.9746
-64.9746
-64.9746
-64.9746
-64.9746
-64.9746
-64.9745
-64.9745
-64.9745
-64.9745
-64.9745
-64.9745
-64.9744
-64.9744
-64.9744
-64.9744
-64.9744
-64.9744
-64.9743
-64.9743
-64.9743
-64.9743
-64.9743
-64.9743
-64.9742
-64.9742
-64.9742
-64.9742
-64.9742
-64.9742
-64.9741
-64.9741
-64.9741
-64.9741
-64.9741
-64.9741
-64.974
-64.974
-64.974
-64.974
-64.974
-64.974
-64.9739
-64.9739
-64.9739
-64.9739
-64.9739
-64.9739
-64.9739
-64.9738
-64.9738
-64.9738
-64.9738
-64.9738
-64.9738
-64.9737
-64.9737
-64.9737
-64.9737
-64.9737
-64.9737
-64.9736
-64.9736
-64.9736
-64.9736
-64.9736
-64.9736
-64.9736
-64.9735
-64.9735
-64.9735
-64.9735
-64.9735
-64.9735
-64.9735
-64.9734
-64.9734
-64.9734
-64.9734
-64.9734
-64.9734
-64.9734
-64.9733
-64.9733
-64.9733
-64.9733
-64.9733
-64.9733
-64.9732
-64.9732
-64.9732
-64.9732
-64.9732
-64.9732
-64.9732
-64.9732
-64.9731
-64.9731
-64.9731
-64.9731
-64.9731
-64.9731
-64.9731
-64.973
-64.973
-64.973
-64.973
-64.973
-64.973
-64.973
-64.9729
-64.9729
-64.9729
-64.9729
-64.9729
-64.9729
-64.9729
-64.9728
-64.9728
-64.9728
-64.9728
-64.9728
-64.9728
-64.9728
-64.9728
-64.9727
-64.9727
-64.9727
-64.9727
-64.9727
-64.9727
-64.9727
-64.9727
-64.9726
-64.9726
-64.9726
-64.9726
-64.9726
-64.9726
-64.9726
-64.9725
-64.9725
-64.9725
-64.9725
-64.9725
-64.9725
-64.9725
-64.9725
-64.9724
-64.9724
-64.9724
-64.9724
-64.9724
-64.9724
-64.9724
-64.9724
-64.9724
-64.9723
-64.9723
-64.9723
-64.9723
-64.9723
-64.9723
-64.9723
-64.9723
-64.9722
-64.9722
-64.9722
-64.9722
-64.9722
-64.9722
-64.9722
-64.9722
-64.9721
-64.9721
-64.9721
-64.9721
-64.9721
-64.9721
-64.9721
-64.9721
-64.9721
-64.972
-64.972
-64.972
-64.972
-64.972
-64.972
-64.972
-64.972
-64.972
-64.9719
-64.9719
-64.9719
-64.9719
-64.9719
-64.9719
-64.9719
-64.9719
-64.9719
-64.9718
-64.9718
-64.9718
-64.9718
-64.9718
-64.9718
-64.9718
-64.9718
-64.9718
-64.9718
-64.9717
-64.9717
-64.9717
-64.9717
-64.9717
-64.9717
-64.9717
-64.9717
-64.9717
-64.9717
-64.9716
-64.9716
-64.9716
-64.9716
-64.9716
-64.9716
-64.9716
-64.9716
-64.9716
-64.9716
-64.9715
-64.9715
-64.9715
-64.9715
-64.9715
-64.9715
-64.9715
-64.9715
-64.9715
-64.9715
-64.9714
-64.9714
-64.9714
-64.9714
-64.9714
-64.9714
-64.9714
-64.9714
-64.9714
-64.9714
-64.9714
-64.9713
-64.9713
-64.9713
-64.9713
-64.9713
-64.9713
-64.9713
-64.9713
-64.9713
-64.9713
-64.9713
-64.9712
-64.9712
-64.9712
-64.9712
-64.9712
-64.9712
-64.9712
-64.9712
-64.9712
-64.9712
-64.9712
-64.9711
-64.9711
-64.9711
-64.9711
-64.9711
-64.9711
-64.9711
-64.9711
-64.9711
-64.9711
-64.9711
-64.9711
-64.971
-64.971
-64.971
-64.971
-64.971
-64.971
-64.971
-64.971
-64.971
-64.971
-64.971
-64.971
-64.9709
-64.9709
-64.9709
-64.9709
-64.9709
-64.9709
-64.9709
-64.9709
-64.9709
-64.9709
-64.9709
-64.9709
-64.9709
-64.9708
-64.9708
-64.9708
-64.9708
-64.9708
-64.9708
-64.9708
-64.9708
-64.9708
-64.9708
-64.9708
-64.9708
-64.9708
-64.9707
-64.9707
-64.9707
-64.9707
-64.9707
-64.9707
-64.9707
-64.9707
-64.9707
-64.9707
-64.9707
-64.9707
-64.9707
-64.9707
-64.9706
-64.9706
-64.9706
-64.9706
-64.9706
-64.9706
-64.9706
-64.9706
-64.9706
-64.9706
-64.9706
-64.9706
-64.9706
-64.9706
-64.9706
-64.9705
-64.9705
-64.9705
-64.9705
-64.9705
-64.9705
-64.9705
-64.9705
-64.9705
-64.9705
-64.9705
-64.9705
-64.9705
-64.9705
-64.9705
-64.9704
-64.9704
-64.9704
-64.9704
-64.9704
-64.9704
-64.9704
-64.9704
-64.9704
-64.9704
-64.9704
-64.9704
-64.9704
-64.9704
-64.9704
-64.9704
-64.9703
-64.9703
-64.9703
-64.9703
-64.9703
-64.9703
-64.9703
-64.9703
-64.9703
-64.9703
-64.9703
-64.9703
-64.9703
-64.9703
-64.9703
-64.9703
-64.9703
-64.9702
-64.9702
-64.9702
-64.9702
-64.9702
-64.9702
-64.9702
-64.9702
-64.9702
-64.9702
-64.9702
-64.9702
-64.9702
-64.9702
-64.9702
-64.9702
-64.9702
-64.9702
-64.9701
-64.9701
-64.9701
-64.9701
-64.9701
-64.9701
-64.9701
-64.9701
-64.9701
-64.9701
-64.9701
-64.9701
-64.9701
-64.9701
-64.9701
-64.9701
-64.9701
-64.9701
-64.9701
-64.97
-64.97
-64.97
-64.97
-64.97
-64.97
-64.97
-64.97
-64.97
-64.97
-64.97
-64.97
-64.97
-64.97
-64.97
-64.97
-64.97
-64.97
-64.97
-64.97
-64.9699
-64.9699
-64.9699
-64.9699
-64.9699
-64.9699
-64.9699
-64.9699
-64.9699
-64.9699
-64.9699
-64.9699
-64.9699
-64.9699
-64.9699
-64.9699
-64.9699
-64.9699
-64.9699
-64.9699
-64.9699
-64.9699
-64.9698
-64.9698
-64.9698
-64.9698
-64.9698
-64.9698
-64.9698
-64.9698
-64.9698
-64.9698
-64.9698
-64.9698
-64.9698
-64.9698
-64.9698
-64.9698
-64.9698
-64.9698
-64.9698
-64.9698
-64.9698
-64.9698
-64.9698
-64.9698
-64.9697
-64.9697
-64.9697
-64.9697
-64.9697
-64.9697
-64.9697
-64.9697
-64.9697
-64.9697
-64.9697
-64.9697
-64.9697
-64.9697
-64.9697
-64.9697
-64.9697
-64.9697
-64.9697
-64.9697
-64.9697
-64.9697
-64.9697
-64.9697
-64.9697
-64.9697
-64.9696
-64.9696
-64.9696
-64.9696
-64.9696
-64.9696
-64.9696
-64.9696
-64.9696
-64.9696
-64.9696
-64.9696
-64.9696
-64.9696
-64.9696
-64.9696
-64.9696
-64.9696
-64.9696
-64.9696
-64.9696
-64.9696
-64.9696
-64.9696
-64.9696
-64.9696
-64.9696
-64.9696
-64.9695
-64.9695
-64.9695
-64.9695
-64.9695
-64.9695
-64.9695
-64.9695
-64.9695
-64.9695
-64.9695
-64.9695
-64.9695
-64.9695
-64.9695
-64.9695
-64.9695
-64.9695
-64.9695
-64.9695
-64.9695
-64.9695
-64.9695
-64.9695
-64.9695
-64.9695
-64.9695
-64.9695
-64.9695
-64.9695
-64.9695
-64.9695
-64.9695
-64.9694
-64.9694
-64.9694
-64.9694
-64.9694
-64.9694
-64.9694
-64.9694
-64.9694
-64.9694
-64.9694
-64.9694
-64.9694
-64.9694
-64.9694
-64.9694
-64.9694
-64.9694
-64.9694
-64.9694
-64.9694
-64.9694
-64.9694
-64.9694
-64.9694
-64.9662
-64.957
-64.9404
-64.9158
-64.8836
-64.8443
-64.799
-64.7484
-64.6937
-64.6357
-64.5753
-64.5132
-64.4501
-64.3866
-64.3231
-64.2602
-64.1982
-64.1373
-64.0778
-64.0198
-63.9636
-63.9092
-63.8568
-63.8063
-63.7578
-63.7113
-63.6669
-63.6245
-63.584
-63.5456
-63.5091
-63.4745
-63.4417
-63.4108
-63.3816
-63.3541
-63.3283
-63.3042
-63.2816
-63.2605
-63.2409
-63.2227
-63.2059
-63.1903
-63.1761
-63.1631
-63.1513
-63.1406
-63.131
-63.1225
-63.115
-63.1084
-63.1028
-63.0981
-63.0942
-63.0912
-63.089
-63.0875
-63.0868
-63.0868
-63.0874
-63.0887
-63.0905
-63.093
-63.096
-63.0996
-63.1036
-63.1082
-63.1132
-63.1187
-63.1246
-63.1308
-63.1375
-63.1445
-63.1519
-63.1596
-63.1675
-63.1758
-63.1844
-63.1932
-63.2023
-63.2116
-63.2211
-63.2309
-63.2408
-63.2509
-63.2612
-63.2716
-63.2822
-63.2929
-63.3037
-63.3147
-63.3258
-63.337
-63.3482
-63.3596
-63.371
-63.3825
-63.3941
-63.4057
-63.4173
-63.429
-63.4408
-63.4525
-63.4643
-63.4761
-63.488
-63.4998
-63.5116
-63.5235
-63.5353
-63.5471
-63.5589
-63.5707
-63.5825
-63.5943
-63.606
-63.6177
-63.6294
-63.641
-63.6526
-63.6641
-63.6757
-63.6871
-63.6985
-63.7099
-63.7212
-63.7325
-63.7437
-63.7549
-63.766
-63.777
-63.788
-63.7989
-63.8098
-63.8206
-63.8313
-63.8419
-63.8525
-63.8631
-63.8735
-63.8839
-63.8942
-63.9045
-63.9147
-63.9248
-63.9348
-63.9448
-63.9547
-63.9645
-63.9742
-63.9839
-63.9935
-64.003
-64.0124
-64.0218
-64.0311
-64.0403
-64.0495
-64.0586
-64.0676
-64.0765
-64.0853
-64.0941
-64.1028
-64.1114
-64.12
-64.1285
-64.1369
-64.1452
-64.1535
-64.1617
-64.1698
-64.1778
-64.1858
-64.1937
-64.2015
-64.2093
-64.217
-64.2246
-64.2322
-64.2396
-64.247
-64.2544
-64.2617
-64.2689
-64.276
-64.2831
-64.2901
-64.297
-64.3039
-64.3107
-64.3174
-64.3241
-64.3307
-64.3373
-64.3438
-64.3502
-64.3565
-64.3628
-64.3691
-64.3752
-64.3814
-64.3874
-64.3934
-64.3993
-64.4052
-64.411
-64.4168
-64.4225
-64.4281
-64.4337
-64.4393
-64.4447
-64.4502
-64.4555
-64.4608
-64.4661
-64.4713
-64.4765
-64.4816
-64.4866
-64.4916
-64.4966
-64.5015
-64.5063
-64.5111
-64.5158
-64.5205
-64.5252
-64.5298
-64.5343
-64.5388
-64.5433
-64.5477
-64.5521
-64.5564
-64.5607
-64.5649
-64.5691
-64.5732
-64.5773
-64.5814
-64.5854
-64.5893
-64.5933
-64.5972
-64.601
-64.6048
-64.6086
-64.6123
-64.616
-64.6196
-64.6232
-64.6268
-64.6303
-64.6338
-64.6372
-64.6407
-64.644
-64.6474
-64.6507
-64.6539
-64.6572
-64.6604
-64.6635
-64.6667
-64.6697
-64.6728
-64.6758
-64.6788
-64.6818
-64.6847
-64.6876
-64.6905
-64.6933
-64.6961
-64.6989
-64.7016
-64.7043
-64.707
-64.7096
-64.7122
-64.7148
-64.7174
-64.7199
-64.7224
-64.7249
-64.7273
-64.7298
-64.7322
-64.7345
-64.7369
-64.7392
-64.7414
-64.7437
-64.7459
-64.7481
-64.7503
-64.7525
-64.7546
-64.7567
-64.7588
-64.7608
-64.7629
-64.7649
-64.7669
-64.7688
-64.7708
-64.7727
-64.7746
-64.7765
-64.7783
-64.7801
-64.782
-64.7837
-64.7855
-64.7872
-64.789
-64.7907
-64.7924
-64.794
-64.7957
-64.7973
-64.7989
-64.8005
-64.802
-64.8036
-64.8051
-64.8066
-64.8081
-64.8096
-64.811
-64.8125
-64.8139
-64.8153
-64.8167
-64.818
-64.8194
-64.8207
-64.822
-64.8233
-64.8246
-64.8259
-64.8271
-64.8284
-64.8296
-64.8308
-64.832
-64.8331
-64.8343
-64.8354
-64.8366
-64.8377
-64.8388
-64.8399
-64.8409
-64.842
-64.8431
-64.8441
-64.8451
-64.8461
-64.8471
-64.8481
-64.849
-64.85
-64.8509
-64.8519
-64.8528
-64.8537
-64.8546
-64.8554
-64.8563
-64.8572
-64.858
-64.8588
-64.8596
-64.8605
-64.8613
-64.862
-64.8628
-64.8636
-64.8643
-64.8651
-64.8658
-64.8665
-64.8672
-64.8679
-64.8686
-64.8693
-64.87
-64.8707
-64.8713
-64.872
-64.8726
-64.8732
-64.8738
-64.8744
-64.875
-64.8756
-64.8762
-64.8768
-64.8773
-64.8779
-64.8784
-64.879
-64.8795
-64.88
-64.8805
-64.881
-64.8815
-64.882
-64.8825
-64.883
-64.8835
-64.8839
-64.8844
-64.8848
-64.8852
-64.8857
-64.8861
-64.8865
-64.8869
-64.8873
-64.8877
-64.8881
-64.8885
-64.8889
-64.8893
-64.8896
-64.89
-64.8903
-64.8907
-64.891
-64.8913
-64.8917
-64.892
-64.8923
-64.8926
-64.8929
-64.8932
-64.8935
-64.8938
-64.8941
-64.8944
-64.8946
-64.8949
-64.8952
-64.8954
-64.8957
-64.8959
-64.8962
-64.8964
-64.8967
-64.8969
-64.8971
-64.8973
-64.8975
-64.8978
-64.898
-64.8982
-64.8984
-64.8986
-64.8987
-64.8989
-64.8991
-64.8993
-64.8995
-64.8996
-64.8998
-64.9
-64.9001
-64.9003
-64.9004
-64.9006
-64.9007
-64.9009
-64.901
-64.9011
-64.9013
-64.9014
-64.9015
-64.9016
-64.9017
-64.9019
-64.902
-64.9021
-64.9022
-64.9023
-64.9024
-64.9025
-64.9026
-64.9027
-64.9027
-64.9028
-64.9029
-64.903
-64.9031
-64.9031
-64.9032
-64.9033
-64.9033
-64.9034
-64.9035
-64.9035
-64.9036
-64.9036
-64.9037
-64.9037
-64.9038
-64.9038
-64.9039
-64.9039
-64.9039
-64.904
-64.904
-64.9041
-64.9041
-64.9041
-64.9041
-64.9042
-64.9042
-64.9042
-64.9042
-64.9042
-64.9043
-64.9043
-64.9043
-64.9043
-64.9043
-64.9043
-64.9043
-64.9043
-64.9043
-64.9043
-64.9043
-64.9043
-64.9043
-64.9043
-64.9043
-64.9043
-64.9043
-64.9043
-64.9043
-64.9043
-64.9043
-64.9042
-64.9042
-64.9042
-64.9042
-64.9042
-64.9042
-64.9041
-64.9041
-64.9041
-64.9041
-64.904
-64.904
-64.904
-64.904
-64.9039
-64.9039
-64.9039
-64.9038
-64.9038
-64.9038
-64.9037
-64.9037
-64.9037
-64.9036
-64.9036
-64.9035
-64.9035
-64.9035
-64.9034
-64.9034
-64.9033
-64.9033
-64.9033
-64.9032
-64.9032
-64.9031
-64.9031
-64.903
-64.903
-64.9029
-64.9029
-64.9029
-64.9028
-64.9028
-64.9027
-64.9027
-64.9026
-64.9026
-64.9025
-64.9025
-64.9024
-64.9024
-64.9023
-64.9022
-64.9022
-64.9021
-64.9021
-64.902
-64.902
-64.9019
-64.9019
-64.9018
-64.9018
-64.9017
-64.9017
-64.9016
-64.9015
-64.9015
-64.9014
-64.9014
-64.9013
-64.9013
-64.9012
-64.9011
-64.9011
-64.901
-64.901
-64.9009
-64.9009
-64.9008
-64.9007
-64.9007
-64.9006
-64.9006
-64.9005
-64.9005
-64.9004
-64.9003
-64.9003
-64.9002
-64.9002
-64.9001
-64.9
-64.9
-64.8999
-64.8999
-64.8998
-64.8998
-64.8997
-64.8996
-64.8996
-64.8995
-64.8995
-64.8994
-64.8994
-64.8993
-64.8992
-64.8992
-64.8991
-64.8991
-64.899
-64.899
-64.8989
-64.8989
-64.8988
-64.8987
-64.8987
-64.8986
-64.8986
-64.8985
-64.8985
-64.8984
-64.8984
-64.8983
-64.8982
-64.8982
-64.8981
-64.8981
-64.898
-64.898
-64.8979
-64.8979
-64.8978
-64.8978
-64.8977
-64.8977
-64.8976
-64.8976
-64.8975
-64.8975
-64.8974
-64.8974
-64.8973
-64.8973
-64.8972
-64.8972
-64.8971
-64.8971
-64.897
-64.897
-64.8969
-64.8969
-64.8968
-64.8968
-64.8967
-64.8967
-64.8967
-64.8966
-64.8966
-64.8965
-64.8965
-64.8964
-64.8964
-64.8963
-64.8963
-64.8963
-64.8962
-64.8962
-64.8961
-64.8961
-64.896
-64.896
-64.896
-64.8959
-64.8959
-64.8958
-64.8958
-64.8958
-64.8957
-64.8957
-64.8957
-64.8956
-64.8956
-64.8955
-64.8955
-64.8955
-64.8954
-64.8954
-64.8954
-64.8953
-64.8953
-64.8953
-64.8952
-64.8952
-64.8952
-64.8951
-64.8951
-64.8951
-64.895
-64.895
-64.895
-64.8949
-64.8949
-64.8949
-64.8948
-64.8948
-64.8948
-64.8948
-64.8947
-64.8947
-64.8947
-64.8947
-64.8946
-64.8946
-64.8946
-64.8945
-64.8945
-64.8945
-64.8945
-64.8944
-64.8944
-64.8944
-64.8944
-64.8944
-64.8943
-64.8943
-64.8943
-64.8943
-64.8942
-64.8942
-64.8942
-64.8942
-64.8942
-64.8941
-64.8941
-64.8941
-64.8941
-64.8941
-64.8941
-64.894
-64.894
-64.894
-64.894
-64.894
-64.894
-64.894
-64.8939
-64.8939
-64.8939
-64.8939
-64.8939
-64.8939
-64.8939
-64.8938
-64.8938
-64.8938
-64.8938
-64.8938
-64.8938
-64.8938
-64.8938
-64.8938
-64.8938
-64.8937
-64.8937
-64.8937
-64.8937
-64.8937
-64.8937
-64.8937
-64.8937
-64.8937
-64.8937
-64.8937
-64.8937
-64.8937
-64.8937
-64.8937
-64.8937
-64.8905
-64.8814
-64.8647
-64.8402
-64.808
-64.7687
-64.7234
-64.6729
-64.6182
-64.5602
-64.4998
-64.4377
-64.3746
-64.3111
-64.2477
-64.1848
-64.1227
-64.0618
-64.0023
-63.9444
-63.8882
-63.8338
-63.7813
-63.7308
-63.6823
-63.6359
-63.5914
-63.549
-63.5086
-63.4702
-63.4337
-63.399
-63.3663
-63.3354
-63.3062
-63.2788
-63.253
-63.2288
-63.2062
-63.1852
-63.1656
-63.1474
-63.1306
-63.1151
-63.1009
-63.0879
-63.0761
-63.0654
-63.0558
-63.0473
-63.0398
-63.0333
-63.0277
-63.023
-63.0192
-63.0162
-63.014
-63.0125
-63.0118
-63.0118
-63.0124
-63.0137
-63.0156
-63.0181
-63.0211
-63.0247
-63.0288
-63.0334
-63.0384
-63.0439
-63.0498
-63.0561
-63.0627
-63.0698
-63.0771
-63.0848
-63.0928
-63.1011
-63.1097
-63.1186
-63.1276
-63.137
-63.1465
-63.1562
-63.1662
-63.1763
-63.1866
-63.197
-63.2076
-63.2183
-63.2292
-63.2402
-63.2512
-63.2624
-63.2737
-63.2851
-63.2965
-63.308
-63.3196
-63.3124
-63.2895
-63.2554
-63.2135
-63.1661
-63.1148
-63.061
-63.0056
-62.9493
-62.893
-62.8369
-62.7816
-62.7274
-62.6746
-62.6233
-62.5738
-62.5262
-62.4806
-62.437
-62.3956
-62.3562
-62.319
-62.2839
-62.251
-62.2201
-62.1913
-62.1645
-62.1397
-62.1168
-62.0957
-62.0765
-62.0591
-62.0433
-62.0292
-62.0167
-62.0058
-61.9963
-61.9882
-61.9815
-61.9762
-61.972
-61.9692
-61.9674
-61.9668
-61.9673
-61.9688
-61.9712
-61.9746
-61.9789
-61.984
-61.99
-61.9967
-62.0042
-62.0124
-62.0212
-62.0307
-62.0408
-62.0515
-62.0627
-62.0745
-62.0867
-62.0994
-62.1125
-62.126
-62.14
-62.1543
-62.1689
-62.1839
-62.1992
-62.2147
-62.2306
-62.2467
-62.263
-62.2795
-62.2962
-62.3131
-62.3302
-62.3475
-62.3648
-62.3824
-62.4
-62.4177
-62.4355
-62.4535
-62.4714
-62.4895
-62.5076
-62.5257
-62.5439
-62.5621
-62.5803
-62.5986
-62.6168
-62.6351
-62.6533
-62.6715
-62.6897
-62.7079
-62.726
-62.7441
-62.7621
-62.7801
-62.7981
-62.816
-62.8338
-62.8516
-62.8693
-62.8869
-62.9045
-62.9219
-62.9393
-62.9567
-62.9739
-62.991
-63.0081
-63.025
-63.0419
-63.0586
-63.0753
-63.0918
-63.1083
-63.1246
-63.1409
-63.157
-63.1731
-63.189
-63.2048
-63.2205
-63.2361
-63.2516
-63.267
-63.2822
-63.2974
-63.3124
-63.3273
-63.3421
-63.3568
-63.3713
-63.3858
-63.4001
-63.4143
-63.4285
-63.4424
-63.4563
-63.4701
-63.4837
-63.4972
-63.5107
-63.524
-63.5371
-63.5502
-63.5632
-63.576
-63.5887
-63.6013
-63.6138
-63.6262
-63.6385
-63.6507
-63.6628
-63.6747
-63.6865
-63.6983
-63.7099
-63.7214
-63.7328
-63.7441
-63.7553
-63.7664
-63.7774
-63.7883
-63.8092
-63.8324
-63.8556
-63.878
-63.8994
-63.9198
-63.9391
-63.9576
-63.9752
-63.9922
-64.0085
-64.0243
-64.0395
-64.0543
-64.0687
-64.0827
-64.0964
-64.1097
-64.1227
-64.1354
-64.1478
-64.1599
-64.1718
-64.1834
-64.1948
-64.206
-64.2169
-64.2276
-64.2381
-64.2483
-64.2584
-64.2682
-64.2779
-64.2874
-64.2967
-64.3058
-64.3147
-64.3235
-64.3321
-64.3405
-64.3487
-64.3568
-64.3648
-64.3726
-64.3802
-64.3877
-64.3951
-64.4023
-64.4094
-64.4164
-64.42
-64.4177
-64.4078
-64.3899
-64.3643
-64.3317
-64.2929
-64.2489
-64.2006
-64.149
-64.095
-64.0391
-63.9823
-63.9249
-63.8675
-63.8106
-63.7544
-63.6993
-63.6455
-63.5931
-63.5424
-63.4934
-63.4462
-63.4009
-63.3574
-63.3159
-63.2763
-63.2387
-63.2029
-63.169
-63.1369
-63.1067
-63.0781
-63.0513
-63.0262
-63.0027
-62.9808
-62.9604
-62.9415
-62.924
-62.9079
-62.8931
-62.8796
-62.8673
-62.8563
-62.8464
-62.8376
-62.8298
-62.8231
-62.8174
-62.8126
-62.8087
-62.8057
-62.8035
-62.8021
-62.8015
-62.8016
-62.8024
-62.8039
-62.806
-62.8087
-62.812
-62.8159
-62.8203
-62.8252
-62.8307
-62.8365
-62.8428
-62.8495
-62.8567
-62.8642
-62.872
-62.8802
-62.8887
-62.8975
-62.9066
-62.916
-62.9256
-62.9355
-62.9456
-62.9559
-62.9664
-62.9771
-62.9879
-62.999
-63.0101
-63.0215
-63.0329
-63.0445
-63.0562
-63.0679
-63.0798
-63.0918
-63.1038
-63.1159
-63.128
-63.1402
-63.1525
-63.1648
-63.1771
-63.1895
-63.2019
-63.2142
-63.2266
-63.239
-63.2514
-63.2638
-63.2762
-63.2886
-63.301
-63.3133
-63.3256
-63.3379
-63.3502
-63.3624
-63.3746
-63.3867
-63.3988
-63.4108
-63.4228
-63.4348
-63.4467
-63.4585
-63.4703
-63.482
-63.4937
-63.5053
-63.5168
-63.5283
-63.5397
-63.551
-63.5623
-63.5735
-63.5846
-63.5957
-63.6067
-63.6176
-63.6284
-63.6392
-63.6498
-63.6604
-63.671
-63.6814
-63.6918
-63.7021
-63.7123
-63.7224
-63.7325
-63.7425
-63.7523
-63.7622
-63.7719
-63.7815
-63.7911
-63.8006
-63.81
-63.8194
-63.8286
-63.8378
-63.8469
-63.8559
-63.8648
-63.8737
-63.8825
-63.8912
-63.8998
-63.9083
-63.9168
-63.9252
-63.9335
-63.9417
-63.9499
-63.9579
-63.9659
-63.9739
-63.9817
-63.9705
-63.9432
-63.9045
-63.8578
-63.8053
-63.7487
-63.6895
-63.6285
-63.5665
-63.5043
-63.4423
-63.3809
-63.3205
-63.2614
-63.2038
-63.1478
-63.0937
-63.0415
-62.9914
-62.9432
-62.8972
-62.8533
-62.8115
-62.7534
-62.6821
-62.6021
-62.5165
-62.4277
-62.3373
-62.2465
-62.1562
-62.0671
-61.9798
-61.8947
-61.8123
-61.7326
-61.656
-61.5826
-61.5126
-61.4458
-61.3825
-61.3226
-61.2661
-61.2129
-61.163
-61.1164
-61.0729
-61.0326
-60.9952
-60.9608
-60.9292
-60.9003
-60.8741
-60.8505
-60.8293
-60.8104
-60.7938
-60.7795
-60.7672
-60.7569
-60.7485
-60.742
-60.7373
-60.7342
-60.7328
-60.7329
-60.7345
-60.7374
-60.7417
-60.7473
-60.7542
-60.7621
-60.7712
-60.7813
-60.7924
-60.8045
-60.8175
-60.8313
-60.8459
-60.8613
-60.8774
-60.8942
-60.9116
-60.9296
-60.9483
-60.9674
-60.9871
-61.0072
-61.0278
-61.0488
-61.0701
-61.0919
-61.114
-61.1363
-61.159
-61.182
-61.2052
-61.2286
-61.2522
-61.276
-61.3
-61.3242
-61.3484
-61.3728
-61.3973
-61.4219
-61.4466
-61.4713
-61.4961
-61.5209
-61.5457
-61.5524
-61.5439
-61.5246
-61.4977
-61.4655
-61.4295
-61.3912
-61.3513
-61.3107
-61.27
-61.2297
-61.1902
-61.1518
-61.1147
-61.0792
-61.0455
-61.0135
-60.9836
-60.9556
-60.9296
-60.9057
-60.8838
-60.864
-60.8462
-60.8303
-60.8164
-60.8044
-60.7942
-60.7858
-60.7792
-60.7742
-60.7708
-60.769
-60.7687
-60.7698
-60.7723
-60.7762
-60.7813
-60.7876
-60.7951
-60.8037
-60.8133
-60.824
-60.8356
-60.8482
-60.8616
-60.8758
-60.8909
-60.9066
-60.9231
-60.9403
-60.9581
-60.9764
-60.9954
-61.0149
-61.0348
-61.0553
-61.0762
-61.0975
-61.1191
-61.1412
-61.1635
-61.1862
-61.2092
-61.2324
-61.2559
-61.2796
-61.3036
-61.3277
-61.3519
-61.3763
-61.4009
-61.4256
-61.4504
-61.4752
-61.5002
-61.5252
-61.5503
-61.5754
-61.6005
-61.6257
-61.6508
-61.676
-61.7011
-61.7262
-61.7513
-61.7764
-61.8014
-61.8263
-61.8512
-61.876
-61.9008
-61.9254
-61.95
-61.9745
-61.9989
-62.0232
-62.0473
-62.0714
-62.0953
-62.1192
-62.1429
-62.1665
-62.1899
-62.2132
-62.2364
-62.2594
-62.2823
-62.3051
-62.3277
-62.3502
-62.3725
-62.3947
-62.4167
-62.4385
-62.4602
-62.4818
-62.5031
-62.5244
-62.5454
-62.5663
-62.5871
-62.6077
-62.6281
-62.6483
-62.6684
-62.6884
-62.7081
-62.7277
-62.7472
-62.7664
-62.7856
-62.8045
-62.8233
-62.8419
-62.8604
-62.8787
-62.8968
-62.9148
-62.9326
-62.9502
-62.9677
-62.9851
-63.0022
-63.0192
-63.0361
-63.0528
-63.0693
-63.0857
-63.102
-63.1181
-63.134
-63.1498
-63.1654
-63.1809
-63.1962
-63.2114
-63.2264
-63.2413
-63.256
-63.2706
-63.2851
-63.2994
-63.3136
-63.3276
-63.3415
-63.3552
-63.3689
-63.3823
-63.3957
-63.4089
-63.422
-63.4349
-63.4477
-63.4604
-63.473
-63.4854
-63.4977
-63.5099
-63.5219
-63.5338
-63.5456
-63.5573
-63.5689
-63.5803
-63.5917
-63.6029
-63.614
-63.6249
-63.6358
-63.6465
-63.6572
-63.6677
-63.6781
-63.6884
-63.6986
-63.7087
-63.7187
-63.7286
-63.7384
-63.748
-63.7576
-63.7671
-63.7764
-63.7857
-63.7949
-63.804
-63.8129
-63.8218
-63.8306
-63.8393
-63.8479
-63.8564
-63.8648
-63.8731
-63.8814
-63.8864
-63.8855
-63.8771
-63.8608
-63.8368
-63.8059
-63.7689
-63.7267
-63.6803
-63.6307
-63.5785
-63.5247
-63.4698
-63.4145
-63.3592
-63.3044
-63.2503
-63.1974
-63.1457
-63.0956
-63.047
-63.0003
-62.9553
-62.9123
-62.8711
-62.8319
-62.7946
-62.7593
-62.7258
-62.6942
-62.6645
-62.6366
-62.6104
-62.586
-62.5632
-62.542
-62.5225
-62.5044
-62.4878
-62.4727
-62.4589
-62.4465
-62.4353
-62.4254
-62.4167
-62.4091
-62.4026
-62.3972
-62.3927
-62.3893
-62.3868
-62.3852
-62.3844
-62.3845
-62.3854
-62.387
-62.3894
-62.3924
-62.3961
-62.4004
-62.4053
-62.4108
-62.4169
-62.4234
-62.4305
-62.438
-62.446
-62.4544
-62.4632
-62.4724
-62.482
-62.4919
-62.5021
-62.5126
-62.5234
-62.5345
-62.5459
-62.5575
-62.5693
-62.5813
-62.5935
-62.606
-62.6185
-62.6313
-62.6442
-62.6572
-62.6703
-62.6836
-62.697
-62.7104
-62.724
-62.7376
-62.7513
-62.7651
-62.7789
-62.7927
-62.8066
-62.8205
-62.8345
-62.8484
-62.8624
-62.8764
-62.8904
-62.9043
-62.9183
-62.9322
-62.9462
-62.9601
-62.974
-62.9878
-63.0016
-63.0154
-63.0291
-63.0428
-63.0564
-63.07
-63.0836
-63.097
-63.1104
-63.1238
-63.1371
-63.1503
-63.1634
-63.1765
-63.1895
-63.2025
-63.2153
-63.2281
-63.2408
-63.2534
-63.266
-63.2784
-63.2908
-63.3031
-63.3153
-63.3274
-63.3395
-63.3514
-63.3633
-63.3751
-63.3867
-63.3983
-63.4099
-63.4213
-63.4326
-63.4438
-63.455
-63.466
-63.477
-63.4879
-63.4987
-63.5094
-63.52
-63.5305
-63.5409
-63.5513
-63.5615
-63.5717
-63.5817
-63.5917
-63.6016
-63.6114
-63.6211
-63.6307
-63.6402
-63.6497
-63.659
-63.6683
-63.6775
-63.6866
-63.6956
-63.7045
-63.7134
-63.7221
-63.7308
-63.7394
-63.7479
-63.7564
-63.7647
-63.773
-63.7812
-63.7893
-63.7973
-63.8052
-63.8131
-63.8209
-63.8286
-63.8362
-63.8438
-63.8513
-63.8587
-63.866
-63.8733
-63.8805
-63.8876
-63.8946
-63.9016
-63.9085
-63.9153
-63.9221
-63.9288
-63.9354
-63.942
-63.9485
-63.9549
-63.9612
-63.9675
-63.9738
-63.9799
-63.986
-63.992
-63.998
-64.0039
-64.0098
-64.0155
-64.0213
-64.0269
-64.0325
-64.0381
-64.0436
-64.049
-64.0544
-64.0597
-64.0649
-64.0701
-64.0753
-64.0804
-64.0854
-64.0904
-64.0953
-64.1002
-64.105
-64.1098
-64.1145
-64.1192
-64.1238
-64.1284
-64.1329
-64.1374
-64.1418
-64.1462
-64.1506
-64.1549
-64.14
-64.1091
-64.0668
-64.0163
-63.9602
-63.9
-63.8371
-63.7724
-63.7069
-63.641
-63.5754
-63.5104
-63.4465
-63.3838
-63.3227
-63.2633
-63.2057
-63.1501
-63.0965
-63.045
-62.9957
-62.9485
-62.9034
-62.8605
-62.8197
-62.781
-62.7444
-62.7098
-62.6771
-62.6464
-62.6176
-62.5906
-62.5654
-62.5419
-62.5201
-62.4999
-62.4812
-62.4641
-62.4484
-62.4341
-62.4212
-62.4096
-62.3992
-62.39
-62.382
-62.3751
-62.3693
-62.3645
-62.3607
-62.3578
-62.3558
-62.3547
-62.3545
-62.355
-62.3563
-62.3583
-62.361
-62.3643
-62.3683
-62.3729
-62.3781
-62.3838
-62.3901
-62.3968
-62.404
-62.4116
-62.4197
-62.4282
-62.4371
-62.4463
-62.4558
-62.4657
-62.4759
-62.4864
-62.4971
-62.5081
-62.5194
-62.5308
-62.524
-62.5018
-62.4687
-62.428
-62.382
-62.3324
-62.2804
-62.227
-62.1729
-62.1189
-62.0653
-62.0126
-61.9611
-61.9111
-61.8628
-61.8163
-61.7718
-61.7294
-61.6891
-61.651
-61.615
-61.5812
-61.5497
-61.5202
-61.4929
-61.4677
-61.4445
-61.4233
-61.4041
-61.3867
-61.3712
-61.3574
-61.3453
-61.3348
-61.326
-61.3186
-61.3127
-61.3083
-61.3052
-61.3033
-61.3028
-61.3034
-61.3052
-61.308
-61.3119
-61.3168
-61.3226
-61.3264
-61.3254
-61.3181
-61.3042
-61.2838
-61.2577
-61.2265
-61.1913
-61.1529
-61.1121
-61.0699
-61.0268
-60.9835
-60.9406
-60.8984
-60.8573
-60.8177
-60.7797
-60.7436
-60.7095
-60.6775
-60.6476
-60.6199
-60.5944
-60.5712
-60.5501
-60.5312
-60.5144
-60.4997
-60.487
-60.4763
-60.4674
-60.4605
-60.4552
-60.4517
-60.4499
-60.4496
-60.4508
-60.4535
-60.4576
-60.463
-60.4697
-60.4776
-60.4867
-60.4968
-60.508
-60.5203
-60.5334
-60.5475
-60.5624
-60.5781
-60.5946
-60.6118
-60.6298
-60.6483
-60.6675
-60.6873
-60.7076
-60.7284
-60.7497
-60.7714
-60.7936
-60.8162
-60.8391
-60.8624
-60.886
-60.9098
-60.934
-60.9584
-60.983
-61.0078
-61.0328
-61.058
-61.0834
-61.1088
-61.1344
-61.1601
-61.1859
-61.2118
-61.2377
-61.2637
-61.2897
-61.3157
-61.3417
-61.3678
-61.3938
-61.4198
-61.4458
-61.4718
-61.4977
-61.5236
-61.5493
-61.5751
-61.6007
-61.6263
-61.6518
-61.6772
-61.7025
-61.7277
-61.7527
-61.7777
-61.8026
-61.8273
-61.8519
-61.8763
-61.9007
-61.9249
-61.9489
-61.9728
-61.9966
-62.0202
-62.0437
-62.067
-62.0901
-62.1131
-62.136
-62.1586
-62.1811
-62.2035
-62.2257
-62.2477
-62.2696
-62.2912
-62.3128
-62.3341
-62.3553
-62.3763
-62.3971
-62.4178
-62.4383
-62.4586
-62.4788
-62.4987
-62.5186
-62.5382
-62.5577
-62.577
-62.5961
-62.6151
-62.6339
-62.6525
-62.6709
-62.6892
-62.7073
-62.7253
-62.7431
-62.7607
-62.7782
-62.7955
-62.8126
-62.8296
-62.8464
-62.863
-62.8795
-62.8958
-62.912
-62.928
-62.9439
-62.9596
-62.9752
-62.9906
-63.0058
-63.0209
-63.0359
-63.0507
-63.0654
-63.0799
-63.0943
-63.1085
-63.1226
-63.1365
-63.1503
-63.164
-63.1775
-63.1909
-63.2041
-63.2173
-63.2303
-63.2431
-63.2558
-63.2684
-63.2809
-63.2932
-63.3054
-63.3175
-63.3295
-63.3413
-63.353
-63.3646
-63.3761
-63.3875
-63.3987
-63.4098
-63.4208
-63.4317
-63.4425
-63.4532
-63.4637
-63.4742
-63.4845
-63.4947
-63.5049
-63.5149
-63.5248
-63.5346
-63.5443
-63.5539
-63.5634
-63.5728
-63.5821
-63.5913
-63.6004
-63.6095
-63.6184
-63.6272
-63.6359
-63.6446
-63.6531
-63.6616
-63.67
-63.6782
-63.6864
-63.6946
-63.7026
-63.7105
-63.7184
-63.7261
-63.7338
-63.7414
-63.749
-63.7564
-63.7638
-63.7711
-63.7783
-63.7854
-63.7925
-63.7995
-63.8064
-63.8132
-63.82
-63.8267
-63.8333
-63.8399
-63.8463
-63.8528
-63.8591
-63.8654
-63.8716
-63.8777
-63.8838
-63.8898
-63.8958
-63.9017
-63.9075
-63.9133
-63.919
-63.9246
-63.9302
-63.9357
-63.9412
-63.9466
-63.952
-63.9572
-63.9625
-63.9677
-63.9728
-63.9779
-63.9829
-63.9878
-63.9927
-63.9976
-64.0024
-64.0072
-64.0119
-64.0165
-64.0211
-64.0257
-64.0302
-64.0346
-64.0391
-64.0434
-64.0477
-64.052
-64.0562
-64.0604
-64.0646
-64.0686
-64.0727
-64.0767
-64.0807
-64.0846
-64.0885
-64.0923
-64.0961
-64.0998
-64.1036
-64.1072
-64.1109
-64.1145
-64.118
-64.1215
-64.125
-64.1285
-64.1319
-64.1352
-64.1386
-64.1419
-64.1452
-64.1484
-64.1516
-64.1547
-64.1579
-64.161
-64.164
-64.167
-64.17
-64.173
-64.1759
-64.1788
-64.1817
-64.1846
-64.1874
-64.1901
-64.1929
-64.1956
-64.1983
-64.201
-64.2036
-64.2062
-64.2088
-64.2113
-64.2138
-64.2163
-64.2188
-64.2213
-64.2237
-64.2261
-64.2284
-64.2308
-64.2331
-64.2354
-64.2376
-64.2399
-64.2421
-64.2443
-64.2465
-64.2486
-64.2507
-64.2528
-64.2549
-64.257
-64.259
-64.261
-64.263
-64.265
-64.2669
-64.2689
-64.2708
-64.2726
-64.2745
-64.2764
-64.2782
-64.28
-64.2818
-64.2836
-64.2853
-64.287
-64.2888
-64.2905
-64.2921
-64.3035
-64.3171
-64.3308
-64.3439
-64.3561
-64.3673
-64.3777
-64.3874
-64.3963
-64.4047
-64.4125
-64.4199
-64.4268
-64.4335
-64.4397
-64.4457
-64.4515
-64.457
-64.4622
-64.4673
-64.4721
-64.4768
-64.4813
-64.4856
-64.4897
-64.4937
-64.4975
-64.5012
-64.5048
-64.5082
-64.5115
-64.5146
-64.5176
-64.5205
-64.5233
-64.526
-64.5286
-64.531
-64.5334
-64.5357
-64.5378
-64.5399
-64.5419
-64.5438
-64.5456
-64.5473
-64.549
-64.5505
-64.552
-64.5535
-64.5548
-64.5561
-64.5573
-64.5584
-64.5595
-64.5606
-64.5615
-64.5624
-64.5633
-64.5641
-64.5648
-64.5655
-64.5662
-64.5668
-64.5673
-64.5678
-64.5683
-64.5687
-64.5691
-64.5694
-64.5697
-64.57
-64.5702
-64.5704
-64.5705
-64.5706
-64.5707
-64.5708
-64.5708
-64.5708
-64.5708
-64.5707
-64.5706
-64.5705
-64.5704
-64.5702
-64.57
-64.5698
-64.5696
-64.5693
-64.5691
-64.5688
-64.5685
-64.5681
-64.5678
-64.5674
-64.5671
-64.5667
-64.5663
-64.5658
-64.5654
-64.5649
-64.5645
-64.564
-64.5635
-64.563
-64.5625
-64.562
-64.5614
-64.5609
-64.5604
-64.5598
-64.5592
-64.5587
-64.5581
-64.5575
-64.5569
-64.5563
-64.5557
-64.5551
-64.5544
-64.5538
-64.5532
-64.5525
-64.5519
-64.5513
-64.5506
-64.55
-64.5493
-64.5487
-64.548
-64.5473
-64.5467
-64.546
-64.5453
-64.5447
-64.544
-64.5433
-64.5427
-64.542
-64.5413
-64.5406
-64.54
-64.5393
-64.5386
-64.538
-64.5373
-64.5366
-64.5359
-64.5353
-64.5346
-64.5339
-64.5333
-64.5326
-64.532
-64.5313
-64.5307
-64.53
-64.5293
-64.5287
-64.5281
-64.5274
-64.5268
-64.5261
-64.5255
-64.5249
-64.5242
-64.5236
-64.523
-64.5224
-64.5217
-64.5211
-64.5205
-64.5199
-64.5193
-64.5187
-64.5181
-64.5175
-64.5169
-64.5164
-64.5158
-64.5152
-64.5146
-64.5141
-64.5135
-64.513
-64.5124
-64.5119
-64.5113
-64.5108
-64.5102
-64.5097
-64.5092
-64.5087
-64.5081
-64.5076
-64.5071
-64.5066
-64.5061
-64.5056
-64.5051
-64.5047
-64.5042
-64.5037
-64.5032
-64.5028
-64.5023
-64.5019
-64.5014
-64.501
-64.5005
-64.5001
-64.4997
-64.4992
-64.4988
-64.4984
-64.498
-64.4976
-64.4972
-64.4968
-64.4964
-64.4929
-64.4834
-64.4665
-64.4417
-64.4093
-64.3699
-64.3245
-64.2739
-64.2192
-64.1612
-64.1008
-64.0388
-63.9758
-63.9124
-63.8492
-63.7864
-63.7246
-63.6639
-63.6046
-63.5469
-63.4909
-63.4368
-63.3846
-63.3343
-63.2861
-63.2399
-63.1957
-63.1536
-63.1134
-63.0753
-63.039
-63.0047
-62.9722
-62.9415
-62.9126
-62.8854
-62.8599
-62.836
-62.8136
-62.7928
-62.7734
-62.7555
-62.7389
-62.7236
-62.7096
-62.6968
-62.6852
-62.6747
-62.6654
-62.657
-62.6497
-62.6433
-62.6379
-62.6334
-62.6297
-62.6268
-62.6248
-62.6235
-62.6229
-62.623
-62.6237
-62.6251
-62.6271
-62.6297
-62.6328
-62.6365
-62.6407
-62.6453
-62.6504
-62.656
-62.6619
-62.6683
-62.675
-62.6821
-62.6895
-62.6972
-62.7053
-62.7136
-62.7222
-62.731
-62.7401
-62.7495
-62.759
-62.7687
-62.7787
-62.7888
-62.799
-62.8095
-62.82
-62.8307
-62.8415
-62.8525
-62.8635
-62.8746
-62.8859
-62.8972
-62.9086
-62.92
-62.9315
-62.943
-62.9546
-62.9663
-62.9779
-62.9896
-63.0013
-63.013
-63.0248
-63.0365
-63.0483
-63.06
-63.0717
-63.0835
-63.0952
-63.1069
-63.1185
-63.1302
-63.1418
-63.1534
-63.1649
-63.1764
-63.1879
-63.1993
-63.2107
-63.222
-63.2333
-63.2446
-63.2557
-63.2669
-63.278
-63.289
-63.2999
-63.3108
-63.3217
-63.3325
-63.3432
-63.3538
-63.3644
-63.3749
-63.3854
-63.3958
-63.4061
-63.4163
-63.4265
-63.4366
-63.4466
-63.4566
-63.4665
-63.4763
-63.4861
-63.4957
-63.5053
-63.5149
-63.5243
-63.5337
-63.543
-63.5522
-63.5614
-63.5705
-63.5795
-63.5884
-63.5973
-63.6061
-63.6148
-63.6235
-63.6321
-63.6406
-63.649
-63.6574
-63.6656
-63.6739
-63.682
-63.6901
-63.6981
-63.706
-63.7139
-63.7217
-63.7294
-63.737
-63.7446
-63.7522
-63.7596
-63.767
-63.7743
-63.7816
-63.7887
-63.7959
-63.8029
-63.8099
-63.8168
-63.8237
-63.8305
-63.8372
-63.8439
-63.8505
-63.8571
-63.8635
-63.87
-63.8763
-63.8826
-63.8889
-63.8951
-63.9012
-63.9073
-63.9133
-63.9192
-63.9251
-63.9308
-63.9364
-63.9418
-63.9471
-63.9521
-63.957
-63.9617
-63.9662
-63.9704
-63.9745
-63.9784
-63.9821
-63.9857
-63.9891
-63.9924
-63.9955
-63.9985
-64.0014
-64.0041
-64.0067
-64.0092
-64.0116
-64.0137
-64.0157
-64.0175
-64.0192
-64.0206
-64.0219
-64.023
-64.0239
-64.0247
-64.0254
-64.0259
-64.0264
-64.0267
-64.027
-64.0272
-64.0273
-64.0274
-64.0274
-64.0275
-64.0275
-64.0275
-64.0275
-64.0276
-64.0276
-64.0277
-64.0278
-64.0279
-64.0281
-64.0283
-64.0285
-64.0288
-64.0292
-64.0296
-64.0301
-64.0306
-64.0312
-64.0319
-64.0326
-64.0333
-64.0342
-64.0351
-64.0361
-64.0371
-64.0382
-64.0393
-64.0374
-64.0296
-64.0145
-63.9915
-63.9609
-63.9234
-63.8798
-63.8309
-63.7779
-63.7216
-63.6628
-63.6023
-63.5407
-63.4788
-63.4168
-63.3554
-63.2948
-63.2353
-63.1772
-63.1207
-63.0659
-63.013
-62.962
-62.913
-62.866
-62.821
-62.7782
-62.7373
-62.6985
-62.6618
-62.6269
-62.5941
-62.563
-62.5338
-62.5063
-62.4805
-62.4563
-62.4336
-62.4124
-62.3927
-62.3743
-62.3572
-62.3414
-62.3269
-62.3135
-62.3014
-62.2903
-62.2804
-62.2715
-62.2637
-62.2568
-62.2509
-62.2459
-62.2417
-62.2383
-62.2357
-62.2338
-62.2325
-62.2319
-62.2319
-62.2324
-62.2335
-62.2351
-62.2371
-62.2395
-62.2424
-62.2456
-62.2491
-62.253
-62.2572
-62.2616
-62.2663
-62.2713
-62.2765
-62.2819
-62.2875
-62.2932
-62.2991
-62.3051
-62.3113
-62.3176
-62.324
-62.3305
-62.3371
-62.3438
-62.3506
-62.3574
-62.3642
-62.3711
-62.3781
-62.3851
-62.3921
-62.3992
-62.4064
-62.4136
-62.4208
-62.428
-62.4353
-62.4426
-62.4469
-62.4455
-62.4369
-62.4208
-62.3973
-62.3672
-62.3313
-62.2906
-62.246
-62.1984
-62.1486
-62.0975
-62.0456
-61.9936
-61.9419
-61.8908
-61.8408
-61.7921
-61.7449
-61.6994
-61.6556
-61.6137
-61.5738
-61.5358
-61.4997
-61.4657
-61.4335
-61.4033
-61.3749
-61.3484
-61.3237
-61.3008
-61.2796
-61.2601
-61.2423
-61.226
-61.2114
-61.1982
-61.1866
-61.1764
-61.1676
-61.1601
-61.154
-61.1492
-61.1456
-61.1432
-61.142
-61.1418
-61.1428
-61.1448
-61.1477
-61.1517
-61.1565
-61.1622
-61.1688
-61.1761
-61.1841
-61.1929
-61.2022
-61.2122
-61.2227
-61.2338
-61.2453
-61.2573
-61.2697
-61.2825
-61.2956
-61.309
-61.3228
-61.3368
-61.351
-61.3654
-61.3801
-61.3949
-61.4099
-61.4251
-61.4405
-61.456
-61.4716
-61.4875
-61.5098
-61.5347
-61.5609
-61.5876
-61.6147
-61.6417
-61.6687
-61.6954
-61.7218
-61.7478
-61.7735
-61.7989
-61.8239
-61.8485
-61.8728
-61.8967
-61.9203
-61.9436
-61.9666
-61.9893
-62.0118
-62.0339
-62.0558
-62.0775
-62.099
-62.1202
-62.1413
-62.1621
-62.1828
-62.2033
-62.2236
-62.2437
-62.2637
-62.2835
-62.3031
-62.3224
-62.3415
-62.3604
-62.379
-62.3974
-62.4155
-62.4333
-62.4509
-62.4683
-62.4854
-62.5023
-62.519
-62.5355
-62.5518
-62.5679
-62.5838
-62.5996
-62.6152
-62.6306
-62.646
-62.6612
-62.6762
-62.6912
-62.706
-62.7208
-62.7354
-62.75
-62.7644
-62.7788
-62.793
-62.8072
-62.8213
-62.8354
-62.8493
-62.8632
-62.877
-62.8907
-62.9044
-62.9179
-62.9313
-62.9446
-62.9577
-62.9706
-62.9834
-62.9959
-63.0082
-63.0204
-63.0323
-63.0441
-63.0556
-63.067
-63.0782
-63.0893
-63.1002
-63.1109
-63.1216
-63.1321
-63.1424
-63.1527
-63.1627
-63.1726
-63.1824
-63.1919
-63.2013
-63.2104
-63.2194
-63.2281
-63.2367
-63.2451
-63.2533
-63.2614
-63.2693
-63.2771
-63.2848
-63.2924
-63.2999
-63.3073
-63.3145
-63.3217
-63.3288
-63.3357
-63.3426
-63.3492
-63.3557
-63.3621
-63.3683
-63.3743
-63.3802
-63.386
-63.3915
-63.3969
-63.402
-63.407
-63.4118
-63.4164
-63.4208
-63.425
-63.4291
-63.433
-63.4368
-63.4404
-63.444
-63.4475
-63.4509
-63.4542
-63.4576
-63.4608
-63.4641
-63.4673
-63.4705
-63.4736
-63.4766
-63.4796
-63.4825
-63.4853
-63.488
-63.4907
-63.4933
-63.4958
-63.4983
-63.5007
-63.5032
-63.5056
-63.508
-63.5104
-63.5128
-63.5152
-63.5177
-63.5203
-63.5228
-63.5255
-63.5282
-63.5309
-63.5338
-63.5367
-63.5397
-63.5428
-63.5459
-63.5492
-63.5525
-63.556
-63.5595
-63.5631
-63.5668
-63.5706
-63.5745
-63.5785
-63.5826
-63.5867
-63.591
-63.5953
-63.5997
-63.6042
-63.6088
-63.6134
-63.6181
-63.623
-63.6278
-63.6328
-63.6378
-63.6429
-63.648
-63.6532
-63.6585
-63.6638
-63.6691
-63.6746
-63.68
-63.6856
-63.6911
-63.6967
-63.7024
-63.708
-63.7137
-63.7195
-63.7253
-63.7311
-63.7369
-63.7427
-63.7486
-63.7545
-63.7604
-63.7664
-63.7723
-63.7783
-63.7842
-63.7902
-63.7962
-63.8022
-63.8081
-63.8141
-63.8201
-63.8261
-63.8321
-63.8381
-63.8441
-63.85
-63.856
-63.8619
-63.8679
-63.8738
-63.8797
-63.8856
-63.8915
-63.8973
-63.9032
-63.909
-63.9148
-63.9206
-63.9264
-63.9321
-63.9378
-63.9435
-63.9492
-63.9549
-63.9574
-63.9539
-63.9431
-63.9244
-63.8981
-63.8648
-63.8254
-63.7809
-63.7322
-63.6802
-63.6258
-63.5697
-63.5126
-63.4551
-63.3976
-63.3406
-63.2844
-63.2294
-63.1757
-63.1235
-63.0731
-63.0244
-62.9776
-62.9327
-62.8897
-62.8488
-62.8098
-62.7728
-62.7377
-62.7046
-62.6733
-62.6439
-62.6163
-62.5904
-62.5663
-62.5438
-62.5229
-62.5036
-62.4858
-62.4695
-62.4545
-62.441
-62.4287
-62.4177
-62.4079
-62.3993
-62.3918
-62.3854
-62.38
-62.3757
-62.3722
-62.3698
-62.3681
-62.3674
-62.3674
-62.3682
-62.3698
-62.3721
-62.375
-62.3786
-62.3828
-62.3876
-62.3929
-62.3988
-62.4052
-62.4121
-62.4195
-62.4273
-62.4355
-62.4441
-62.453
-62.4624
-62.472
-62.482
-62.4923
-62.5029
-62.5137
-62.5248
-62.5361
-62.5476
-62.5594
-62.5713
-62.5834
-62.5957
-62.6082
-62.6207
-62.6335
-62.6463
-62.6593
-62.6723
-62.6854
-62.6987
-62.712
-62.7253
-62.7388
-62.7522
-62.7658
-62.7793
-62.7929
-62.8065
-62.8201
-62.8338
-62.8474
-62.8611
-62.8747
-62.8883
-62.9019
-62.9155
-62.9291
-62.9426
-62.9562
-62.9696
-62.9831
-62.9965
-63.0098
-63.0231
-63.0364
-63.0496
-63.0627
-63.0758
-63.0888
-63.1018
-63.1147
-63.1275
-63.1403
-63.1529
-63.1656
-63.1781
-63.1906
-63.203
-63.2153
-63.2275
-63.2397
-63.2517
-63.2637
-63.2756
-63.2875
-63.2992
-63.3108
-63.3224
-63.3339
-63.3453
-63.3566
-63.3678
-63.379
-63.39
-63.401
-63.4119
-63.4227
-63.4334
-63.444
-63.4545
-63.4649
-63.4753
-63.4856
-63.4957
-63.5058
-63.5158
-63.5257
-63.5355
-63.5453
-63.5549
-63.5645
-63.574
-63.5834
-63.5927
-63.6019
-63.611
-63.6201
-63.6291
-63.638
-63.6468
-63.6555
-63.6641
-63.6727
-63.6812
-63.6896
-63.6979
-63.7061
-63.7143
-63.7224
-63.7304
-63.7383
-63.7461
-63.7539
-63.7616
-63.7692
-63.7768
-63.7843
-63.7917
-63.799
-63.8063
-63.8134
-63.8206
-63.8276
-63.8346
-63.8415
-63.8483
-63.8551
-63.8618
-63.8684
-63.875
-63.8815
-63.8879
-63.8943
-63.9006
-63.9068
-63.913
-63.9191
-63.9252
-63.9312
-63.9371
-63.943
-63.9488
-63.9545
-63.9602
-63.9658
-63.9714
-63.9769
-63.9824
-63.9878
-63.9932
-63.9985
-64.0037
-64.0089
-64.014
-64.0191
-64.0241
-64.0291
-64.034
-64.0389
-64.0437
-64.0485
-64.0532
-64.0579
-64.0625
-64.0671
-64.0717
-64.0761
-64.0806
-64.085
-64.0893
-64.0936
-64.0979
-64.1021
-64.1063
-64.1104
-64.1145
-64.1185
-64.1225
-64.1265
-64.1304
-64.1343
-64.1381
-64.1419
-64.1457
-64.1494
-64.1531
-64.1567
-64.1603
-64.1639
-64.1674
-64.1709
-64.1743
-64.1778
-64.1811
-64.1845
-64.1878
-64.1911
-64.1943
-64.1975
-64.2007
-64.2039
-64.207
-64.2101
-64.2131
-64.2161
-64.2191
-64.222
-64.225
-64.2279
-64.2307
-64.2336
-64.2364
-64.2391
-64.2419
-64.2446
-64.2473
-64.2499
-64.2526
-64.2552
-64.2577
-64.2603
-64.2628
-64.2653
-64.2678
-64.2702
-64.2727
-64.275
-64.2774
-64.2798
-64.2821
-64.2844
-64.2867
-64.2889
-64.2911
-64.2933
-64.2955
-64.2977
-64.2998
-64.3019
-64.304
-64.3061
-64.3081
-64.3102
-64.3122
-64.3141
-64.3161
-64.3181
-64.32
-64.3219
-64.3238
-64.3256
-64.3275
-64.3293
-64.3311
-64.3329
-64.3347
-64.3364
-64.3382
-64.3399
-64.3416
-64.3433
-64.3449
-64.3466
-64.3482
-64.3498
-64.3514
-64.353
-64.3546
-64.3561
-64.3577
-64.3592
-64.3607
-64.3622
-64.3637
-64.3651
-64.3666
-64.368
-64.3694
-64.3708
-64.3722
-64.3736
-64.3749
-64.3763
-64.3776
-64.3886
-64.4017
-64.415
-64.4276
-64.4394
-64.4502
-64.4603
-64.4695
-64.4781
-64.486
-64.4935
-64.5005
-64.5071
-64.4943
-64.4652
-64.4244
-64.3754
-64.3205
-64.2615
-64.1996
-64.1358
-64.071
-64.0058
-63.9407
-63.8762
-63.8126
-63.7501
-63.6891
-63.6297
-63.572
-63.5162
-63.4624
-63.4105
-63.3607
-63.3129
-63.2672
-63.2236
-63.182
-63.1425
-63.1049
-63.0693
-63.0356
-63.0038
-62.9738
-62.9456
-62.9191
-62.8943
-62.871
-62.8494
-62.8293
-62.8106
-62.7934
-62.7775
-62.7629
-62.7496
-62.7375
-62.7266
-62.7169
-62.7082
-62.7005
-62.6939
-62.6882
-62.6834
-62.6795
-62.6765
-62.6742
-62.6728
-62.6721
-62.6721
-62.6727
-62.6741
-62.676
-62.6785
-62.6816
-62.6853
-62.6894
-62.694
-62.6991
-62.7046
-62.7106
-62.7169
-62.7237
-62.7308
-62.7382
-62.7459
-62.754
-62.7623
-62.7709
-62.7797
-62.7888
-62.7982
-62.8077
-62.8174
-62.8273
-62.8324
-62.8335
-62.8318
-62.828
-62.823
-62.8171
-62.8108
-62.8041
-62.7975
-62.791
-62.7847
-62.7789
-62.7735
-62.7687
-62.7645
-62.7608
-62.7578
-62.7554
-62.7537
-62.7526
-62.7473
-62.7384
-62.7272
-62.7145
-62.701
-62.6871
-62.6732
-62.6594
-62.6461
-62.6334
-62.6213
-62.61
-62.5995
-62.59
-62.5813
-62.5736
-62.5668
-62.561
-62.5561
-62.5521
-62.549
-62.5468
-62.5454
-62.5449
-62.5451
-62.5461
-62.5479
-62.5504
-62.5535
-62.5573
-62.5617
-62.5667
-62.5722
-62.5783
-62.5849
-62.5919
-62.5995
-62.6074
-62.6157
-62.6244
-62.6335
-62.6429
-62.6526
-62.6626
-62.6729
-62.6834
-62.6942
-62.7052
-62.7164
-62.7277
-62.7344
-62.737
-62.7369
-62.7497
-62.7719
-62.7952
-62.8171
-62.8369
-62.8547
-62.8706
-62.885
-62.8982
-62.9104
-62.9218
-62.9328
-62.9435
-62.9539
-62.9642
-62.989
-63.017
-63.0452
-63.0726
-63.0987
-63.1236
-63.1473
-63.17
-63.1918
-63.2129
-63.2334
-63.2534
-63.2679
-63.278
-63.2848
-63.2893
-63.2921
-63.2938
-63.276
-63.2422
-63.197
-63.1441
-63.0858
-63.024
-62.96
-62.8947
-62.8292
-62.7639
-62.7143
-62.6663
-62.6221
-62.5736
-62.5138
-62.4435
-62.3646
-62.279
-62.1885
-62.0947
-61.9991
-61.9028
-61.807
-61.7124
-61.6151
-61.5164
-61.418
-61.3375
-61.2631
-61.1921
-61.1236
-61.0575
-60.9939
-60.9331
-60.8706
-60.8075
-60.7449
-60.6839
-60.6251
-60.5689
-60.5157
-60.4657
-60.419
-60.3757
-60.3312
-60.2862
-60.242
-60.2081
-60.1783
-60.151
-60.1257
-60.1024
-60.0812
-60.062
-60.0623
-60.0673
-60.073
-60.078
-60.0818
-60.0846
-60.0866
-60.0883
-60.0899
-60.0918
-60.0942
-60.0975
-60.1017
-60.1071
-60.1136
-60.1214
-60.1306
-60.141
-60.1528
-60.1659
-60.1795
-60.193
-60.2059
-60.218
-60.2472
-60.2797
-60.312
-60.356
-60.4012
-60.4823
-60.5694
-60.6527
-60.7293
-60.799
-60.8623
-60.9202
-60.9737
-61.0236
-61.0706
-61.1154
-61.1584
-61.2001
-61.2407
-61.2805
-61.3196
-61.3664
-61.4144
-61.4622
-61.5091
-61.555
-61.5999
-61.6439
-61.687
-61.7295
-61.7713
-61.8125
-61.8531
-61.9089
-61.9675
-62.0257
-62.0815
-62.1339
-62.1825
-62.2274
-62.2688
-62.3071
-62.3426
-62.3758
-62.4069
-62.4364
-62.4637
-62.4885
-62.5253
-62.5628
-62.5978
-62.6297
-62.6585
-62.6844
-62.7078
-62.7292
-62.749
-62.7675
-62.7851
-62.802
-62.8184
-62.8453
-62.8744
-62.9106
-62.9476
-62.9835
-63.0132
-63.0374
-63.0574
-63.0742
-63.0887
-63.1014
-63.1129
-63.1235
-63.1335
-63.1432
-63.1527
-63.1622
-63.1718
-63.187
-63.2045
-63.2232
-63.2426
-63.2624
-63.2929
-63.3257
-63.3587
-63.391
-63.4222
-63.4524
-63.4816
-63.5099
-63.548
-63.5827
-63.6097
-63.6279
-63.6324
-63.6249
-63.6074
-63.5821
-63.5641
-63.5443
-63.5212
-63.4948
-63.4656
-63.4344
-63.4019
-63.3686
-63.3351
-63.302
-63.2694
-63.2378
-63.2073
-63.2074
-63.2191
-63.2342
-63.2495
-63.2637
-63.2766
-63.2884
-63.3061
-63.3246
-63.3427
-63.36
-63.3766
-63.3926
-63.4081
-63.4232
-63.438
-63.4528
-63.4674
-63.4821
-63.4967
-63.5114
-63.5262
-63.5411
-63.5512
-63.5574
-63.5609
-63.5626
-63.563
-63.5627
-63.5617
-63.5606
-63.5593
-63.5581
-63.557
-63.5562
-63.5557
-63.5556
-63.5559
-63.5566
-63.5714
-63.5896
-63.6218
-63.6564
-63.6853
-63.7084
-63.7265
-63.7408
-63.7519
-63.7606
-63.7674
-63.7729
-63.7773
-63.7809
-63.7841
-63.7869
-63.7895
-63.7921
-63.7947
-63.7974
-63.8103
-63.8354
-63.8695
-63.9046
-63.9334
-63.9658
-63.9952
-64.0207
-64.0423
-64.0606
-64.0761
-64.0893
-64.1008
-64.111
-64.1152
-64.1148
-64.111
-64.105
-64.0974
-64.0889
-64.0799
-64.0707
-64.0616
-64.0526
-64.044
-64.0359
-64.0284
-64.0214
-64.0151
-64.0094
-64.0043
-63.9998
-63.9959
-63.9925
-63.998
-64.0158
-64.0341
-64.0502
-64.0632
-64.0732
-64.0807
-64.086
-64.0897
-64.092
-64.0934
-64.094
-64.0942
-64.0941
-64.0939
-64.0937
-64.0935
-64.0934
-64.0935
-64.0938
-64.0944
-64.0952
-64.0933
-64.0859
-64.0715
-64.0499
-64.0213
-63.9864
-63.9734
-63.9655
-63.956
-63.9426
-63.9249
-63.9035
-63.879
-63.8522
-63.8238
-63.7944
-63.7645
-63.7346
-63.7049
-63.6758
-63.6475
-63.6201
-63.5938
-63.5788
-63.5673
-63.5571
-63.5476
-63.5384
-63.5295
-63.521
-63.5199
-63.5207
-63.5221
-63.5237
-63.5254
-63.5271
-63.5289
-63.5309
-63.5331
-63.5355
-63.5383
-63.5413
-63.5447
-63.5483
-63.5521
-63.5561
-63.5603
-63.5646
-63.569
-63.5735
-63.5917
-63.6129
-63.6342
-63.6546
-63.6738
-63.6916
-63.7083
-63.724
-63.7387
-63.7661
-63.7956
-63.8245
-63.852
-63.8776
-63.9015
-63.9238
-63.9446
-63.964
-63.9823
-63.9996
-64.0159
-64.0313
-64.046
-64.0599
-64.0731
-64.0856
-64.0975
-64.1088
-64.1195
-64.1297
-64.1394
-64.1486
-64.1573
-64.1656
-64.1735
-64.181
-64.1882
-64.195
-64.2016
-64.2078
-64.2137
-64.2194
-64.2247
-64.2297
-64.2343
-64.2355
-64.2305
-64.2229
-64.2093
-64.1888
-64.1618
-64.1289
-64.0909
-64.0486
-64.0029
-63.9547
-63.9046
-63.8534
-63.8016
-63.7497
-63.6981
-63.6472
-63.5971
-63.548
-63.5002
-63.4538
-63.4088
-63.3653
-63.3234
-63.283
-63.2443
-63.2071
-63.1716
-63.1376
-63.1053
-63.0745
-63.0452
-63.0174
-62.9912
-62.9663
-62.9429
-62.9209
-62.9002
-62.8808
-62.8627
-62.8458
-62.8301
-62.8156
-62.8021
-62.8007
-62.8028
-62.806
-62.8095
-62.8128
-62.8159
-62.8188
-62.8216
-62.8244
-62.8271
-62.8299
-62.8328
-62.8358
-62.839
-62.8423
-62.8459
-62.8496
-62.8535
-62.8576
-62.8619
-62.8664
-62.8712
-62.8761
-62.8812
-62.8865
-62.892
-62.8976
-62.9034
-62.9094
-62.9156
-62.9219
-62.9283
-62.9348
-62.9414
-62.9481
-62.9548
-62.9615
-62.9682
-62.9748
-62.9815
-62.9881
-62.9946
-63.0011
-63.0075
-63.0138
-63.0199
-63.026
-63.0318
-63.0376
-63.0432
-63.0487
-63.0541
-63.0593
-63.0644
-63.0695
-63.0744
-63.0793
-63.0841
-63.0889
-63.0936
-63.0983
-63.1029
-63.1075
-63.1121
-63.1165
-63.1209
-63.1252
-63.1294
-63.1335
-63.1374
-63.1413
-63.1451
-63.1487
-63.1522
-63.1555
-63.1588
-63.1618
-63.1647
-63.1675
-63.1701
-63.1725
-63.1749
-63.1771
-63.1792
-63.1813
-63.1833
-63.1852
-63.1871
-63.1889
-63.1907
-63.1926
-63.1944
-63.1962
-63.1981
-63.2
-63.202
-63.204
-63.206
-63.2081
-63.2103
-63.2125
-63.2148
-63.2171
-63.2195
-63.2218
-63.2241
-63.2264
-63.2287
-63.2309
-63.2331
-63.2352
-63.2372
-63.2392
-63.2411
-63.2429
-63.2445
-63.2461
-63.2475
-63.2488
-63.2499
-63.251
-63.252
-63.2528
-63.2536
-63.2544
-63.2551
-63.2557
-63.2563
