-65
-64.9848
-64.9714
-64.9581
-64.9453
-64.9331
-64.9218
-64.9115
-64.9021
-64.8937
-64.8861
-64.8793
-64.8732
-64.8678
-64.8629
-64.8585
-64.8546
-64.851
-64.8479
-64.845
-64.8425
-64.8402
-64.8382
-64.8363
-64.8347
-64.8333
-64.832
-64.8309
-64.8299
-64.8291
-64.8284
-64.8278
-64.8273
-64.8269
-64.8266
-64.8264
-64.8262
-64.8262
-64.8262
-64.8263
-64.8264
-64.8267
-64.8269
-64.8272
-64.8276
-64.828
-64.8285
-64.8289
-64.8295
-64.83
-64.8306
-64.8313
-64.8319
-64.8326
-64.8333
-64.8341
-64.8348
-64.8356
-64.8364
-64.8372
-64.838
-64.8389
-64.8397
-64.8406
-64.8415
-64.8424
-64.8433
-64.8442
-64.8452
-64.8461
-64.847
-64.848
-64.8489
-64.8499
-64.8508
-64.8518
-64.8528
-64.8538
-64.8547
-64.8557
-64.8567
-64.8577
-64.8586
-64.8596
-64.8606
-64.8616
-64.8625
-64.8635
-64.8645
-64.8655
-64.8664
-64.8674
-64.8684
-64.8693
-64.8703
-64.8712
-64.8722
-64.8731
-64.8741
-64.875
-64.876
-64.8769
-64.8778
-64.8787
-64.8797
-64.8806
-64.8815
-64.8824
-64.8833
-64.8842
-64.8851
-64.886
-64.8868
-64.8877
-64.8886
-64.8894
-64.8903
-64.8912
-64.892
-64.8928
-64.8937
-64.8945
-64.8953
-64.8961
-64.897
-64.8978
-64.8986
-64.8994
-64.9001
-64.9009
-64.9017
-64.9025
-64.9032
-64.904
-64.9048
-64.9055
-64.9062
-64.907
-64.9077
-64.9084
-64.9091
-64.9099
-64.9106
-64.9113
-64.912
-64.9127
-64.9133
-64.914
-64.9147
-64.9154
-64.916
-64.9167
-64.9173
-64.918
-64.9186
-64.9193
-64.9199
-64.9205
-64.9211
-64.9217
-64.9223
-64.9229
-64.9235
-64.9241
-64.9247
-64.9253
-64.9259
-64.9265
-64.927
-64.9276
-64.9281
-64.9287
-64.9292
-64.9298
-64.9303
-64.9308
-64.9314
-64.9319
-64.9324
-64.9329
-64.9334
-64.9339
-64.9344
-64.9349
-64.9354
-64.9359
-64.9364
-64.9369
-64.9373
-64.9378
-64.9383
-64.9387
-64.9392
-64.9396
-64.9401
-64.9405
-64.9409
-64.9414
-64.9418
-64.9422
-64.9427
-64.9431
-64.9435
-64.9439
-64.9443
-64.9447
-64.9451
-64.9455
-64.9459
-64.9463
-64.9466
-64.947
-64.9474
-64.9478
-64.9481
-64.9485
-64.9489
-64.9492
-64.9496
-64.9499
-64.9503
-64.9506
-64.9509
-64.9513
-64.9516
-64.9519
-64.9523
-64.9526
-64.9529
-64.9532
-64.9535
-64.9538
-64.9542
-64.9545
-64.9548
-64.9551
-64.9553
-64.9556
-64.9559
-64.9562
-64.9565
-64.9568
-64.9571
-64.9573
-64.9576
-64.9579
-64.9581
-64.9584
-64.9586
-64.9589
-64.9592
-64.9594
-64.9597
-64.9599
-64.9601
-64.9604
-64.9606
-64.9609
-64.9611
-64.9613
-64.9616
-64.9618
-64.962
-64.9622
-64.9624
-64.9627
-64.9629
-64.9631
-64.9633
-64.9635
-64.9637
-64.9639
-64.9641
-64.9643
-64.9645
-64.9647
-64.9649
-64.9651
-64.9653
-64.9654
-64.9656
-64.9658
-64.966
-64.9662
-64.9663
-64.9665
-64.9667
-64.9668
-64.967
-64.9672
-64.9673
-64.9675
-64.9677
-64.9678
-64.968
-64.9681
-64.9683
-64.9684
-64.9686
-64.9687
-64.9689
-64.969
-64.9692
-64.9693
-64.9694
-64.9696
-64.9697
-64.9698
-64.97
-64.9701
-64.9702
-64.9703
-64.9705
-64.9706
-64.9707
-64.9708
-64.971
-64.9711
-64.9712
-64.9713
-64.9714
-64.9715
-64.9716
-64.9717
-64.9719
-64.972
-64.9721
-64.9722
-64.9723
-64.9724
-64.9725
-64.9726
-64.9727
-64.9728
-64.9729
-64.9729
-64.973
-64.9731
-64.9732
-64.9733
-64.9734
-64.9735
-64.9736
-64.9736
-64.9737
-64.9738
-64.9739
-64.974
-64.974
-64.9741
-64.9742
-64.9743
-64.9743
-64.9744
-64.9745
-64.9746
-64.9746
-64.9747
-64.9748
-64.9748
-64.9749
-64.975
-64.975
-64.9751
-64.9751
-64.9752
-64.9753
-64.9753
-64.9754
-64.9754
-64.9755
-64.9755
-64.9756
-64.9757
-64.9757
-64.9758
-64.9758
-64.9759
-64.9759
-64.976
-64.976
-64.976
-64.9761
-64.9761
-64.9762
-64.9762
-64.9763
-64.9763
-64.9763
-64.9764
-64.9764
-64.9765
-64.9765
-64.9765
-64.9766
-64.9766
-64.9766
-64.9767
-64.9767
-64.9768
-64.9768
-64.9768
-64.9768
-64.9769
-64.9769
-64.9769
-64.977
-64.977
-64.977
-64.977
-64.9771
-64.9771
-64.9771
-64.9772
-64.9772
-64.9772
-64.9772
-64.9772
-64.9773
-64.9773
-64.9773
-64.9773
-64.9773
-64.9774
-64.9774
-64.9774
-64.9774
-64.9774
-64.9775
-64.9775
-64.9775
-64.9775
-64.9775
-64.9775
-64.9775
-64.9776
-64.9776
-64.9776
-64.9776
-64.9776
-64.9776
-64.9776
-64.9776
-64.9777
-64.9777
-64.9777
-64.9777
-64.9777
-64.9777
-64.9777
-64.9777
-64.9777
-64.9777
-64.9777
-64.9777
-64.9777
-64.9778
-64.9778
-64.9778
-64.9778
-64.9778
-64.9778
-64.9778
-64.9778
-64.9778
-64.9778
-64.9778
-64.9778
-64.9778
-64.9778
-64.9778
-64.9778
-64.9778
-64.9778
-64.9778
-64.9778
-64.9778
-64.9778
-64.9778
-64.9778
-64.9778
-64.9778
-64.9778
-64.9778
-64.9778
-64.9778
-64.9778
-64.9778
-64.9778
-64.9777
-64.9777
-64.9777
-64.9777
-64.9777
-64.9777
-64.9777
-64.9777
-64.9777
-64.9777
-64.9777
-64.9777
-64.9777
-64.9777
-64.9777
-64.9777
-64.9776
-64.9776
-64.9776
-64.9776
-64.9776
-64.9776
-64.9776
-64.9776
-64.9776
-64.9776
-64.9776
-64.9776
-64.9775
-64.9775
-64.9775
-64.9775
-64.9775
-64.9775
-64.9775
-64.9775
-64.9775
-64.9774
-64.9774
-64.9774
-64.9774
-64.9774
-64.9774
-64.9774
-64.9774
-64.9774
-64.9773
-64.9773
-64.9773
-64.9773
-64.9773
-64.9773
-64.9773
-64.9772
-64.9772
-64.9772
-64.9772
-64.9772
-64.9772
-64.9772
-64.9772
-64.9771
-64.9771
-64.9771
-64.9771
-64.9771
-64.9771
-64.9771
-64.977
-64.977
-64.977
-64.977
-64.977
-64.977
-64.9769
-64.9769
-64.9769
-64.9769
-64.9769
-64.9769
-64.9769
-64.9768
-64.9768
-64.9768
-64.9768
-64.9768
-64.9768
-64.9767
-64.9767
-64.9767
-64.9767
-64.9767
-64.9767
-64.9766
-64.9766
-64.9766
-64.9766
-64.9766
-64.9766
-64.9765
-64.9765
-64.9765
-64.9765
-64.9765
-64.9765
-64.9764
-64.9764
-64.9764
-64.9764
-64.9764
-64.9764
-64.9763
-64.9763
-64.9763
-64.9763
-64.9763
-64.9763
-64.9762
-64.9762
-64.9762
-64.9762
-64.9762
-64.9762
-64.9761
-64.9761
-64.9761
-64.9761
-64.9761
-64.9761
-64.976
-64.976
-64.976
-64.976
-64.976
-64.9759
-64.9759
-64.9759
-64.9759
-64.9759
-64.9759
-64.9758
-64.9758
-64.9758
-64.9758
-64.9758
-64.9758
-64.9757
-64.9757
-64.9757
-64.9757
-64.9757
-64.9756
-64.9756
-64.9756
-64.9756
-64.9756
-64.9756
-64.9755
-64.9755
-64.9755
-64.9755
-64.9755
-64.9755
-64.9754
-64.9754
-64.9754
-64.9754
-64.9754
-64.9753
-64.9753
-64.9753
-64.9753
-64.9753
-64.9753
-64.9752
-64.9752
-64.9752
-64.9752
-64.9752
-64.9752
-64.9751
-64.9751
-64.9751
-64.9751
-64.9751
-64.975
-64.975
-64.975
-64.975
-64.975
-64.975
-64.9749
-64.9749
-64.9749
-64.9749
-64.9749
-64.9749
-64.9748
-64.9748
-64.9748
-64.9748
-64.9748
-64.9748
-64.9747
-64.9747
-64.9747
-64.9747
-64.9747
-64.9747
-64.9746
-64.9746
-64.9746
-64.9746
-64.9746
-64.9746
-64.9745
-64.9745
-64.9745
-64.9745
-64.9745
-64.9745
-64.9744
-64.9744
-64.9744
-64.9744
-64.9744
-64.9744
-64.9743
-64.9743
-64.9743
-64.9743
-64.9743
-64.9743
-64.9742
-64.9742
-64.9742
-64.9742
-64.9742
-64.9742
-64.9741
-64.9741
-64.9741
-64.9741
-64.9741
-64.9741
-64.974
-64.974
-64.974
-64.974
-64.974
-64.974
-64.9739
-64.9739
-64.9739
-64.9739
-64.9739
-64.9739
-64.9739
-64.9738
-64.9738
-64.9738
-64.9738
-64.9738
-64.9738
-64.9737
-64.9737
-64.9737
-64.9737
-64.9737
-64.9737
-64.9736
-64.9736
-64.9736
-64.9736
-64.9736
-64.9736
-64.9736
-64.9735
-64.9735
-64.9735
-64.9735
-64.9735
-64.9735
-64.9735
-64.9734
-64.9734
-64.9734
-64.9734
-64.9734
-64.9734
-64.9734
-64.9733
-64.9733
-64.9733
-64.9733
-64.9733
-64.9733
-64.9732
-64.9732
-64.9732
-64.9732
-64.9732
-64.9732
-64.9732
-64.9732
-64.9731
-64.9731
-64.9731
-64.9731
-64.9731
-64.9731
-64.9731
-64.973
-64.973
-64.973
-64.973
-64.973
-64.973
-64.973
-64.9729
-64.9729
-64.9729
-64.9729
-64.9729
-64.9729
-64.9729
-64.9728
-64.9728
-64.9728
-64.9728
-64.9728
-64.9728
-64.9728
-64.9728
-64.9727
-64.9727
-64.9727
-64.9727
-64.9727
-64.9727
-64.9727
-64.9727
-64.9726
-64.9726
-64.9726
-64.9726
-64.9726
-64.9726
-64.9726
-64.9725
-64.9725
-64.9725
-64.9725
-64.9725
-64.9725
-64.9725
-64.9725
-64.9724
-64.9724
-64.9724
-64.9724
-64.9724
-64.9724
-64.9724
-64.9724
-64.9724
-64.9723
-64.9723
-64.9723
-64.9723
-64.9723
-64.9723
-64.9723
-64.9723
-64.9722
-64.9722
-64.9722
-64.9722
-64.9722
-64.9722
-64.9722
-64.9722
-64.9721
-64.9721
-64.9721
-64.9721
-64.9721
-64.9721
-64.9721
-64.9721
-64.9721
-64.972
-64.972
-64.972
-64.972
-64.972
-64.972
-64.972
-64.972
-64.972
-64.9719
-64.9719
-64.9719
-64.9719
-64.9719
-64.9719
-64.9719
-64.9719
-64.9719
-64.9718
-64.9718
-64.9718
-64.9718
-64.9718
-64.9718
-64.9718
-64.9718
-64.9718
-64.9718
-64.9717
-64.9717
-64.9717
-64.9717
-64.9717
-64.9717
-64.9717
-64.9717
-64.9717
-64.9717
-64.9716
-64.9716
-64.9716
-64.9716
-64.9716
-64.9716
-64.9716
-64.9716
-64.9716
-64.9716
-64.9715
-64.9715
-64.9715
-64.9715
-64.9715
-64.9715
-64.9715
-64.9715
-64.9715
-64.9715
-64.9714
-64.9714
-64.9714
-64.9714
-64.9714
-64.9714
-64.9714
-64.9714
-64.9714
-64.9714
-64.9714
-64.9713
-64.9713
-64.9713
-64.9713
-64.9713
-64.9713
-64.9713
-64.9713
-64.9713
-64.9713
-64.9713
-64.9712
-64.9712
-64.9712
-64.9712
-64.9712
-64.9712
-64.9712
-64.9712
-64.9712
-64.9712
-64.9712
-64.9711
-64.9711
-64.9711
-64.9711
-64.9711
-64.9711
-64.9711
-64.9711
-64.9711
-64.9711
-64.9711
-64.9711
-64.971
-64.971
-64.971
-64.971
-64.971
-64.971
-64.971
-64.971
-64.971
-64.971
-64.971
-64.971
-64.9709
-64.9709
-64.9709
-64.9709
-64.9709
-64.9709
-64.9709
-64.9709
-64.9709
-64.9709
-64.9709
-64.9709
-64.9709
-64.9708
-64.9708
-64.9708
-64.9708
-64.9708
-64.9708
-64.9708
-64.9708
-64.9708
-64.9708
-64.9708
-64.9708
-64.9708
-64.9707
-64.9707
-64.9707
-64.9707
-64.9707
-64.9707
-64.9707
-64.9707
-64.9707
-64.9707
-64.9707
-64.9707
-64.9707
-64.9707
-64.9706
-64.9706
-64.9706
-64.9706
-64.9706
-64.9706
-64.9706
-64.9706
-64.9706
-64.9706
-64.9706
-64.9706
-64.9706
-64.9706
-64.9706
-64.9705
-64.9705
-64.9705
-64.9705
-64.9705
-64.9705
-64.9705
-64.9705
-64.9705
-64.9705
-64.9705
-64.9705
-64.9705
-64.9705
-64.9705
-64.9704
-64.9704
-64.9704
-64.9704
-64.9704
-64.9704
-64.9704
-64.9704
-64.9704
-64.9704
-64.9704
-64.9704
-64.9704
-64.9704
-64.9704
-64.9704
-64.9703
-64.9703
-64.9703
-64.9703
-64.9703
-64.9703
-64.9703
-64.9703
-64.9703
-64.9703
-64.9703
-64.9703
-64.9703
-64.9703
-64.9703
-64.9703
-64.9703
-64.9702
-64.9702
-64.9702
-64.9702
-64.9702
-64.9702
-64.9702
-64.9702
-64.9702
-64.9702
-64.9702
-64.9702
-64.9702
-64.9702
-64.9702
-64.9702
-64.9702
-64.9702
-64.9701
-64.9701
-64.9701
-64.9701
-64.9701
-64.9701
-64.9701
-64.9701
-64.9701
-64.9701
-64.9701
-64.9701
-64.9701
-64.9701
-64.9701
-64.9701
-64.9701
-64.9701
-64.9701
-64.97
-64.97
-64.97
-64.97
-64.97
-64.97
-64.97
-64.97
-64.97
-64.97
-64.97
-64.97
-64.97
-64.97
-64.97
-64.97
-64.97
-64.97
-64.97
-64.97
-64.9699
-64.9699
-64.9699
-64.9699
-64.9699
-64.9699
-64.9699
-64.9699
-64.9699
-64.9699
-64.9699
-64.9699
-64.9699
-64.9699
-64.9699
-64.9699
-64.9699
-64.9699
-64.9699
-64.9699
-64.9699
-64.9699
-64.9698
-64.9698
-64.9698
-64.9698
-64.9698
-64.9698
-64.9698
-64.9698
-64.9698
-64.9698
-64.9698
-64.9698
-64.9698
-64.9698
-64.9698
-64.9698
-64.9698
-64.9698
-64.9698
-64.9698
-64.9698
-64.9698
-64.9698
-64.9698
-64.9697
-64.9697
-64.9697
-64.9697
-64.9697
-64.9697
-64.9697
-64.9697
-64.9697
-64.9697
-64.9697
-64.9697
-64.9697
-64.9697
-64.9697
-64.9697
-64.9697
-64.9697
-64.9697
-64.9697
-64.9697
-64.9697
-64.9697
-64.9697
-64.9697
-64.9697
-64.9696
-64.9696
-64.9696
-64.9696
-64.9696
-64.9696
-64.9696
-64.9696
-64.9696
-64.9696
-64.9696
-64.9696
-64.9696
-64.9696
-64.9696
-64.9696
-64.9696
-64.9696
-64.9696
-64.9696
-64.9696
-64.9696
-64.9696
-64.9696
-64.9696
-64.9696
-64.9696
-64.9696
-64.9695
-64.9695
-64.9695
-64.9695
-64.9695
-64.9695
-64.9695
-64.9695
-64.9695
-64.9695
-64.9695
-64.9695
-64.9695
-64.9695
-64.9695
-64.9695
-64.9695
-64.9695
-64.9695
-64.9695
-64.9695
-64.9695
-64.9695
-64.9695
-64.9695
-64.9695
-64.9695
-64.9695
-64.9695
-64.9695
-64.9695
-64.9695
-64.9695
-64.9694
-64.9694
-64.9694
-64.9694
-64.9694
-64.9694
-64.9694
-64.9694
-64.9694
-64.9694
-64.9694
-64.9694
-64.9694
-64.9694
-64.9694
-64.9694
-64.9694
-64.9694
-64.9694
-64.9694
-64.9694
-64.9694
-64.9694
-64.9694
-64.9694
-64.9694
-64.9694
-64.9694
-64.9694
-64.9694
-64.9694
-64.9694
-64.9694
-64.9694
-64.9694
-64.9694
-64.9693
-64.9785
-64.9896
-65.001
-65.0117
-65.0217
-65.0308
-65.0391
-65.0466
-65.0536
-65.06
-65.066
-65.0715
-65.0767
-65.0815
-65.0861
-65.0904
-65.0945
-65.0984
-65.102
-65.1055
-65.1088
-65.1119
-65.1149
-65.1177
-65.1204
-65.123
-65.1254
-65.1277
-65.1299
-65.1319
-65.1339
-65.1357
-65.1375
-65.1391
-65.1406
-65.1421
-65.1434
-65.1447
-65.1459
-65.147
-65.148
-65.1489
-65.1498
-65.1506
-65.1513
-65.152
-65.1526
-65.1531
-65.1536
-65.154
-65.1543
-65.1546
-65.1549
-65.1551
-65.1552
-65.1553
-65.1553
-65.1553
-65.1553
-65.1552
-65.1551
-65.1549
-65.1547
-65.1544
-65.1542
-65.1538
-65.1535
-65.1531
-65.1527
-65.1522
-65.1518
-65.1513
-65.1507
-65.1502
-65.1496
-65.149
-65.1483
-65.1477
-65.147
-65.1463
-65.1456
-65.1448
-65.1441
-65.1433
-65.1425
-65.1417
-65.1409
-65.14
-65.1392
-65.1383
-65.1374
-65.1365
-65.1356
-65.1347
-65.1337
-65.1328
-65.1318
-65.1309
-65.1299
-65.1289
-65.1279
-65.1269
-65.1259
-65.1249
-65.1239
-65.1229
-65.1218
-65.1208
-65.1197
-65.1187
-65.1176
-65.1166
-65.1155
-65.1145
-65.1134
-65.1123
-65.1112
-65.1102
-65.1091
-65.108
-65.1069
-65.1059
-65.1048
-65.1037
-65.1026
-65.1015
-65.1004
-65.0993
-65.0983
-65.0972
-65.0961
-65.095
-65.0939
-65.0929
-65.0918
-65.0907
-65.0896
-65.0886
-65.0875
-65.0864
-65.0854
-65.0843
-65.0832
-65.0822
-65.0811
-65.0801
-65.079
-65.078
-65.0769
-65.0759
-65.0749
-65.0738
-65.0728
-65.0718
-65.0708
-65.0698
-65.0687
-65.0677
-65.0667
-65.0657
-65.0648
-65.0638
-65.0628
-65.0618
-65.0608
-65.0599
-65.0589
-65.0579
-65.057
-65.056
-65.0551
-65.0541
-65.0532
-65.0523
-65.0514
-65.0504
-65.0495
-65.0486
-65.0477
-65.0468
-65.0459
-65.045
-65.0442
-65.0433
-65.0424
-65.0416
-65.0407
-65.0398
-65.039
-65.0382
-65.0373
-65.0365
-65.0357
-65.0348
-65.034
-65.0332
-65.0324
-65.0316
-65.0308
-65.03
-65.0293
-65.0285
-65.0277
-65.027
-65.0262
-65.0254
-65.0247
-65.024
-65.0232
-65.0225
-65.0218
-65.021
-65.0203
-65.0196
-65.0189
-65.0182
-65.0175
-65.0169
-65.0162
-65.0155
-65.0148
-65.0142
-65.0135
-65.0129
-65.0122
-65.0116
-65.0109
-65.0103
-65.0097
-65.0091
-65.0084
-65.0078
-65.0072
-65.0066
-65.006
-65.0054
-65.0049
-65.0043
-65.0037
-65.0031
-65.0026
-65.002
-65.0015
-65.0009
-65.0004
-64.9998
-64.9993
-64.9988
-64.9982
-64.9977
-64.9972
-65.0058
-65.0164
-65.0272
-65.0375
-65.0469
-65.0555
-65.0633
-65.0704
-65.0769
-65.0828
-65.0883
-65.0933
-65.0981
-65.1025
-65.1066
-65.1104
-65.1141
-65.1175
-65.1207
-65.1238
-65.1266
-65.1294
-65.1319
-65.1344
-65.1366
-65.1388
-65.1408
-65.1427
-65.1445
-65.1462
-65.1478
-65.1492
-65.1506
-65.1519
-65.153
-65.1541
-65.1551
-65.156
-65.1569
-65.1576
-65.1583
-65.1589
-65.1595
-65.1599
-65.1603
-65.1607
-65.161
-65.1612
-65.1613
-65.1614
-65.1615
-65.1615
-65.1614
-65.1613
-65.1612
-65.161
-65.1608
-65.1605
-65.1602
-65.1598
-65.1594
-65.159
-65.1585
-65.158
-65.1575
-65.1569
-65.1563
-65.1557
-65.155
-65.1543
-65.1536
-65.1529
-65.1521
-65.1513
-65.1505
-65.1497
-65.1488
-65.1479
-65.147
-65.1461
-65.1452
-65.1443
-65.1433
-65.1423
-65.1413
-65.1403
-65.1393
-65.1383
-65.1372
-65.1362
-65.1351
-65.134
-65.1329
-65.1318
-65.1307
-65.1296
-65.1285
-65.1274
-65.1262
-65.1251
-65.1239
-65.1228
-65.1216
-65.1204
-65.1193
-65.1181
-65.1169
-65.1157
-65.1145
-65.1134
-65.1122
-65.111
-65.1098
-65.1086
-65.1074
-65.1062
-65.105
-65.1038
-65.1026
-65.1014
-65.1002
-65.099
-65.0978
-65.0966
-65.0954
-65.0942
-65.093
-65.0918
-65.0907
-65.0895
-65.0883
-65.0871
-65.0859
-65.0848
-65.0836
-65.0824
-65.0813
-65.0801
-65.0789
-65.0778
-65.0766
-65.0755
-65.0743
-65.0732
-65.0721
-65.071
-65.0698
-65.0687
-65.0676
-65.0665
-65.0654
-65.0643
-65.0632
-65.0621
-65.061
-65.06
-65.0589
-65.0578
-65.0568
-65.0557
-65.0547
-65.0536
-65.0526
-65.0515
-65.0505
-65.0495
-65.0485
-65.0475
-65.0465
-65.0455
-65.0445
-65.0435
-65.0425
-65.0416
-65.0406
-65.0396
-65.0387
-65.0377
-65.0368
-65.0359
-65.035
-65.034
-65.0331
-65.0322
-65.0313
-65.0304
-65.0295
-65.0287
-65.0278
-65.0269
-65.026
-65.0252
-65.0243
-65.0235
-65.0227
-65.0218
-65.021
-65.0202
-65.0194
-65.0186
-65.0178
-65.017
-65.0162
-65.0154
-65.0147
-65.0139
-65.0132
-65.0124
-65.0117
-65.0109
-65.0102
-65.0095
-65.0087
-65.008
-65.0073
-65.0066
-65.0059
-65.0052
-65.0045
-65.0039
-65.0032
-65.0025
-65.0019
-65.0012
-65.0006
-64.9999
-64.9993
-64.9987
-64.998
-64.9974
-64.9968
-64.9962
-64.9956
-64.995
-64.9944
-64.9938
-64.9933
-64.9927
-64.9921
-64.9916
-64.991
-64.9905
-64.9899
-64.9894
-64.9888
-64.9883
-64.9878
-64.9873
-64.9868
-64.9863
-64.9858
-64.9853
-64.9848
-64.9843
-64.9838
-64.9833
-64.9829
-64.9824
-64.9819
-64.9815
-64.981
-64.9806
-64.9801
-64.9797
-64.9793
-64.9788
-64.9784
-64.978
-64.9776
-64.9772
-64.9768
-64.9764
-64.976
-64.9756
-64.9752
-64.9748
-64.9744
-64.9741
-64.9737
-64.9733
-64.973
-64.9726
-64.9723
-64.9719
-64.9716
-64.9713
-64.9709
-64.9706
-64.9703
-64.9699
-64.9696
-64.9693
-64.969
-64.9687
-64.9684
-64.9681
-64.9678
-64.9675
-64.9672
-64.9669
-64.9666
-64.9664
-64.9661
-64.9658
-64.9656
-64.9653
-64.965
-64.9648
-64.9645
-64.9643
-64.964
-64.9638
-64.9635
-64.9633
-64.9631
-64.9628
-64.9626
-64.9624
-64.9622
-64.962
-64.9617
-64.9615
-64.9613
-64.9611
-64.9609
-64.9607
-64.9605
-64.9603
-64.9601
-64.96
-64.9598
-64.9596
-64.9594
-64.9592
-64.9591
-64.9589
-64.9587
-64.9586
-64.9584
-64.9582
-64.9581
-64.9579
-64.9578
-64.9576
-64.9575
-64.9573
-64.9572
-64.957
-64.9569
-64.9568
-64.9566
-64.9565
-64.9564
-64.9562
-64.9561
-64.956
-64.9559
-64.9558
-64.9556
-64.9555
-64.9554
-64.9553
-64.9552
-64.9551
-64.955
-64.9549
-64.9548
-64.9547
-64.9546
-64.9545
-64.9544
-64.9543
-64.9542
-64.9541
-64.9541
-64.9631
-64.9742
-64.9855
-64.9962
-65.0061
-65.0151
-65.0233
-65.0309
-65.0378
-65.0442
-65.05
-65.0555
-65.0606
-65.0655
-65.07
-65.0742
-65.0783
-65.0821
-65.0857
-65.0891
-65.0924
-65.0955
-65.0984
-65.1012
-65.1038
-65.1063
-65.1087
-65.111
-65.1131
-65.1151
-65.117
-65.1189
-65.1206
-65.1222
-65.1237
-65.1251
-65.1264
-65.1277
-65.1288
-65.1299
-65.1309
-65.1318
-65.1326
-65.1334
-65.1341
-65.1348
-65.1353
-65.1359
-65.1363
-65.1367
-65.137
-65.1373
-65.1375
-65.1377
-65.1379
-65.1379
-65.138
-65.138
-65.1379
-65.1378
-65.1377
-65.1375
-65.1373
-65.137
-65.1367
-65.1364
-65.1361
-65.1357
-65.1353
-65.1348
-65.1344
-65.1339
-65.1333
-65.1328
-65.1322
-65.1316
-65.131
-65.1303
-65.1296
-65.129
-65.1282
-65.1275
-65.1268
-65.126
-65.1252
-65.1244
-65.1236
-65.1228
-65.1219
-65.1211
-65.1202
-65.1193
-65.1184
-65.1175
-65.1166
-65.1157
-65.1148
-65.1138
-65.1129
-65.1119
-65.1109
-65.11
-65.109
-65.108
-65.107
-65.106
-65.105
-65.104
-65.103
-65.1019
-65.1009
-65.0999
-65.0988
-65.0978
-65.0968
-65.0957
-65.0947
-65.0936
-65.0926
-65.0916
-65.0905
-65.0895
-65.0884
-65.0874
-65.0863
-65.0853
-65.0842
-65.0832
-65.0821
-65.0811
-65.08
-65.079
-65.0779
-65.0769
-65.0758
-65.0748
-65.0738
-65.0727
-65.0717
-65.0707
-65.0696
-65.0686
-65.0676
-65.0666
-65.0656
-65.0646
-65.0636
-65.0626
-65.0616
-65.0606
-65.0596
-65.0586
-65.0576
-65.0566
-65.0556
-65.0547
-65.0537
-65.0527
-65.0518
-65.0508
-65.0499
-65.0489
-65.048
-65.0471
-65.0461
-65.0452
-65.0443
-65.0434
-65.0425
-65.0416
-65.0407
-65.0398
-65.0389
-65.038
-65.0371
-65.0362
-65.0354
-65.0345
-65.0337
-65.0328
-65.032
-65.0311
-65.0303
-65.0295
-65.0286
-65.0278
-65.027
-65.0262
-65.0254
-65.0246
-65.0238
-65.023
-65.0223
-65.0215
-65.0207
-65.02
-65.016
-65.0061
-64.9887
-64.9634
-64.9305
-64.8905
-64.8444
-64.7932
-64.7378
-64.6791
-64.618
-64.5552
-64.4914
-64.4273
-64.3632
-64.2997
-64.237
-64.1754
-64.1153
-64.0568
-63.9999
-63.945
-63.8919
-63.8408
-63.7917
-63.7447
-63.6997
-63.6567
-63.6157
-63.5767
-63.5396
-63.5045
-63.4712
-63.4397
-63.41
-63.3821
-63.3558
-63.3281
-63.2964
-63.2592
-63.2161
-63.1673
-63.1135
-63.0554
-62.994
-62.9301
-62.8644
-62.7979
-62.7312
-62.6648
-62.5992
-62.5349
-62.4722
-62.4113
-62.3526
-62.2961
-62.242
-62.1903
-62.1412
-62.0946
-62.0506
-62.0091
-61.9702
-61.9337
-61.8997
-61.8681
-61.8387
-61.8117
-61.7869
-61.7642
-61.7435
-61.7249
-61.7082
-61.6933
-61.6803
-61.6689
-61.6593
-61.6512
-61.6446
-61.6396
-61.6359
-61.6335
-61.6325
-61.6327
-61.6341
-61.6366
-61.6402
-61.6449
-61.6505
-61.657
-61.6645
-61.6728
-61.682
-61.6919
-61.7025
-61.7139
-61.7259
-61.7385
-61.7517
-61.7655
-61.7799
-61.7947
-61.8101
-61.8259
-61.8421
-61.8587
-61.8757
-61.893
-61.9107
-61.9287
-61.947
-61.9655
-61.9843
-62.0033
-62.0226
-62.042
-62.0617
-62.0814
-62.1014
-62.1215
-62.1417
-62.159
-62.1709
-62.1757
-62.1732
-62.1636
-62.1476
-62.1259
-62.0995
-62.0693
-62.0361
-62.0009
-61.9643
-61.9269
-61.8892
-61.8518
-61.815
-61.7792
-61.7445
-61.7112
-61.6795
-61.6494
-61.6211
-61.5946
-61.57
-61.5473
-61.5264
-61.5074
-61.4902
-61.4749
-61.4613
-61.4494
-61.4393
-61.4308
-61.4238
-61.4184
-61.4145
-61.4121
-61.411
-61.4112
-61.4127
-61.4154
-61.4193
-61.4243
-61.4304
-61.4375
-61.4456
-61.4547
-61.4646
-61.4754
-61.487
-61.4994
-61.5125
-61.5263
-61.5407
-61.5558
-61.5715
-61.5878
-61.6046
-61.6219
-61.6396
-61.6578
-61.6765
-61.6955
-61.7149
-61.7347
-61.7548
-61.7751
-61.7958
-61.8167
-61.8379
-61.8593
-61.8809
-61.9027
-61.9246
-61.9467
-61.969
-61.9914
-62.0139
-62.0365
-62.0592
-62.0819
-62.1047
-62.1276
-62.1505
-62.1735
-62.1964
-62.2194
-62.2424
-62.2654
-62.2883
-62.3113
-62.3342
-62.357
-62.3799
-62.4026
-62.4254
-62.448
-62.4706
-62.4931
-62.5156
-62.5379
-62.5602
-62.5823
-62.6044
-62.6264
-62.6483
-62.67
-62.6917
-62.7132
-62.7347
-62.756
-62.7771
-62.7982
-62.8191
-62.8399
-62.8606
-62.8812
-62.9016
-62.9218
-62.942
-62.962
-62.9818
-63.0015
-63.0211
-63.0405
-63.0598
-63.079
-63.098
-63.1168
-63.1355
-63.1541
-63.1725
-63.1908
-63.2089
-63.2269
-63.2447
-63.2624
-63.2799
-63.2973
-63.3145
-63.3316
-63.3485
-63.3653
-63.382
-63.3985
-63.4148
-63.4311
-63.4471
-63.463
-63.4788
-63.4945
-63.51
-63.5253
-63.5405
-63.5556
-63.5809
-63.6084
-63.6359
-63.6626
-63.6882
-63.7127
-63.7362
-63.7586
-63.7803
-63.8011
-63.8213
-63.8409
-63.8599
-63.8785
-63.8966
-63.9142
-63.9315
-63.9483
-63.9649
-63.9811
-63.9969
-64.0125
-64.0277
-64.0427
-64.0574
-64.0718
-64.0859
-64.0998
-64.1135
-64.1269
-64.14
-64.1529
-64.1656
-64.1781
-64.1903
-64.2023
-64.2141
-64.2257
-64.2372
-64.2484
-64.2594
-64.2702
-64.2809
-64.2913
-64.3016
-64.3117
-64.3217
-64.3314
-64.341
-64.3505
-64.3598
-64.3689
-64.3779
-64.3867
-64.3954
-64.4039
-64.4123
-64.4206
-64.4287
-64.4366
-64.4445
-64.4522
-64.4598
-64.4673
-64.4746
-64.4818
-64.4889
-64.4959
-64.5028
-64.5096
-64.5162
-64.5227
-64.5292
-64.5355
-64.5417
-64.5478
-64.5539
-64.5598
-64.5656
-64.5713
-64.577
-64.5825
-64.588
-64.5933
-64.5986
-64.6038
-64.6089
-64.6139
-64.6188
-64.6237
-64.6285
-64.6332
-64.6378
-64.6423
-64.6468
-64.6512
-64.6555
-64.6598
-64.664
-64.6681
-64.6721
-64.6761
-64.68
-64.6838
-64.6876
-64.6913
-64.695
-64.6986
-64.7021
-64.7056
-64.709
-64.7124
-64.7157
-64.7189
-64.7221
-64.7252
-64.7283
-64.7314
-64.7343
-64.7373
-64.7401
-64.743
-64.7457
-64.7485
-64.7512
-64.7538
-64.7564
-64.7589
-64.7614
-64.7639
-64.7663
-64.7687
-64.771
-64.7733
-64.7755
-64.7778
-64.7799
-64.7821
-64.7841
-64.7862
-64.7882
-64.7902
-64.7921
-64.794
-64.7959
-64.7978
-64.7996
-64.8013
-64.8031
-64.8048
-64.8064
-64.8081
-64.8097
-64.8113
-64.8128
-64.8143
-64.8158
-64.8173
-64.8187
-64.8201
-64.8215
-64.8228
-64.8241
-64.8254
-64.8267
-64.8279
-64.8292
-64.8303
-64.8315
-64.8327
-64.8338
-64.8349
-64.8359
-64.837
-64.838
-64.839
-64.84
-64.841
-64.8419
-64.8428
-64.8437
-64.8446
-64.8454
-64.8463
-64.8471
-64.8479
-64.8487
-64.8494
-64.8502
-64.8509
-64.8516
-64.8523
-64.8529
-64.8536
-64.8542
-64.8549
-64.8555
-64.856
-64.8566
-64.8572
-64.8577
-64.8582
-64.8587
-64.8592
-64.8597
-64.8602
-64.8606
-64.8611
-64.8615
-64.8619
-64.8623
-64.8627
-64.8631
-64.8634
-64.8638
-64.8641
-64.8645
-64.8648
-64.8651
-64.8654
-64.8656
-64.8659
-64.8662
-64.8664
-64.8666
-64.8669
-64.8671
-64.8673
-64.8675
-64.8677
-64.8678
-64.868
-64.8682
-64.8683
-64.8684
-64.8686
-64.8687
-64.8688
-64.8689
-64.869
-64.8691
-64.8692
-64.8692
-64.8693
-64.8694
-64.8694
-64.8694
-64.8695
-64.8695
-64.8695
-64.8695
-64.8695
-64.8695
-64.8695
-64.8695
-64.8695
-64.8695
-64.8694
-64.8694
-64.8694
-64.8693
-64.8693
-64.8692
-64.8691
-64.8691
-64.869
-64.8689
-64.8688
-64.8687
-64.8686
-64.8685
-64.8684
-64.8683
-64.8682
-64.8681
-64.8679
-64.8678
-64.8677
-64.8675
-64.8674
-64.8673
-64.8671
-64.867
-64.8668
-64.8666
-64.8665
-64.8663
-64.8661
-64.866
-64.8658
-64.8656
-64.8654
-64.8652
-64.865
-64.8649
-64.8647
-64.8645
-64.8643
-64.8641
-64.8639
-64.8636
-64.8634
-64.8632
-64.863
-64.8628
-64.8626
-64.8624
-64.8621
-64.8619
-64.8617
-64.8614
-64.8612
-64.861
-64.8607
-64.8605
-64.8603
-64.86
-64.8598
-64.8595
-64.8593
-64.8591
-64.8588
-64.8586
-64.8583
-64.8581
-64.8578
-64.8575
-64.8573
-64.857
-64.8568
-64.8565
-64.8563
-64.856
-64.8557
-64.8555
-64.8552
-64.8549
-64.8547
-64.8544
-64.8542
-64.8539
-64.8536
-64.8534
-64.8531
-64.8528
-64.8525
-64.8491
-64.8397
-64.8228
-64.798
-64.7655
-64.726
-64.6804
-64.6296
-64.5746
-64.5163
-64.4555
-64.393
-64.3295
-64.2656
-64.2018
-64.1385
-64.076
-64.0147
-63.9547
-63.8963
-63.8396
-63.7848
-63.7318
-63.6809
-63.6319
-63.585
-63.54
-63.4971
-63.4562
-63.4173
-63.3803
-63.3453
-63.312
-63.2806
-63.251
-63.2231
-63.1969
-63.1723
-63.1492
-63.1277
-63.1076
-63.089
-63.0718
-63.0558
-63.0412
-63.0278
-63.0155
-63.0045
-62.9945
-62.9855
-62.9776
-62.9707
-62.9647
-62.9596
-62.9554
-62.952
-62.9494
-62.9476
-62.9465
-62.9461
-62.9463
-62.9473
-62.9488
-62.9509
-62.9536
-62.9568
-62.9605
-62.9648
-62.9694
-62.9746
-62.9801
-62.9861
-62.9924
-62.9991
-63.0062
-63.0135
-63.0212
-63.0292
-63.0375
-63.046
-63.0548
-63.0638
-63.073
-63.0824
-63.0921
-63.1019
-63.1119
-63.122
-63.1323
-63.1428
-63.1533
-63.164
-63.1748
-63.1857
-63.1967
-63.2078
-63.219
-63.2302
-63.2415
-63.2528
-63.2642
-63.2757
-63.2871
-63.2986
-63.3102
-63.3217
-63.3333
-63.3449
-63.3565
-63.368
-63.3796
-63.3912
-63.4028
-63.4143
-63.4259
-63.4374
-63.4488
-63.4603
-63.4717
-63.4831
-63.4945
-63.5058
-63.5171
-63.5283
-63.5395
-63.5506
-63.5617
-63.5728
-63.5838
-63.5947
-63.6056
-63.6164
-63.6271
-63.6378
-63.6485
-63.6591
-63.6696
-63.68
-63.6904
-63.7007
-63.711
-63.7211
-63.7281
-63.7292
-63.7229
-63.7088
-63.687
-63.6584
-63.6237
-63.5839
-63.5399
-63.4926
-63.4429
-63.3915
-63.3391
-63.2862
-63.2305
-63.1697
-63.103
-63.0302
-62.9519
-62.869
-62.7825
-62.6933
-62.6024
-62.5109
-62.4194
-62.3286
-62.2392
-62.1517
-62.0665
-61.9838
-61.904
-61.8272
-61.7536
-61.6832
-61.6162
-61.5525
-61.4894
-61.4245
-61.3566
-61.2852
-61.2106
-61.1335
-61.0545
-60.9745
-60.8942
-60.8143
-60.7356
-60.6585
-60.5835
-60.5109
-60.4412
-60.3745
-60.3109
-60.2507
-60.1939
-60.1404
-60.0904
-60.0439
-60.0007
-59.9608
-59.9242
-59.8907
-59.8603
-59.8329
-59.8085
-59.7868
-59.7678
-59.7515
-59.7377
-59.7262
-59.7171
-59.7103
-59.7055
-59.7028
-59.7021
-59.7032
-59.7061
-59.7108
-59.717
-59.7249
-59.7342
-59.7449
-59.757
-59.7704
-59.7849
-59.8007
-59.8176
-59.8355
-59.8544
-59.8742
-59.8949
-59.9165
-59.9389
-59.962
-59.9859
-60.0104
-60.0356
-60.0749
-60.1178
-60.1613
-60.2045
-60.2469
-60.2883
-60.329
-60.3689
-60.4082
-60.4469
-60.4852
-60.5231
-60.5607
-60.598
-60.6351
-60.6719
-60.7085
-60.7449
-60.7812
-60.8172
-60.8531
-60.8887
-60.9242
-60.9595
-60.9946
-61.0295
-61.0642
-61.0988
-61.1331
-61.1672
-61.2011
-61.2348
-61.2683
-61.3016
-61.3346
-61.3674
-61.4
-61.4324
-61.4646
-61.4965
-61.5282
-61.5596
-61.5908
-61.6218
-61.6526
-61.6831
-61.7134
-61.7434
-61.7732
-61.8027
-61.832
-61.8611
-61.8899
-61.9185
-61.9468
-61.9749
-62.0027
-62.0303
-62.0577
-62.0848
-62.1117
-62.1383
-62.1647
-62.1909
-62.2168
-62.2425
-62.2679
-62.2931
-62.3181
-62.3428
-62.3673
-62.3916
-62.4156
-62.4394
-62.463
-62.4864
-62.5095
-62.5324
-62.5551
-62.5775
-62.5998
-62.6218
-62.6436
-62.6651
-62.6865
-62.7076
-62.7286
-62.7493
-62.7698
-62.7901
-62.8102
-62.8301
-62.8498
-62.8693
-62.8886
-62.9077
-62.9266
-62.9453
-62.9638
-62.9821
-63.0002
-63.0181
-63.0359
-63.0534
-63.0708
-63.088
-63.105
-63.1219
-63.1385
-63.155
-63.1713
-63.1875
-63.2034
-63.2192
-63.2349
-63.2503
-63.2656
-63.2807
-63.2957
-63.3105
-63.3252
-63.3397
-63.354
-63.3682
-63.3822
-63.3961
-63.4099
-63.4235
-63.4369
-63.4502
-63.4633
-63.4763
-63.4892
-63.5019
-63.5145
-63.527
-63.5393
-63.5515
-63.5636
-63.5755
-63.5873
-63.5989
-63.6105
-63.6219
-63.6332
-63.6443
-63.6554
-63.6663
-63.6771
-63.6878
-63.6984
-63.7088
-63.7192
-63.7294
-63.7395
-63.7495
-63.7594
-63.7692
-63.7758
-63.7764
-63.7697
-63.7551
-63.733
-63.7039
-63.6688
-63.6286
-63.5842
-63.5365
-63.4864
-63.4346
-63.3818
-63.3286
-63.2754
-63.2226
-63.1707
-63.1199
-63.0704
-63.0224
-62.9761
-62.9315
-62.8887
-62.8479
-62.8089
-62.7719
-62.7368
-62.7037
-62.6725
-62.6431
-62.6156
-62.5899
-62.566
-62.5437
-62.5232
-62.5042
-62.4869
-62.471
-62.4567
-62.4437
-62.4321
-62.4219
-62.4129
-62.4051
-62.3985
-62.393
-62.3887
-62.3853
-62.383
-62.3816
-62.3812
-62.3816
-62.3829
-62.385
-62.3879
-62.3915
-62.3958
-62.4007
-62.4064
-62.4126
-62.4194
-62.4268
-62.4347
-62.4431
-62.452
-62.4613
-62.4711
-62.4813
-62.4918
-62.5028
-62.5141
-62.5257
-62.5376
-62.5498
-62.5622
-62.5749
-62.5879
-62.6011
-62.6145
-62.6281
-62.6418
-62.6558
-62.6699
-62.6841
-62.6985
-62.7129
-62.7275
-62.7422
-62.757
-62.7718
-62.7868
-62.8018
-62.8168
-62.8319
-62.847
-62.8621
-62.8773
-62.8925
-62.9077
-62.9229
-62.9381
-62.9533
-62.9685
-62.9836
-62.9987
-63.0139
-63.0289
-63.044
-63.0589
-63.0739
-63.0888
-63.1036
-63.1184
-63.1331
-63.1478
-63.1624
-63.1769
-63.1914
-63.2058
-63.2201
-63.2344
-63.2485
-63.2626
-63.2766
-63.2905
-63.3044
-63.3181
-63.3318
-63.3453
-63.3588
-63.3722
-63.3855
-63.3987
-63.4118
-63.4248
-63.4377
-63.4505
-63.4632
-63.4759
-63.4988
-63.5241
-63.5493
-63.5738
-63.5973
-63.6197
-63.641
-63.6614
-63.681
-63.6999
-63.7181
-63.7357
-63.7528
-63.7695
-63.7857
-63.8015
-63.817
-63.8321
-63.8468
-63.8613
-63.8754
-63.8893
-63.9029
-63.9162
-63.9293
-63.9421
-63.9547
-63.9671
-63.9792
-63.991
-64.0027
-64.0142
-64.0254
-64.0364
-64.0473
-64.0579
-64.0683
-64.0786
-64.0887
-64.0986
-64.1083
-64.1178
-64.1272
-64.1364
-64.1455
-64.1543
-64.1631
-64.1717
-64.1801
-64.1884
-64.1965
-64.2045
-64.2124
-64.2201
-64.2277
-64.2351
-64.2424
-64.2496
-64.2567
-64.2637
-64.2705
-64.2772
-64.2838
-64.2903
-64.2967
-64.3029
-64.3091
-64.3152
-64.3211
-64.327
-64.3327
-64.3384
-64.3439
-64.3494
-64.3547
-64.36
-64.3652
-64.3703
-64.3753
-64.3802
-64.3851
-64.3898
-64.3945
-64.3991
-64.4036
-64.4081
-64.4221
-64.4381
-64.4543
-64.4697
-64.4842
-64.4978
-64.5104
-64.5223
-64.5334
-64.5438
-64.5537
-64.5631
-64.5721
-64.5806
-64.5888
-64.5967
-64.6042
-64.6115
-64.6185
-64.6253
-64.6318
-64.6381
-64.6442
-64.65
-64.6557
-64.6612
-64.6665
-64.6716
-64.6766
-64.6813
-64.686
-64.6904
-64.6947
-64.6989
-64.7029
-64.7068
-64.7105
-64.7141
-64.7176
-64.7209
-64.7242
-64.7273
-64.7303
-64.7331
-64.7359
-64.7386
-64.7411
-64.7436
-64.746
-64.7482
-64.7504
-64.7525
-64.7545
-64.7564
-64.7582
-64.7568
-64.7494
-64.7344
-64.7115
-64.6808
-64.6432
-64.5994
-64.5504
-64.4972
-64.4407
-64.3817
-64.321
-64.2593
-64.1972
-64.135
-64.0734
-64.0125
-63.9528
-63.8944
-63.8375
-63.7822
-63.7288
-63.6772
-63.6275
-63.5797
-63.534
-63.4902
-63.4483
-63.4084
-63.3704
-63.3343
-63.3
-63.2676
-63.2369
-63.2079
-63.1806
-63.1549
-63.1308
-63.1082
-63.0871
-63.0674
-63.049
-63.032
-63.0163
-63.0018
-62.9885
-62.9764
-62.9654
-62.9554
-62.9464
-62.9384
-62.9314
-62.9253
-62.92
-62.9156
-62.912
-62.9091
-62.907
-62.9056
-62.9049
-62.9048
-62.9053
-62.9064
-62.9081
-62.9104
-62.9131
-62.9163
-62.92
-62.9242
-62.9288
-62.9337
-62.9391
-62.9449
-62.9509
-62.9574
-62.9641
-62.9711
-62.9784
-62.986
-62.9938
-63.0019
-63.0102
-63.0187
-63.0274
-63.0363
-63.0453
-63.0546
-63.0639
-63.0735
-63.0831
-63.0929
-63.1028
-63.1128
-63.1228
-63.13
-63.1314
-63.1257
-63.1124
-63.0918
-63.0646
-63.0316
-62.9937
-62.9519
-62.907
-62.86
-62.8115
-62.7622
-62.7126
-62.6633
-62.6146
-62.5669
-62.5204
-62.4754
-62.432
-62.3903
-62.3505
-62.3126
-62.2767
-62.2427
-62.2108
-62.1808
-62.1528
-62.1267
-62.1026
-62.0803
-62.0598
-62.041
-62.024
-62.0087
-61.9949
-61.9827
-61.972
-61.9628
-61.9549
-61.9484
-61.9432
-61.9392
-61.9364
-61.9348
-61.9342
-61.9347
-61.9362
-61.9387
-61.942
-61.9463
-61.9513
-61.9572
-61.9638
-61.9712
-61.9793
-61.988
-61.9973
-62.0072
-62.0177
-62.0287
-62.0403
-62.0523
-62.0648
-62.0777
-62.091
-62.1046
-62.1187
-62.1331
-62.1478
-62.1628
-62.1781
-62.1936
-62.2094
-62.2254
-62.2416
-62.258
-62.2746
-62.2914
-62.3083
-62.3253
-62.3425
-62.3598
-62.3771
-62.3946
-62.4122
-62.4298
-62.4475
-62.4652
-62.483
-62.5008
-62.5186
-62.5364
-62.5543
-62.5721
-62.59
-62.6078
-62.6256
-62.6434
-62.6612
-62.6789
-62.6966
-62.7142
-62.7318
-62.7493
-62.7668
-62.7842
-62.8015
-62.8188
-62.836
-62.8531
-62.8702
-62.8871
-62.904
-62.9177
-62.9256
-62.9261
-62.9189
-62.9041
-62.8826
-62.855
-62.8223
-62.7855
-62.7454
-62.703
-62.6588
-62.6136
-62.568
-62.5223
-62.4771
-62.4327
-62.3893
-62.3472
-62.3065
-62.2674
-62.2299
-62.1943
-62.1604
-62.1284
-62.0982
-62.0699
-62.0434
-62.0187
-61.9958
-61.9747
-61.9552
-61.9375
-61.9213
-61.9068
-61.8937
-61.8822
-61.8721
-61.8753
-61.8825
-61.8912
-61.9004
-61.9097
-61.919
-61.9283
-61.9378
-61.9474
-61.9573
-61.9674
-61.9779
-61.9887
-61.9999
-62.0115
-62.0235
-62.0358
-62.0485
-62.0616
-62.075
-62.0888
-62.1029
-62.1172
-62.1319
-62.1469
-62.1621
-62.1892
-62.2191
-62.2493
-62.279
-62.3078
-62.3356
-62.3626
-62.3887
-62.4142
-62.4391
-62.4635
-62.4874
-62.5109
-62.5341
-62.557
-62.5796
-62.6019
-62.624
-62.6458
-62.6674
-62.6888
-62.71
-62.731
-62.7518
-62.7723
-62.7927
-62.8129
-62.8329
-62.8527
-62.8723
-62.8917
-62.9109
-62.93
-62.9488
-62.9675
-62.9859
-63.0042
-63.0223
-63.0402
-63.058
-63.0755
-63.0929
-63.1101
-63.1271
-63.1439
-63.1605
-63.177
-63.1933
-63.2094
-63.2253
-63.2411
-63.2567
-63.2721
-63.2874
-63.3024
-63.3174
-63.3321
-63.3467
-63.3611
-63.3753
-63.3894
-63.4034
-63.4171
-63.4307
-63.4442
-63.4575
-63.4706
-63.4836
-63.4965
-63.5091
-63.5217
-63.5341
-63.5463
-63.5584
-63.5704
-63.5822
-63.5939
-63.6054
-63.6168
-63.628
-63.6392
-63.6501
-63.661
-63.6717
-63.6823
-63.6928
-63.7031
-63.7133
-63.7203
-63.7213
-63.7148
-63.7005
-63.6786
-63.6497
-63.6147
-63.5746
-63.5302
-63.4826
-63.4295
-63.3688
-63.2998
-63.2226
-63.1379
-63.0469
-62.9507
-62.8506
-62.7478
-62.6434
-62.5383
-62.4334
-62.3295
-62.2273
-62.1272
-62.0297
-61.9351
-61.8438
-61.7558
-61.6715
-61.5908
-61.5139
-61.4408
-61.3715
-61.3059
-61.2441
-61.1859
-61.1312
-61.0801
-61.0324
-60.988
-60.9469
-60.9088
-60.8738
-60.8417
-60.8123
-60.7857
-60.7617
-60.7401
-60.721
-60.7041
-60.6895
-60.6769
-60.6664
-60.6578
-60.6511
-60.6461
-60.6428
-60.6411
-60.6409
-60.6422
-60.6449
-60.649
-60.6543
-60.6608
-60.6684
-60.6771
-60.6869
-60.6977
-60.7223
-60.7508
-60.7802
-60.8096
-60.8386
-60.867
-60.8949
-60.9224
-60.9496
-60.9892
-61.0315
-61.0737
-61.115
-61.1551
-61.194
-61.2316
-61.2683
-61.3041
-61.339
-61.3733
-61.407
-61.4402
-61.4728
-61.5051
-61.5369
-61.5684
-61.5995
-61.6303
-61.6607
-61.6909
-61.7207
-61.7502
-61.7794
-61.8083
-61.837
-61.8653
-61.8934
-61.9212
-61.9487
-61.9759
-62.0028
-62.0295
-62.0559
-62.082
-62.1079
-62.1334
-62.1588
-62.1838
-62.2086
-62.2331
-62.2574
-62.2814
-62.3051
-62.3286
-62.3518
-62.3748
-62.3976
-62.42
-62.4423
-62.4643
-62.486
-62.5075
-62.5288
-62.5498
-62.5706
-62.5911
-62.6114
-62.6315
-62.6514
-62.671
-62.6904
-62.7096
-62.7286
-62.7473
-62.7659
-62.7842
-62.8023
-62.8202
-62.8379
-62.8553
-62.8726
-62.8897
-62.9066
-62.9232
-62.9397
-62.956
-62.9721
-62.988
-63.0037
-63.0192
-63.0345
-63.0497
-63.0647
-63.0795
-63.0941
-63.1085
-63.1228
-63.1369
-63.1477
-63.1526
-63.1501
-63.1397
-63.1217
-63.0967
-63.0657
-63.0296
-62.9892
-62.9456
-62.8995
-62.8517
-62.8028
-62.7535
-62.7041
-62.6552
-62.607
-62.5598
-62.5139
-62.4694
-62.4264
-62.3852
-62.3457
-62.308
-62.2837
-62.2639
-62.2461
-62.2295
-62.2137
-62.1987
-62.1843
-62.1708
-62.1582
-62.1465
-62.1358
-62.126
-62.1173
-62.1067
-62.0916
-62.0706
-62.0434
-62.0102
-61.9717
-61.9286
-61.8819
-61.8323
-61.7808
-61.7281
-61.6748
-61.6216
-61.5689
-61.5172
-61.4667
-61.4178
-61.3707
-61.3255
-61.2823
-61.2413
-61.2026
-61.166
-61.1318
-61.0997
-61.0699
-61.0423
-61.0168
-60.9935
-60.9722
-60.9529
-60.9356
-60.9201
-60.9065
-60.8946
-60.8844
-60.8758
-60.8688
-60.8604
-60.848
-60.8302
-60.8065
-60.7772
-60.743
-60.7046
-60.6628
-60.6186
-60.5727
-60.5259
-60.4789
-60.4322
-60.3863
-60.3415
-60.2983
-60.2568
-60.2172
-60.1798
-60.1446
-60.1116
-60.081
-60.0527
-60.0267
-60.003
-59.9816
-59.9625
-59.9455
-59.9307
-59.9179
-59.9072
-59.8983
-59.8914
-59.8862
-59.8828
-59.881
-59.8809
-59.8823
-59.8851
-59.8893
-59.8949
-59.9018
-59.9099
-59.9329
-59.96
-59.9884
-60.0169
-60.0451
-60.0729
-60.1003
-60.1275
-60.1544
-60.1813
-60.2081
-60.2349
-60.2618
-60.2888
-60.3158
-60.343
-60.3703
-60.3977
-60.4252
-60.4529
-60.4806
-60.5084
-60.5363
-60.5643
-60.5923
-60.6203
-60.6484
-60.6764
-60.7045
-60.7325
-60.7604
-60.7883
-60.8161
-60.8438
-60.8715
-60.899
-60.9265
-60.9539
-60.9811
-61.0083
-61.0353
-61.0622
-61.089
-61.1156
-61.1422
-61.1685
-61.1948
-61.2209
-61.2469
-61.2727
-61.2984
-61.324
-61.3494
-61.3746
-61.3997
-61.4245
-61.4493
-61.4738
-61.4981
-61.5222
-61.5462
-61.5699
-61.5934
-61.6167
-61.6397
-61.6626
-61.6852
-61.7076
-61.7298
-61.7517
-61.7734
-61.7948
-61.816
-61.837
-61.8578
-61.8783
-61.8986
-61.9187
-61.9386
-61.9583
-61.9779
-61.9972
-62.0163
-62.0352
-62.054
-62.0725
-62.0909
-62.109
-62.127
-62.1447
-62.1623
-62.1796
-62.1968
-62.2138
-62.2306
-62.2472
-62.2636
-62.2798
-62.2959
-62.3118
-62.3275
-62.3431
-62.3585
-62.3738
-62.3889
-62.4039
-62.4187
-62.4333
-62.4478
-62.4621
-62.4762
-62.4902
-62.504
-62.5177
-62.5312
-62.5445
-62.5576
-62.5706
-62.5834
-62.596
-62.6085
-62.6207
-62.6329
-62.6448
-62.6566
-62.6683
-62.6798
-62.6911
-62.7022
-62.7132
-62.724
-62.7347
-62.7452
-62.7526
-62.754
-62.7481
-62.7344
-62.7131
-62.685
-62.6509
-62.6117
-62.5684
-62.5219
-62.4699
-62.4105
-62.3429
-62.2672
-62.1841
-62.0949
-62.0006
-61.9025
-61.8017
-61.6995
-61.5967
-61.4943
-61.3929
-61.2933
-61.1959
-61.1012
-61.0096
-60.9212
-60.8364
-60.7552
-60.6777
-60.6041
-60.5343
-60.4683
-60.4061
-60.3448
-60.2817
-60.2154
-60.1455
-60.0722
-59.9961
-59.9179
-59.8384
-59.7584
-59.6788
-59.6003
-59.5233
-59.4484
-59.3761
-59.3066
-59.2403
-59.1773
-59.1178
-59.0619
-59.0095
-58.9608
-58.9157
-58.8742
-58.8361
-58.8015
-58.7702
-58.7422
-58.7173
-58.6955
-58.6766
-58.6605
-58.6472
-58.6364
-58.6282
-58.6223
-58.6187
-58.6174
-58.6181
-58.6207
-58.6253
-58.6316
-58.6397
-58.6494
-58.6606
-58.6732
-58.6873
-58.7026
-58.7163
-58.7259
-58.7298
-58.7277
-58.7198
-58.7066
-58.6889
-58.6676
-58.6435
-58.6174
-58.5901
-58.5622
-58.5343
-58.5068
-58.4803
-58.4549
-58.431
-58.4087
-58.3883
-58.3698
-58.3534
-58.3389
-58.3266
-58.3163
-58.3082
-58.302
-58.2978
-58.2956
-58.2953
-58.2969
-58.3002
-58.3053
-58.3121
-58.3205
-58.3304
-58.3418
-58.3546
-58.3688
-58.3844
-58.4011
-58.4191
-58.4382
-58.4584
-58.4796
-58.5018
-58.525
-58.549
-58.5738
-58.5995
-58.6259
-58.6529
-58.6807
-58.709
-58.7379
-58.7673
-58.7972
-58.8276
-58.8583
-58.8895
-58.921
-58.9529
-58.9851
-59.0175
-59.0502
-59.0832
-59.1163
-59.1572
-59.201
-59.2463
-59.2924
-59.3387
-59.3851
-59.4313
-59.4772
-59.5228
-59.568
-59.6128
-59.6571
-59.701
-59.7445
-59.7875
-59.83
-59.872
-59.9135
-59.9546
-59.9952
-60.0354
-60.075
-60.1143
-60.153
-60.1914
-60.2293
-60.2667
-60.3037
-60.3402
-60.3764
-60.4121
-60.4474
-60.4822
-60.5167
-60.5508
-60.5845
-60.6178
-60.6508
-60.6834
-60.7156
-60.7476
-60.7791
-60.8103
-60.8412
-60.8718
-60.902
-60.9319
-60.9614
-60.9906
-61.0195
-61.048
-61.0763
-61.1042
-61.1318
-61.159
-61.186
-61.2127
-61.2391
-61.2652
-61.291
-61.3166
-61.3419
-61.3669
-61.3916
-61.4162
-61.4404
-61.4644
-61.4882
-61.5117
-61.535
-61.5551
-61.5693
-61.5762
-61.5753
-61.567
-61.5518
-61.5306
-61.5043
-61.4738
-61.4401
-61.4038
-61.3659
-61.3268
-61.2873
-61.2476
-61.2084
-61.1698
-61.1322
-61.0958
-61.0608
-61.0273
-60.9954
-60.9652
-60.9367
-60.91
-60.8851
-60.8619
-60.8405
-60.8208
-60.8029
-60.7866
-60.772
-60.759
-60.7475
-60.7375
-60.729
-60.7219
-60.7162
-60.7118
-60.7087
-60.7067
-60.706
-60.7063
-60.7078
-60.7103
-60.7138
-60.7182
-60.7235
-60.7297
-60.7368
-60.7446
-60.7532
-60.7625
-60.7725
-60.7832
-60.7944
-60.8063
-60.8187
-60.8317
-60.8451
-60.8591
-60.8735
-60.8883
-60.9035
-60.9191
-60.935
-60.9513
-60.9679
-60.9848
-61.002
-61.0194
-61.0371
-61.055
-61.0731
-61.0914
-61.1098
-61.1284
-61.1472
-61.1661
-61.1851
-61.2042
-61.2234
-61.2427
-61.262
-61.2814
-61.3008
-61.3202
-61.3397
-61.3591
-61.3784
-61.3978
-61.4171
-61.4364
-61.4555
-61.4747
-61.4937
-61.5126
-61.5315
-61.5502
-61.5688
-61.5873
-61.6057
-61.6239
-61.6421
-61.6601
-61.678
-61.6958
-61.7135
-61.731
-61.7485
-61.7658
-61.7831
-61.8002
-61.8172
-61.8341
-61.8509
-61.8676
-61.8842
-61.9007
-61.9171
-61.9334
-61.9496
-61.9656
-61.9816
-61.9975
-62.0133
-62.029
-62.0446
-62.0601
-62.0755
-62.0908
-62.106
-62.1211
-62.1361
-62.151
-62.1658
-62.1804
-62.195
-62.2095
-62.2239
-62.2382
-62.2524
-62.2665
-62.2805
-62.2944
-62.3082
-62.3219
-62.3355
-62.349
-62.3624
-62.3757
-62.3889
-62.402
-62.415
-62.4279
-62.4406
-62.4533
-62.4629
-62.4667
-62.4631
-62.4519
-62.4333
-62.4079
-62.3765
-62.3402
-62.2997
-62.2561
-62.2102
-62.1626
-62.1141
-62.0652
-62.0164
-61.9681
-61.9207
-61.8744
-61.8294
-61.786
-61.7442
-61.7041
-61.6659
-61.6296
-61.5952
-61.5628
-61.5322
-61.5035
-61.4767
-61.4518
-61.4287
-61.4073
-61.3877
-61.3698
-61.3534
-61.3387
-61.3255
-61.3137
-61.3034
-61.2945
-61.2869
-61.2805
-61.2754
-61.2715
-61.2811
-61.2947
-61.3095
-61.3245
-61.3393
-61.3538
-61.3805
-61.4098
-61.4391
-61.4676
-61.495
-61.5214
-61.5468
-61.5713
-61.5952
-61.6185
-61.6414
-61.6639
-61.6861
-61.708
-61.7297
-61.7512
-61.7726
-61.7938
-61.8149
-61.8358
-61.8566
-61.8773
-61.8979
-61.9184
-61.9387
-61.959
-61.9791
-61.9991
-62.0189
-62.0386
-62.0582
-62.0894
-62.123
-62.1566
-62.1893
-62.2208
-62.251
-62.28
-62.3079
-62.3348
-62.3609
-62.3862
-62.4109
-62.4349
-62.4583
-62.4812
-62.5036
-62.5255
-62.5471
-62.5682
-62.5888
-62.6092
-62.6291
-62.6487
-62.6679
-62.6868
-62.7054
-62.7236
-62.7416
-62.7592
-62.7765
-62.7935
-62.8103
-62.8267
-62.8429
-62.8588
-62.8744
-62.8898
-62.9049
-62.9198
-62.9344
-62.9488
-62.9629
-62.9768
-62.9904
-63.0039
-63.0171
-63.0301
-63.0428
-63.0554
-63.0678
-63.0799
-63.0919
-63.1036
-63.1152
-63.1265
-63.1377
-63.1487
-63.1595
-63.1702
-63.1806
-63.1909
-63.2011
-63.211
-63.2208
-63.2304
-63.2399
-63.2492
-63.2584
-63.2674
-63.2763
-63.285
-63.2936
-63.3021
-63.3104
-63.3186
-63.3266
-63.3345
-63.3423
-63.35
-63.3575
-63.365
-63.3723
-63.3794
-63.3865
-63.404
-63.4237
-63.4435
-63.4624
-63.4804
-63.5076
-63.5361
-63.5638
-63.5899
-63.6144
-63.6372
-63.6586
-63.6786
-63.6974
-63.7152
-63.7321
-63.7481
-63.7634
-63.778
-63.792
-63.8054
-63.8183
-63.8307
-63.8426
-63.8541
-63.8651
-63.8758
-63.886
-63.8959
-63.9054
-63.9146
-63.9235
-63.932
-63.9402
-63.9481
-63.9558
-63.9631
-63.9702
-63.977
-63.9836
-63.9899
-63.996
-64.0018
-64.0075
-64.0129
-64.0181
-64.0231
-64.0279
-64.0325
-64.0369
-64.0411
-64.0452
-64.049
-64.0528
-64.0563
-64.0597
-64.063
-64.0661
-64.069
-64.0719
-64.0715
-64.0651
-64.0513
-64.0298
-64.0006
-63.9646
-63.9226
-63.8754
-63.8242
-63.7697
-63.7128
-63.6543
-63.5949
-63.535
-63.4752
-63.4159
-63.3574
-63.3001
-63.2442
-63.1897
-63.137
-63.0861
-63.037
-62.9899
-62.9447
-62.9015
-62.8712
-62.8455
-62.8219
-62.7995
-62.7781
-62.7576
-62.7378
-62.719
-62.7011
-62.6841
-62.6682
-62.6534
-62.6396
-62.6268
-62.6151
-62.6044
-62.5947
-62.586
-62.5783
-62.5714
-62.5655
-62.5604
-62.5562
-62.5528
-62.5501
-62.5482
-62.547
-62.5465
-62.5466
-62.5473
-62.5487
-62.5506
-62.553
-62.556
-62.5595
-62.5634
-62.5678
-62.5726
-62.5778
-62.5834
-62.5893
-62.5956
-62.6023
-62.6092
-62.6164
-62.6239
-62.6317
-62.6397
-62.6479
-62.6675
-62.6899
-62.7125
-62.7346
-62.7558
-62.7762
-62.7956
-62.8143
-62.8324
-62.8498
-62.8668
-62.8834
-62.8996
-62.9154
-62.931
-62.9463
-62.9614
-62.9762
-62.9908
-63.0052
-63.0195
-63.0335
-63.0474
-63.0611
-63.0746
-63.088
-63.1012
-63.1142
-63.1271
-63.1398
-63.1523
-63.1647
-63.177
-63.1891
-63.201
-63.2128
-63.2244
-63.2359
-63.2473
-63.2691
-63.2932
-63.3172
-63.3404
-63.3625
-63.3834
-63.4033
-63.4222
-63.4402
-63.4574
-63.474
-63.4899
-63.5053
-63.5202
-63.5346
-63.5486
-63.5621
-63.5753
-63.5882
-63.6007
-63.6129
-63.6248
-63.6364
-63.6477
-63.6587
-63.6695
-63.68
-63.6902
-63.7002
-63.7202
-63.7422
-63.7641
-63.7851
-63.805
-63.8237
-63.8413
-63.8579
-63.8735
-63.8884
-63.9026
-63.9161
-63.929
-63.9414
-63.9533
-63.9647
-63.9758
-63.9864
-63.9966
-64.0065
-64.0161
-64.0253
-64.0343
-64.0429
-64.0512
-64.0593
-64.067
-64.0746
-64.0818
-64.0888
-64.0956
-64.1022
-64.1085
-64.1146
-64.1205
-64.1262
-64.1317
-64.137
-64.1422
-64.1471
-64.1518
-64.1564
-64.1609
-64.1651
-64.1692
-64.1731
-64.1769
-64.1806
-64.1841
-64.1875
-64.1907
-64.1938
-64.1968
-64.1996
-64.2024
-64.205
-64.2075
-64.2099
-64.2122
-64.2144
-64.2165
-64.2184
-64.2203
-64.2221
-64.2238
-64.2255
-64.227
-64.2285
-64.2298
-64.2311
-64.2324
-64.2335
-64.2346
-64.2356
-64.2365
-64.2374
-64.2382
-64.239
-64.2397
-64.2501
-64.2626
-64.2752
-64.2871
-64.2981
-64.3082
-64.3173
-64.3256
-64.3332
-64.3402
-64.3467
-64.3526
-64.3582
-64.3633
-64.3682
-64.3727
-64.3754
-64.3765
-64.3765
-64.3757
-64.3741
-64.3721
-64.3697
-64.367
-64.361
-64.3458
-64.3175
-64.2742
-64.216
-64.1439
-64.0596
-63.965
-63.862
-63.7526
-63.6383
-63.521
-63.4018
-63.282
-63.1627
-63.0447
-62.9287
-62.8152
-62.7158
-62.6224
-62.533
-62.4468
-62.3621
-62.2792
-62.1986
-62.1206
-62.0454
-61.9732
-61.9042
-61.8384
-61.7759
-61.7166
-61.6592
-61.6037
-61.5506
-61.4999
-61.4519
-61.4065
-61.3639
-61.3239
-61.2836
-61.2403
-61.1926
-61.14
-61.0827
-61.0214
-60.9569
-60.89
-60.8216
-60.7525
-60.6835
-60.6153
-60.5469
-60.4791
-60.4127
-60.3482
-60.286
-60.2265
-60.1698
-60.1163
-60.0659
-60.0187
-59.9748
-59.9341
-59.8938
-59.8513
-59.8053
-59.7553
-59.7014
-59.6444
-59.5848
-59.5329
-59.4809
-59.4278
-59.3739
-59.3293
-59.2873
-59.2464
-59.2066
-59.1679
-59.1497
-59.1376
-59.1263
-59.115
-59.1035
-59.0922
-59.0814
-59.0715
-59.0627
-59.0552
-59.0588
-59.0662
-59.0741
-59.082
-59.0899
-59.0982
-59.107
-59.1307
-59.1585
-59.1873
-59.2162
-59.2448
-59.2731
-59.3013
-59.3294
-59.3576
-59.386
-59.4146
-59.4436
-59.473
-59.5027
-59.5329
-59.5621
-59.5905
-59.6186
-59.6556
-59.6946
-59.7338
-59.7816
-59.8307
-59.8792
-59.9265
-59.9724
-60.0171
-60.0606
-60.1032
-60.1627
-60.2253
-60.2874
-60.3477
-60.4058
-60.4618
-60.5158
-60.568
-60.6186
-60.6763
-60.7347
-60.7919
-60.8476
-60.9014
-60.9536
-61.0043
-61.052
-61.0973
-61.1405
-61.1821
-61.2223
-61.2612
-61.2991
-61.3361
-61.3804
-61.4257
-61.4704
-61.5139
-61.556
-61.5968
-61.6363
-61.6747
-61.7121
-61.7486
-61.7841
-61.8189
-61.8766
-61.9386
-61.9999
-62.059
-62.1152
-62.1684
-62.219
-62.2672
-62.3131
-62.3572
-62.398
-62.4361
-62.4719
-62.5059
-62.5383
-62.5693
-62.5991
-62.6279
-62.6557
-62.6827
-62.7074
-62.7303
-62.7516
-62.7718
-62.7982
-62.8255
-62.8521
-62.8777
-62.9021
-62.9564
-63.019
-63.0814
-63.1476
-63.2111
-63.2704
-63.3254
-63.3764
-63.4238
-63.4681
-63.5097
-63.5475
-63.5821
-63.6141
-63.6439
-63.672
-63.6985
-63.7238
-63.7479
-63.7711
-63.7934
-63.8149
-63.8357
-63.8559
-63.8755
-63.8946
-63.9132
-63.9313
-63.9556
-63.9778
-63.9939
-64.002
-64.0016
-63.993
-63.977
-63.9543
-63.9394
-63.9228
-63.9027
-63.8791
-63.8522
-63.8214
-63.7875
-63.7582
-63.7291
-63.6993
-63.669
-63.6383
-63.6076
-63.5771
-63.5471
-63.5246
-63.5046
-63.4856
-63.4673
-63.4599
-63.4553
-63.4514
-63.4475
-63.4434
-63.4392
-63.4335
-63.4267
-63.4192
-63.4114
-63.4035
-63.3958
-63.3884
-63.3814
-63.3749
-63.3689
-63.3619
-63.3544
-63.3466
-63.3443
-63.3441
-63.3423
-63.3358
-63.323
-63.3034
-63.2774
-63.2441
-63.2046
-63.1601
-63.1119
-63.061
-63.0083
-62.9618
-62.9166
-62.8717
-62.827
-62.7828
-62.7393
-62.6968
-62.6555
-62.6231
-62.594
-62.5667
-62.5407
-62.5308
-62.5253
-62.5197
-62.5133
-62.506
-62.4981
-62.4899
-62.4817
-62.4736
-62.497
-62.5317
-62.569
-62.6053
-62.6396
-62.6715
-62.7086
-62.7452
-62.7804
-62.8137
-62.8452
-62.8752
-62.9039
-62.9315
-62.9581
-62.9839
-63.009
-63.0335
-63.0574
-63.0809
-63.104
-63.1268
-63.1491
-63.1697
-63.1888
-63.2067
-63.2238
-63.2402
-63.256
-63.2714
-63.2864
-63.3011
-63.3156
-63.3298
-63.3439
-63.3577
-63.3714
-63.385
-63.3984
-63.4186
-63.4401
-63.4684
-63.4975
-63.5258
-63.5529
-63.5785
-63.6162
-63.6556
-63.6938
-63.73
-63.761
-63.7842
-63.7985
-63.8036
-63.8002
-63.789
-63.7711
-63.7474
-63.7191
-63.6871
-63.6522
-63.6152
-63.5768
-63.5376
-63.5048
-63.4736
-63.4429
-63.4124
-63.3822
-63.3523
-63.323
-63.2944
-63.2667
-63.24
-63.2144
-63.1899
-63.1665
-63.1444
-63.1234
-63.1037
-63.0851
-63.0677
-63.0514
-63.0363
-63.0222
-63.0091
-62.9971
-62.986
-62.9759
-62.9666
-62.9582
-62.9506
-62.9438
-62.9449
-62.9555
-62.9685
-62.9816
-62.9943
-63.0031
-63.0055
-63.0109
-63.0107
-63.0029
-62.9862
-62.9615
-62.9301
-62.8934
-62.8669
-62.8406
-62.8123
-62.7818
-62.7494
-62.7156
-62.6795
-62.642
-62.6037
-62.5654
-62.5274
-62.4903
-62.4542
-62.4195
-62.4174
-62.4278
-62.4419
-62.4563
-62.4695
-62.4814
-62.4921
-62.5017
-62.5107
-62.5191
-62.5274
-62.5356
-62.5438
-62.5523
-62.5609
-62.5698
-62.5791
-62.5887
-62.5986
-62.6089
-62.6195
-62.6379
-62.6581
-62.6786
-62.6989
-62.7188
-62.7381
-62.757
-62.7756
-62.7937
-62.8116
-62.8292
-62.8466
-62.8637
-62.8807
-62.8975
-62.9142
-62.9306
-62.9469
-62.9631
-62.979
-62.9948
-63.0104
-63.0259
-63.0483
-63.072
-63.0956
-63.1185
-63.1405
-63.1617
-63.182
-63.2016
-63.2204
-63.2457
-63.2719
-63.2976
-63.3223
-63.346
-63.3685
-63.3901
-63.4107
-63.4304
-63.4494
-63.4677
-63.4854
-63.5024
-63.519
-63.535
-63.5505
-63.5655
-63.5801
-63.5942
-63.6079
-63.6212
-63.6341
-63.6466
-63.6586
-63.6703
-63.6815
-63.6923
-63.7027
-63.7128
-63.7224
-63.7316
-63.7405
-63.7489
-63.757
-63.7647
-63.7721
-63.779
-63.7857
-63.7972
-63.8104
-63.8242
-63.838
-63.8517
-63.8651
-63.878
-63.8905
-63.9025
-63.9139
-63.9248
-63.9352
-63.9451
-63.9545
-63.9634
-63.9719
-63.9799
-63.9874
-64.0045
-64.0233
-64.0418
-64.0593
-64.0755
-64.0904
-64.1041
-64.1167
-64.1283
-64.139
-64.1489
-64.1581
-64.1666
-64.1745
-64.1818
-64.1885
-64.1948
-64.2006
-64.2059
-64.2107
-64.2152
-64.2192
-64.2228
-64.2259
-64.2288
-64.2312
-64.2333
-64.2447
-64.2578
-64.2708
-64.2828
-64.2936
-64.3031
-64.3115
-64.3189
-64.3254
-64.331
-64.3359
-64.3401
-64.3437
-64.3468
-64.3494
-64.3515
-64.3532
-64.3545
-64.3554
-64.3559
-64.3562
-64.356
-64.3556
-64.3549
-64.3538
-64.3525
-64.351
-64.3492
-64.3471
-64.3449
-64.3424
-64.3397
-64.3368
-64.3337
-64.3305
-64.3271
-64.3331
-64.3411
-64.3491
-64.3563
-64.3625
-64.3676
-64.3718
-64.3751
-64.3776
-64.3793
-64.3805
-64.3811
-64.3813
-64.381
-64.3803
-64.3793
-64.378
-64.3765
-64.3746
-64.3726
-64.3703
-64.3678
-64.3652
-64.3623
-64.3593
-64.3562
-64.3529
-64.3494
-64.3458
-64.342
-64.3382
-64.3342
-64.3301
-64.3258
-64.3215
-64.317
-64.3125
-64.3078
-64.3031
-64.2983
-64.2933
-64.2883
-64.2832
-64.278
-64.2728
-64.2674
-64.262
-64.2565
-64.2509
-64.2452
-64.2395
-64.2337
-64.2278
-64.2219
-64.2159
-64.2099
-64.2038
-64.1977
-64.1916
-64.1854
-64.1791
-64.1729
-64.1666
-64.1603
-64.1539
-64.1475
-64.141
-64.1345
-64.1279
-64.1213
-64.1244
-64.1298
-64.1352
-64.1399
-64.1438
-64.1467
-64.1487
-64.1499
-64.1505
-64.1504
-64.1499
-64.149
-64.1477
-64.146
-64.1441
-64.142
-64.1396
-64.137
-64.1342
