-65
-64.9848
-64.9714
-64.9581
-64.9453
-64.9331
-64.9218
-64.9115
-64.9021
-64.8937
-64.8861
-64.8793
-64.8732
-64.8678
-64.8629
-64.8585
-64.8546
-64.851
-64.8479
-64.845
-64.8425
-64.8402
-64.8382
-64.8363
-64.8347
-64.8333
-64.832
-64.8309
-64.8299
-64.8291
-64.8284
-64.8278
-64.8273
-64.8269
-64.8266
-64.8264
-64.8262
-64.8262
-64.8262
-64.8263
-64.8264
-64.8267
-64.8269
-64.8272
-64.8276
-64.828
-64.8285
-64.8289
-64.8295
-64.83
-64.8306
-64.8313
-64.8319
-64.8326
-64.8333
-64.8341
-64.8348
-64.8356
-64.8364
-64.8372
-64.838
-64.8389
-64.8397
-64.8406
-64.8415
-64.8424
-64.8433
-64.8442
-64.8452
-64.8461
-64.847
-64.848
-64.8489
-64.8499
-64.8508
-64.8518
-64.8528
-64.8538
-64.8547
-64.8557
-64.8567
-64.8577
-64.8586
-64.8596
-64.8606
-64.8616
-64.8625
-64.8635
-64.8645
-64.8655
-64.8664
-64.8674
-64.8684
-64.8693
-64.8703
-64.8712
-64.8722
-64.8731
-64.8741
-64.875
-64.876
-64.8769
-64.8778
-64.8787
-64.8797
-64.8806
-64.8815
-64.8824
-64.8833
-64.8842
-64.8851
-64.886
-64.8868
-64.8877
-64.8886
-64.8894
-64.8903
-64.8912
-64.892
-64.8928
-64.8937
-64.8945
-64.8953
-64.8961
-64.897
-64.8978
-64.8986
-64.8994
-64.9001
-64.9009
-64.9017
-64.9025
-64.9032
-64.904
-64.9048
-64.9055
-64.9062
-64.907
-64.9077
-64.9084
-64.9091
-64.9099
-64.9106
-64.9113
-64.912
-64.9127
-64.9133
-64.914
-64.9147
-64.9154
-64.916
-64.9167
-64.9173
-64.918
-64.9186
-64.9193
-64.9199
-64.9205
-64.9211
-64.9217
-64.9223
-64.9229
-64.9235
-64.9241
-64.9247
-64.9253
-64.9259
-64.9265
-64.927
-64.9276
-64.9281
-64.9287
-64.9292
-64.9298
-64.9303
-64.9308
-64.9314
-64.9319
-64.9324
-64.9329
-64.9334
-64.9339
-64.9344
-64.9349
-64.9354
-64.9359
-64.9364
-64.9369
-64.9373
-64.9378
-64.9383
-64.9387
-64.9392
-64.9396
-64.9401
-64.9405
-64.9409
-64.9414
-64.9418
-64.9422
-64.9427
-64.9431
-64.9435
-64.9439
-64.9443
-64.9447
-64.9451
-64.9455
-64.9459
-64.9463
-64.9466
-64.947
-64.9474
-64.9478
-64.9481
-64.9485
-64.9489
-64.9492
-64.9496
-64.9499
-64.9503
-64.9506
-64.9509
-64.9513
-64.9516
-64.9519
-64.9523
-64.9526
-64.9529
-64.9532
-64.9535
-64.9538
-64.9542
-64.9545
-64.9548
-64.9551
-64.9553
-64.9556
-64.9559
-64.9562
-64.9565
-64.9568
-64.9571
-64.9573
-64.9576
-64.9579
-64.9581
-64.9584
-64.9586
-64.9589
-64.9592
-64.9594
-64.9597
-64.9599
-64.9601
-64.9604
-64.9606
-64.9609
-64.9611
-64.9613
-64.9616
-64.9618
-64.962
-64.9622
-64.9624
-64.9627
-64.9629
-64.9631
-64.9633
-64.9635
-64.9637
-64.9639
-64.9641
-64.9643
-64.9645
-64.9647
-64.9649
-64.9651
-64.9653
-64.9654
-64.9656
-64.9658
-64.966
-64.9662
-64.9663
-64.9665
-64.9667
-64.9668
-64.967
-64.9672
-64.9673
-64.9675
-64.9677
-64.9678
-64.968
-64.9681
-64.9683
-64.9684
-64.9686
-64.9687
-64.9689
-64.969
-64.9692
-64.9693
-64.9694
-64.9696
-64.9697
-64.9698
-64.97
-64.9701
-64.9702
-64.9703
-64.9705
-64.9706
-64.9707
-64.9708
-64.971
-64.9711
-64.9712
-64.9713
-64.9714
-64.9715
-64.9716
-64.9717
-64.9719
-64.972
-64.9721
-64.9722
-64.9723
-64.9724
-64.9725
-64.9726
-64.9727
-64.9728
-64.9729
-64.9729
-64.973
-64.9731
-64.9732
-64.9733
-64.9734
-64.9735
-64.9736
-64.9736
-64.9737
-64.9738
-64.9739
-64.974
-64.974
-64.9741
-64.9742
-64.9743
-64.9743
-64.9744
-64.9745
-64.9746
-64.9746
-64.9747
-64.9748
-64.9748
-64.9749
-64.975
-64.975
-64.9751
-64.9751
-64.9752
-64.9753
-64.9753
-64.9754
-64.9754
-64.9755
-64.9755
-64.9756
-64.9757
-64.9757
-64.9758
-64.9758
-64.9759
-64.9759
-64.976
-64.976
-64.976
-64.9761
-64.9761
-64.9762
-64.9762
-64.9763
-64.9763
-64.9763
-64.9764
-64.9764
-64.9765
-64.9765
-64.9765
-64.9766
-64.9766
-64.9766
-64.9767
-64.9767
-64.9768
-64.9768
-64.9768
-64.9768
-64.9769
-64.9769
-64.9769
-64.977
-64.977
-64.977
-64.977
-64.9771
-64.9771
-64.9771
-64.9772
-64.9772
-64.9772
-64.9772
-64.9772
-64.9773
-64.9773
-64.9773
-64.9773
-64.9773
-64.9774
-64.9774
-64.9774
-64.9774
-64.9774
-64.9775
-64.9775
-64.9775
-64.9775
-64.9775
-64.9775
-64.9775
-64.9776
-64.9776
-64.9776
-64.9776
-64.9776
-64.9776
-64.9776
-64.9776
-64.9777
-64.9777
-64.9777
-64.9777
-64.9777
-64.9777
-64.9777
-64.9777
-64.9777
-64.9777
-64.9777
-64.9777
-64.9777
-64.9778
-64.9778
-64.9778
-64.9778
-64.9778
-64.9778
-64.9778
-64.9778
-64.9778
-64.9778
-64.9778
-64.9778
-64.9778
-64.9778
-64.9778
-64.9778
-64.9778
-64.9778
-64.9778
-64.9778
-64.9778
-64.9778
-64.9778
-64.9778
-64.9778
-64.9778
-64.9778
-64.9778
-64.9778
-64.9778
-64.9778
-64.9778
-64.9778
-64.9777
-64.9777
-64.9777
-64.9777
-64.9777
-64.9777
-64.9777
-64.9777
-64.9777
-64.9777
-64.9777
-64.9777
-64.9777
-64.9777
-64.9777
-64.9777
-64.9776
-64.9776
-64.9776
-64.9776
-64.9776
-64.9776
-64.9776
-64.9776
-64.9776
-64.9776
-64.9776
-64.9776
-64.9775
-64.9775
-64.9775
-64.9775
-64.9775
-64.9775
-64.9775
-64.9775
-64.9775
-64.9774
-64.9774
-64.9774
-64.9774
-64.9774
-64.9774
-64.9774
-64.9774
-64.9774
-64.9773
-64.9773
-64.9773
-64.9773
-64.9773
-64.9773
-64.9773
-64.9772
-64.9772
-64.9772
-64.9772
-64.9772
-64.9772
-64.9772
-64.9772
-64.9771
-64.9771
-64.9771
-64.9771
-64.9771
-64.9771
-64.9771
-64.977
-64.977
-64.977
-64.977
-64.977
-64.977
-64.9769
-64.9769
-64.9769
-64.9769
-64.9769
-64.9769
-64.9769
-64.9768
-64.9768
-64.9768
-64.9768
-64.9768
-64.9768
-64.9767
-64.9767
-64.9767
-64.9767
-64.9767
-64.9767
-64.9766
-64.9766
-64.9766
-64.9766
-64.9766
-64.9766
-64.9765
-64.9765
-64.9765
-64.9765
-64.9765
-64.9765
-64.9764
-64.9764
-64.9764
-64.9764
-64.9764
-64.9764
-64.9763
-64.9763
-64.9763
-64.9763
-64.9763
-64.9763
-64.9762
-64.9762
-64.9762
-64.9762
-64.9762
-64.9762
-64.9761
-64.9761
-64.9761
-64.9761
-64.9761
-64.9761
-64.976
-64.976
-64.976
-64.976
-64.976
-64.9759
-64.9759
-64.9759
-64.9759
-64.9759
-64.9759
-64.9758
-64.9758
-64.9758
-64.9758
-64.9758
-64.9758
-64.9757
-64.9757
-64.9757
-64.9757
-64.9757
-64.9756
-64.9756
-64.9756
-64.9756
-64.9756
-64.9756
-64.9755
-64.9755
-64.9755
-64.9755
-64.9755
-64.9755
-64.9754
-64.9754
-64.9754
-64.9754
-64.9754
-64.9753
-64.9753
-64.9753
-64.9753
-64.9753
-64.9753
-64.9752
-64.9752
-64.9752
-64.9752
-64.9752
-64.9752
-64.9751
-64.9751
-64.9751
-64.9751
-64.9751
-64.975
-64.975
-64.975
-64.975
-64.975
-64.975
-64.9749
-64.9749
-64.9749
-64.9749
-64.9749
-64.9749
-64.9748
-64.9748
-64.9748
-64.9748
-64.9748
-64.9748
-64.9747
-64.9747
-64.9747
-64.9747
-64.9747
-64.9747
-64.9746
-64.9746
-64.9746
-64.9746
-64.9746
-64.9746
-64.9745
-64.9745
-64.9745
-64.9745
-64.9745
-64.9745
-64.9744
-64.9744
-64.9744
-64.9744
-64.9744
-64.9744
-64.9743
-64.9743
-64.9743
-64.9743
-64.9743
-64.9743
-64.9742
-64.9742
-64.9742
-64.9742
-64.9742
-64.9742
-64.9741
-64.9741
-64.9741
-64.9741
-64.9741
-64.9741
-64.974
-64.974
-64.974
-64.974
-64.974
-64.974
-64.9739
-64.9739
-64.9739
-64.9739
-64.9739
-64.9739
-64.9739
-64.9738
-64.9738
-64.9738
-64.9738
-64.9738
-64.9738
-64.9737
-64.9737
-64.9737
-64.9737
-64.9737
-64.9737
-64.9736
-64.9736
-64.9736
-64.9736
-64.9736
-64.9736
-64.9736
-64.9735
-64.9735
-64.9735
-64.9735
-64.9735
-64.9735
-64.9735
-64.9734
-64.9734
-64.9734
-64.9734
-64.9734
-64.9734
-64.9734
-64.9733
-64.9733
-64.9733
-64.9733
-64.9733
-64.9733
-64.9732
-64.9732
-64.9732
-64.9732
-64.9732
-64.9732
-64.9732
-64.9732
-64.9731
-64.9731
-64.9731
-64.9731
-64.9731
-64.9731
-64.9731
-64.973
-64.973
-64.973
-64.973
-64.973
-64.973
-64.973
-64.9729
-64.9729
-64.9729
-64.9729
-64.9729
-64.9729
-64.9729
-64.9728
-64.9728
-64.9728
-64.9728
-64.9728
-64.9728
-64.9728
-64.9728
-64.9727
-64.9727
-64.9727
-64.9727
-64.9727
-64.9727
-64.9727
-64.9727
-64.9726
-64.9726
-64.9726
-64.9726
-64.9726
-64.9726
-64.9726
-64.9725
-64.9725
-64.9725
-64.9725
-64.9725
-64.9725
-64.9725
-64.9725
-64.9724
-64.9724
-64.9724
-64.9724
-64.9724
-64.9724
-64.9724
-64.9724
-64.9724
-64.9723
-64.9723
-64.9723
-64.9723
-64.9723
-64.9723
-64.9723
-64.9723
-64.9722
-64.9722
-64.9722
-64.9722
-64.9722
-64.9722
-64.9722
-64.9722
-64.9721
-64.9721
-64.9721
-64.9721
-64.9721
-64.9721
-64.9721
-64.9721
-64.9721
-64.972
-64.972
-64.972
-64.972
-64.972
-64.972
-64.972
-64.972
-64.972
-64.9719
-64.9719
-64.9719
-64.9719
-64.9719
-64.9719
-64.9719
-64.9719
-64.9719
-64.9718
-64.9718
-64.9718
-64.9718
-64.9718
-64.9718
-64.9718
-64.9718
-64.9718
-64.9718
-64.9717
-64.9717
-64.9717
-64.9717
-64.9717
-64.9717
-64.9717
-64.9717
-64.9717
-64.9717
-64.9716
-64.9716
-64.9716
-64.9716
-64.9716
-64.9716
-64.9716
-64.9716
-64.9716
-64.9716
-64.9715
-64.9715
-64.9715
-64.9715
-64.9715
-64.9715
-64.9715
-64.9715
-64.9715
-64.9715
-64.9714
-64.9714
-64.9714
-64.9714
-64.9714
-64.9714
-64.9714
-64.9714
-64.9714
-64.9714
-64.9714
-64.9713
-64.9713
-64.9713
-64.9713
-64.9713
-64.9713
-64.9713
-64.9713
-64.9713
-64.9713
-64.9713
-64.9712
-64.9712
-64.9712
-64.9712
-64.9712
-64.9712
-64.9712
-64.9712
-64.9712
-64.9712
-64.9712
-64.9711
-64.9711
-64.9711
-64.9711
-64.9711
-64.9711
-64.9711
-64.9711
-64.9711
-64.9711
-64.9711
-64.9711
-64.971
-64.971
-64.971
-64.971
-64.971
-64.971
-64.971
-64.971
-64.971
-64.971
-64.971
-64.971
-64.9709
-64.9709
-64.9709
-64.9709
-64.9709
-64.9709
-64.9709
-64.9709
-64.9709
-64.9709
-64.9709
-64.9709
-64.9709
-64.9708
-64.9708
-64.9708
-64.9708
-64.9708
-64.9708
-64.9708
-64.9708
-64.9708
-64.9708
-64.9708
-64.9708
-64.9708
-64.9707
-64.9707
-64.9707
-64.9707
-64.9707
-64.9707
-64.9707
-64.9707
-64.9707
-64.9707
-64.9707
-64.9707
-64.9707
-64.9707
-64.9706
-64.9706
-64.9706
-64.9706
-64.9706
-64.9706
-64.9706
-64.9706
-64.9706
-64.9706
-64.9706
-64.9706
-64.9706
-64.9706
-64.9706
-64.9705
-64.9705
-64.9705
-64.9705
-64.9705
-64.9705
-64.9705
-64.9705
-64.9705
-64.9705
-64.9705
-64.9705
-64.9705
-64.9705
-64.9705
-64.9704
-64.9704
-64.9704
-64.9704
-64.9704
-64.9704
-64.9704
-64.9704
-64.9704
-64.9704
-64.9704
-64.9704
-64.9704
-64.9704
-64.9704
-64.9704
-64.9703
-64.9703
-64.9703
-64.9703
-64.9703
-64.9703
-64.9703
-64.9703
-64.9703
-64.9703
-64.9703
-64.9703
-64.9703
-64.9703
-64.9703
-64.9703
-64.9703
-64.9702
-64.9702
-64.9702
-64.9702
-64.9702
-64.9702
-64.9509
-64.9154
-64.8684
-64.8132
-64.7523
-64.6874
-64.6198
-64.5505
-64.4803
-64.4099
-64.3397
-64.2703
-64.2019
-64.1348
-64.0694
-64.0056
-63.9438
-63.884
-63.8263
-63.7707
-63.7173
-63.6661
-63.6172
-63.5704
-63.5258
-63.4833
-63.443
-63.4047
-63.3685
-63.3342
-63.3019
-63.2715
-63.2429
-63.2161
-63.191
-63.1676
-63.1458
-63.1255
-63.1068
-63.0895
-63.0736
-63.059
-63.0458
-63.0338
-63.023
-63.0134
-63.0049
-62.9975
-62.9911
-62.9856
-62.9812
-62.9776
-62.9749
-62.973
-62.972
-62.9717
-62.9721
-62.9733
-62.9751
-62.9775
-62.9806
-62.9842
-62.9884
-62.9932
-62.9984
-63.0041
-63.0103
-63.0169
-63.0239
-63.0313
-63.0391
-63.0473
-63.0557
-63.0645
-63.0736
-63.083
-63.0926
-63.1025
-63.1127
-63.123
-63.1336
-63.1444
-63.1553
-63.1664
-63.1777
-63.1891
-63.2007
-63.2124
-63.2242
-63.2361
-63.2481
-63.2602
-63.2724
-63.2847
-63.297
-63.3094
-63.3218
-63.3343
-63.3468
-63.3593
-63.3719
-63.3845
-63.3971
-63.4097
-63.4223
-63.435
-63.4476
-63.4602
-63.4728
-63.4853
-63.4979
-63.5104
-63.5229
-63.5354
-63.5478
-63.5602
-63.5725
-63.5848
-63.5971
-63.6093
-63.6215
-63.6336
-63.6456
-63.6576
-63.6695
-63.6814
-63.6932
-63.705
-63.7167
-63.7283
-63.7398
-63.7513
-63.7627
-63.7741
-63.7854
-63.7966
-63.8077
-63.8187
-63.8297
-63.8406
-63.8514
-63.8622
-63.8728
-63.8834
-63.8939
-63.9044
-63.9147
-63.925
-63.9352
-63.9453
-63.9364
-63.9114
-63.8751
-63.8306
-63.7805
-63.7263
-63.6694
-63.6108
-63.5513
-63.4915
-63.4319
-63.373
-63.3151
-63.2584
-63.2033
-63.1499
-63.0983
-63.0486
-63.001
-62.9554
-62.9119
-62.8705
-62.8313
-62.7941
-62.759
-62.726
-62.695
-62.666
-62.6389
-62.6137
-62.5903
-62.5688
-62.5489
-62.5307
-62.5141
-62.4991
-62.4856
-62.4735
-62.4629
-62.4536
-62.4456
-62.4388
-62.4333
-62.4289
-62.4256
-62.4234
-62.4221
-62.4219
-62.4226
-62.4242
-62.4266
-62.4298
-62.4339
-62.4386
-62.4441
-62.4503
-62.4571
-62.4645
-62.4725
-62.481
-62.4901
-62.4997
-62.5097
-62.5202
-62.5311
-62.5425
-62.5542
-62.5663
-62.5787
-62.5914
-62.6045
-62.6178
-62.6314
-62.6452
-62.6593
-62.6736
-62.6881
-62.7027
-62.7176
-62.7326
-62.7477
-62.763
-62.7784
-62.794
-62.8096
-62.8253
-62.8411
-62.857
-62.8729
-62.8889
-62.9049
-62.921
-62.9371
-62.9532
-62.9694
-62.9855
-63.0017
-63.0178
-63.034
-63.0501
-63.0662
-63.0823
-63.0983
-63.1143
-63.1303
-63.1462
-63.1621
-63.178
-63.1937
-63.2095
-63.2251
-63.2407
-63.2562
-63.2717
-63.2871
-63.3024
-63.3176
-63.3328
-63.3478
-63.3628
-63.3777
-63.3925
-63.4073
-63.4219
-63.4365
-63.4509
-63.4653
-63.4795
-63.4937
-63.5078
-63.5218
-63.5356
-63.5494
-63.5631
-63.5767
-63.5901
-63.6035
-63.6168
-63.63
-63.643
-63.656
-63.6688
-63.6816
-63.6943
-63.7068
-63.7193
-63.7316
-63.7438
-63.756
-63.768
-63.7799
-63.7918
-63.8035
-63.8151
-63.8266
-63.8381
-63.8494
-63.8606
-63.8717
-63.8827
-63.8936
-63.9045
-63.9152
-63.9258
-63.9363
-63.9467
-63.9571
-63.9673
-63.9774
-63.9875
-63.9974
-64.0072
-64.017
-64.0266
-64.0362
-64.0457
-64.0551
-64.0643
-64.0735
-64.0827
-64.0917
-64.1006
-64.1094
-64.1182
-64.1269
-64.1354
-64.1439
-64.1523
-64.1607
-64.1689
-64.1771
-64.1851
-64.1931
-64.201
-64.2089
-64.2166
-64.2243
-64.2319
-64.2394
-64.2468
-64.2542
-64.2615
-64.2687
-64.2758
-64.2829
-64.2899
-64.2968
-64.3036
-64.3104
-64.3171
-64.3237
-64.3303
-64.3367
-64.3432
-64.3495
-64.3558
-64.362
-64.3682
-64.3742
-64.3803
-64.3862
-64.3921
-64.3979
-64.4037
-64.4094
-64.415
-64.4206
-64.4261
-64.4316
-64.437
-64.4423
-64.4476
-64.4528
-64.458
-64.4631
-64.4681
-64.4731
-64.478
-64.4829
-64.4878
-64.4925
-64.4973
-64.5019
-64.5065
-64.5111
-64.5156
-64.5201
-64.5245
-64.5289
-64.5332
-64.5374
-64.5417
-64.5458
-64.55
-64.554
-64.5581
-64.562
-64.566
-64.5699
-64.5737
-64.5775
-64.5813
-64.585
-64.5887
-64.5923
-64.5959
-64.5994
-64.6029
-64.6064
-64.6098
-64.6132
-64.6166
-64.6199
-64.6231
-64.6264
-64.6295
-64.6327
-64.6358
-64.6389
-64.6419
-64.6449
-64.6479
-64.6508
-64.6537
-64.6566
-64.6594
-64.6622
-64.665
-64.6677
-64.6704
-64.6731
-64.6757
-64.6783
-64.6808
-64.6834
-64.6859
-64.6883
-64.6908
-64.6932
-64.6956
-64.6979
-64.7002
-64.7025
-64.7048
-64.707
-64.7092
-64.7114
-64.7136
-64.7157
-64.7178
-64.7198
-64.7219
-64.7239
-64.7259
-64.7279
-64.7298
-64.7317
-64.7336
-64.7355
-64.7373
-64.7391
-64.7409
-64.7427
-64.7444
-64.7461
-64.7478
-64.7495
-64.7512
-64.7528
-64.7544
-64.756
-64.7576
-64.7591
-64.7607
-64.7622
-64.7636
-64.7651
-64.7665
-64.768
-64.7694
-64.7708
-64.7721
-64.7735
-64.7748
-64.7761
-64.7774
-64.7787
-64.7799
-64.7812
-64.7824
-64.7836
-64.7848
-64.7859
-64.7871
-64.7882
-64.7893
-64.7904
-64.7915
-64.7926
-64.7936
-64.7947
-64.7957
-64.7967
-64.7977
-64.7987
-64.7996
-64.8006
-64.8015
-64.8024
-64.8033
-64.8042
-64.8051
-64.8059
-64.8068
-64.8076
-64.8084
-64.8092
-64.81
-64.8108
-64.8116
-64.8124
-64.8131
-64.8138
-64.8145
-64.8153
-64.816
-64.8166
-64.8173
-64.818
-64.8186
-64.8193
-64.8199
-64.8205
-64.8211
-64.8217
-64.8223
-64.8229
-64.8234
-64.824
-64.8246
-64.8251
-64.8256
-64.8261
-64.8266
-64.8271
-64.8276
-64.8281
-64.8286
-64.829
-64.8295
-64.8299
-64.8304
-64.8308
-64.8312
-64.8316
-64.832
-64.8324
-64.8328
-64.8332
-64.8335
-64.8339
-64.8343
-64.8346
-64.8349
-64.8353
-64.8356
-64.8359
-64.8362
-64.8365
-64.8368
-64.8371
-64.8374
-64.8377
-64.838
-64.8382
-64.8385
-64.8387
-64.839
-64.8392
-64.8394
-64.8397
-64.8399
-64.8401
-64.8403
-64.8405
-64.8407
-64.8409
-64.8411
-64.8413
-64.8415
-64.8416
-64.8418
-64.8419
-64.8421
-64.8423
-64.8424
-64.8425
-64.8427
-64.8428
-64.8429
-64.8431
-64.8432
-64.8433
-64.8434
-64.8435
-64.8436
-64.8437
-64.8438
-64.8439
-64.844
-64.8441
-64.8441
-64.8442
-64.8443
-64.8444
-64.8444
-64.8445
-64.8445
-64.8446
-64.8446
-64.8447
-64.8447
-64.8448
-64.8448
-64.8448
-64.8449
-64.8449
-64.8449
-64.8449
-64.8449
-64.845
-64.845
-64.845
-64.845
-64.845
-64.845
-64.845
-64.845
-64.845
-64.845
-64.845
-64.845
-64.8449
-64.8449
-64.8449
-64.8449
-64.8449
-64.8448
-64.8448
-64.8448
-64.8447
-64.8447
-64.8447
-64.8446
-64.8446
-64.8445
-64.8445
-64.8445
-64.8444
-64.8444
-64.8443
-64.8443
-64.8442
-64.8441
-64.8441
-64.844
-64.844
-64.8439
-64.8438
-64.8438
-64.8437
-64.8437
-64.8436
-64.8435
-64.8434
-64.8434
-64.8433
-64.8432
-64.8432
-64.8431
-64.843
-64.8429
-64.8428
-64.8428
-64.8427
-64.8426
-64.8425
-64.8424
-64.8424
-64.8423
-64.8422
-64.8421
-64.842
-64.8419
-64.8418
-64.8417
-64.8417
-64.8416
-64.8415
-64.8414
-64.8413
-64.8412
-64.8411
-64.841
-64.8409
-64.8408
-64.8407
-64.8406
-64.8405
-64.8404
-64.8403
-64.8402
-64.8401
-64.84
-64.8399
-64.8398
-64.8398
-64.8397
-64.8396
-64.8395
-64.8394
-64.8393
-64.8392
-64.8391
-64.839
-64.8389
-64.8388
-64.8387
-64.8386
-64.8385
-64.8384
-64.8383
-64.8381
-64.838
-64.8379
-64.8378
-64.8377
-64.8376
-64.8375
-64.8374
-64.8373
-64.8372
-64.8371
-64.837
-64.8369
-64.8368
-64.8367
-64.8366
-64.8365
-64.8364
-64.8363
-64.8362
-64.8361
-64.8361
-64.836
-64.8359
-64.8358
-64.8357
-64.8356
-64.8355
-64.8354
-64.8353
-64.8352
-64.8351
-64.835
-64.8349
-64.8348
-64.8347
-64.8346
-64.8345
-64.8344
-64.8343
-64.8342
-64.8341
-64.8341
-64.834
-64.8339
-64.8338
-64.8337
-64.8336
-64.8335
-64.8334
-64.8333
-64.8332
-64.8332
-64.8331
-64.833
-64.8329
-64.8328
-64.8327
-64.8326
-64.8326
-64.8325
-64.8324
-64.8323
-64.8322
-64.8321
-64.8321
-64.832
-64.8319
-64.8318
-64.8317
-64.8317
-64.8316
-64.8315
-64.8314
-64.8314
-64.8313
-64.8312
-64.8311
-64.8311
-64.831
-64.8309
-64.8308
-64.8308
-64.8307
-64.8306
-64.8306
-64.8305
-64.8304
-64.8304
-64.8303
-64.8302
-64.8302
-64.8301
-64.83
-64.83
-64.8299
-64.8298
-64.8298
-64.8297
-64.8297
-64.8296
-64.8295
-64.8295
-64.8294
-64.8294
-64.8293
-64.8292
-64.8292
-64.8291
-64.8291
-64.829
-64.829
-64.8289
-64.8289
-64.8288
-64.8288
-64.8287
-64.8287
-64.8286
-64.8286
-64.8285
-64.8285
-64.8284
-64.8284
-64.8283
-64.8283
-64.8283
-64.8282
-64.8282
-64.8281
-64.8281
-64.828
-64.828
-64.828
-64.8279
-64.8279
-64.8279
-64.8278
-64.8278
-64.8278
-64.8277
-64.8277
-64.8277
-64.8276
-64.8276
-64.8276
-64.8275
-64.8275
-64.8275
-64.8274
-64.8274
-64.8274
-64.8274
-64.8273
-64.8273
-64.8273
-64.8273
-64.8272
-64.8272
-64.8272
-64.8272
-64.8272
-64.8271
-64.8271
-64.8271
-64.8271
-64.8271
-64.827
-64.827
-64.827
-64.827
-64.827
-64.827
-64.827
-64.8269
-64.8269
-64.8269
-64.8269
-64.8269
-64.8269
-64.8269
-64.8269
-64.8269
-64.8269
-64.8269
-64.8268
-64.8268
-64.8268
-64.8268
-64.8268
-64.8268
-64.8268
-64.8268
-64.8268
-64.8268
-64.8268
-64.8268
-64.8268
-64.8268
-64.8268
-64.8268
-64.8268
-64.8269
-64.8269
-64.8269
-64.8269
-64.8269
-64.8269
-64.8269
-64.8269
-64.8269
-64.8269
-64.8269
-64.8269
-64.827
-64.827
-64.827
-64.827
-64.827
-64.827
-64.827
-64.8271
-64.8271
-64.8271
-64.8271
-64.8271
-64.8271
-64.8272
-64.8272
-64.8272
-64.8272
-64.8272
-64.8273
-64.8273
-64.8273
-64.8273
-64.8274
-64.8274
-64.8274
-64.8274
-64.8275
-64.8275
-64.8275
-64.8275
-64.8276
-64.8276
-64.8276
-64.8277
-64.8277
-64.8277
-64.8277
-64.8278
-64.8278
-64.8278
-64.8279
-64.8279
-64.8279
-64.828
-64.828
-64.828
-64.8281
-64.8281
-64.8282
-64.8282
-64.8282
-64.8283
-64.8283
-64.8283
-64.8284
-64.8284
-64.8285
-64.8285
-64.8285
-64.8286
-64.8286
-64.8287
-64.8287
-64.8288
-64.8288
-64.8288
-64.8289
-64.8289
-64.829
-64.829
-64.8291
-64.8291
-64.8292
-64.8292
-64.8293
-64.8293
-64.8294
-64.8294
-64.8295
-64.8295
-64.8296
-64.8296
-64.8297
-64.8297
-64.8298
-64.8298
-64.8299
-64.8299
-64.83
-64.83
-64.8301
-64.8302
-64.8302
-64.8303
-64.8303
-64.8304
-64.8304
-64.8305
-64.8305
-64.8306
-64.8307
-64.8307
-64.8308
-64.8308
-64.8309
-64.831
-64.831
-64.8311
-64.8311
-64.8312
-64.8313
-64.8313
-64.8314
-64.8315
-64.8315
-64.8316
-64.8316
-64.8317
-64.8318
-64.8318
-64.8319
-64.832
-64.832
-64.8321
-64.8322
-64.8322
-64.8323
-64.8324
-64.8324
-64.8325
-64.8326
-64.8326
-64.8327
-64.8328
-64.8329
-64.8329
-64.833
-64.8331
-64.8331
-64.8332
-64.8333
-64.8334
-64.8334
-64.8335
-64.8336
-64.8336
-64.8337
-64.8338
-64.8339
-64.8339
-64.834
-64.8341
-64.8342
-64.8342
-64.8343
-64.8344
-64.8345
-64.8345
-64.8346
-64.8347
-64.8348
-64.8348
-64.8349
-64.835
-64.8351
-64.8352
-64.8352
-64.8353
-64.8354
-64.8355
-64.8355
-64.8356
-64.8357
-64.8358
-64.8359
-64.8359
-64.836
-64.8361
-64.8362
-64.8363
-64.8364
-64.8364
-64.8365
-64.8366
-64.8367
-64.8368
-64.8368
-64.8369
-64.837
-64.8371
-64.8372
-64.8373
-64.8373
-64.8374
-64.8375
-64.8376
-64.8377
-64.8378
-64.8379
-64.8379
-64.838
-64.8381
-64.8382
-64.8383
-64.8384
-64.8385
-64.8385
-64.8386
-64.8387
-64.8388
-64.8389
-64.839
-64.8391
-64.8392
-64.8392
-64.8393
-64.8394
-64.8395
-64.8396
-64.8397
-64.8398
-64.8399
-64.84
-64.84
-64.8401
-64.8402
-64.8371
-64.8281
-64.8116
-64.7871
-64.7551
-64.716
-64.6708
-64.6205
-64.566
-64.5082
-64.4479
-64.3861
-64.3232
-64.2599
-64.1967
-64.1341
-64.0723
-64.0116
-63.9523
-63.8947
-63.8387
-63.7845
-63.7323
-63.6821
-63.6338
-63.5876
-63.5434
-63.5012
-63.461
-63.4227
-63.3864
-63.352
-63.3195
-63.2888
-63.2598
-63.2326
-63.207
-63.183
-63.1606
-63.1397
-63.1203
-63.1023
-63.0857
-63.0703
-63.0563
-63.0435
-63.0318
-63.0213
-63.0119
-63.0035
-62.9962
-62.9898
-62.9843
-62.9798
-62.9761
-62.9732
-62.9711
-62.9698
-62.9692
-62.9693
-62.9701
-62.9715
-62.9735
-62.9761
-62.9792
-62.9829
-62.9871
-62.9917
-62.9969
-63.0024
-63.0084
-63.0148
-63.0216
-63.0287
-63.0362
-63.0439
-63.052
-63.0604
-63.0691
-63.078
-63.0872
-63.0965
-63.1062
-63.116
-63.126
-63.1362
-63.1465
-63.157
-63.1677
-63.1785
-63.1894
-63.2004
-63.2116
-63.2228
-63.2341
-63.2455
-63.257
-63.2686
-63.2802
-63.2919
-63.3036
-63.3153
-63.3271
-63.3389
-63.3508
-63.3626
-63.3745
-63.3864
-63.3983
-63.4101
-63.422
-63.4339
-63.4457
-63.4576
-63.4694
-63.4812
-63.4929
-63.5047
-63.5164
-63.528
-63.5397
-63.5512
-63.5628
-63.5743
-63.5857
-63.5971
-63.6085
-63.6198
-63.631
-63.6422
-63.6533
-63.6644
-63.6754
-63.6863
-63.6972
-63.708
-63.7188
-63.7295
-63.7401
-63.7506
-63.7611
-63.7715
-63.7819
-63.7921
-63.8023
-63.8125
-63.8225
-63.8325
-63.8424
-63.8522
-63.862
-63.8717
-63.8813
-63.8908
-63.9003
-63.9097
-63.919
-63.9283
-63.9374
-63.9465
-63.9555
-63.9645
-63.9733
-63.9821
-63.9909
-63.9995
-64.0081
-64.0166
-64.025
-64.0334
-64.0417
-64.0499
-64.058
-64.0661
-64.0741
-64.082
-64.0898
-64.0976
-64.1053
-64.113
-64.1205
-64.128
-64.1355
-64.1428
-64.1501
-64.1574
-64.1645
-64.1716
-64.1786
-64.1856
-64.1925
-64.1993
-64.2061
-64.2128
-64.2194
-64.226
-64.2325
-64.239
-64.2454
-64.2517
-64.258
-64.2642
-64.2703
-64.2764
-64.2824
-64.2884
-64.2943
-64.3001
-64.3059
-64.3117
-64.3174
-64.323
-64.3285
-64.3341
-64.3395
-64.3449
-64.3503
-64.3556
-64.3608
-64.366
-64.3711
-64.3762
-64.3813
-64.3863
-64.3912
-64.3961
-64.4009
-64.4057
-64.4104
-64.4151
-64.4198
-64.4244
-64.4289
-64.4334
-64.4379
-64.4423
-64.4467
-64.451
-64.4553
-64.4595
-64.4637
-64.4678
-64.4719
-64.476
-64.48
-64.484
-64.4879
-64.4918
-64.4957
-64.4995
-64.5033
-64.507
-64.5107
-64.5144
-64.518
-64.5216
-64.5251
-64.5286
-64.5321
-64.5355
-64.5389
-64.5423
-64.5456
-64.5489
-64.5522
-64.5554
-64.5586
-64.5617
-64.5649
-64.5679
-64.571
-64.574
-64.577
-64.58
-64.5829
-64.5858
-64.5887
-64.5915
-64.5943
-64.5971
-64.5998
-64.6026
-64.6052
-64.6079
-64.6105
-64.6131
-64.6157
-64.6182
-64.6208
-64.6233
-64.6257
-64.6282
-64.6306
-64.633
-64.6353
-64.6376
-64.64
-64.6422
-64.6445
-64.6467
-64.6489
-64.6511
-64.6533
-64.6554
-64.6575
-64.6596
-64.6617
-64.6637
-64.6657
-64.6677
-64.6697
-64.6717
-64.6736
-64.6755
-64.6774
-64.6793
-64.6811
-64.683
-64.6848
-64.6865
-64.6883
-64.6901
-64.6918
-64.6935
-64.6952
-64.6969
-64.6985
-64.7001
-64.7018
-64.7034
-64.7049
-64.7065
-64.708
-64.7096
-64.7111
-64.7126
-64.714
-64.7155
-64.7169
-64.7183
-64.7198
-64.7211
-64.7225
-64.7239
-64.7252
-64.7265
-64.7279
-64.7292
-64.7304
-64.7317
-64.733
-64.7342
-64.7354
-64.7366
-64.7378
-64.739
-64.7402
-64.7413
-64.7425
-64.7436
-64.7447
-64.7458
-64.7469
-64.748
-64.749
-64.7501
-64.7511
-64.7521
-64.7531
-64.7541
-64.7551
-64.7561
-64.7571
-64.758
-64.759
-64.7599
-64.7608
-64.7617
-64.7626
-64.7635
-64.7644
-64.7652
-64.7661
-64.7669
-64.7678
-64.7686
-64.7694
-64.7702
-64.771
-64.7718
-64.7725
-64.7733
-64.7741
-64.7748
-64.7755
-64.7763
-64.777
-64.7777
-64.7784
-64.7791
-64.7798
-64.7804
-64.7811
-64.7818
-64.7824
-64.783
-64.7837
-64.7843
-64.7849
-64.7855
-64.7861
-64.7867
-64.7873
-64.7879
-64.7885
-64.789
-64.7896
-64.7901
-64.7907
-64.7912
-64.7917
-64.7922
-64.7928
-64.7933
-64.7938
-64.7943
-64.7947
-64.7952
-64.7957
-64.7962
-64.7966
-64.7971
-64.7975
-64.798
-64.7984
-64.7988
-64.7993
-64.7997
-64.8001
-64.8005
-64.8009
-64.8013
-64.8017
-64.8021
-64.8025
-64.8029
-64.8032
-64.8036
-64.804
-64.8043
-64.8047
-64.805
-64.8054
-64.8057
-64.806
-64.8064
-64.8067
-64.807
-64.8073
-64.8076
-64.8079
-64.8082
-64.8085
-64.8088
-64.8091
-64.8094
-64.8097
-64.81
-64.8102
-64.8105
-64.8108
-64.811
-64.8113
-64.8115
-64.8118
-64.812
-64.8123
-64.8125
-64.8128
-64.813
-64.8132
-64.8134
-64.8137
-64.8139
-64.8141
-64.8143
-64.8145
-64.8147
-64.8149
-64.8151
-64.8153
-64.8155
-64.8157
-64.8159
-64.8161
-64.8163
-64.8165
-64.8166
-64.8168
-64.817
-64.8172
-64.8173
-64.8175
-64.8177
-64.8178
-64.818
-64.8181
-64.8183
-64.8184
-64.8186
-64.8187
-64.8189
-64.819
-64.8192
-64.8193
-64.8194
-64.8196
-64.8197
-64.8198
-64.8199
-64.8201
-64.8202
-64.8203
-64.8204
-64.8206
-64.8207
-64.8208
-64.8209
-64.821
-64.8211
-64.8212
-64.8213
-64.8214
-64.8215
-64.8216
-64.8217
-64.8218
-64.8219
-64.822
-64.8221
-64.8222
-64.8223
-64.8224
-64.8225
-64.8226
-64.8226
-64.8227
-64.8228
-64.8229
-64.823
-64.8231
-64.8231
-64.8232
-64.8233
-64.8234
-64.8234
-64.8235
-64.8236
-64.8236
-64.8237
-64.8238
-64.8238
-64.8239
-64.824
-64.824
-64.8241
-64.8242
-64.8242
-64.8243
-64.8243
-64.8244
-64.8244
-64.8245
-64.8246
-64.8246
-64.8247
-64.8247
-64.8248
-64.8248
-64.8249
-64.8249
-64.825
-64.825
-64.8251
-64.8251
-64.8252
-64.8252
-64.8253
-64.8253
-64.8253
-64.8254
-64.8254
-64.8255
-64.8255
-64.8256
-64.8256
-64.8256
-64.8257
-64.8257
-64.8258
-64.8258
-64.8258
-64.8259
-64.8259
-64.8259
-64.826
-64.826
-64.8261
-64.8261
-64.8261
-64.8262
-64.8262
-64.8262
-64.8263
-64.8263
-64.8263
-64.8264
-64.8264
-64.8264
-64.8265
-64.8265
-64.8265
-64.8266
-64.8266
-64.8266
-64.8267
-64.8267
-64.8267
-64.8267
-64.8268
-64.8268
-64.8268
-64.8269
-64.8269
-64.8269
-64.827
-64.827
-64.827
-64.827
-64.8271
-64.8271
-64.8271
-64.8272
-64.8272
-64.8272
-64.8272
-64.8273
-64.8273
-64.8273
-64.8274
-64.8274
-64.8274
-64.8274
-64.8275
-64.8275
-64.8275
-64.8276
-64.8276
-64.8276
-64.8276
-64.8277
-64.8277
-64.8277
-64.8278
-64.8278
-64.8278
-64.8278
-64.8279
-64.8279
-64.8279
-64.828
-64.828
-64.828
-64.828
-64.8281
-64.8281
-64.8281
-64.8282
-64.8282
-64.8282
-64.8283
-64.8283
-64.8283
-64.8283
-64.8284
-64.8284
-64.8284
-64.8285
-64.8285
-64.8285
-64.8286
-64.8286
-64.8286
-64.8287
-64.8287
-64.8287
-64.8287
-64.8288
-64.8288
-64.8288
-64.8289
-64.8289
-64.8289
-64.829
-64.829
-64.829
-64.8291
-64.8291
-64.8292
-64.8292
-64.8292
-64.8293
-64.8293
-64.8293
-64.8294
-64.8294
-64.8294
-64.8295
-64.8295
-64.8295
-64.8296
-64.8296
-64.8297
-64.8297
-64.8297
-64.8298
-64.8298
-64.8298
-64.8299
-64.8299
-64.83
-64.83
-64.83
-64.8301
-64.8301
-64.8302
-64.8302
-64.8302
-64.8303
-64.8303
-64.8304
-64.8304
-64.8304
-64.8305
-64.8305
-64.8306
-64.8306
-64.8307
-64.8307
-64.8307
-64.8308
-64.8308
-64.8309
-64.8309
-64.831
-64.831
-64.8311
-64.8311
-64.8312
-64.8312
-64.8312
-64.8313
-64.8313
-64.8314
-64.8314
-64.8315
-64.8315
-64.8316
-64.8316
-64.8317
-64.8317
-64.8318
-64.8318
-64.8319
-64.8319
-64.832
-64.832
-64.8321
-64.8321
-64.8322
-64.8322
-64.8323
-64.8323
-64.8324
-64.8324
-64.8325
-64.8325
-64.8326
-64.8327
-64.8327
-64.8328
-64.8328
-64.8329
-64.8422
-64.8536
-64.8651
-64.876
-64.8862
-64.8954
-64.9039
-64.9117
-64.9188
-64.9253
-64.9314
-64.9371
-64.9424
-64.9474
-64.952
-64.9565
-64.9607
-64.9646
-64.9684
-64.972
-64.9754
-64.9786
-64.9817
-64.9846
-64.9874
-64.99
-64.9926
-64.9949
-64.9972
-64.9993
-65.0014
-65.0033
-65.0051
-65.0068
-65.0085
-65.01
-65.0114
-65.0128
-65.014
-65.0152
-65.0163
-65.0173
-65.0183
-65.0191
-65.0199
-65.0207
-65.0213
-65.0219
-65.0225
-65.0229
-65.0234
-65.0237
-65.024
-65.0243
-65.0245
-65.0247
-65.0248
-65.0248
-65.0249
-65.0248
-65.0248
-65.0247
-65.0245
-65.0243
-65.0241
-65.0239
-65.0236
-65.0233
-65.0229
-65.0225
-65.0221
-65.0217
-65.0212
-65.0207
-65.0202
-65.0196
-65.0191
-65.0185
-65.0179
-65.0172
-65.0166
-65.0159
-65.0152
-65.0145
-65.0138
-65.013
-65.0122
-65.0115
-65.0107
-65.0099
-65.009
-65.0082
-65.0074
-65.0065
-65.0056
-65.0048
-65.0039
-65.003
-65.0021
-65.0011
-65.0002
-64.9993
-64.9983
-64.9974
-64.9964
-64.9955
-64.9945
-64.9935
-64.9926
-64.9916
-64.9906
-64.9896
-64.9886
-64.9876
-64.9866
-64.9856
-64.9846
-64.9836
-64.9826
-64.9816
-64.9806
-64.9796
-64.9786
-64.9776
-64.9765
-64.9755
-64.9745
-64.9735
-64.9725
-64.9715
-64.9705
-64.9695
-64.9685
-64.9675
-64.9665
-64.9655
-64.9645
-64.9635
-64.9625
-64.9615
-64.9605
-64.9595
-64.9585
-64.9575
-64.9565
-64.9556
-64.9546
-64.9536
-64.9527
-64.9517
-64.9507
-64.9498
-64.9488
-64.9479
-64.947
-64.946
-64.9451
-64.9442
-64.9432
-64.9423
-64.9414
-64.9405
-64.9396
-64.9387
-64.9378
-64.9369
-64.936
-64.9352
-64.9343
-64.9334
-64.9326
-64.9317
-64.9308
-64.93
-64.9292
-64.9283
-64.9275
-64.9267
-64.9258
-64.925
-64.9242
-64.9234
-64.9226
-64.9218
-64.921
-64.9203
-64.9195
-64.9187
-64.918
-64.9172
-64.9164
-64.9157
-64.915
-64.9142
-64.9135
-64.9128
-64.9121
-64.9113
-64.9106
-64.9099
-64.9092
-64.9086
-64.9079
-64.9072
-64.9065
-64.9059
-64.9052
-64.9045
-64.9039
-64.9033
-64.9026
-64.902
-64.9014
-64.9007
-64.9001
-64.8995
-64.8989
-64.8983
-64.8977
-64.8971
-64.8966
-64.896
-64.8954
-64.8949
-64.8943
-64.8937
-64.8932
-64.8927
-64.889
-64.8793
-64.8621
-64.8371
-64.8044
-64.7647
-64.7189
-64.6679
-64.6128
-64.5544
-64.4936
-64.4312
-64.3677
-64.3039
-64.2402
-64.1769
-64.1146
-64.0534
-63.9937
-63.9355
-63.879
-63.8244
-63.7717
-63.7209
-63.6722
-63.6255
-63.5809
-63.5382
-63.4976
-63.4589
-63.4222
-63.3874
-63.3544
-63.3233
-63.2939
-63.2663
-63.2403
-63.216
-63.1932
-63.1719
-63.1521
-63.1337
-63.1167
-63.1011
-63.0867
-63.0735
-63.0615
-63.0506
-63.0409
-63.0322
-63.0245
-63.0178
-63.012
-63.0071
-63.0031
-63
-62.9976
-62.9959
-62.995
-62.9948
-62.9953
-62.9964
-62.9982
-63.0005
-63.0033
-63.0067
-63.0106
-63.015
-63.0199
-63.0252
-63.0309
-63.0371
-63.0436
-63.0504
-63.0576
-63.0652
-63.073
-63.0812
-63.0896
-63.0983
-63.1072
-63.1163
-63.1257
-63.1353
-63.1451
-63.155
-63.1652
-63.1754
-63.1859
-63.1965
-63.2072
-63.218
-63.2289
-63.2399
-63.2511
-63.2623
-63.2735
-63.2849
-63.2963
-63.3078
-63.3193
-63.3309
-63.3425
-63.3541
-63.3657
-63.3774
-63.3891
-63.4008
-63.4125
-63.4242
-63.4359
-63.4476
-63.4592
-63.4709
-63.4825
-63.4941
-63.5057
-63.5173
-63.5288
-63.5403
-63.5518
-63.5632
-63.5746
-63.5859
-63.5972
-63.6085
-63.6197
-63.6308
-63.6419
-63.6529
-63.6639
-63.6748
-63.6857
-63.6965
-63.7072
-63.7179
-63.7285
-63.739
-63.7495
-63.7599
-63.7703
-63.7805
-63.7907
-63.8009
-63.8109
-63.8209
-63.8309
-63.8407
-63.8505
-63.8602
-63.8699
-63.8794
-63.8889
-63.8983
-63.9077
-63.9169
-63.9261
-63.9353
-63.9443
-63.9533
-63.9622
-63.971
-63.9898
-64.0108
-64.0318
-64.0521
-64.0714
-64.0898
-64.1071
-64.1236
-64.1394
-64.1544
-64.1689
-64.1829
-64.1963
-64.2094
-64.222
-64.2343
-64.2463
-64.258
-64.2694
-64.2805
-64.2913
-64.3019
-64.3123
-64.3224
-64.3323
-64.342
-64.3515
-64.3608
-64.3698
-64.3787
-64.3875
-64.396
-64.4043
-64.4125
-64.4205
-64.4284
-64.4361
-64.4436
-64.451
-64.4582
-64.4653
-64.4723
-64.4791
-64.4857
-64.4923
-64.4987
-64.505
-64.5112
-64.5172
-64.5231
-64.5289
-64.5346
-64.5402
-64.5457
-64.5511
-64.5563
-64.5615
-64.5666
-64.5715
-64.5764
-64.5812
-64.5859
-64.5905
-64.595
-64.5994
-64.6038
-64.608
-64.6122
-64.6163
-64.6203
-64.6243
-64.6281
-64.6319
-64.6356
-64.6393
-64.6429
-64.6464
-64.6499
-64.6532
-64.6566
-64.6598
-64.663
-64.6662
-64.6692
-64.6723
-64.6752
-64.6781
-64.681
-64.6838
-64.6865
-64.6892
-64.6919
-64.6945
-64.697
-64.6995
-64.702
-64.7044
-64.7067
-64.709
-64.7113
-64.7135
-64.7157
-64.7179
-64.72
-64.7221
-64.7241
-64.7261
-64.728
-64.7299
-64.7318
-64.7337
-64.7355
-64.7372
-64.739
-64.7407
-64.7424
-64.744
-64.7456
-64.7472
-64.7488
-64.7503
-64.7518
-64.7532
-64.7547
-64.7561
-64.7575
-64.7588
-64.7602
-64.7615
-64.7627
-64.764
-64.7652
-64.7664
-64.7676
-64.7688
-64.7699
-64.771
-64.7721
-64.7732
-64.7743
-64.7753
-64.7763
-64.7773
-64.7783
-64.7792
-64.7801
-64.7811
-64.782
-64.7828
-64.7837
-64.7845
-64.7854
-64.7862
-64.787
-64.7878
-64.7885
-64.7893
-64.79
-64.7907
-64.7914
-64.7921
-64.7928
-64.7935
-64.7941
-64.7947
-64.7954
-64.796
-64.7966
-64.7971
-64.7946
-64.786
-64.7699
-64.746
-64.7144
-64.6758
-64.631
-64.5811
-64.5271
-64.4697
-64.4099
-64.3484
-64.286
-64.2231
-64.1603
-64.098
-64.0366
-63.9763
-63.9173
-63.86
-63.8043
-63.7505
-63.6985
-63.6486
-63.6006
-63.5546
-63.5107
-63.4687
-63.4287
-63.3907
-63.3546
-63.3204
-63.2881
-63.2575
-63.2287
-63.2016
-63.1762
-63.1524
-63.1301
-63.1093
-63.09
-63.0721
-63.0556
-63.0404
-63.0264
-63.0136
-63.0021
-62.9916
-62.9822
-62.9739
-62.9666
-62.9603
-62.9548
-62.9503
-62.9466
-62.9438
-62.9417
-62.9404
-62.9398
-62.9399
-62.9406
-62.942
-62.944
-62.9466
-62.9497
-62.9533
-62.9575
-62.9621
-62.9672
-62.9727
-62.9787
-62.985
-62.9917
-62.9988
-63.0062
-63.0139
-63.0219
-63.0302
-63.0388
-63.0477
-63.0568
-63.0661
-63.0756
-63.0853
-63.0952
-63.1053
-63.1156
-63.126
-63.1366
-63.1473
-63.1581
-63.169
-63.1801
-63.1912
-63.2024
-63.2137
-63.2251
-63.2366
-63.2481
-63.2596
-63.2712
-63.2829
-63.2945
-63.3062
-63.3179
-63.3297
-63.3414
-63.3532
-63.3649
-63.3767
-63.3884
-63.4002
-63.4119
-63.4236
-63.4353
-63.447
-63.4586
-63.4702
-63.4818
-63.4933
-63.5048
-63.5162
-63.5277
-63.539
-63.5503
-63.5616
-63.5728
-63.584
-63.5951
-63.6061
-63.6171
-63.628
-63.6389
-63.6497
-63.6604
-63.6711
-63.6817
-63.6923
-63.7027
-63.7131
-63.7235
-63.7337
-63.7439
-63.7541
-63.7641
-63.7741
-63.784
-63.7939
-63.8036
-63.8133
-63.8229
-63.8325
-63.842
-63.8514
-63.8607
-63.8699
-63.8791
-63.8882
-63.8972
-63.9062
-63.9151
-63.9239
-63.9326
-63.9412
-63.9498
-63.9583
-63.9668
-63.9751
-63.9834
-63.9916
-63.9998
-64.0078
-64.0158
-64.0238
-64.0316
-64.0394
-64.0471
-64.0548
-64.0623
-64.0698
-64.0773
-64.0846
-64.0919
-64.0992
-64.1063
-64.1134
-64.1205
-64.1274
-64.1312
-64.129
-64.1193
-64.1018
-64.0766
-64.0445
-64.0062
-63.9628
-63.9153
-63.8644
-63.8111
-63.7562
-63.7002
-63.6438
-63.5874
-63.5316
-63.4765
-63.4226
-63.37
-63.3189
-63.2695
-63.2218
-63.176
-63.1321
-63.0902
-63.0502
-63.0122
-62.9761
-62.9419
-62.9096
-62.8792
-62.8507
-62.8239
-62.7988
-62.7754
-62.7537
-62.7336
-62.715
-62.6979
-62.6822
-62.668
-62.655
-62.6434
-62.633
-62.6239
-62.6158
-62.6089
-62.6031
-62.5983
-62.5945
-62.5916
-62.5896
-62.5885
-62.5883
-62.5888
-62.5901
-62.5921
-62.5948
-62.5982
-62.6023
-62.6069
-62.6121
-62.6179
-62.6242
-62.631
-62.6383
-62.646
-62.6542
-62.6628
-62.6718
-62.6811
-62.6908
-62.7008
-62.7112
-62.7218
-62.7327
-62.7439
-62.7553
-62.7669
-62.7788
-62.7909
-62.8031
-62.8156
-62.8282
-62.8409
-62.8538
-62.8669
-62.88
-62.8933
-62.9066
-62.9201
-62.9336
-62.9472
-62.9609
-62.9746
-62.9884
-63.0022
-63.016
-63.0299
-63.0438
-63.0577
-63.0716
-63.0856
-63.0995
-63.1134
-63.1273
-63.1412
-63.1551
-63.1689
-63.1828
-63.1965
-63.2103
-63.224
-63.2377
-63.2513
-63.2649
-63.2784
-63.2919
-63.3053
-63.3187
-63.332
-63.3452
-63.3584
-63.3715
-63.3845
-63.3975
-63.4104
-63.4232
-63.4359
-63.4486
-63.4611
-63.4737
-63.4861
-63.4984
-63.5107
-63.5229
-63.5349
-63.547
-63.5589
-63.5707
-63.5825
-63.5941
-63.6057
-63.6172
-63.6286
-63.6399
-63.6511
-63.6623
-63.6733
-63.6843
-63.6952
-63.7059
-63.7166
-63.7272
-63.7377
-63.7482
-63.7585
-63.7688
-63.7789
-63.789
-63.799
-63.8058
-63.8066
-63.8
-63.7855
-63.7634
-63.7344
-63.6992
-63.659
-63.6145
-63.5667
-63.5166
-63.4647
-63.4118
-63.3585
-63.3052
-63.2523
-63.2003
-63.1494
-63.0997
-63.0516
-63.0051
-62.9603
-62.9174
-62.8764
-62.8372
-62.8
-62.7647
-62.7314
-62.6999
-62.6703
-62.6425
-62.6165
-62.5922
-62.5697
-62.5488
-62.5296
-62.5119
-62.4957
-62.4809
-62.4676
-62.4556
-62.4564
-62.461
-62.467
-62.4735
-62.4801
-62.4867
-62.4933
-62.5
-62.5069
-62.514
-62.5214
-62.5291
-62.5371
-62.5455
-62.5542
-62.5633
-62.5728
-62.5826
-62.5928
-62.6033
-62.6142
-62.6253
-62.6368
-62.6485
-62.6605
-62.6728
-62.6853
-62.698
-62.711
-62.7241
-62.7375
-62.751
-62.7646
-62.7784
-62.7924
-62.8064
-62.8206
-62.8349
-62.8493
-62.8637
-62.8783
-62.8929
-62.9075
-62.9222
-62.9369
-62.9517
-62.9665
-62.9813
-62.9961
-63.0109
-63.0258
-63.0406
-63.0554
-63.0515
-63.0319
-63.0012
-62.9626
-62.9184
-62.8704
-62.8199
-62.7677
-62.7146
-62.6614
-62.6084
-62.5562
-62.5049
-62.455
-62.4066
-62.36
-62.3151
-62.2721
-62.2282
-62.1807
-62.1282
-62.0705
-62.0077
-61.9407
-61.8701
-61.797
-61.7222
-61.6466
-61.571
-61.4959
-61.422
-61.3497
-61.2795
-61.2116
-61.1464
-61.0839
-61.0244
-60.968
-60.9146
-60.8643
-60.8171
-60.7729
-60.7319
-60.6937
-60.6586
-60.6262
-60.5967
-60.5698
-60.5455
-60.5237
-60.5044
-60.4874
-60.4726
-60.46
-60.4494
-60.4409
-60.4343
-60.4295
-60.4264
-60.425
-60.4253
-60.427
-60.4302
-60.4348
-60.4407
-60.4478
-60.456
-60.4653
-60.4755
-60.4867
-60.4987
-60.5116
-60.5252
-60.5395
-60.5544
-60.57
-60.5861
-60.6026
-60.6197
-60.6371
-60.6549
-60.6731
-60.6915
-60.7103
-60.7294
-60.7488
-60.7685
-60.7884
-60.8085
-60.8289
-60.8496
-60.8704
-60.8915
-60.9128
-60.9342
-60.9559
-60.9778
-60.9998
-61.022
-61.0443
-61.0668
-61.0894
-61.1122
-61.135
-61.158
-61.1811
-61.2043
-61.2275
-61.2509
-61.2743
-61.2978
-61.3213
-61.3448
-61.3684
-61.3921
-61.4157
-61.4394
-61.463
-61.4867
-61.5104
-61.534
-61.5576
-61.5812
-61.6048
-61.6284
-61.6518
-61.6753
-61.6987
-61.722
-61.7453
-61.7685
-61.7916
-61.8147
-61.8377
-61.8606
-61.8834
-61.9061
-61.9287
-61.9513
-61.9737
-61.996
-62.0183
-62.0404
-62.0623
-62.0842
-62.1058
-62.1273
-62.1485
-62.1695
-62.1903
-62.2108
-62.231
-62.251
-62.2707
-62.2902
-62.3094
-62.3283
-62.347
-62.3655
-62.3838
-62.4018
-62.4196
-62.4373
-62.4547
-62.472
-62.489
-62.5057
-62.5222
-62.5385
-62.5545
-62.5702
-62.5857
-62.6008
-62.6157
-62.6304
-62.6447
-62.6587
-62.6725
-62.6859
-62.699
-62.7118
-62.7244
-62.7366
-62.7486
-62.7603
-62.7718
-62.783
-62.7941
-62.805
-62.8157
-62.8262
-62.8366
-62.8469
-62.8571
-62.8671
-62.877
-62.8867
-62.8963
-62.9057
-62.915
-62.924
-62.933
-62.9417
-62.9503
-62.9588
-62.9671
-62.9754
-62.9835
-62.9884
-62.9875
-62.9792
-62.9632
-62.9397
-62.9093
-62.8729
-62.8314
-62.7858
-62.737
-62.6857
-62.6328
-62.5788
-62.5244
-62.47
-62.4161
-62.363
-62.3111
-62.2604
-62.2114
-62.164
-62.1184
-62.0747
-62.033
-61.9932
-61.9555
-61.9197
-61.8859
-61.854
-61.824
-61.7958
-61.7694
-61.7448
-61.7218
-61.7005
-61.6808
-61.6627
-61.646
-61.6308
-61.6171
-61.6047
-61.5937
-61.584
-61.5755
-61.5683
-61.5622
-61.5573
-61.5534
-61.5505
-61.5485
-61.5474
-61.5472
-61.5478
-61.5492
-61.5513
-61.5541
-61.5575
-61.5615
-61.5661
-61.5712
-61.5768
-61.5829
-61.5894
-61.5963
-61.6036
-61.6113
-61.6193
-61.6276
-61.6363
-61.6451
-61.6543
-61.6636
-61.6732
-61.6829
-61.6929
-61.703
-61.7134
-61.7239
-61.7346
-61.7426
-61.745
-61.7405
-61.7287
-61.7162
-61.6997
-61.6789
-61.654
-61.6257
-61.5946
-61.5615
-61.5269
-61.4915
-61.4557
-61.42
-61.3848
-61.3504
-61.3171
-61.2851
-61.2545
-61.2254
-61.1981
-61.1724
-61.1486
-61.1084
-61.0549
-60.9925
-60.9244
-60.8529
-60.7795
-60.7054
-60.6317
-60.5591
-60.488
-60.4191
-60.3525
-60.2886
-60.2276
-60.1697
-60.1148
-60.0631
-60.0146
-59.9693
-59.9272
-59.8881
-59.8522
-59.8193
-59.7894
-59.7623
-59.7381
-59.7166
-59.6977
-59.6814
-59.6675
-59.6561
-59.6469
-59.6399
-59.635
-59.6321
-59.631
-59.6317
-59.6341
-59.6381
-59.6437
-59.6506
-59.659
-59.6686
-59.6795
-59.6915
-59.7047
-59.719
-59.7343
-59.7506
-59.7678
-59.7859
-59.8048
-59.8246
-59.8451
-59.8664
-59.8883
-59.9109
-59.9341
-59.9579
-59.9823
-60.0072
-60.0325
-60.0584
-60.0846
-60.1113
-60.1384
-60.1658
-60.1935
-60.2215
-60.2498
-60.2784
-60.3072
-60.3362
-60.3655
-60.3949
-60.4244
-60.4541
-60.484
-60.5139
-60.5439
-60.574
-60.6042
-60.6345
-60.6647
-60.695
-60.7253
-60.7556
-60.7859
-60.8162
-60.8465
-60.8767
-60.9069
-60.937
-60.967
-60.997
-61.0269
-61.0567
-61.0864
-61.116
-61.1455
-61.1749
-61.2042
-61.2333
-61.2623
-61.2912
-61.3199
-61.3485
-61.377
-61.4053
-61.4334
-61.4614
-61.4892
-61.5169
-61.5443
-61.5717
-61.5988
-61.6258
-61.6526
-61.6792
-61.7056
-61.7318
-61.7579
-61.7838
-61.8095
-61.835
-61.8603
-61.8854
-61.9222
-61.9615
-62.0007
-62.0389
-62.0759
-62.1115
-62.1459
-62.1791
-62.2112
-62.2425
-62.273
-62.3026
-62.3317
-62.3601
-62.3879
-62.4152
-62.4419
-62.4682
-62.4941
-62.5195
-62.5444
-62.569
-62.5932
-62.617
-62.6404
-62.6634
-62.6861
-62.7085
-62.7274
-62.7403
-62.7457
-62.7431
-62.7328
-62.7155
-62.6921
-62.6634
-62.6304
-62.594
-62.555
-62.5143
-62.4723
-62.4297
-62.387
-62.3446
-62.3029
-62.262
-62.2223
-62.1839
-62.1469
-62.1115
-62.0778
-62.0457
-62.0154
-61.9868
-61.96
-61.9349
-61.9115
-61.8898
-61.8698
-61.8514
-61.8345
-61.8193
-61.8055
-61.7932
-61.7822
-61.7727
-61.7644
-61.7574
-61.7516
-61.747
-61.7435
-61.7411
-61.7398
-61.7394
-61.74
-61.7415
-61.7439
-61.7472
-61.7512
-61.756
-61.7615
-61.7677
-61.7746
-61.7822
-61.7903
-61.799
-61.8083
-61.818
-61.8283
-61.839
-61.8502
-61.8618
-61.8738
-61.8862
-61.8989
-61.9119
-61.9253
-61.939
-61.9529
-61.9671
-61.9815
-61.9962
-62.011
-62.0261
-62.0413
-62.0568
-62.0723
-62.088
-62.1038
-62.1198
-62.1358
-62.152
-62.1682
-62.1845
-62.2009
-62.2173
-62.2337
-62.2502
-62.2668
-62.2833
-62.2999
-62.3164
-62.333
-62.3496
-62.3661
-62.3826
-62.3991
-62.4156
-62.4321
-62.4485
-62.4648
-62.4811
-62.4974
-62.5136
-62.5297
-62.5458
-62.5618
-62.5778
-62.5936
-62.6094
-62.6252
-62.6408
-62.6563
-62.6718
-62.6872
-62.7025
-62.7177
-62.7328
-62.7478
-62.7627
-62.7775
-62.7922
-62.8068
-62.8213
-62.8357
-62.85
-62.8642
-62.8783
-62.8923
-62.9062
-62.9199
-62.9336
-62.9472
-62.9606
-62.974
-62.9872
-63.0003
-63.0133
-63.0262
-63.039
-63.0517
-63.0643
-63.0768
-63.0999
-63.1254
-63.151
-63.1757
-63.1993
-63.2219
-63.2433
-63.2638
-63.2834
-63.3023
-63.3205
-63.3381
-63.3552
-63.3718
-63.3879
-63.4036
-63.4189
-63.4339
-63.4485
-63.4629
-63.4769
-63.4906
-63.504
-63.5171
-63.53
-63.5426
-63.555
-63.5671
-63.579
-63.5907
-63.6021
-63.6133
-63.6244
-63.6352
-63.6457
-63.6561
-63.6663
-63.6764
-63.6862
-63.6958
-63.7053
-63.7146
-63.7237
-63.7327
-63.7414
-63.7501
-63.7586
-63.7669
-63.7751
-63.7831
-63.791
-63.7987
-63.8063
-63.8138
-63.8211
-63.8283
-63.8354
-63.8424
-63.8492
-63.8559
-63.8625
-63.869
-63.8754
-63.8816
-63.8878
-63.8938
-63.8998
-63.9056
-63.9114
-63.917
-63.9225
-63.928
-63.9333
-63.9386
-63.9438
-63.9489
-63.9539
-63.9588
-63.9636
-63.9684
-63.9731
-63.9777
-63.9822
-63.9866
-63.991
-63.9953
-63.9995
-64.0037
-64.0078
-64.0118
-64.0157
-64.0196
-64.0235
-64.0272
-64.0309
-64.0346
-64.0381
-64.0417
-64.0451
-64.0485
-64.0519
-64.0552
-64.0584
-64.0616
-64.0648
-64.0679
-64.0709
-64.0739
-64.0769
-64.0798
-64.0826
-64.0854
-64.0882
-64.0909
-64.0936
-64.0962
-64.0988
-64.1014
-64.1039
-64.1063
-64.1088
-64.1112
-64.1135
-64.1159
-64.1181
-64.1204
-64.1226
-64.1248
-64.1269
-64.1291
-64.1311
-64.1332
-64.1352
-64.1372
-64.1392
-64.1411
-64.143
-64.1449
-64.1467
-64.1485
-64.1503
-64.1521
-64.1538
-64.1555
-64.1572
-64.1589
-64.1605
-64.1621
-64.1637
-64.1653
-64.1668
-64.1684
-64.1699
-64.1713
-64.1728
-64.1742
-64.1756
-64.177
-64.1784
-64.1798
-64.1811
-64.1824
-64.1837
-64.185
-64.1863
-64.1875
-64.1887
-64.1899
-64.1911
-64.1923
-64.1935
-64.1946
-64.1958
-64.1969
-64.2078
-64.2209
-64.2342
-64.2468
-64.2585
-64.2693
-64.2792
-64.2884
-64.2969
-64.3047
-64.3121
-64.319
-64.3255
-64.3316
-64.3374
-64.3429
-64.3482
-64.3532
-64.358
-64.3626
-64.367
-64.3712
-64.3752
-64.3791
-64.3827
-64.3863
-64.3897
-64.3929
-64.396
-64.399
-64.4018
-64.4045
-64.4071
-64.4096
-64.4119
-64.4142
-64.4164
-64.4184
-64.4204
-64.4222
-64.424
-64.4256
-64.4272
-64.4287
-64.4302
-64.4315
-64.4328
-64.434
-64.4351
-64.4361
-64.4371
-64.438
-64.4389
-64.4397
-64.4404
-64.4411
-64.4417
-64.4422
-64.4427
-64.4432
-64.4436
-64.444
-64.4443
-64.4446
-64.4448
-64.445
-64.4451
-64.4452
-64.4453
-64.4453
-64.4453
-64.4453
-64.4452
-64.4451
-64.445
-64.4448
-64.4446
-64.4444
-64.4442
-64.4439
-64.4436
-64.4433
-64.443
-64.4426
-64.4422
-64.4418
-64.4414
-64.4409
-64.4405
-64.44
-64.4395
-64.439
-64.4384
-64.4379
-64.4373
-64.4367
-64.4362
-64.4356
-64.435
-64.4343
-64.4337
-64.4331
-64.4324
-64.4317
-64.4311
-64.4304
-64.4297
-64.429
-64.4283
-64.4276
-64.4269
-64.4262
-64.4254
-64.4247
-64.424
-64.4232
-64.4225
-64.4217
-64.421
-64.4202
-64.4195
-64.4187
-64.418
-64.4172
-64.4164
-64.4157
-64.4149
-64.4141
-64.4134
-64.4126
-64.4118
-64.4111
-64.4103
-64.4095
-64.4088
-64.408
-64.4073
-64.4065
-64.4057
-64.405
-64.4042
-64.4035
-64.4027
-64.402
-64.4013
-64.4005
-64.3998
-64.399
-64.3983
-64.3976
-64.3969
-64.3961
-64.3954
-64.3947
-64.394
-64.3933
-64.3926
-64.3919
-64.3912
-64.4002
-64.4113
-64.4226
-64.4333
-64.4431
-64.433
-64.4061
-64.3671
-64.3196
-64.2658
-64.2076
-64.1464
-64.0832
-64.0188
-63.954
-63.8891
-63.8248
-63.7612
-63.6989
-63.6348
-63.5666
-63.4931
-63.4138
-63.3294
-63.2404
-63.1478
-63.0527
-62.9559
-62.8585
-62.7611
-62.6645
-62.5693
-62.476
-62.3851
-62.2968
-62.2115
-62.1294
-62.0505
-61.9751
-61.9031
-61.8345
-61.7695
-61.7079
-61.6497
-61.5949
-61.5434
-61.495
-61.4498
-61.4076
-61.3684
-61.332
-61.2984
-61.2674
-61.239
-61.2131
-61.1895
-61.1682
-61.1491
-61.1321
-61.1171
-61.1041
-61.0929
-61.0835
-61.0758
-61.0697
-61.0651
-61.0621
-61.0556
-61.0464
-61.0356
-61.024
-61.0122
-61.0006
-60.9895
-60.9791
-60.9696
-60.9611
-60.9489
-60.9338
-60.9171
-60.8997
-60.8822
-60.865
-60.8485
-60.833
-60.8186
-60.8054
-60.7937
-60.7834
-60.7746
-60.7673
-60.7616
-60.7573
-60.7546
-60.7533
-60.7535
-60.755
-60.7579
-60.7622
-60.7676
-60.7743
-60.7821
-60.7911
-60.801
-60.812
-60.8239
-60.8368
-60.8505
-60.865
-60.8802
-60.8962
-60.9128
-60.9272
-60.9365
-60.9395
-60.9357
-60.9338
-60.9364
-60.9359
-60.9308
-60.9211
-60.9073
-60.9074
-60.9088
-60.9087
-60.9151
-60.9213
-60.9261
-60.9293
-60.9312
-60.932
-60.9322
-60.9322
-60.9323
-60.9326
-60.9335
-60.935
-60.9372
-60.9403
-60.9442
-60.949
-60.9548
-60.9615
-60.9691
-60.9777
-60.9871
-60.9973
-61.0037
-61.0068
-61.0079
-61.0078
-61.007
-61.0061
-61.0053
-61.0048
-61.0048
-61.0181
-61.035
-61.0529
-61.0708
-61.0969
-61.1329
-61.1705
-61.2076
-61.2434
-61.2777
-61.3107
-61.3378
-61.3763
-61.4149
-61.451
-61.4923
-61.5325
-61.5705
-61.6059
-61.639
-61.6701
-61.6949
-61.7146
-61.7305
-61.7437
-61.7552
-61.7653
-61.7748
-61.7837
-61.7925
-61.8014
-61.8105
-61.8199
-61.8298
-61.8401
-61.851
-61.8625
-61.8745
-61.8951
-61.9257
-61.9587
-61.987
-62.0106
-62.0305
-62.0476
-62.0625
-62.0758
-62.088
-62.0995
-62.1106
-62.1214
-62.1399
-62.1602
-62.1808
-62.2012
-62.2212
-62.2409
-62.2603
-62.2795
-62.2986
-62.3177
-62.332
-62.3424
-62.3502
-62.3561
-62.3609
-62.3649
-62.3836
-62.4055
-62.4277
-62.4489
-62.4692
-62.4884
-62.5067
-62.5244
-62.5415
-62.5658
-62.5915
-62.6171
-62.6421
-62.6982
-62.7598
-62.8187
-62.88
-62.9375
-62.9902
-63.0382
-63.082
-63.1223
-63.1597
-63.1946
-63.2276
-63.259
-63.289
-63.3149
-63.3343
-63.3459
-63.3495
-63.3454
-63.3344
-63.3173
-63.2904
-63.2525
-63.203
-63.1424
-63.0716
-62.9923
-62.9059
-62.8141
-62.7184
-62.6204
-62.5164
-62.4085
-62.2988
-62.1889
-62.0801
-61.9812
-61.8869
-61.7962
-61.7089
-61.625
-61.54
-61.4631
-61.3892
-61.3177
-61.2486
-61.1821
-61.1185
-61.0581
-61.0009
-60.9473
-60.9056
-60.8693
-60.8368
-60.8073
-60.7804
-60.7562
-60.7346
-60.7155
-60.6989
-60.6848
-60.6685
-60.6506
-60.6324
-60.6145
-60.6148
-60.62
-60.6269
-60.6342
-60.6417
-60.6493
-60.6573
-60.6657
-60.6747
-60.6912
-60.711
-60.7329
-60.7562
-60.7807
-60.8061
-60.8323
-60.8591
-60.8866
-60.9146
-60.943
-60.9719
-61.0012
-61.0309
-61.0609
-61.0911
-61.1299
-61.166
-61.1985
-61.2278
-61.2545
-61.2794
-61.3027
-61.3249
-61.3464
-61.3755
-61.406
-61.4365
-61.4663
-61.4955
-61.524
-61.5521
-61.5796
-61.6069
-61.6674
-61.7393
-61.813
-61.8802
-61.9402
-61.9942
-62.0507
-62.1047
-62.1553
-62.2025
-62.2469
-62.2888
-62.3285
-62.3665
-62.4031
-62.4385
-62.4729
-62.5065
-62.5395
-62.5718
-62.6036
-62.635
-62.666
-62.7039
-62.743
-62.7819
-62.8199
-62.8569
-62.8929
-62.9279
-62.962
-62.9953
-63.0279
-63.0598
-63.0911
-63.1218
-63.152
-63.1816
-63.2107
-63.2393
-63.2814
-63.3261
-63.3703
-63.413
-63.4539
-63.4929
-63.5371
-63.5812
-63.6238
-63.6646
-63.7037
-63.7409
-63.7766
-63.8108
-63.8437
-63.8754
-63.906
-63.9355
-63.9641
-63.9918
-64.0186
-64.0446
-64.0698
-64.0943
-64.1246
-64.1556
-64.1859
-64.2151
-64.2431
-64.2762
-64.3095
-64.3418
-64.3725
-64.4017
-64.4294
-64.4557
-64.4807
-64.5045
-64.5272
-64.549
-64.5698
-64.5898
-64.6089
-64.6273
-64.645
-64.662
-64.6783
-64.694
-64.7091
-64.7236
-64.7375
-64.7509
-64.7637
-64.776
-64.7878
-64.7992
-64.81
-64.8204
-64.8303
-64.8398
-64.8489
-64.8576
-64.8658
-64.8737
-64.8811
-64.8883
-64.895
-64.9074
-64.9208
-64.934
-64.9464
-64.9579
-64.9686
-64.9784
-64.9874
-64.9957
-65.0033
-65.0103
-65.0166
-65.0224
-65.0275
-65.0571
-65.0949
-65.1337
-65.1767
-65.2182
-65.2568
-65.2921
-65.3242
-65.3534
-65.38
-65.4042
-65.4263
-65.4465
-65.465
-65.4819
-65.4975
-65.5117
-65.5248
-65.5367
-65.5476
-65.5576
-65.5723
-65.5874
-65.6017
-65.6149
-65.6269
-65.6376
-65.6473
-65.6559
-65.6635
-65.6671
-65.6641
-65.6528
-65.6332
-65.6054
-65.5703
-65.5286
-65.4816
-65.43
-65.3749
-65.3171
-65.2575
-65.1966
-65.135
-65.0733
-65.0118
-64.9509
-64.8908
-64.8318
-64.774
-64.7175
-64.6626
-64.6092
-64.5574
-64.5072
-64.4586
-64.4117
-64.3664
-64.3227
-64.2805
-64.2399
-64.2007
-64.163
-64.1268
-64.0919
-64.0583
-64.0261
-63.9951
-63.9652
-63.9366
-63.909
-63.8825
-63.857
-63.8325
-63.809
-63.7864
-63.7648
-63.7441
-63.7242
-63.7053
-63.7007
-63.7001
-63.7004
-63.7006
-63.7003
-63.6994
-63.6981
-63.6963
-63.6941
-63.6917
-63.689
-63.6916
-63.6961
-63.7015
-63.7073
-63.7134
-63.7194
-63.7254
-63.7314
-63.7371
-63.7428
-63.7483
-63.7537
-63.7589
-63.7641
-63.7691
-63.774
-63.7787
-63.7834
-63.788
-63.7925
-63.797
-63.8013
-63.8056
-63.8098
-63.814
-63.818
-63.8219
-63.8256
-63.8292
-63.8327
-63.8359
-63.8391
-63.842
-63.8448
-63.8474
-63.8499
-63.8523
-63.8545
-63.8566
-63.8586
-63.8605
-63.8623
-63.864
-63.8656
-63.8671
-63.8685
-63.8698
-63.8709
-63.8719
-63.8728
-63.8735
-63.874
-63.8743
-63.8746
-63.8746
-63.8744
-63.8741
-63.8736
-63.8728
-63.8719
-63.8708
-63.8695
-63.868
-63.8663
-63.8645
-63.8625
-63.8604
-63.8583
-63.856
-63.8536
-63.8512
-63.8488
-63.8463
-63.8438
-63.8413
-63.8388
-63.8363
-63.8338
-63.8283
-63.817
-63.7984
-63.7723
-63.7388
-63.6986
-63.6526
-63.6019
-63.5472
-63.4896
-63.4299
-63.3688
-63.3071
-63.2451
-63.1836
-63.1227
-63.063
-63.0045
-62.9476
-62.8923
-62.8388
-62.7872
-62.7375
-62.6898
-62.6441
-62.6004
-62.5586
-62.5189
-62.4812
-62.4453
-62.4114
-62.3794
-62.3491
-62.3207
-62.294
-62.2506
-62.1935
-62.1271
-62.0546
-61.9784
-61.9
-61.8206
-61.7413
-61.6626
-61.5853
-61.5097
-61.4363
-61.3653
-61.2969
-61.2313
-61.1687
-61.1091
-61.0526
-60.9991
-60.9488
-60.9015
-60.8573
-60.8161
-60.7778
-60.7424
-60.7098
-60.6799
-60.6526
-60.6279
-60.6056
-60.5857
-60.5681
-60.5527
-60.5393
-60.528
-60.5187
-60.5112
-60.5054
-60.5014
-60.499
-60.4981
-60.4987
-60.5007
-60.5041
-60.5087
-60.5145
-60.5215
-60.5296
-60.5388
-60.5489
-60.56
-60.572
-60.5848
-60.5984
-60.6128
-60.6278
-60.6436
