-65
-64.9848
-64.9714
-64.9581
-64.9453
-64.9331
-64.9218
-64.9115
-64.9021
-64.8937
-64.8861
-64.8793
-64.8732
-64.8678
-64.8629
-64.8585
-64.8546
-64.851
-64.8479
-64.845
-64.8425
-64.8402
-64.8382
-64.8363
-64.8347
-64.8333
-64.832
-64.8309
-64.8299
-64.8291
-64.8284
-64.8278
-64.8273
-64.8269
-64.8266
-64.8264
-64.8262
-64.8262
-64.8262
-64.8263
-64.8264
-64.8267
-64.8269
-64.8272
-64.8276
-64.828
-64.8285
-64.8289
-64.8295
-64.83
-64.8306
-64.8313
-64.8319
-64.8326
-64.8333
-64.8341
-64.8348
-64.8356
-64.8364
-64.8372
-64.838
-64.8389
-64.8397
-64.8406
-64.8415
-64.8424
-64.8433
-64.8442
-64.8452
-64.8461
-64.847
-64.848
-64.8489
-64.8499
-64.8508
-64.8518
-64.8528
-64.8538
-64.8547
-64.8557
-64.8567
-64.8577
-64.8586
-64.8596
-64.8606
-64.8616
-64.8625
-64.8635
-64.8645
-64.8655
-64.8664
-64.8674
-64.8684
-64.8693
-64.8703
-64.8712
-64.8722
-64.8731
-64.8741
-64.875
-64.876
-64.8769
-64.8778
-64.8787
-64.8797
-64.8806
-64.8815
-64.8824
-64.8833
-64.8842
-64.8851
-64.886
-64.8868
-64.8877
-64.8886
-64.8894
-64.8903
-64.8912
-64.892
-64.8928
-64.8937
-64.8945
-64.8953
-64.8961
-64.897
-64.8978
-64.8986
-64.8994
-64.9001
-64.9009
-64.9017
-64.9025
-64.9032
-64.904
-64.9048
-64.9055
-64.9062
-64.907
-64.9077
-64.9084
-64.9091
-64.9099
-64.9106
-64.9113
-64.912
-64.9127
-64.9133
-64.914
-64.9147
-64.9154
-64.916
-64.9167
-64.9173
-64.918
-64.9186
-64.9193
-64.9199
-64.9205
-64.9211
-64.9217
-64.9223
-64.9229
-64.9235
-64.9241
-64.9247
-64.9253
-64.9259
-64.9265
-64.927
-64.9276
-64.9281
-64.9287
-64.9292
-64.9298
-64.9303
-64.9308
-64.9314
-64.9319
-64.9324
-64.9329
-64.9334
-64.9339
-64.9344
-64.9349
-64.9354
-64.9359
-64.9364
-64.9369
-64.9373
-64.9378
-64.9383
-64.9387
-64.9392
-64.9396
-64.9401
-64.9405
-64.9409
-64.9414
-64.9418
-64.9422
-64.9427
-64.9431
-64.9435
-64.9439
-64.9443
-64.9447
-64.9451
-64.9455
-64.9459
-64.9463
-64.9466
-64.947
-64.9474
-64.9478
-64.9481
-64.9485
-64.9489
-64.9492
-64.9496
-64.9499
-64.9503
-64.9506
-64.9509
-64.9513
-64.9516
-64.9519
-64.9523
-64.9526
-64.9529
-64.9532
-64.9535
-64.9538
-64.9542
-64.9545
-64.9548
-64.9551
-64.9553
-64.9556
-64.9559
-64.9562
-64.9565
-64.9568
-64.9571
-64.9573
-64.9576
-64.9579
-64.9581
-64.9584
-64.9586
-64.9589
-64.9592
-64.9594
-64.9597
-64.9599
-64.9601
-64.9604
-64.9606
-64.9609
-64.9611
-64.9613
-64.9616
-64.9618
-64.962
-64.9622
-64.9624
-64.9627
-64.9629
-64.9631
-64.9633
-64.9635
-64.9637
-64.9639
-64.9641
-64.9643
-64.9645
-64.9647
-64.9649
-64.9651
-64.9653
-64.9654
-64.9656
-64.9658
-64.966
-64.9662
-64.9663
-64.9665
-64.9667
-64.9668
-64.967
-64.9672
-64.9673
-64.9675
-64.9677
-64.9678
-64.968
-64.9681
-64.9683
-64.9684
-64.9686
-64.9687
-64.9689
-64.969
-64.9692
-64.9693
-64.9694
-64.9696
-64.9697
-64.9698
-64.97
-64.9701
-64.9702
-64.9703
-64.9705
-64.9706
-64.9707
-64.9708
-64.971
-64.9711
-64.9712
-64.9713
-64.9714
-64.9715
-64.9716
-64.9717
-64.9719
-64.972
-64.9721
-64.9722
-64.9723
-64.9724
-64.9725
-64.9726
-64.9727
-64.9728
-64.9729
-64.9729
-64.973
-64.9731
-64.9732
-64.9733
-64.9734
-64.9735
-64.9736
-64.9736
-64.9737
-64.9738
-64.9739
-64.974
-64.974
-64.9741
-64.9742
-64.9743
-64.9743
-64.9744
-64.9745
-64.9746
-64.9746
-64.9747
-64.9748
-64.9748
-64.9749
-64.975
-64.975
-64.9751
-64.9751
-64.9752
-64.9753
-64.9753
-64.9754
-64.9754
-64.9755
-64.9755
-64.9756
-64.9757
-64.9757
-64.9758
-64.9758
-64.9759
-64.9759
-64.976
-64.976
-64.976
-64.9761
-64.9761
-64.9762
-64.9762
-64.9763
-64.9763
-64.9763
-64.9764
-64.9764
-64.9765
-64.9765
-64.9765
-64.9766
-64.9766
-64.9766
-64.9767
-64.9767
-64.9768
-64.9768
-64.9768
-64.9768
-64.9769
-64.9769
-64.9769
-64.977
-64.977
-64.977
-64.977
-64.9771
-64.9771
-64.9771
-64.9772
-64.9772
-64.9772
-64.9772
-64.9772
-64.9773
-64.9773
-64.9773
-64.9773
-64.9773
-64.9774
-64.9774
-64.9774
-64.9774
-64.9774
-64.9775
-64.9775
-64.9775
-64.9775
-64.9775
-64.9775
-64.9775
-64.9776
-64.9776
-64.9776
-64.9776
-64.9776
-64.9776
-64.9776
-64.9776
-64.9777
-64.9777
-64.9777
-64.9777
-64.9777
-64.9777
-64.9777
-64.9777
-64.9777
-64.9777
-64.9777
-64.9777
-64.9777
-64.9778
-64.9778
-64.9778
-64.9778
-64.9778
-64.9778
-64.9778
-64.9778
-64.9778
-64.9778
-64.9778
-64.9778
-64.9778
-64.9778
-64.9778
-64.9778
-64.9778
-64.9778
-64.9778
-64.9778
-64.9778
-64.9778
-64.9778
-64.9778
-64.9778
-64.9778
-64.9778
-64.9778
-64.9778
-64.9778
-64.9778
-64.9778
-64.9778
-64.9777
-64.9777
-64.9777
-64.9777
-64.9777
-64.9777
-64.9777
-64.9777
-64.9777
-64.9777
-64.9777
-64.9777
-64.9777
-64.9777
-64.9777
-64.9777
-64.9776
-64.9776
-64.9776
-64.9776
-64.9776
-64.9776
-64.9776
-64.9776
-64.9776
-64.9776
-64.9776
-64.9776
-64.9775
-64.9775
-64.9775
-64.9775
-64.9775
-64.9775
-64.9775
-64.9775
-64.9775
-64.9774
-64.9774
-64.9774
-64.9774
-64.9774
-64.9774
-64.9774
-64.9774
-64.9774
-64.9773
-64.9773
-64.9773
-64.9773
-64.9773
-64.9773
-64.9773
-64.9772
-64.9772
-64.9772
-64.9772
-64.9772
-64.9772
-64.9772
-64.9772
-64.9771
-64.9771
-64.9771
-64.9771
-64.9771
-64.9771
-64.9771
-64.977
-64.977
-64.977
-64.977
-64.977
-64.977
-64.9769
-64.9769
-64.9769
-64.9769
-64.9769
-64.9769
-64.9769
-64.9768
-64.9768
-64.9768
-64.9768
-64.9768
-64.9768
-64.9767
-64.9767
-64.9767
-64.9767
-64.9767
-64.9767
-64.9766
-64.9766
-64.9766
-64.9766
-64.9766
-64.9766
-64.9765
-64.9765
-64.9765
-64.9765
-64.9765
-64.9765
-64.9764
-64.9764
-64.9764
-64.9764
-64.9764
-64.9764
-64.9763
-64.9763
-64.9763
-64.9763
-64.9763
-64.9763
-64.9762
-64.9762
-64.9762
-64.9762
-64.9762
-64.9762
-64.9761
-64.9761
-64.9761
-64.9761
-64.9761
-64.9761
-64.976
-64.976
-64.976
-64.976
-64.976
-64.9759
-64.9759
-64.9759
-64.9759
-64.9759
-64.9759
-64.9758
-64.9758
-64.9758
-64.9758
-64.9758
-64.9758
-64.9757
-64.9757
-64.9757
-64.9757
-64.9757
-64.9756
-64.9756
-64.9756
-64.9756
-64.9756
-64.9756
-64.9755
-64.9755
-64.9755
-64.9755
-64.9755
-64.9755
-64.9754
-64.9754
-64.9754
-64.9754
-64.9754
-64.9753
-64.9753
-64.9753
-64.9753
-64.9753
-64.9753
-64.9752
-64.9752
-64.9752
-64.9752
-64.9752
-64.9752
-64.9751
-64.9751
-64.9751
-64.9751
-64.9751
-64.975
-64.975
-64.975
-64.975
-64.975
-64.975
-64.9749
-64.9749
-64.9749
-64.9749
-64.9749
-64.9749
-64.9748
-64.9748
-64.9748
-64.9748
-64.9748
-64.9748
-64.9747
-64.9747
-64.9747
-64.9747
-64.9747
-64.9747
-64.9746
-64.9746
-64.9746
-64.9746
-64.9746
-64.9746
-64.9745
-64.9745
-64.9745
-64.9745
-64.9745
-64.9745
-64.9744
-64.9744
-64.9744
-64.9744
-64.9744
-64.9744
-64.9743
-64.9743
-64.9743
-64.9743
-64.9743
-64.9743
-64.9742
-64.9742
-64.9742
-64.9742
-64.9742
-64.9742
-64.9741
-64.9741
-64.9741
-64.9741
-64.9741
-64.9741
-64.974
-64.974
-64.974
-64.974
-64.974
-64.974
-64.9739
-64.9739
-64.9739
-64.9739
-64.9739
-64.9739
-64.9739
-64.9738
-64.9738
-64.9738
-64.9738
-64.9738
-64.9738
-64.9737
-64.9737
-64.9737
-64.9737
-64.9737
-64.9737
-64.9736
-64.9736
-64.9736
-64.9736
-64.9736
-64.9736
-64.9736
-64.9735
-64.9735
-64.9735
-64.9735
-64.9735
-64.9735
-64.9735
-64.9734
-64.9734
-64.9734
-64.9734
-64.9734
-64.9734
-64.9734
-64.9733
-64.9733
-64.9733
-64.9733
-64.9733
-64.9733
-64.9732
-64.9732
-64.9732
-64.9732
-64.9732
-64.9732
-64.9732
-64.9732
-64.9731
-64.9731
-64.9731
-64.9731
-64.9731
-64.9731
-64.9731
-64.973
-64.973
-64.973
-64.973
-64.973
-64.973
-64.973
-64.9729
-64.9729
-64.9729
-64.9729
-64.9729
-64.9729
-64.9729
-64.9728
-64.9728
-64.9728
-64.9728
-64.9728
-64.9728
-64.9728
-64.9728
-64.9727
-64.9727
-64.9727
-64.9727
-64.9727
-64.9727
-64.9727
-64.9727
-64.9726
-64.9726
-64.9726
-64.9726
-64.9726
-64.9726
-64.9726
-64.9725
-64.9725
-64.9725
-64.9725
-64.9725
-64.9725
-64.9725
-64.9725
-64.9724
-64.9724
-64.9724
-64.9724
-64.9724
-64.9724
-64.9724
-64.9724
-64.9724
-64.9723
-64.9723
-64.9723
-64.9723
-64.9723
-64.9723
-64.9723
-64.9723
-64.9722
-64.9722
-64.9722
-64.9722
-64.9722
-64.9722
-64.9722
-64.9722
-64.9721
-64.9721
-64.9721
-64.9721
-64.9721
-64.9721
-64.9721
-64.9721
-64.9721
-64.972
-64.972
-64.972
-64.972
-64.972
-64.972
-64.972
-64.972
-64.972
-64.9719
-64.9719
-64.9719
-64.9719
-64.9719
-64.9719
-64.9719
-64.9719
-64.9719
-64.9718
-64.9718
-64.9718
-64.9718
-64.9718
-64.9718
-64.9718
-64.9718
-64.9718
-64.9718
-64.9717
-64.9717
-64.9717
-64.9717
-64.9717
-64.9717
-64.9717
-64.9717
-64.9717
-64.9717
-64.9716
-64.9716
-64.9716
-64.9716
-64.9716
-64.9716
-64.9716
-64.9716
-64.9716
-64.9716
-64.9715
-64.9715
-64.9715
-64.9715
-64.9715
-64.9715
-64.9715
-64.9715
-64.9715
-64.9715
-64.9714
-64.9714
-64.9714
-64.9714
-64.9714
-64.9714
-64.9714
-64.9714
-64.9714
-64.9714
-64.9714
-64.9713
-64.9713
-64.9713
-64.9713
-64.9713
-64.9713
-64.9713
-64.9713
-64.9713
-64.9713
-64.9713
-64.9712
-64.9712
-64.9712
-64.9712
-64.9712
-64.9712
-64.9712
-64.9712
-64.9712
-64.9712
-64.9712
-64.9711
-64.9711
-64.9711
-64.9711
-64.9711
-64.9711
-64.9711
-64.9711
-64.9711
-64.9711
-64.9711
-64.9711
-64.971
-64.971
-64.971
-64.971
-64.971
-64.971
-64.971
-64.971
-64.971
-64.971
-64.971
-64.971
-64.9709
-64.9709
-64.9709
-64.9709
-64.9709
-64.9709
-64.9709
-64.9709
-64.9709
-64.9709
-64.9709
-64.9709
-64.9709
-64.9708
-64.9708
-64.9708
-64.9708
-64.9708
-64.9708
-64.9708
-64.9708
-64.9708
-64.9708
-64.9708
-64.9708
-64.9708
-64.9707
-64.9707
-64.9707
-64.9707
-64.9707
-64.9707
-64.9707
-64.9707
-64.9707
-64.9707
-64.9707
-64.9707
-64.9707
-64.9707
-64.9706
-64.9706
-64.9706
-64.9706
-64.9706
-64.9706
-64.9706
-64.9706
-64.9706
-64.9706
-64.9706
-64.9706
-64.9706
-64.9706
-64.9706
-64.9705
-64.9705
-64.9705
-64.9705
-64.9705
-64.9705
-64.9705
-64.9705
-64.9705
-64.9705
-64.9705
-64.9705
-64.9705
-64.9705
-64.9705
-64.9704
-64.9704
-64.9704
-64.9704
-64.9704
-64.9704
-64.9704
-64.9704
-64.9704
-64.9704
-64.9704
-64.9704
-64.9704
-64.9704
-64.9704
-64.9704
-64.9703
-64.9703
-64.9703
-64.9703
-64.9703
-64.9703
-64.9703
-64.9703
-64.9703
-64.9703
-64.9703
-64.9703
-64.9703
-64.9703
-64.9703
-64.9703
-64.9703
-64.9702
-64.9702
-64.9702
-64.9702
-64.9702
-64.9702
-64.9702
-64.9702
-64.9702
-64.9702
-64.9702
-64.9702
-64.9702
-64.9702
-64.9702
-64.9702
-64.9702
-64.9702
-64.9701
-64.9701
-64.9701
-64.9701
-64.9701
-64.9701
-64.9701
-64.9701
-64.9701
-64.9701
-64.9701
-64.9701
-64.9701
-64.9701
-64.9701
-64.9701
-64.9701
-64.9701
-64.9701
-64.97
-64.97
-64.97
-64.97
-64.97
-64.97
-64.97
-64.97
-64.97
-64.97
-64.97
-64.97
-64.97
-64.97
-64.97
-64.97
-64.97
-64.97
-64.97
-64.97
-64.9699
-64.9699
-64.9699
-64.9699
-64.9699
-64.9699
-64.9699
-64.9699
-64.9699
-64.9699
-64.9699
-64.9699
-64.9699
-64.9699
-64.9699
-64.9699
-64.9699
-64.9699
-64.9699
-64.9699
-64.9699
-64.9699
-64.9698
-64.9698
-64.9698
-64.9698
-64.9698
-64.9698
-64.9698
-64.9698
-64.9698
-64.9698
-64.9698
-64.9698
-64.9698
-64.9698
-64.9698
-64.9698
-64.9698
-64.9698
-64.9698
-64.9698
-64.9698
-64.9698
-64.9698
-64.9698
-64.9697
-64.9697
-64.9697
-64.9697
-64.9697
-64.9697
-64.9697
-64.9697
-64.9697
-64.9697
-64.9697
-64.9697
-64.9697
-64.9697
-64.9697
-64.9697
-64.9697
-64.9697
-64.9697
-64.9697
-64.9697
-64.9697
-64.9697
-64.9697
-64.9697
-64.9697
-64.9696
-64.9696
-64.9696
-64.9696
-64.9696
-64.9696
-64.9696
-64.9696
-64.9696
-64.9696
-64.9696
-64.9696
-64.9696
-64.9696
-64.9696
-64.9696
-64.9696
-64.9696
-64.9696
-64.9696
-64.9696
-64.9696
-64.9696
-64.9696
-64.9696
-64.9696
-64.9696
-64.9696
-64.9695
-64.9695
-64.9695
-64.9695
-64.9695
-64.9695
-64.9695
-64.9695
-64.9695
-64.9695
-64.9695
-64.9695
-64.9695
-64.9695
-64.9695
-64.9695
-64.9695
-64.9695
-64.9695
-64.9695
-64.9695
-64.9695
-64.9695
-64.9695
-64.9695
-64.9695
-64.9695
-64.9695
-64.9695
-64.9695
-64.9695
-64.9695
-64.9695
-64.9694
-64.9694
-64.9694
-64.9694
-64.9694
-64.9694
-64.9694
-64.9694
-64.9694
-64.9694
-64.9694
-64.9694
-64.9694
-64.9694
-64.9694
-64.9694
-64.9694
-64.9694
-64.9694
-64.9694
-64.9694
-64.9694
-64.9694
-64.9694
-64.9694
-64.9694
-64.9694
-64.9694
-64.9694
-64.9694
-64.9694
-64.9694
-64.9694
-64.9694
-64.9694
-64.9694
-64.9693
-64.9693
-64.9693
-64.9693
-64.9693
-64.9693
-64.9693
-64.9693
-64.9693
-64.9693
-64.9693
-64.9693
-64.9693
-64.9693
-64.9693
-64.9693
-64.9693
-64.9693
-64.9693
-64.9693
-64.9693
-64.9693
-64.9693
-64.9693
-64.9693
-64.9693
-64.9693
-64.9693
-64.9693
-64.9693
-64.9693
-64.9693
-64.9693
-64.9693
-64.9693
-64.9693
-64.9693
-64.9693
-64.9693
-64.9693
-64.9693
-64.9693
-64.9693
-64.9693
-64.9692
-64.9692
-64.9692
-64.9692
-64.9692
-64.9692
-64.9692
-64.9692
-64.9692
-64.9692
-64.9692
-64.9692
-64.9692
-64.9692
-64.9692
-64.9692
-64.9692
-64.9692
-64.9692
-64.9692
-64.9692
-64.9692
-64.9692
-64.9692
-64.9692
-64.9692
-64.9692
-64.9692
-64.9692
-64.9692
-64.9692
-64.9692
-64.9692
-64.9692
-64.9692
-64.9692
-64.9692
-64.9692
-64.9692
-64.9692
-64.9692
-64.9692
-64.9692
-64.9692
-64.9692
-64.9692
-64.9692
-64.9692
-64.9692
-64.9692
-64.9692
-64.9692
-64.9692
-64.9692
-64.9691
-64.9691
-64.9691
-64.9691
-64.9691
-64.9691
-64.9691
-64.9691
-64.9691
-64.9691
-64.9691
-64.9691
-64.9691
-64.9691
-64.9691
-64.9691
-64.9691
-64.9691
-64.9691
-64.9691
-64.9691
-64.9691
-64.9691
-64.9691
-64.9691
-64.9691
-64.9691
-64.9691
-64.9691
-64.9691
-64.9691
-64.9691
-64.9691
-64.9691
-64.9691
-64.9691
-64.9691
-64.9691
-64.9691
-64.9691
-64.9691
-64.9691
-64.9691
-64.9691
-64.9691
-64.9691
-64.9691
-64.9691
-64.9691
-64.9691
-64.9691
-64.9691
-64.9691
-64.9691
-64.9691
-64.9691
-64.9691
-64.9691
-64.9691
-64.9691
-64.9691
-64.9691
-64.9691
-64.9691
-64.9691
-64.9691
-64.9691
-64.9691
-64.9691
-64.9691
-64.9691
-64.9691
-64.9691
-64.9691
-64.9691
-64.9691
-64.969
-64.969
-64.969
-64.969
-64.969
-64.969
-64.969
-64.969
-64.969
-64.969
-64.969
-64.969
-64.969
-64.969
-64.969
-64.969
-64.969
-64.969
-64.969
-64.969
-64.969
-64.969
-64.969
-64.969
-64.969
-64.969
-64.969
-64.969
-64.969
-64.969
-64.969
-64.969
-64.969
-64.969
-64.969
-64.969
-64.969
-64.969
-64.969
-64.969
-64.969
-64.969
-64.969
-64.969
-64.969
-64.969
-64.969
-64.969
-64.969
-64.969
-64.969
-64.969
-64.969
-64.969
-64.969
-64.969
-64.969
-64.969
-64.969
-64.969
-64.969
-64.969
-64.969
-64.969
-64.969
-64.969
-64.969
-64.969
-64.969
-64.969
-64.969
-64.969
-64.969
-64.969
-64.969
-64.969
-64.969
-64.969
-64.969
-64.969
-64.969
-64.969
-64.969
-64.969
-64.969
-64.969
-64.969
-64.969
-64.969
-64.969
-64.969
-64.969
-64.969
-64.969
-64.969
-64.969
-64.969
-64.969
-64.969
-64.969
-64.969
-64.969
-64.969
-64.969
-64.969
-64.969
-64.969
-64.969
-64.969
-64.969
-64.969
-64.969
-64.969
-64.969
-64.969
-64.969
-64.969
-64.969
-64.969
-64.969
-64.969
-64.969
-64.969
-64.969
-64.969
-64.969
-64.969
-64.969
-64.969
-64.969
-64.969
-64.969
-64.969
-64.969
-64.969
-64.969
-64.969
-64.969
-64.969
-64.969
-64.969
-64.969
-64.969
-64.969
-64.969
-64.969
-64.969
-64.969
-64.969
-64.969
-64.969
-64.969
-64.969
-64.969
-64.969
-64.969
-64.969
-64.969
-64.969
-64.969
-64.969
-64.969
-64.969
-64.969
-64.969
-64.969
-64.969
-64.969
-64.969
-64.969
-64.969
-64.969
-64.969
-64.969
-64.969
-64.969
-64.969
-64.969
-64.969
-64.969
-64.969
-64.969
-64.969
-64.969
-64.969
-64.969
-64.969
-64.969
-64.969
-64.969
-64.969
-64.969
-64.969
-64.969
-64.969
-64.969
-64.969
-64.969
-64.969
-64.969
-64.969
-64.969
-64.969
-64.969
-64.969
-64.969
-64.969
-64.969
-64.969
-64.969
-64.969
-64.969
-64.969
-64.969
-64.969
-64.969
-64.969
-64.969
-64.969
-64.969
-64.969
-64.969
-64.969
-64.969
-64.969
-64.969
-64.969
-64.969
-64.969
-64.969
-64.969
-64.969
-64.969
-64.969
-64.969
-64.969
-64.969
-64.969
-64.969
-64.969
-64.969
-64.969
-64.969
-64.969
-64.969
-64.969
-64.969
-64.969
-64.969
-64.969
-64.969
-64.969
-64.969
-64.969
-64.969
-64.969
-64.969
-64.969
-64.969
-64.969
-64.969
-64.969
-64.969
-64.969
-64.969
-64.969
-64.969
-64.969
-64.969
-64.969
-64.969
-64.969
-64.969
-64.969
-64.969
-64.969
-64.969
-64.969
-64.969
-64.969
-64.969
-64.969
-64.969
-64.969
-64.969
-64.969
-64.969
-64.969
-64.969
-64.969
-64.969
-64.969
-64.969
-64.969
-64.969
-64.969
-64.969
-64.969
-64.969
-64.969
-64.969
-64.969
-64.969
-64.969
-64.969
-64.969
-64.969
-64.969
-64.969
-64.969
-64.969
-64.969
-64.969
-64.969
-64.969
-64.969
-64.969
-64.969
-64.969
-64.969
-64.969
-64.969
-64.969
-64.969
-64.969
-64.969
-64.969
-64.969
-64.969
-64.969
-64.969
-64.969
-64.969
-64.969
-64.969
-64.969
-64.969
-64.969
-64.969
-64.969
-64.969
-64.969
-64.969
-64.969
-64.969
-64.969
-64.969
-64.969
-64.969
-64.969
-64.969
-64.969
-64.969
-64.969
-64.969
-64.969
-64.969
-64.969
-64.969
-64.969
-64.969
-64.969
-64.969
-64.969
-64.969
-64.969
-64.969
-64.969
-64.969
-64.969
-64.969
-64.969
-64.969
-64.969
-64.969
-64.969
-64.969
-64.969
-64.969
-64.969
-64.969
-64.969
-64.969
-64.969
-64.969
-64.969
-64.969
-64.969
-64.969
-64.969
-64.969
-64.969
-64.969
-64.969
-64.969
-64.969
-64.969
-64.969
-64.969
-64.969
-64.969
-64.969
-64.969
-64.969
-64.969
-64.969
-64.969
-64.969
-64.969
-64.969
-64.969
-64.969
-64.969
-64.969
-64.969
-64.969
-64.969
-64.969
-64.969
-64.969
-64.969
-64.969
-64.969
-64.969
-64.969
-64.969
-64.969
-64.969
-64.969
-64.969
-64.969
-64.969
-64.969
-64.9691
-64.9691
-64.9691
-64.9691
-64.9691
-64.9691
-64.9691
-64.9691
-64.9691
-64.9691
-64.9691
-64.9691
-64.9691
-64.9691
-64.9691
-64.9691
-64.9691
-64.9691
-64.9691
-64.9691
-64.9691
-64.9691
-64.9691
-64.9691
-64.9691
-64.9691
-64.9691
-64.9691
-64.9691
-64.9691
-64.9691
-64.9691
-64.9691
-64.9691
-64.9691
-64.9691
-64.9691
-64.9691
-64.9691
-64.9691
-64.9691
-64.9691
-64.9691
-64.9691
-64.9691
-64.9691
-64.9691
-64.9691
-64.9691
-64.9691
-64.9691
-64.9691
-64.9691
-64.9691
-64.9691
-64.9691
-64.9691
-64.9691
-64.9691
-64.9691
-64.9691
-64.9691
-64.9691
-64.9691
-64.9691
-64.9691
-64.9691
-64.9691
-64.9691
-64.9691
-64.9691
-64.9691
-64.9691
-64.9691
-64.9691
-64.9691
-64.9691
-64.9691
-64.9691
-64.9691
-64.9691
-64.9691
-64.9691
-64.9691
-64.9691
-64.9691
-64.9691
-64.9691
-64.9691
-64.9691
-64.9691
-64.9691
-64.9691
-64.9691
-64.9691
-64.9691
-64.9691
-64.9691
-64.9691
-64.9691
-64.9691
-64.9691
-64.9691
-64.9691
-64.9691
-64.9691
-64.9691
-64.9691
-64.9691
-64.9691
-64.9691
-64.9691
-64.9691
-64.9691
-64.9691
-64.9691
-64.9691
-64.9691
-64.9691
-64.9691
-64.9691
-64.9691
-64.9691
-64.9692
-64.9692
-64.9692
-64.9692
-64.9692
-64.9692
-64.9692
-64.9692
-64.9692
-64.9692
-64.9692
-64.9692
-64.9692
-64.9692
-64.9692
-64.9692
-64.9692
-64.9692
-64.9692
-64.9692
-64.9692
-64.9692
-64.9692
-64.9692
-64.9692
-64.9692
-64.9692
-64.9692
-64.9692
-64.9692
-64.9692
-64.9692
-64.9692
-64.9692
-64.9692
-64.9692
-64.9692
-64.9692
-64.9692
-64.9692
-64.9692
-64.9692
-64.9692
-64.9692
-64.9692
-64.9692
-64.9692
-64.9692
-64.9692
-64.9692
-64.9692
-64.9692
-64.9692
-64.9692
-64.9692
-64.9692
-64.9692
-64.9692
-64.9692
-64.9692
-64.9692
-64.9692
-64.9692
-64.9692
-64.9692
-64.9692
-64.9692
-64.9692
-64.9692
-64.9692
-64.9692
-64.9692
-64.9692
-64.9692
-64.9692
-64.9692
-64.9692
-64.9692
-64.9692
-64.9692
-64.9692
-64.9692
-64.9692
-64.9692
-64.9692
-64.9692
-64.9692
-64.9692
-64.9692
-64.9692
-64.9692
-64.9692
-64.9692
-64.9692
-64.9692
-64.9692
-64.9692
-64.9692
-64.9692
-64.9692
-64.9692
-64.9692
-64.9692
-64.9693
-64.9693
-64.9693
-64.9693
-64.9693
-64.9693
-64.9693
-64.9693
-64.9499
-64.9145
-64.8675
-64.8123
-64.7514
-64.6866
-64.619
-64.5497
-64.4795
-64.4091
-64.339
-64.2696
-64.2012
-64.1342
-64.0687
-64.0051
-63.9433
-63.8835
-63.8258
-63.7703
-63.717
-63.6658
-63.6169
-63.5702
-63.5256
-63.4832
-63.4429
-63.4047
-63.3685
-63.3343
-63.3021
-63.2717
-63.2432
-63.2164
-63.1914
-63.168
-63.1463
-63.1261
-63.1074
-63.0901
-63.0743
-63.0598
-63.0466
-63.0347
-63.024
-63.0144
-63.006
-62.9986
-62.9923
-62.9869
-62.9825
-62.979
-62.9763
-62.9745
-62.9735
-62.9733
-62.9738
-62.975
-62.9769
-62.9794
-62.9825
-62.9862
-62.9904
-62.9952
-63.0005
-63.0062
-63.0125
-63.0191
-63.0262
-63.0337
-63.0415
-63.0497
-63.0582
-63.067
-63.0762
-63.0856
-63.0953
-63.1052
-63.1154
-63.1258
-63.1364
-63.1472
-63.1582
-63.1693
-63.1807
-63.1921
-63.2037
-63.2154
-63.2273
-63.2392
-63.2513
-63.2634
-63.2756
-63.2879
-63.3002
-63.3126
-63.3251
-63.3376
-63.3501
-63.3627
-63.3753
-63.3879
-63.4005
-63.4131
-63.4258
-63.4384
-63.451
-63.4636
-63.4762
-63.4888
-63.5014
-63.5139
-63.5264
-63.5389
-63.5513
-63.5637
-63.576
-63.5883
-63.6006
-63.6128
-63.625
-63.6371
-63.6491
-63.6611
-63.6731
-63.6849
-63.6967
-63.7085
-63.7202
-63.7318
-63.7433
-63.7548
-63.7662
-63.7775
-63.7888
-63.8
-63.8111
-63.8221
-63.8331
-63.844
-63.8548
-63.8655
-63.8762
-63.8867
-63.8972
-63.9077
-63.918
-63.9282
-63.9384
-63.9485
-63.9585
-63.9685
-63.9783
-63.9881
-63.9978
-64.0074
-64.017
-64.0264
-64.0358
-64.0451
-64.0543
-64.0635
-64.0725
-64.0815
-64.0904
-64.0993
-64.108
-64.1167
-64.1253
-64.1338
-64.1422
-64.1506
-64.1589
-64.1671
-64.1752
-64.1833
-64.1913
-64.1992
-64.207
-64.2148
-64.2225
-64.2301
-64.2376
-64.2451
-64.2525
-64.2598
-64.2671
-64.2743
-64.2814
-64.2885
-64.2954
-64.3024
-64.3092
-64.316
-64.3227
-64.3294
-64.336
-64.3425
-64.3489
-64.3553
-64.3616
-64.3679
-64.3741
-64.3803
-64.3863
-64.3924
-64.3983
-64.4042
-64.41
-64.4158
-64.4215
-64.4272
-64.4328
-64.4384
-64.4438
-64.4493
-64.4547
-64.46
-64.4653
-64.4705
-64.4756
-64.4807
-64.4858
-64.4908
-64.4957
-64.5006
-64.5055
-64.5103
-64.515
-64.5197
-64.5244
-64.529
-64.5335
-64.538
-64.5425
-64.5469
-64.5513
-64.5556
-64.5598
-64.5641
-64.5683
-64.5724
-64.5765
-64.5805
-64.5845
-64.5885
-64.5924
-64.5963
-64.6001
-64.6039
-64.6077
-64.6114
-64.6151
-64.6187
-64.6223
-64.6258
-64.6294
-64.6328
-64.6363
-64.6397
-64.643
-64.6464
-64.6497
-64.6529
-64.6561
-64.6593
-64.6625
-64.6656
-64.6687
-64.6717
-64.6747
-64.6777
-64.6807
-64.6836
-64.6865
-64.6893
-64.6921
-64.6949
-64.6977
-64.7004
-64.7031
-64.7057
-64.7084
-64.711
-64.7135
-64.7161
-64.7186
-64.7211
-64.7236
-64.726
-64.7284
-64.7308
-64.7331
-64.7354
-64.7377
-64.74
-64.7422
-64.7445
-64.7466
-64.7488
-64.751
-64.7531
-64.7552
-64.7572
-64.7593
-64.7613
-64.7633
-64.7653
-64.7672
-64.7691
-64.771
-64.7729
-64.7748
-64.7766
-64.7784
-64.7802
-64.782
-64.7837
-64.7855
-64.7872
-64.7889
-64.7905
-64.7922
-64.7938
-64.7954
-64.797
-64.7986
-64.8001
-64.8016
-64.8032
-64.8047
-64.8061
-64.8076
-64.809
-64.8104
-64.8119
-64.8132
-64.8146
-64.816
-64.8173
-64.8186
-64.8199
-64.8212
-64.8225
-64.8237
-64.825
-64.8262
-64.8274
-64.8286
-64.8298
-64.8309
-64.8321
-64.8332
-64.8343
-64.8354
-64.8365
-64.8376
-64.8386
-64.8397
-64.8407
-64.8417
-64.8427
-64.8437
-64.8447
-64.8457
-64.8466
-64.8476
-64.8485
-64.8494
-64.8503
-64.8512
-64.8521
-64.8529
-64.8538
-64.8546
-64.8555
-64.8563
-64.8571
-64.8579
-64.8587
-64.8595
-64.8602
-64.861
-64.8617
-64.8625
-64.8632
-64.8639
-64.8646
-64.8653
-64.866
-64.8666
-64.8673
-64.868
-64.8686
-64.8692
-64.8699
-64.8705
-64.8711
-64.8717
-64.8723
-64.8728
-64.8734
-64.874
-64.8745
-64.8751
-64.8756
-64.8761
-64.8767
-64.8772
-64.8777
-64.8782
-64.8787
-64.8791
-64.8796
-64.8801
-64.8805
-64.881
-64.8814
-64.8819
-64.8823
-64.8827
-64.8832
-64.8836
-64.884
-64.8844
-64.8848
-64.8851
-64.8855
-64.8859
-64.8862
-64.8866
-64.887
-64.8873
-64.8876
-64.888
-64.8883
-64.8886
-64.8889
-64.8892
-64.8896
-64.8899
-64.8901
-64.8904
-64.8907
-64.891
-64.8913
-64.8915
-64.8918
-64.8921
-64.8923
-64.8926
-64.8928
-64.893
-64.8933
-64.8935
-64.8937
-64.8939
-64.8942
-64.8944
-64.8946
-64.8948
-64.895
-64.8952
-64.8954
-64.8955
-64.8957
-64.8959
-64.8961
-64.8962
-64.8964
-64.8966
-64.8967
-64.8969
-64.897
-64.8972
-64.8973
-64.8975
-64.8976
-64.8977
-64.8979
-64.898
-64.8981
-64.8982
-64.8983
-64.8985
-64.8986
-64.8987
-64.8988
-64.8989
-64.899
-64.8991
-64.8992
-64.8993
-64.8993
-64.8994
-64.8995
-64.8996
-64.8997
-64.8997
-64.8998
-64.8999
-64.8999
-64.9
-64.9001
-64.9001
-64.9002
-64.9002
-64.9003
-64.9003
-64.9004
-64.9004
-64.9005
-64.9005
-64.9006
-64.9006
-64.9006
-64.9007
-64.9007
-64.9007
-64.9007
-64.9008
-64.9008
-64.9008
-64.9008
-64.9009
-64.9009
-64.9009
-64.9009
-64.9009
-64.9009
-64.9009
-64.9009
-64.9009
-64.9009
-64.9009
-64.9009
-64.9009
-64.9009
-64.9009
-64.9009
-64.9009
-64.9009
-64.9009
-64.9009
-64.9009
-64.9009
-64.9009
-64.9008
-64.9008
-64.9008
-64.9008
-64.9008
-64.9008
-64.9007
-64.9007
-64.9007
-64.9007
-64.9006
-64.9006
-64.9006
-64.9006
-64.9005
-64.9005
-64.9005
-64.9004
-64.9004
-64.9004
-64.9003
-64.9003
-64.9003
-64.9002
-64.9002
-64.9002
-64.9001
-64.9001
-64.9
-64.9
-64.9
-64.8999
-64.8999
-64.8998
-64.8998
-64.8997
-64.8997
-64.8996
-64.8996
-64.8996
-64.8995
-64.8995
-64.8994
-64.8994
-64.8993
-64.8993
-64.8992
-64.8992
-64.8991
-64.8991
-64.899
-64.899
-64.8989
-64.8989
-64.8988
-64.8988
-64.8987
-64.8987
-64.8986
-64.8986
-64.8985
-64.8984
-64.8984
-64.8983
-64.8983
-64.8982
-64.8982
-64.8981
-64.8981
-64.898
-64.898
-64.8979
-64.8978
-64.8978
-64.8977
-64.8977
-64.8976
-64.8976
-64.8975
-64.8975
-64.8974
-64.8973
-64.8973
-64.8972
-64.8972
-64.8971
-64.8971
-64.897
-64.897
-64.8969
-64.8968
-64.8968
-64.8967
-64.8967
-64.8966
-64.8966
-64.8965
-64.8964
-64.8964
-64.8963
-64.8963
-64.8962
-64.8962
-64.8961
-64.8961
-64.896
-64.896
-64.8959
-64.8958
-64.8958
-64.8957
-64.8957
-64.8956
-64.8956
-64.8955
-64.8955
-64.8954
-64.8954
-64.8953
-64.8953
-64.8952
-64.8951
-64.8951
-64.895
-64.895
-64.8949
-64.8949
-64.8948
-64.8948
-64.8947
-64.8947
-64.8946
-64.8946
-64.8945
-64.8945
-64.8944
-64.8944
-64.8943
-64.8943
-64.8942
-64.8942
-64.8941
-64.8941
-64.8941
-64.894
-64.894
-64.8939
-64.8939
-64.8938
-64.8938
-64.8937
-64.8937
-64.8936
-64.8936
-64.8936
-64.8935
-64.8935
-64.8934
-64.8934
-64.8933
-64.8933
-64.8933
-64.8932
-64.8932
-64.8931
-64.8931
-64.8931
-64.893
-64.893
-64.8929
-64.8929
-64.8929
-64.8928
-64.8928
-64.8927
-64.8927
-64.8927
-64.8926
-64.8926
-64.8926
-64.8925
-64.8925
-64.8925
-64.8924
-64.8924
-64.8924
-64.8923
-64.8923
-64.8923
-64.8922
-64.8922
-64.8922
-64.8921
-64.8921
-64.8921
-64.892
-64.892
-64.892
-64.892
-64.8919
-64.8919
-64.8919
-64.8918
-64.8918
-64.8918
-64.8918
-64.8917
-64.8917
-64.8917
-64.8917
-64.8916
-64.8916
-64.8916
-64.8916
-64.8915
-64.8915
-64.8915
-64.8915
-64.8915
-64.8914
-64.8914
-64.8914
-64.8914
-64.8913
-64.8913
-64.8913
-64.8913
-64.8913
-64.8913
-64.8912
-64.8912
-64.8912
-64.8912
-64.8912
-64.8912
-64.8911
-64.8911
-64.8911
-64.8911
-64.8911
-64.8911
-64.8911
-64.891
-64.891
-64.891
-64.891
-64.891
-64.891
-64.891
-64.891
-64.891
-64.8909
-64.8909
-64.8909
-64.8909
-64.8909
-64.8909
-64.8909
-64.8909
-64.8909
-64.8909
-64.8909
-64.8909
-64.8909
-64.8908
-64.8908
-64.8908
-64.8908
-64.8908
-64.8908
-64.8908
-64.8908
-64.8908
-64.8908
-64.8908
-64.8908
-64.8908
-64.8908
-64.8908
-64.8908
-64.8908
-64.8908
-64.8908
-64.8908
-64.8908
-64.8908
-64.8908
-64.8908
-64.8908
-64.8908
-64.8908
-64.8908
-64.8908
-64.8908
-64.8909
-64.8909
-64.8909
-64.8909
-64.8909
-64.8909
-64.8909
-64.8909
-64.8909
-64.8909
-64.8909
-64.8909
-64.8909
-64.8909
-64.891
-64.891
-64.891
-64.891
-64.891
-64.891
-64.891
-64.891
-64.891
-64.8911
-64.8911
-64.8911
-64.8911
-64.8911
-64.8911
-64.8911
-64.8911
-64.8912
-64.8912
-64.8912
-64.8912
-64.8912
-64.8912
-64.8912
-64.8913
-64.8913
-64.8913
-64.8913
-64.8913
-64.8914
-64.8914
-64.8914
-64.8721
-64.8367
-64.7897
-64.7347
-64.6739
-64.6091
-64.5415
-64.4723
-64.4022
-64.3319
-64.2618
-64.1925
-64.1242
-64.0573
-63.9919
-63.9283
-63.8666
-63.8069
-63.7492
-63.6938
-63.6405
-63.5894
-63.5406
-63.4939
-63.4494
-63.4071
-63.3669
-63.3287
-63.2926
-63.2585
-63.2263
-63.196
-63.1675
-63.1408
-63.1158
-63.0925
-63.0709
-63.0507
-63.0321
-63.0149
-62.9991
-62.9847
-62.9716
-62.9597
-62.9491
-62.9396
-62.9312
-62.9238
-62.9175
-62.9122
-62.9079
-62.9044
-62.9018
-62.9001
-62.8991
-62.8989
-62.8995
-62.9007
-62.9026
-62.9052
-62.9083
-62.9121
-62.9163
-62.9212
-62.9265
-62.9323
-62.9385
-62.9452
-62.9523
-62.9598
-62.9677
-62.9759
-62.9845
-62.9934
-63.0025
-63.012
-63.0217
-63.0316
-63.0418
-63.0523
-63.0629
-63.0737
-63.0847
-63.0959
-63.1072
-63.1187
-63.1303
-63.1421
-63.1539
-63.1659
-63.1779
-63.1901
-63.2023
-63.2146
-63.227
-63.2394
-63.2519
-63.2644
-63.2769
-63.2895
-63.3021
-63.3116
-63.3153
-63.3117
-63.3005
-63.2817
-63.2562
-63.2247
-63.1882
-63.1477
-63.104
-63.0579
-63.0103
-62.9618
-62.9129
-62.8641
-62.8159
-62.7685
-62.7222
-62.6773
-62.6339
-62.5922
-62.5523
-62.5142
-62.4779
-62.4436
-62.4112
-62.3807
-62.3522
-62.3255
-62.3006
-62.2776
-62.2563
-62.2367
-62.2188
-62.2026
-62.1879
-62.1748
-62.1631
-62.1528
-62.144
-62.1364
-62.1301
-62.125
-62.1212
-62.1184
-62.1167
-62.1161
-62.1165
-62.1178
-62.12
-62.1231
-62.1271
-62.1318
-62.1373
-62.1436
-62.1505
-62.1581
-62.1663
-62.1751
-62.1845
-62.1945
-62.2049
-62.2159
-62.2273
-62.2392
-62.2514
-62.2641
-62.2771
-62.2905
-62.3042
-62.3183
-62.3326
-62.3472
-62.362
-62.3771
-62.3924
-62.408
-62.4237
-62.4396
-62.4556
-62.4719
-62.4882
-62.5047
-62.5326
-62.5632
-62.594
-62.6242
-62.6534
-62.6816
-62.7088
-62.7352
-62.7608
-62.7857
-62.8101
-62.834
-62.8574
-62.8804
-62.903
-62.9253
-62.9473
-62.969
-62.9904
-63.0115
-63.0324
-63.053
-63.0734
-63.0935
-63.1134
-63.1331
-63.1525
-63.1718
-63.1908
-63.2096
-63.2282
-63.2465
-63.2647
-63.2827
-63.3004
-63.318
-63.3166
-63.2993
-63.2706
-63.2338
-63.1913
-63.1447
-63.0954
-63.0443
-62.9923
-62.9398
-62.8875
-62.8358
-62.785
-62.7354
-62.6872
-62.6406
-62.5957
-62.5527
-62.5115
-62.4723
-62.4351
-62.3999
-62.3668
-62.3356
-62.3064
-62.2791
-62.2537
-62.2302
-62.2086
-62.1887
-62.1705
-62.154
-62.1391
-62.1258
-62.114
-62.1037
-62.0948
-62.0872
-62.0809
-62.0759
-62.0721
-62.0695
-62.0679
-62.0675
-62.068
-62.0695
-62.072
-62.0753
-62.0795
-62.0845
-62.0903
-62.0968
-62.104
-62.1119
-62.1204
-62.1296
-62.1393
-62.1495
-62.1603
-62.1716
-62.1833
-62.1955
-62.2081
-62.2211
-62.2344
-62.2481
-62.2621
-62.2765
-62.2911
-62.306
-62.3211
-62.3365
-62.3521
-62.3679
-62.3838
-62.4
-62.4163
-62.4328
-62.4493
-62.466
-62.4829
-62.4998
-62.5168
-62.5338
-62.551
-62.5682
-62.5854
-62.6027
-62.62
-62.6373
-62.6547
-62.672
-62.6894
-62.7067
-62.724
-62.7414
-62.7586
-62.7759
-62.7931
-62.8103
-62.8274
-62.8445
-62.8616
-62.8785
-62.8954
-62.9123
-62.9291
-62.9458
-62.9624
-62.9789
-62.9954
-63.0118
-63.0281
-63.0443
-63.0604
-63.0765
-63.0924
-63.1082
-63.124
-63.1396
-63.1552
-63.1706
-63.1859
-63.2012
-63.2163
-63.2313
-63.2462
-63.261
-63.2757
-63.2903
-63.3048
-63.3191
-63.3334
-63.3475
-63.3615
-63.3754
-63.3893
-63.4029
-63.4165
-63.43
-63.4433
-63.4566
-63.4697
-63.4827
-63.4956
-63.5084
-63.5211
-63.5337
-63.5461
-63.5585
-63.5707
-63.5828
-63.5948
-63.6067
-63.6185
-63.6302
-63.6418
-63.6533
-63.6646
-63.6759
-63.687
-63.6981
-63.709
-63.7199
-63.7306
-63.7412
-63.7518
-63.7622
-63.7725
-63.7827
-63.7929
-63.8029
-63.8128
-63.8226
-63.8324
-63.842
-63.8515
-63.861
-63.8703
-63.8796
-63.8888
-63.8978
-63.9068
-63.9157
-63.9245
-63.9332
-63.9418
-63.9504
-63.9588
-63.9672
-63.9755
-63.9837
-63.9918
-63.9998
-64.0077
-64.0156
-64.0234
-64.031
-64.0387
-64.0462
-64.0537
-64.061
-64.0683
-64.0756
-64.0827
-64.0898
-64.0968
-64.1037
-64.1106
-64.1174
-64.1241
-64.1307
-64.1373
-64.1438
-64.1502
-64.1566
-64.1628
-64.1691
-64.1752
-64.1813
-64.1873
-64.1933
-64.1992
-64.205
-64.2108
-64.2165
-64.2222
-64.2278
-64.2431
-64.2605
-64.2781
-64.2949
-64.3109
-64.3258
-64.3399
-64.3531
-64.3656
-64.3775
-64.3888
-64.3996
-64.4099
-64.4199
-64.4294
-64.4387
-64.4477
-64.4563
-64.4648
-64.4729
-64.4808
-64.4885
-64.496
-64.5033
-64.5104
-64.5172
-64.5239
-64.5305
-64.5368
-64.543
-64.549
-64.5548
-64.5605
-64.5661
-64.5715
-64.5767
-64.5818
-64.5868
-64.5917
-64.5964
-64.601
-64.6055
-64.6098
-64.614
-64.6182
-64.6222
-64.6261
-64.6299
-64.6336
-64.6372
-64.6407
-64.6441
-64.6475
-64.6507
-64.6538
-64.6569
-64.6599
-64.6628
-64.6656
-64.6683
-64.671
-64.6735
-64.676
-64.6785
-64.6808
-64.6832
-64.6854
-64.6876
-64.6897
-64.6917
-64.6937
-64.6956
-64.6975
-64.6993
-64.7011
-64.7028
-64.7044
-64.706
-64.7076
-64.7091
-64.7105
-64.7119
-64.7133
-64.7146
-64.7159
-64.7171
-64.7183
-64.7195
-64.7206
-64.7216
-64.7227
-64.7237
-64.7246
-64.7256
-64.7264
-64.7273
-64.7281
-64.7289
-64.7297
-64.7304
-64.7311
-64.7318
-64.7324
-64.733
-64.7336
-64.7342
-64.7347
-64.7352
-64.7357
-64.7362
-64.7366
-64.737
-64.7374
-64.7378
-64.7381
-64.7384
-64.7387
-64.739
-64.7393
-64.7395
-64.7398
-64.74
-64.7402
-64.7403
-64.7405
-64.7406
-64.7408
-64.7409
-64.741
-64.741
-64.7411
-64.7412
-64.7412
-64.7412
-64.7412
-64.7412
-64.7412
-64.7412
-64.7411
-64.7411
-64.741
-64.741
-64.7409
-64.7408
-64.7407
-64.7406
-64.7405
-64.7403
-64.7402
-64.74
-64.7399
-64.7397
-64.7395
-64.7394
-64.7392
-64.739
-64.7388
-64.7386
-64.7383
-64.7381
-64.7379
-64.7377
-64.7374
-64.7372
-64.7369
-64.7367
-64.7364
-64.7361
-64.7359
-64.7356
-64.7353
-64.735
-64.7347
-64.7344
-64.7341
-64.7338
-64.7335
-64.7332
-64.7329
-64.7326
-64.7323
-64.732
-64.7316
-64.7313
-64.731
-64.7307
-64.7303
-64.73
-64.7296
-64.7293
-64.729
-64.7286
-64.7283
-64.7279
-64.7276
-64.7272
-64.7269
-64.7265
-64.7262
-64.7258
-64.7255
-64.7251
-64.7248
-64.7244
-64.7241
-64.7237
-64.7233
-64.723
-64.7226
-64.7223
-64.7219
-64.7216
-64.7212
-64.7208
-64.7205
-64.7201
-64.7198
-64.7194
-64.7191
-64.7187
-64.7183
-64.718
-64.7176
-64.7173
-64.7169
-64.7166
-64.7162
-64.7159
-64.7155
-64.7152
-64.7148
-64.7145
-64.7141
-64.7138
-64.7134
-64.7131
-64.7128
-64.7124
-64.7121
-64.7117
-64.7114
-64.7111
-64.7107
-64.7104
-64.7101
-64.7097
-64.7094
-64.7091
-64.7088
-64.7084
-64.7081
-64.7078
-64.7075
-64.7072
-64.7069
-64.7065
-64.7062
-64.7059
-64.7056
-64.7053
-64.705
-64.7047
-64.7044
-64.7041
-64.7038
-64.7035
-64.7032
-64.7029
-64.7026
-64.7024
-64.7021
-64.7018
-64.7015
-64.7012
-64.7009
-64.7007
-64.7004
-64.7001
-64.6999
-64.6996
-64.6993
-64.6991
-64.6988
-64.6985
-64.6983
-64.698
-64.6978
-64.6975
-64.6973
-64.697
-64.6968
-64.6966
-64.6963
-64.6961
-64.6958
-64.6956
-64.6954
-64.6952
-64.6949
-64.6947
-64.6945
-64.6943
-64.694
-64.6938
-64.6936
-64.6934
-64.6932
-64.693
-64.6928
-64.6926
-64.6924
-64.6922
-64.692
-64.6918
-64.6916
-64.6914
-64.6912
-64.691
-64.6909
-64.6907
-64.6905
-64.6903
-64.6901
-64.69
-64.6898
-64.6896
-64.6895
-64.6893
-64.6891
-64.689
-64.6888
-64.6887
-64.6885
-64.6884
-64.6882
-64.6881
-64.6879
-64.6878
-64.6877
-64.6875
-64.6874
-64.6872
-64.6871
-64.687
-64.6869
-64.6867
-64.6866
-64.6865
-64.6864
-64.6862
-64.6861
-64.686
-64.6859
-64.6858
-64.6857
-64.6856
-64.6855
-64.6854
-64.6853
-64.6852
-64.6851
-64.685
-64.6849
-64.6848
-64.6847
-64.6846
-64.6846
-64.6845
-64.6844
-64.6843
-64.6842
-64.6842
-64.6841
-64.684
-64.684
-64.6839
-64.6838
-64.6838
-64.6837
-64.6836
-64.6836
-64.6835
-64.6835
-64.6834
-64.6834
-64.6833
-64.6833
-64.6832
-64.6832
-64.6832
-64.6831
-64.6831
-64.683
-64.683
-64.683
-64.6829
-64.6829
-64.6829
-64.6829
-64.6828
-64.6828
-64.6828
-64.6828
-64.6828
-64.6827
-64.6827
-64.6827
-64.6827
-64.6827
-64.6827
-64.6827
-64.6827
-64.6827
-64.6827
-64.6827
-64.6827
-64.6827
-64.6827
-64.6827
-64.6827
-64.6827
-64.6827
-64.6827
-64.6827
-64.6828
-64.6828
-64.6828
-64.6828
-64.6828
-64.6829
-64.6829
-64.6829
-64.6829
-64.683
-64.683
-64.683
-64.6831
-64.6831
-64.6831
-64.6832
-64.6832
-64.6832
-64.6833
-64.6833
-64.6834
-64.6834
-64.6835
-64.6835
-64.6836
-64.6836
-64.6837
-64.6837
-64.6838
-64.6838
-64.6839
-64.6839
-64.684
-64.6841
-64.6841
-64.6842
-64.6842
-64.6843
-64.6844
-64.6844
-64.6845
-64.6846
-64.6847
-64.6847
-64.6848
-64.6817
-64.6727
-64.653
-64.6195
-64.5709
-64.5074
-64.4303
-64.341
-64.2414
-64.1335
-64.0191
-63.8998
-63.7772
-63.6527
-63.5273
-63.4022
-63.2783
-63.1561
-63.0364
-62.9197
-62.8062
-62.6963
-62.5903
-62.4882
-62.3903
-62.2966
-62.2071
-62.1219
-62.0408
-61.9639
-61.8911
-61.8223
-61.7574
-61.6964
-61.6391
-61.5854
-61.5352
-61.4884
-61.4449
-61.4045
-61.3672
-61.3329
-61.3014
-61.2726
-61.2464
-61.2227
-61.2014
-61.1825
-61.1657
-61.1511
-61.1385
-61.1278
-61.119
-61.1119
-61.1066
-61.1028
-61.1006
-61.0999
-61.1006
-61.1026
-61.1059
-61.1104
-61.1161
-61.1229
-61.1307
-61.1395
-61.1492
-61.1598
-61.1713
-61.1836
-61.1967
-61.2104
-61.2249
-61.24
-61.2557
-61.2719
-61.2887
-61.3061
-61.3239
-61.3421
-61.3608
-61.3798
-61.3992
-61.419
-61.4391
-61.4594
-61.4801
-61.501
-61.5221
-61.5435
-61.565
-61.5867
-61.6086
-61.6306
-61.6528
-61.6751
-61.6974
-61.7199
-61.7424
-61.765
-61.7877
-61.8104
-61.8331
-61.8558
-61.8786
-61.9013
-61.9241
-61.9468
-61.9695
-61.9922
-62.0148
-62.0374
-62.0599
-62.0824
-62.1048
-62.1271
-62.1494
-62.1716
-62.1937
-62.2157
-62.2376
-62.2594
-62.2811
-62.3027
-62.3242
-62.3456
-62.3669
-62.388
-62.4091
-62.43
-62.4508
-62.4714
-62.492
-62.5124
-62.5326
-62.5528
-62.5728
-62.5926
-62.6124
-62.632
-62.6514
-62.6707
-62.6899
-62.7089
-62.7278
-62.7465
-62.7651
-62.7835
-62.8019
-62.82
-62.838
-62.8559
-62.8736
-62.8912
-62.9086
-62.9228
-62.9311
-62.932
-62.9251
-62.9106
-62.8892
-62.8618
-62.8293
-62.7926
-62.7526
-62.7102
-62.6661
-62.621
-62.5753
-62.5297
-62.4845
-62.4401
-62.3967
-62.3545
-62.3138
-62.2746
-62.237
-62.2012
-62.167
-62.1346
-62.1039
-62.075
-62.0477
-62.0222
-61.9982
-61.9759
-61.9551
-61.9358
-61.918
-61.9015
-61.8864
-61.8725
-61.8599
-61.8485
-61.8382
-61.8291
-61.8211
-61.8141
-61.8081
-61.8032
-61.7992
-61.7961
-61.794
-61.7927
-61.7923
-61.7928
-61.794
-61.796
-61.7988
-61.8023
-61.8066
-61.8115
-61.817
-61.8232
-61.83
-61.8374
-61.8453
-61.8538
-61.8628
-61.8723
-61.8823
-61.8927
-61.9036
-61.9149
-61.9266
-61.9386
-61.951
-61.9638
-61.9769
-61.9902
-62.0039
-62.0179
-62.0321
-62.0466
-62.0613
-62.0762
-62.0913
-62.1066
-62.1221
-62.1378
-62.1536
-62.1696
-62.1857
-62.2019
-62.2182
-62.2347
-62.2512
-62.2678
-62.2845
-62.3013
-62.3181
-62.335
-62.3519
-62.3689
-62.3859
-62.4028
-62.4198
-62.4482
-62.479
-62.5098
-62.5398
-62.5687
-62.5962
-62.6227
-62.648
-62.6724
-62.6959
-62.7187
-62.7408
-62.7622
-62.7831
-62.8035
-62.8235
-62.843
-62.8621
-62.8809
-62.8992
-62.9172
-62.9348
-62.952
-62.9688
-62.9852
-63.0013
-63.017
-63.0323
-63.0473
-63.0618
-63.076
-63.0898
-63.1033
-63.1163
-63.129
-63.1413
-63.1532
-63.1648
-63.176
-63.187
-63.1976
-63.208
-63.2181
-63.228
-63.2376
-63.2471
-63.2563
-63.2654
-63.2744
-63.2831
-63.2917
-63.3001
-63.3083
-63.3163
-63.3053
-63.2784
-63.2401
-63.1937
-63.1416
-63.0855
-63.0267
-62.9661
-62.9046
-62.8429
-62.7814
-62.7206
-62.6609
-62.6025
-62.5456
-62.4905
-62.4373
-62.3859
-62.3366
-62.2894
-62.2442
-62.2011
-62.1601
-62.1211
-62.0843
-62.0495
-62.0166
-61.9858
-61.9569
-61.9299
-61.9048
-61.8815
-61.8599
-61.8401
-61.8219
-61.8054
-61.7903
-61.7767
-61.7645
-61.7536
-61.7439
-61.7355
-61.7282
-61.7221
-61.717
-61.713
-61.7099
-61.7078
-61.7067
-61.7064
-61.707
-61.7085
-61.7108
-61.7138
-61.7176
-61.722
-61.7272
-61.7329
-61.7392
-61.746
-61.7533
-61.761
-61.7692
-61.7778
-61.7867
-61.796
-61.8056
-61.8155
-61.8256
-61.836
-61.8466
-61.8573
-61.8682
-61.8793
-61.8905
-61.9018
-61.9252
-61.9512
-61.9775
-62.0031
-62.0277
-62.0511
-62.0736
-62.0951
-62.1159
-62.1359
-62.1554
-62.1743
-62.1929
-62.2111
-62.2289
-62.2466
-62.2699
-62.2953
-62.3216
-62.3482
-62.3747
-62.4011
-62.427
-62.4525
-62.4775
-62.502
-62.526
-62.5495
-62.5725
-62.595
-62.617
-62.6385
-62.6596
-62.6803
-62.7006
-62.7205
-62.74
-62.7592
-62.7781
-62.7966
-62.8149
-62.8329
-62.8507
-62.8682
-62.8854
-62.9024
-62.9192
-62.9358
-62.9522
-62.9684
-62.9843
-63
-63.0154
-63.0305
-63.0454
-63.06
-63.0743
-63.0884
-63.1021
-63.1157
-63.1289
-63.142
-63.1548
-63.1674
-63.1798
-63.192
-63.2041
-63.2159
-63.2276
-63.2392
-63.2505
-63.2616
-63.2725
-63.2832
-63.2937
-63.304
-63.314
-63.3238
-63.3334
-63.3428
-63.352
-63.361
-63.3698
-63.3785
-63.3871
-63.3955
-63.4038
-63.412
-63.4201
-63.4281
-63.4361
-63.4439
-63.4517
-63.4595
-63.4672
-63.4748
-63.4825
-63.49
-63.4976
-63.5051
-63.5126
-63.5201
-63.5276
-63.5351
-63.5425
-63.55
-63.5574
-63.5648
-63.5722
-63.5797
-63.5871
-63.5945
-63.6019
-63.6093
-63.6167
-63.6241
-63.6315
-63.6389
-63.6462
-63.6536
-63.661
-63.6683
-63.6757
-63.683
-63.6904
-63.6977
-63.705
-63.7123
-63.7196
-63.7269
-63.7342
-63.7414
-63.7486
-63.7559
-63.7631
-63.7702
-63.7774
-63.7845
-63.7916
-63.7987
-63.8058
-63.8128
-63.8199
-63.8268
-63.8338
-63.8407
-63.8476
-63.8545
-63.8614
-63.8682
-63.875
-63.8817
-63.8884
-63.8951
-63.9017
-63.9083
-63.9149
-63.9214
-63.9279
-63.9344
-63.9408
-63.9472
-63.9535
-63.9598
-63.9661
-63.9723
-63.9785
-63.9846
-63.9907
-63.9967
-64.0027
-64.0087
-64.0146
-64.0205
-64.0263
-64.0321
-64.0379
-64.0436
-64.0492
-64.0548
-64.0604
-64.0659
-64.0714
-64.0768
-64.0822
-64.0876
-64.0929
-64.0981
-64.1033
-64.1085
-64.1136
-64.1187
-64.1237
-64.1287
-64.1336
-64.1385
-64.1433
-64.1481
-64.1529
-64.1576
-64.1623
-64.1669
-64.1715
-64.176
-64.1805
-64.185
-64.1894
-64.1937
-64.198
-64.2023
-64.2066
-64.1917
-64.161
-64.1188
-64.0687
-64.0129
-63.9532
-63.8908
-63.8267
-63.7618
-63.6967
-63.6318
-63.5677
-63.5046
-63.4429
-63.3827
-63.3243
-63.2678
-63.2133
-63.1608
-63.1104
-63.0622
-63.0162
-62.9724
-62.9307
-62.8911
-62.8537
-62.8183
-62.7849
-62.7536
-62.7242
-62.6966
-62.6709
-62.647
-62.6248
-62.6043
-62.5854
-62.5681
-62.5522
-62.5378
-62.5248
-62.5245
-62.5281
-62.5331
-62.5386
-62.5442
-62.5499
-62.5556
-62.5614
-62.5674
-62.5737
-62.5803
-62.5871
-62.5944
-62.602
-62.61
-62.6183
-62.627
-62.6361
-62.6456
-62.6554
-62.6655
-62.676
-62.6867
-62.6978
-62.7091
-62.7207
-62.7325
-62.7445
-62.7568
-62.7693
-62.7819
-62.7947
-62.8077
-62.8208
-62.8341
-62.8474
-62.8609
-62.8745
-62.8882
-62.902
-62.9158
-62.9297
-62.9436
-62.9576
-62.9717
-62.9857
-62.9998
-63.0139
-63.028
-63.0421
-63.0562
-63.0703
-63.0844
-63.0985
-63.1125
-63.1265
-63.1405
-63.1544
-63.1683
-63.1821
-63.1959
-63.2097
-63.2233
-63.2369
-63.2505
-63.264
-63.2774
-63.2907
-63.304
-63.3172
-63.3303
-63.3434
-63.3563
-63.3692
-63.382
-63.3947
-63.4073
-63.4198
-63.4322
-63.4445
-63.4568
-63.4689
-63.481
-63.493
-63.5048
-63.5166
-63.5283
-63.5398
-63.5513
-63.5627
-63.574
-63.5851
-63.5962
-63.6072
-63.6181
-63.6289
-63.6396
-63.6502
-63.6606
-63.671
-63.6813
-63.6915
-63.7016
-63.7116
-63.7215
-63.7313
-63.741
-63.7506
-63.7601
-63.7696
-63.7789
-63.7881
-63.7972
-63.8063
-63.8152
-63.8241
-63.8328
-63.8415
-63.8501
-63.8586
-63.867
-63.8753
-63.8835
-63.8917
-63.8997
-63.9077
-63.9156
-63.9233
-63.9311
-63.9387
-63.9462
-63.9537
-63.9611
-63.9684
-63.9756
-63.9827
-63.9898
-63.9967
-64.0036
-64.0105
-64.0172
-64.0239
-64.0305
-64.037
-64.0434
-64.0498
-64.0561
-64.0624
-64.0685
-64.0746
-64.0806
-64.0866
-64.0925
-64.0983
-64.1041
-64.1097
-64.1154
-64.1209
-64.1264
-64.1318
-64.1372
-64.1425
-64.1478
-64.1529
-64.139
-64.109
-64.0676
-64.0181
-63.963
-63.9037
-63.8418
-63.7782
-63.7136
-63.6488
-63.5841
-63.5202
-63.4572
-63.3956
-63.3354
-63.277
-63.2204
-63.1657
-63.113
-63.0625
-63.014
-62.9677
-62.9235
-62.8815
-62.8415
-62.8037
-62.7679
-62.734
-62.7022
-62.6723
-62.6442
-62.6179
-62.5935
-62.5707
-62.5495
-62.53
-62.512
-62.4956
-62.4805
-62.4669
-62.4545
-62.4435
-62.4337
-62.4251
-62.4177
-62.4113
-62.406
-62.4018
-62.3985
-62.3961
-62.3946
-62.394
-62.3942
-62.3952
-62.3969
-62.3993
-62.4024
-62.4062
-62.4106
-62.4156
-62.4211
-62.4272
-62.4338
-62.4409
-62.4485
-62.4565
-62.4649
-62.4737
-62.4828
-62.4924
-62.5022
-62.5124
-62.5229
-62.5336
-62.5446
-62.5559
-62.5674
-62.5791
-62.591
-62.6031
-62.6154
-62.6279
-62.6404
-62.6532
-62.666
-62.679
-62.6921
-62.7053
-62.7186
-62.7319
-62.7453
-62.7588
-62.7724
-62.786
-62.7996
-62.8132
-62.8269
-62.8406
-62.8544
-62.8681
-62.8818
-62.8955
-62.9092
-62.9229
-62.9366
-62.9503
-62.9639
-62.9775
-62.9911
-63.0046
-63.0181
-63.0315
-63.0449
-63.0583
-63.0716
-63.0848
-63.098
-63.1111
-63.1241
-63.1371
-63.15
-63.1629
-63.1757
-63.1884
-63.201
-63.2136
-63.226
-63.2384
-63.2508
-63.263
-63.2752
-63.2872
-63.2992
-63.3111
-63.323
-63.3347
-63.3464
-63.3579
-63.3694
-63.3808
-63.3921
-63.4033
-63.4145
-63.4255
-63.4365
-63.4473
-63.4581
-63.4688
-63.4794
-63.4899
-63.5003
-63.5106
-63.5209
-63.531
-63.5411
-63.5511
-63.561
-63.5708
-63.5805
-63.5901
-63.5997
-63.6091
-63.6185
-63.6278
-63.637
-63.6461
-63.6551
-63.6641
-63.673
-63.6817
-63.6904
-63.6991
-63.7076
-63.716
-63.7244
-63.7327
-63.7409
-63.7491
-63.7571
-63.7651
-63.773
-63.7808
-63.7886
-63.7963
-63.8038
-63.8114
-63.8188
-63.8262
-63.8335
-63.8407
-63.8479
-63.855
-63.862
-63.8689
-63.8758
-63.8826
-63.8894
-63.8961
-63.9027
-63.9092
-63.9157
-63.9221
-63.9284
-63.9347
-63.9409
-63.9471
-63.9532
-63.9592
-63.9652
-63.9711
-63.9769
-63.9827
-63.9884
-63.9941
-63.9997
-64.0053
-64.0108
-64.0162
-64.0216
-64.0269
-64.0322
-64.0374
-64.0426
-64.0477
-64.0527
-64.0577
-64.0627
-64.0676
-64.0725
-64.0773
-64.082
-64.0867
-64.0914
-64.096
-64.1005
-64.105
-64.1095
-64.1139
-64.1183
-64.1226
-64.1269
-64.1311
-64.1353
-64.1395
-64.1436
-64.1477
-64.1517
-64.1557
-64.1596
-64.1635
-64.1673
-64.1712
-64.1749
-64.1787
-64.1824
-64.186
-64.1897
-64.1932
-64.1968
-64.2003
-64.2038
-64.2072
-64.2106
-64.214
-64.2173
-64.2206
-64.2238
-64.2271
-64.2302
-64.2334
-64.2365
-64.2396
-64.2427
-64.2457
-64.2487
-64.2517
-64.2546
-64.2544
-64.2482
-64.2345
-64.213
-64.1839
-64.1478
-64.1057
-64.0584
-64.0069
-63.9521
-63.895
-63.8361
-63.7763
-63.7161
-63.6559
-63.5962
-63.5374
-63.4797
-63.4234
-63.3686
-63.3156
-63.2643
-63.2149
-63.1674
-63.122
-63.0785
-63.037
-62.9975
-62.9599
-62.9243
-62.8906
-62.8587
-62.8287
-62.8005
-62.7739
-62.7491
-62.7259
-62.7043
-62.6842
-62.6655
-62.6483
-62.6325
-62.6181
-62.6049
-62.588
-62.5682
-62.5465
-62.5239
-62.501
-62.4781
-62.4557
-62.4338
-62.4128
-62.3927
-62.3688
-62.3419
-62.3133
-62.2839
-62.2544
-62.2251
-62.1966
-62.169
-62.1425
-62.1173
-62.0936
-62.0713
-62.0505
-62.0313
-62.0137
-61.9976
-61.9831
-61.9701
-61.9586
-61.9486
-61.94
-61.9328
-61.9269
-61.9224
-61.919
-61.9169
-61.9159
-61.916
-61.9172
-61.9194
-61.9225
-61.9265
-61.9314
-61.9371
-61.9436
-61.9509
-61.9588
-61.9675
-61.9767
-61.9866
-61.997
-62.0079
-62.0194
-62.047
-62.0786
-62.1108
-62.1424
-62.1729
-62.2177
-62.2648
-62.311
-62.3554
-62.3976
-62.4377
-62.476
-62.5125
-62.5476
-62.5814
-62.6215
-62.6622
-62.7021
-62.7407
-62.7779
-62.8137
-62.8482
-62.8815
-62.9138
-62.9451
-62.9754
-63.005
-63.0288
-63.0479
-63.0634
-63.0762
-63.087
-63.0963
-63.1045
-63.1118
-63.1185
-63.1248
-63.1308
-63.1367
-63.1426
-63.1484
-63.1544
-63.1605
-63.1811
-63.205
-63.2292
-63.2528
-63.2704
-63.2828
-63.2913
-63.297
-63.3145
-63.3336
-63.3518
-63.3683
-63.383
-63.3963
-63.4033
-63.4053
-63.4037
-63.4065
-63.4091
-63.4107
-63.4112
-63.4107
-63.4096
-63.408
-63.4062
-63.4045
-63.4029
-63.4015
-63.4006
-63.4001
-63.4001
-63.4007
-63.4018
-63.4035
-63.4009
-63.3948
-63.3864
-63.3766
-63.366
-63.355
-63.3439
-63.3331
-63.3226
-63.3127
-63.3314
-63.357
-63.3806
-63.3975
-63.4057
-63.4047
-63.3951
-63.3777
-63.3538
-63.3244
-63.286
-63.2402
-63.1894
-63.1352
-63.0789
-63.0215
-62.9639
-62.9068
-62.8506
-62.7958
-62.7428
-62.6918
-62.6429
-62.5963
-62.5595
-62.5269
-62.4969
-62.4689
-62.4426
-62.4181
-62.3906
-62.3932
-62.4063
-62.4216
-62.4358
-62.4481
-62.4585
-62.4672
-62.4748
-62.4817
-62.4882
-62.4946
-62.5012
-62.5081
-62.5155
-62.5235
-62.5321
-62.5415
-62.5515
-62.5623
-62.569
-62.5724
-62.5739
-62.5741
-62.5736
-62.573
-62.5725
-62.5872
-62.6056
-62.6247
-62.6387
-62.6482
-62.6544
-62.6582
-62.6605
-62.6765
-62.6952
-62.7138
-62.7315
-62.7481
-62.7591
-62.7655
-62.776
-62.7859
-62.7946
-62.8021
-62.8085
-62.8144
-62.8199
-62.8253
-62.8308
-62.8367
-62.843
-62.8498
-62.8572
-62.8653
-62.8741
-62.8836
-62.8938
-62.9047
-62.9114
-62.9148
-62.9161
-62.9161
-62.9154
-62.9144
-62.9134
-62.9127
-62.9124
-62.9126
-62.9134
-62.915
-62.9173
-62.9261
-62.9377
-62.9511
-62.9657
-62.9813
-62.9975
-63.0143
-63.0316
-63.0493
-63.0674
-63.0857
-63.1044
-63.1233
-63.1565
-63.193
-63.2297
-63.2655
-63.2953
-63.3197
-63.3401
-63.3575
-63.3796
-63.4015
-63.4221
-63.4414
-63.4731
-63.5066
-63.5393
-63.5704
-63.5997
-63.6272
-63.6816
-63.7443
-63.8076
-63.8684
-63.9259
-63.9799
-64.0258
-64.0649
-64.0987
-64.1285
-64.155
-64.1791
-64.2013
-64.2219
-64.2413
-64.2597
-64.2775
-64.2946
-64.3113
-64.3276
-64.3437
-64.3596
-64.3754
-64.391
-64.4066
-64.4221
-64.4376
-64.453
-64.4684
-64.4837
-64.499
-64.5143
-64.5295
-64.5447
-64.5598
-64.5749
-64.5899
-64.6048
-64.6196
-64.6343
-64.6488
-64.6633
-64.6838
-64.7055
-64.7394
-64.7753
-64.8104
-64.8439
-64.8755
-64.9172
-64.9597
-65.0007
-65.0394
-65.0757
-65.1097
-65.1417
-65.1718
-65.2002
-65.2272
-65.2529
-65.2774
-65.3008
-65.3232
-65.3446
-65.3652
-65.385
-65.404
-65.4223
-65.4398
-65.4567
-65.473
-65.4886
-65.5036
-65.518
-65.5318
-65.5451
-65.5578
-65.5701
-65.5818
-65.593
-65.6037
-65.614
-65.6238
-65.6331
-65.642
-65.6505
-65.6586
-65.6662
-65.6735
-65.6804
-65.6869
-65.693
-65.6988
-65.7042
-65.7092
-65.714
-65.7295
-65.7526
-65.7767
-65.7998
-65.8212
-65.8407
-65.8583
-65.8744
-65.8889
-65.9022
-65.9142
-65.9253
-65.9354
-65.9447
-65.9864
-66.0375
-66.0892
-66.1383
-66.1838
-66.2254
-66.2633
-66.2981
-66.3299
-66.3591
-66.386
-66.4077
-66.4217
-66.4265
-66.422
-66.4086
-66.387
-66.3583
-66.3233
-66.2832
-66.2389
-66.1913
-66.141
-66.0889
-66.0354
-65.9812
-65.9266
-65.8721
-65.8179
-65.7643
-65.7115
-65.6597
-65.609
-65.5596
-65.5115
-65.4648
-65.4195
-65.3757
-65.3333
-65.2925
-65.253
-65.2151
-65.1786
-65.1435
-65.1098
-65.0775
-65.0465
-65.0168
-64.9883
-64.9611
-64.9351
-64.9102
-64.8865
-64.8638
-64.8422
-64.8215
-64.8019
-64.7831
-64.7714
-64.7619
-64.7533
-64.745
-64.7368
-64.7286
-64.7206
-64.7126
-64.7047
-64.7093
-64.7167
-64.7244
-64.7314
-64.7374
-64.7423
-64.7463
-64.7494
-64.7518
-64.7536
-64.7548
-64.7555
-64.7558
-64.7557
-64.7553
-64.7546
-64.7536
-64.7523
-64.7507
-64.749
-64.747
-64.7448
-64.7424
-64.7399
-64.7372
-64.7344
-64.7315
-64.7286
-64.7255
-64.7224
-64.7192
-64.716
-64.7127
-64.7094
-64.7059
-64.7024
-64.6988
-64.6951
-64.6962
-64.6989
-64.7024
-64.7062
-64.71
-64.7138
-64.7174
-64.7207
-64.7238
-64.7266
-64.7292
-64.7315
-64.7336
-64.7354
-64.737
-64.7384
-64.7396
-64.7406
-64.7414
-64.742
-64.7426
-64.7429
-64.7432
-64.7433
-64.7432
-64.743
-64.7427
-64.7421
-64.7414
-64.7405
-64.7393
-64.738
-64.7365
-64.7348
-64.7329
-64.7309
-64.7287
-64.7263
-64.7239
-64.7213
-64.7186
-64.7158
-64.7129
-64.71
-64.7069
-64.7037
-64.7004
-64.697
-64.6935
-64.6898
-64.6859
-64.6819
-64.6778
-64.6735
-64.6691
-64.6645
-64.6597
-64.6547
-64.6465
-64.6321
-64.6102
-64.5804
-64.5429
-64.4983
-64.4477
-64.392
-64.3321
-64.269
-64.2036
-64.1365
-64.0686
-64.0003
-63.9322
-63.8648
-63.7983
-63.7332
-63.6695
-63.6075
-63.5474
-63.4892
-63.4331
-63.3791
-63.3272
-63.2774
-63.2298
-63.1843
-63.1409
-63.0996
-63.0603
-63.023
-62.9876
-62.9542
-62.9226
-62.8928
-62.8646
-62.8381
-62.8132
-62.7898
-62.7677
-62.7471
-62.7277
-62.7096
-62.6927
-62.6769
-62.6623
-62.6487
-62.6361
-62.6246
-62.614
-62.6044
-62.5956
-62.5878
-62.5807
-62.5745
-62.5691
-62.5645
-62.5605
-62.5573
-62.5548
-62.553
-62.5517
-62.5511
-62.5511
-62.5517
-62.5527
-62.5544
-62.5565
-62.5591
-62.5622
-62.5657
-62.5696
-62.5739
-62.5787
-62.5838
-62.5892
-62.595
-62.6012
-62.6076
-62.6143
-62.6213
-62.6286
-62.6361
-62.6439
-62.6519
-62.6601
-62.6685
-62.6771
-62.6859
-62.6949
-62.704
-62.7133
-62.7041
-62.6794
-62.6439
-62.6006
-62.5521
-62.4998
-62.4452
-62.3892
-62.3325
-62.2758
-62.2196
-62.1642
-62.1101
-62.0575
-62.0066
-61.9576
-61.9105
-61.8655
-61.8227
