-65
-64.9848
-64.9714
-64.9581
-64.9453
-64.9331
-64.9218
-64.9115
-64.9021
-64.8937
-64.8861
-64.8793
-64.8732
-64.8678
-64.8629
-64.8585
-64.8546
-64.851
-64.8479
-64.845
-64.8425
-64.8402
-64.8382
-64.8363
-64.8347
-64.8333
-64.832
-64.8309
-64.8299
-64.8291
-64.8284
-64.8278
-64.8273
-64.8269
-64.8266
-64.8264
-64.8262
-64.8262
-64.8262
-64.8263
-64.8264
-64.8267
-64.8269
-64.8272
-64.8276
-64.828
-64.8285
-64.8289
-64.8295
-64.83
-64.8306
-64.8313
-64.8319
-64.8326
-64.8333
-64.8341
-64.8348
-64.8356
-64.8364
-64.8372
-64.838
-64.8389
-64.8397
-64.8406
-64.8415
-64.8424
-64.8433
-64.8442
-64.8452
-64.8461
-64.847
-64.848
-64.8489
-64.8499
-64.8508
-64.8518
-64.8528
-64.8538
-64.8547
-64.8557
-64.8567
-64.8577
-64.8586
-64.8596
-64.8606
-64.8616
-64.8625
-64.8635
-64.8645
-64.8655
-64.8664
-64.8674
-64.8684
-64.8693
-64.8703
-64.8712
-64.8722
-64.8731
-64.8741
-64.875
-64.876
-64.8769
-64.8778
-64.8787
-64.8797
-64.8806
-64.8815
-64.8824
-64.8833
-64.8842
-64.8851
-64.886
-64.8868
-64.8877
-64.8886
-64.8894
-64.8903
-64.8912
-64.892
-64.8928
-64.8937
-64.8945
-64.8953
-64.8961
-64.897
-64.8978
-64.8986
-64.8994
-64.9001
-64.9009
-64.9017
-64.9025
-64.9032
-64.904
-64.9048
-64.9055
-64.9062
-64.907
-64.9077
-64.9084
-64.9091
-64.9099
-64.9106
-64.9113
-64.912
-64.9127
-64.9133
-64.914
-64.9147
-64.9154
-64.916
-64.9167
-64.9173
-64.918
-64.9186
-64.9193
-64.9199
-64.9205
-64.9211
-64.9217
-64.9223
-64.9229
-64.9235
-64.9241
-64.9247
-64.9253
-64.9259
-64.9265
-64.927
-64.9276
-64.9281
-64.9287
-64.9292
-64.9298
-64.9303
-64.9308
-64.9314
-64.9319
-64.9324
-64.9329
-64.9334
-64.9339
-64.9344
-64.9349
-64.9354
-64.9359
-64.9364
-64.9369
-64.9373
-64.9378
-64.9383
-64.9387
-64.9392
-64.9396
-64.9401
-64.9405
-64.9409
-64.9414
-64.9418
-64.9422
-64.9427
-64.9431
-64.9435
-64.9439
-64.9443
-64.9447
-64.9451
-64.9455
-64.9459
-64.9463
-64.9466
-64.947
-64.9474
-64.9478
-64.9481
-64.9485
-64.9489
-64.9492
-64.9496
-64.9499
-64.9503
-64.9506
-64.9509
-64.9513
-64.9516
-64.9519
-64.9523
-64.9526
-64.9529
-64.9532
-64.9535
-64.9538
-64.9542
-64.9545
-64.9548
-64.9551
-64.9553
-64.9556
-64.9559
-64.9562
-64.9565
-64.9568
-64.9571
-64.9573
-64.9576
-64.9579
-64.9581
-64.9584
-64.9586
-64.9589
-64.9592
-64.9594
-64.9597
-64.9599
-64.9601
-64.9604
-64.9606
-64.9609
-64.9611
-64.9613
-64.9616
-64.9618
-64.962
-64.9622
-64.9624
-64.9627
-64.9629
-64.9631
-64.9633
-64.9635
-64.9637
-64.9639
-64.9641
-64.9643
-64.9645
-64.9647
-64.9649
-64.9651
-64.9653
-64.9654
-64.9656
-64.9658
-64.966
-64.9662
-64.9663
-64.9665
-64.9667
-64.9668
-64.967
-64.9672
-64.9673
-64.9675
-64.9677
-64.9678
-64.968
-64.9681
-64.9683
-64.9684
-64.9686
-64.9687
-64.9689
-64.969
-64.9692
-64.9693
-64.9694
-64.9696
-64.9697
-64.9698
-64.97
-64.9701
-64.9702
-64.9703
-64.9705
-64.9706
-64.9707
-64.9708
-64.971
-64.9711
-64.9712
-64.9713
-64.9714
-64.9715
-64.9716
-64.9717
-64.9719
-64.972
-64.9721
-64.9722
-64.9723
-64.9724
-64.9725
-64.9726
-64.9727
-64.9728
-64.9729
-64.9729
-64.973
-64.9731
-64.9732
-64.9733
-64.9734
-64.9735
-64.9736
-64.9736
-64.9737
-64.9738
-64.9739
-64.974
-64.974
-64.9741
-64.9742
-64.9743
-64.9743
-64.9744
-64.9745
-64.9746
-64.9746
-64.9747
-64.9748
-64.9748
-64.9749
-64.975
-64.975
-64.9751
-64.9751
-64.9752
-64.9753
-64.9753
-64.9754
-64.9754
-64.9755
-64.9755
-64.9756
-64.9757
-64.9757
-64.9758
-64.9758
-64.9759
-64.9759
-64.976
-64.976
-64.976
-64.9761
-64.9761
-64.9762
-64.9762
-64.9763
-64.9763
-64.9763
-64.9764
-64.9764
-64.9765
-64.9765
-64.9765
-64.9766
-64.9766
-64.9766
-64.9767
-64.9767
-64.9768
-64.9768
-64.9768
-64.9768
-64.9769
-64.9769
-64.9769
-64.977
-64.977
-64.977
-64.977
-64.9771
-64.9771
-64.9771
-64.9772
-64.9772
-64.9772
-64.9772
-64.9772
-64.9773
-64.9773
-64.9773
-64.9773
-64.9773
-64.9774
-64.9774
-64.9774
-64.9774
-64.9774
-64.9775
-64.9775
-64.9775
-64.9775
-64.9775
-64.9775
-64.9775
-64.9776
-64.9776
-64.9776
-64.9776
-64.9776
-64.9776
-64.9776
-64.9776
-64.9777
-64.9777
-64.9777
-64.9777
-64.9777
-64.9777
-64.9777
-64.9777
-64.9777
-64.9777
-64.9777
-64.9777
-64.9777
-64.9778
-64.9778
-64.9778
-64.9778
-64.9778
-64.9778
-64.9778
-64.9778
-64.9778
-64.9778
-64.9778
-64.9778
-64.9778
-64.9778
-64.9778
-64.9778
-64.9778
-64.9778
-64.9778
-64.9778
-64.9778
-64.9778
-64.9778
-64.9778
-64.9778
-64.9778
-64.9778
-64.9778
-64.9778
-64.9778
-64.9778
-64.9778
-64.9778
-64.9777
-64.9777
-64.9777
-64.9777
-64.9777
-64.9777
-64.9777
-64.9777
-64.9777
-64.9777
-64.9777
-64.9777
-64.9777
-64.9777
-64.9777
-64.9777
-64.9776
-64.9776
-64.9776
-64.9776
-64.9776
-64.9776
-64.9776
-64.9776
-64.9776
-64.9776
-64.9776
-64.9776
-64.9775
-64.9775
-64.9775
-64.9775
-64.9775
-64.9775
-64.9775
-64.9775
-64.9775
-64.9774
-64.9774
-64.9774
-64.9774
-64.9774
-64.9774
-64.9774
-64.9774
-64.9774
-64.9773
-64.9773
-64.9773
-64.9773
-64.9773
-64.9773
-64.9773
-64.9772
-64.9772
-64.9772
-64.9772
-64.9772
-64.9772
-64.9772
-64.9772
-64.9771
-64.9771
-64.9771
-64.9771
-64.9771
-64.9771
-64.9771
-64.977
-64.977
-64.977
-64.977
-64.977
-64.977
-64.9769
-64.9769
-64.9769
-64.9769
-64.9769
-64.9769
-64.9769
-64.9768
-64.9768
-64.9768
-64.9768
-64.9768
-64.9768
-64.9767
-64.9767
-64.9767
-64.9767
-64.9767
-64.9767
-64.9766
-64.9766
-64.9766
-64.9766
-64.9766
-64.9766
-64.9765
-64.9765
-64.9765
-64.9765
-64.9765
-64.9765
-64.9764
-64.9764
-64.9764
-64.9764
-64.9764
-64.9764
-64.9763
-64.9763
-64.9763
-64.9763
-64.9763
-64.9763
-64.9762
-64.9762
-64.9762
-64.9762
-64.9762
-64.9762
-64.9761
-64.9761
-64.9761
-64.9761
-64.9761
-64.9761
-64.976
-64.976
-64.976
-64.976
-64.976
-64.9759
-64.9759
-64.9759
-64.9759
-64.9759
-64.9759
-64.9758
-64.9758
-64.9758
-64.9758
-64.9758
-64.9758
-64.9757
-64.9757
-64.9757
-64.9757
-64.9757
-64.9756
-64.9756
-64.9756
-64.9756
-64.9756
-64.9756
-64.9755
-64.9755
-64.9755
-64.9755
-64.9755
-64.9755
-64.9754
-64.9754
-64.9754
-64.9754
-64.9754
-64.9753
-64.9753
-64.9753
-64.9753
-64.9753
-64.9753
-64.9752
-64.9752
-64.9752
-64.9752
-64.9752
-64.9752
-64.9751
-64.9751
-64.9751
-64.9751
-64.9751
-64.975
-64.975
-64.975
-64.975
-64.975
-64.975
-64.9749
-64.9749
-64.9749
-64.9749
-64.9749
-64.9749
-64.9748
-64.9748
-64.9748
-64.9748
-64.9748
-64.9748
-64.9747
-64.9747
-64.9747
-64.9747
-64.9747
-64.9747
-64.9746
-64.9746
-64.9746
-64.9746
-64.9746
-64.9746
-64.9745
-64.9745
-64.9745
-64.9745
-64.9745
-64.9745
-64.9744
-64.9744
-64.9744
-64.9744
-64.9744
-64.9744
-64.9743
-64.9743
-64.9743
-64.9743
-64.9743
-64.9743
-64.9742
-64.9742
-64.9742
-64.9742
-64.9742
-64.9742
-64.9741
-64.9741
-64.9741
-64.9741
-64.9741
-64.9741
-64.974
-64.974
-64.974
-64.974
-64.974
-64.974
-64.9739
-64.9739
-64.9739
-64.9739
-64.9739
-64.9739
-64.9739
-64.9738
-64.9738
-64.9738
-64.9738
-64.9738
-64.9738
-64.9737
-64.9737
-64.9737
-64.9737
-64.9737
-64.9737
-64.9736
-64.9736
-64.9736
-64.9736
-64.9736
-64.9736
-64.9736
-64.9735
-64.9735
-64.9735
-64.9735
-64.9735
-64.9735
-64.9735
-64.9734
-64.9734
-64.9734
-64.9734
-64.9734
-64.9734
-64.9734
-64.9733
-64.9733
-64.9733
-64.9733
-64.9733
-64.9733
-64.9732
-64.9732
-64.9732
-64.9732
-64.9732
-64.9732
-64.9732
-64.9732
-64.9731
-64.9731
-64.9731
-64.9731
-64.9731
-64.9731
-64.9731
-64.973
-64.973
-64.973
-64.973
-64.973
-64.973
-64.973
-64.9729
-64.9729
-64.9729
-64.9729
-64.9729
-64.9729
-64.9729
-64.9728
-64.9728
-64.9728
-64.9728
-64.9728
-64.9728
-64.9728
-64.9728
-64.9727
-64.9727
-64.9727
-64.9727
-64.9727
-64.9727
-64.9727
-64.9727
-64.9726
-64.9726
-64.9726
-64.9726
-64.9726
-64.9726
-64.9726
-64.9725
-64.9725
-64.9725
-64.9725
-64.9725
-64.9725
-64.9725
-64.9725
-64.9724
-64.9724
-64.9724
-64.9724
-64.9724
-64.9724
-64.9724
-64.9724
-64.9724
-64.9723
-64.9723
-64.9723
-64.9723
-64.9723
-64.9723
-64.9723
-64.9723
-64.9722
-64.9722
-64.9722
-64.9722
-64.9722
-64.9722
-64.9722
-64.9722
-64.9721
-64.9721
-64.9721
-64.9721
-64.9721
-64.9721
-64.9721
-64.9721
-64.9721
-64.972
-64.972
-64.972
-64.972
-64.972
-64.972
-64.972
-64.972
-64.972
-64.9719
-64.9719
-64.9719
-64.9719
-64.9719
-64.9719
-64.9719
-64.9719
-64.9719
-64.9718
-64.9718
-64.9718
-64.9718
-64.9718
-64.9718
-64.9718
-64.9718
-64.9718
-64.9718
-64.9717
-64.9717
-64.9717
-64.9717
-64.9717
-64.9717
-64.9717
-64.9717
-64.9717
-64.9717
-64.9716
-64.9716
-64.9716
-64.9716
-64.9716
-64.9716
-64.9716
-64.9716
-64.9716
-64.9716
-64.9715
-64.9715
-64.9715
-64.9715
-64.9715
-64.9715
-64.9715
-64.9715
-64.9715
-64.9715
-64.9714
-64.9714
-64.9714
-64.9714
-64.9714
-64.9714
-64.9714
-64.9714
-64.9714
-64.9714
-64.9714
-64.9713
-64.9713
-64.9713
-64.9713
-64.9713
-64.9713
-64.9713
-64.9713
-64.9713
-64.9713
-64.9713
-64.9712
-64.9712
-64.9712
-64.9712
-64.9712
-64.9712
-64.9712
-64.9712
-64.9712
-64.9712
-64.9712
-64.9711
-64.9711
-64.9711
-64.9711
-64.9711
-64.9711
-64.9711
-64.9711
-64.9711
-64.9711
-64.9711
-64.9711
-64.971
-64.971
-64.971
-64.971
-64.971
-64.971
-64.971
-64.971
-64.971
-64.971
-64.971
-64.971
-64.9709
-64.9709
-64.9709
-64.9709
-64.9709
-64.9709
-64.9709
-64.9709
-64.9709
-64.9709
-64.9709
-64.9709
-64.9709
-64.9708
-64.9708
-64.9708
-64.9708
-64.9708
-64.9708
-64.9708
-64.9708
-64.9708
-64.9708
-64.9708
-64.9708
-64.9708
-64.9707
-64.9707
-64.9707
-64.9707
-64.9707
-64.9707
-64.9707
-64.9707
-64.9707
-64.9707
-64.9707
-64.9707
-64.9707
-64.9707
-64.9706
-64.9706
-64.9706
-64.9706
-64.9706
-64.9706
-64.9706
-64.9706
-64.9706
-64.9706
-64.9706
-64.9706
-64.9706
-64.9706
-64.9706
-64.9705
-64.9705
-64.9705
-64.9705
-64.9705
-64.9705
-64.9705
-64.9705
-64.9705
-64.9705
-64.9705
-64.9705
-64.9705
-64.9705
-64.9705
-64.9704
-64.9704
-64.9704
-64.9704
-64.9704
-64.9704
-64.9704
-64.9704
-64.9704
-64.9704
-64.9704
-64.9704
-64.9704
-64.9704
-64.9704
-64.9704
-64.9703
-64.9703
-64.9703
-64.9703
-64.9703
-64.9703
-64.9703
-64.9703
-64.9703
-64.9703
-64.9703
-64.9703
-64.9703
-64.9703
-64.9703
-64.9703
-64.9703
-64.9702
-64.9702
-64.9702
-64.9702
-64.9702
-64.9702
-64.9702
-64.9702
-64.9702
-64.9702
-64.9702
-64.9702
-64.9702
-64.9702
-64.9702
-64.9702
-64.9702
-64.9702
-64.9701
-64.9701
-64.9701
-64.9701
-64.9701
-64.9701
-64.9701
-64.9701
-64.9701
-64.9701
-64.9701
-64.9701
-64.9701
-64.9701
-64.9701
-64.9701
-64.9701
-64.9701
-64.9701
-64.97
-64.97
-64.97
-64.97
-64.97
-64.97
-64.97
-64.97
-64.97
-64.97
-64.97
-64.97
-64.97
-64.97
-64.97
-64.97
-64.97
-64.97
-64.97
-64.97
-64.9699
-64.9699
-64.9699
-64.9699
-64.9699
-64.9699
-64.9699
-64.9699
-64.9699
-64.9699
-64.9699
-64.9699
-64.9699
-64.9699
-64.9699
-64.9699
-64.9699
-64.9699
-64.9699
-64.9699
-64.9699
-64.9699
-64.9698
-64.9698
-64.9698
-64.9698
-64.9698
-64.9698
-64.9698
-64.9698
-64.9698
-64.9698
-64.9698
-64.9698
-64.9698
-64.9698
-64.9698
-64.9698
-64.9698
-64.9698
-64.9698
-64.9698
-64.9698
-64.9698
-64.9698
-64.9698
-64.9697
-64.9697
-64.9697
-64.9697
-64.9697
-64.9697
-64.9697
-64.9697
-64.9697
-64.9697
-64.9697
-64.9697
-64.9697
-64.9697
-64.9697
-64.9697
-64.9697
-64.9697
-64.9697
-64.9697
-64.9697
-64.9697
-64.9697
-64.9697
-64.9697
-64.9697
-64.9696
-64.9696
-64.9696
-64.9696
-64.9696
-64.9696
-64.9696
-64.9696
-64.9696
-64.9696
-64.9696
-64.9696
-64.9696
-64.9696
-64.9696
-64.9696
-64.9696
-64.9696
-64.9696
-64.9696
-64.9696
-64.9696
-64.9696
-64.9696
-64.9696
-64.9696
-64.9696
-64.9696
-64.9695
-64.9695
-64.9695
-64.9695
-64.9695
-64.9695
-64.9695
-64.9695
-64.9695
-64.9695
-64.9695
-64.9695
-64.9695
-64.9695
-64.9695
-64.9695
-64.9695
-64.9695
-64.9695
-64.9695
-64.9695
-64.9695
-64.9695
-64.9695
-64.9695
-64.9695
-64.9695
-64.9695
-64.9695
-64.9695
-64.9695
-64.9695
-64.9695
-64.9694
-64.9694
-64.9694
-64.9694
-64.9694
-64.9694
-64.9694
-64.9694
-64.9694
-64.9694
-64.9694
-64.9694
-64.9694
-64.9694
-64.9694
-64.9694
-64.9694
-64.9694
-64.9694
-64.9694
-64.9694
-64.9694
-64.9694
-64.9694
-64.9694
-64.9694
-64.9694
-64.9694
-64.9694
-64.9694
-64.9694
-64.9694
-64.9694
-64.9694
-64.9694
-64.9694
-64.9693
-64.9693
-64.9693
-64.9693
-64.9693
-64.9693
-64.9693
-64.9693
-64.9693
-64.9693
-64.9693
-64.9693
-64.9693
-64.9693
-64.9693
-64.9693
-64.9693
-64.9693
-64.9693
-64.9693
-64.9693
-64.9693
-64.9693
-64.9693
-64.9693
-64.9693
-64.9693
-64.9693
-64.9693
-64.9693
-64.9693
-64.9693
-64.9693
-64.9693
-64.9693
-64.9693
-64.9693
-64.9693
-64.9693
-64.9693
-64.9693
-64.9693
-64.9693
-64.9693
-64.9692
-64.9692
-64.9692
-64.9692
-64.9692
-64.9692
-64.9692
-64.9692
-64.9692
-64.9692
-64.9692
-64.9692
-64.9692
-64.9692
-64.9692
-64.9692
-64.9692
-64.9692
-64.9692
-64.9692
-64.9692
-64.9692
-64.9692
-64.9692
-64.9692
-64.9692
-64.9692
-64.9692
-64.9692
-64.9692
-64.9692
-64.9692
-64.9692
-64.9692
-64.9692
-64.9692
-64.9692
-64.9692
-64.9692
-64.9692
-64.9692
-64.9692
-64.9692
-64.9692
-64.9692
-64.9692
-64.9692
-64.9692
-64.9692
-64.9692
-64.9692
-64.9692
-64.9692
-64.9692
-64.9691
-64.9691
-64.9691
-64.9691
-64.9691
-64.9691
-64.9691
-64.9691
-64.9691
-64.9691
-64.9691
-64.9691
-64.9691
-64.9691
-64.9691
-64.9691
-64.9691
-64.9691
-64.9691
-64.9691
-64.9691
-64.9691
-64.9691
-64.9691
-64.9691
-64.9691
-64.9691
-64.9691
-64.9691
-64.9691
-64.9691
-64.9691
-64.9691
-64.9691
-64.9691
-64.9691
-64.9691
-64.9691
-64.9691
-64.9691
-64.9691
-64.9691
-64.9691
-64.9691
-64.9691
-64.9691
-64.9691
-64.9691
-64.9691
-64.9691
-64.9691
-64.9691
-64.9691
-64.9691
-64.9691
-64.9691
-64.9691
-64.9691
-64.9691
-64.9691
-64.9691
-64.9691
-64.9691
-64.9691
-64.9691
-64.9691
-64.9691
-64.9691
-64.9691
-64.9691
-64.9691
-64.9691
-64.9691
-64.9691
-64.9691
-64.9691
-64.969
-64.969
-64.969
-64.969
-64.969
-64.969
-64.969
-64.969
-64.969
-64.969
-64.969
-64.969
-64.969
-64.969
-64.969
-64.969
-64.969
-64.969
-64.969
-64.969
-64.969
-64.969
-64.969
-64.969
-64.969
-64.969
-64.969
-64.969
-64.969
-64.969
-64.969
-64.969
-64.969
-64.969
-64.969
-64.969
-64.969
-64.969
-64.969
-64.969
-64.969
-64.969
-64.969
-64.969
-64.969
-64.969
-64.969
-64.969
-64.969
-64.969
-64.969
-64.969
-64.969
-64.969
-64.969
-64.969
-64.969
-64.969
-64.969
-64.969
-64.969
-64.969
-64.969
-64.969
-64.969
-64.969
-64.969
-64.969
-64.969
-64.969
-64.969
-64.969
-64.969
-64.969
-64.969
-64.969
-64.969
-64.969
-64.969
-64.969
-64.969
-64.969
-64.969
-64.969
-64.969
-64.969
-64.969
-64.969
-64.969
-64.969
-64.969
-64.969
-64.969
-64.969
-64.969
-64.969
-64.969
-64.969
-64.969
-64.969
-64.969
-64.969
-64.969
-64.969
-64.969
-64.969
-64.969
-64.969
-64.969
-64.969
-64.969
-64.969
-64.969
-64.969
-64.969
-64.969
-64.969
-64.969
-64.969
-64.969
-64.969
-64.969
-64.969
-64.969
-64.969
-64.969
-64.969
-64.969
-64.969
-64.969
-64.969
-64.969
-64.969
-64.969
-64.969
-64.969
-64.969
-64.969
-64.969
-64.969
-64.969
-64.969
-64.969
-64.969
-64.969
-64.969
-64.969
-64.969
-64.969
-64.969
-64.969
-64.969
-64.969
-64.969
-64.969
-64.969
-64.969
-64.969
-64.969
-64.969
-64.969
-64.969
-64.969
-64.969
-64.969
-64.969
-64.969
-64.969
-64.969
-64.969
-64.969
-64.969
-64.969
-64.969
-64.969
-64.969
-64.969
-64.969
-64.969
-64.969
-64.969
-64.969
-64.969
-64.969
-64.969
-64.969
-64.969
-64.969
-64.969
-64.969
-64.969
-64.969
-64.969
-64.969
-64.969
-64.969
-64.969
-64.969
-64.969
-64.969
-64.969
-64.969
-64.969
-64.969
-64.969
-64.969
-64.969
-64.969
-64.969
-64.969
-64.969
-64.969
-64.969
-64.969
-64.969
-64.969
-64.969
-64.969
-64.969
-64.969
-64.969
-64.969
-64.969
-64.969
-64.969
-64.969
-64.969
-64.969
-64.969
-64.969
-64.969
-64.969
-64.969
-64.969
-64.969
-64.969
-64.969
-64.969
-64.969
-64.969
-64.969
-64.969
-64.969
-64.969
-64.969
-64.969
-64.969
-64.969
-64.969
-64.969
-64.969
-64.969
-64.969
-64.969
-64.969
-64.969
-64.969
-64.969
-64.969
-64.969
-64.969
-64.969
-64.969
-64.969
-64.969
-64.969
-64.969
-64.969
-64.969
-64.969
-64.969
-64.969
-64.969
-64.969
-64.969
-64.969
-64.969
-64.969
-64.969
-64.969
-64.969
-64.969
-64.969
-64.969
-64.969
-64.969
-64.969
-64.969
-64.969
-64.969
-64.969
-64.969
-64.969
-64.969
-64.969
-64.969
-64.969
-64.969
-64.969
-64.969
-64.969
-64.969
-64.969
-64.969
-64.969
-64.969
-64.969
-64.969
-64.969
-64.969
-64.969
-64.969
-64.969
-64.969
-64.969
-64.969
-64.969
-64.969
-64.969
-64.969
-64.969
-64.969
-64.969
-64.969
-64.969
-64.969
-64.969
-64.969
-64.969
-64.969
-64.969
-64.969
-64.969
-64.969
-64.969
-64.969
-64.969
-64.969
-64.969
-64.969
-64.969
-64.969
-64.969
-64.969
-64.969
-64.969
-64.969
-64.969
-64.969
-64.969
-64.969
-64.969
-64.969
-64.969
-64.969
-64.969
-64.969
-64.969
-64.969
-64.969
-64.969
-64.969
-64.969
-64.969
-64.969
-64.969
-64.969
-64.969
-64.969
-64.969
-64.969
-64.969
-64.969
-64.969
-64.969
-64.969
-64.969
-64.969
-64.969
-64.969
-64.969
-64.969
-64.969
-64.969
-64.969
-64.969
-64.969
-64.969
-64.969
-64.969
-64.969
-64.969
-64.969
-64.969
-64.969
-64.969
-64.969
-64.969
-64.969
-64.969
-64.969
-64.969
-64.969
-64.969
-64.969
-64.969
-64.969
-64.969
-64.969
-64.969
-64.969
-64.969
-64.969
-64.969
-64.969
-64.969
-64.969
-64.969
-64.969
-64.969
-64.969
-64.969
-64.969
-64.969
-64.969
-64.969
-64.969
-64.969
-64.969
-64.969
-64.969
-64.969
-64.969
-64.9691
-64.9691
-64.9691
-64.9691
-64.9691
-64.9691
-64.9691
-64.9691
-64.9691
-64.9691
-64.9691
-64.9691
-64.9691
-64.9691
-64.9691
-64.9691
-64.9691
-64.9691
-64.9691
-64.9691
-64.9691
-64.9691
-64.9691
-64.9691
-64.9691
-64.9691
-64.9691
-64.9691
-64.9691
-64.9691
-64.9691
-64.9691
-64.9691
-64.9691
-64.9691
-64.9691
-64.9691
-64.9691
-64.9691
-64.9691
-64.9691
-64.9691
-64.9691
-64.9691
-64.9691
-64.9691
-64.9691
-64.9691
-64.9691
-64.9691
-64.9691
-64.9691
-64.9691
-64.9691
-64.9691
-64.9691
-64.9691
-64.9691
-64.9691
-64.9691
-64.9691
-64.9691
-64.9691
-64.9691
-64.9691
-64.9691
-64.9691
-64.9691
-64.9691
-64.9691
-64.9691
-64.9691
-64.9691
-64.9691
-64.9691
-64.9691
-64.9691
-64.9691
-64.9691
-64.9691
-64.9691
-64.9691
-64.9691
-64.9691
-64.9691
-64.9691
-64.9691
-64.9691
-64.9691
-64.9691
-64.9691
-64.9691
-64.9691
-64.9691
-64.9691
-64.9691
-64.9691
-64.9691
-64.9691
-64.9691
-64.9691
-64.9691
-64.9691
-64.9691
-64.9691
-64.9691
-64.9691
-64.9691
-64.9691
-64.9691
-64.9691
-64.9691
-64.9691
-64.9691
-64.9691
-64.9691
-64.9691
-64.9691
-64.9691
-64.9691
-64.9691
-64.9691
-64.9691
-64.9692
-64.9692
-64.9692
-64.9692
-64.9692
-64.9692
-64.9692
-64.9692
-64.9692
-64.9692
-64.9692
-64.9692
-64.9692
-64.9692
-64.9692
-64.9692
-64.9692
-64.9692
-64.9692
-64.9692
-64.9692
-64.9692
-64.9692
-64.9692
-64.9692
-64.9692
-64.9692
-64.9692
-64.9692
-64.9692
-64.9692
-64.9692
-64.9692
-64.9692
-64.9692
-64.9692
-64.9692
-64.9692
-64.9692
-64.9692
-64.9692
-64.9692
-64.9692
-64.9692
-64.9692
-64.9692
-64.9692
-64.9692
-64.9692
-64.9692
-64.9692
-64.9692
-64.9692
-64.9692
-64.9692
-64.9692
-64.9692
-64.9692
-64.9692
-64.9692
-64.9692
-64.9692
-64.9692
-64.9692
-64.9692
-64.9692
-64.9692
-64.9692
-64.9692
-64.9692
-64.9692
-64.9692
-64.9692
-64.9692
-64.9692
-64.9692
-64.9692
-64.9692
-64.9692
-64.9692
-64.9692
-64.9692
-64.9692
-64.9692
-64.9692
-64.9692
-64.9692
-64.9692
-64.9692
-64.9692
-64.9692
-64.9692
-64.9692
-64.9692
-64.9692
-64.9692
-64.9692
-64.9692
-64.9692
-64.9692
-64.9692
-64.9692
-64.9692
-64.9693
-64.9693
-64.9693
-64.9693
-64.9693
-64.9693
-64.9693
-64.9693
-64.9499
-64.9145
-64.8675
-64.8123
-64.7514
-64.6866
-64.619
-64.5497
-64.4795
-64.4091
-64.339
-64.2696
-64.2012
-64.1342
-64.0687
-64.0051
-63.9433
-63.8835
-63.8258
-63.7703
-63.717
-63.6658
-63.6169
-63.5702
-63.5256
-63.4832
-63.4429
-63.4047
-63.3685
-63.3343
-63.3021
-63.2717
-63.2432
-63.2164
-63.1914
-63.168
-63.1463
-63.1261
-63.1074
-63.0901
-63.0743
-63.0598
-63.0466
-63.0347
-63.024
-63.0144
-63.006
-62.9986
-62.9923
-62.9869
-62.9825
-62.979
-62.9763
-62.9745
-62.9735
-62.9733
-62.9738
-62.975
-62.9769
-62.9794
-62.9825
-62.9862
-62.9904
-62.9952
-63.0005
-63.0062
-63.0125
-63.0191
-63.0262
-63.0337
-63.0415
-63.0497
-63.0582
-63.067
-63.0762
-63.0856
-63.0953
-63.1052
-63.1154
-63.1258
-63.1364
-63.1472
-63.1582
-63.1693
-63.1807
-63.1921
-63.2037
-63.2154
-63.2273
-63.2392
-63.2513
-63.2634
-63.2756
-63.2879
-63.3002
-63.3126
-63.3251
-63.3376
-63.3501
-63.3627
-63.3753
-63.3879
-63.4005
-63.4131
-63.4258
-63.4384
-63.451
-63.4636
-63.4762
-63.4888
-63.5014
-63.5139
-63.5264
-63.5389
-63.5513
-63.5637
-63.576
-63.5883
-63.6006
-63.6128
-63.625
-63.6371
-63.6491
-63.6611
-63.6731
-63.6849
-63.6967
-63.7085
-63.7202
-63.7318
-63.7433
-63.7548
-63.7662
-63.7775
-63.7888
-63.8
-63.8111
-63.8221
-63.8331
-63.844
-63.8548
-63.8655
-63.8762
-63.8867
-63.8972
-63.9077
-63.918
-63.9282
-63.9384
-63.9485
-63.9585
-63.9685
-63.9783
-63.9881
-63.9978
-64.0074
-64.017
-64.0264
-64.0358
-64.0451
-64.0543
-64.0635
-64.0725
-64.0815
-64.0904
-64.0993
-64.108
-64.1167
-64.1253
-64.1338
-64.1422
-64.1506
-64.1589
-64.1671
-64.1752
-64.1833
-64.1913
-64.1992
-64.207
-64.2148
-64.2225
-64.2301
-64.2376
-64.2451
-64.2525
-64.2598
-64.2671
-64.2743
-64.2814
-64.2885
-64.2954
-64.3024
-64.3092
-64.316
-64.3227
-64.3294
-64.336
-64.3425
-64.3489
-64.3553
-64.3616
-64.3679
-64.3741
-64.3803
-64.3863
-64.3924
-64.3983
-64.4042
-64.41
-64.4158
-64.4215
-64.4272
-64.4328
-64.4384
-64.4438
-64.4493
-64.4547
-64.46
-64.4653
-64.4705
-64.4756
-64.4807
-64.4858
-64.4908
-64.4957
-64.5006
-64.5055
-64.5103
-64.515
-64.5197
-64.5244
-64.529
-64.5335
-64.538
-64.5425
-64.5469
-64.5513
-64.5556
-64.5598
-64.5641
-64.5683
-64.5724
-64.5765
-64.5805
-64.5845
-64.5885
-64.5924
-64.5963
-64.6001
-64.6039
-64.6077
-64.6114
-64.6151
-64.6187
-64.6223
-64.6258
-64.6294
-64.6328
-64.6363
-64.6397
-64.643
-64.6464
-64.6497
-64.6529
-64.6561
-64.6593
-64.6625
-64.6656
-64.6687
-64.6717
-64.6747
-64.6777
-64.6807
-64.6836
-64.6865
-64.6893
-64.6921
-64.6949
-64.6977
-64.7004
-64.7031
-64.7057
-64.7084
-64.711
-64.7135
-64.7161
-64.7186
-64.7211
-64.7236
-64.726
-64.7284
-64.7308
-64.7331
-64.7354
-64.7377
-64.74
-64.7422
-64.7445
-64.7466
-64.7488
-64.751
-64.7531
-64.7552
-64.7572
-64.7593
-64.7613
-64.7633
-64.7653
-64.7672
-64.7691
-64.771
-64.7729
-64.7748
-64.7766
-64.7784
-64.7802
-64.782
-64.7837
-64.7855
-64.7872
-64.7889
-64.7905
-64.7922
-64.7938
-64.7954
-64.797
-64.7986
-64.8001
-64.8016
-64.8032
-64.8047
-64.8061
-64.8076
-64.809
-64.8104
-64.8119
-64.8132
-64.8146
-64.816
-64.8173
-64.8186
-64.8199
-64.8212
-64.8225
-64.8237
-64.825
-64.8262
-64.8274
-64.8286
-64.8298
-64.8309
-64.8321
-64.8332
-64.8343
-64.8354
-64.8365
-64.8376
-64.8386
-64.8397
-64.8407
-64.8417
-64.8427
-64.8437
-64.8447
-64.8457
-64.8466
-64.8476
-64.8485
-64.8494
-64.8503
-64.8512
-64.8521
-64.8529
-64.8538
-64.8546
-64.8555
-64.8563
-64.8571
-64.8579
-64.8587
-64.8595
-64.8602
-64.861
-64.8617
-64.8625
-64.8632
-64.8639
-64.8646
-64.8653
-64.866
-64.8666
-64.8673
-64.868
-64.8686
-64.8692
-64.8699
-64.8705
-64.8711
-64.8717
-64.8723
-64.8728
-64.8734
-64.874
-64.8745
-64.8751
-64.8756
-64.8761
-64.8767
-64.8772
-64.8777
-64.8782
-64.8787
-64.8791
-64.8796
-64.8801
-64.8805
-64.881
-64.8814
-64.8819
-64.8823
-64.8827
-64.8832
-64.8836
-64.884
-64.8844
-64.8848
-64.8851
-64.8855
-64.8859
-64.8862
-64.8866
-64.887
-64.8873
-64.8876
-64.888
-64.8883
-64.8886
-64.8889
-64.8892
-64.8896
-64.8899
-64.8901
-64.8904
-64.8907
-64.891
-64.8913
-64.8915
-64.8918
-64.8921
-64.8923
-64.8926
-64.8928
-64.893
-64.8933
-64.8935
-64.8937
-64.8939
-64.8942
-64.8944
-64.8946
-64.8948
-64.895
-64.8952
-64.8954
-64.8955
-64.8957
-64.8959
-64.8961
-64.8962
-64.8964
-64.8966
-64.8967
-64.8969
-64.897
-64.8972
-64.8973
-64.8975
-64.8976
-64.8977
-64.8979
-64.898
-64.8981
-64.8982
-64.8983
-64.8985
-64.8986
-64.8987
-64.8988
-64.8989
-64.899
-64.8991
-64.8992
-64.8993
-64.8993
-64.8994
-64.8995
-64.8996
-64.8997
-64.8997
-64.8998
-64.8999
-64.8999
-64.9
-64.9001
-64.9001
-64.9002
-64.9002
-64.9003
-64.9003
-64.9004
-64.9004
-64.9005
-64.9005
-64.9006
-64.9006
-64.9006
-64.9007
-64.9007
-64.9007
-64.9007
-64.9008
-64.9008
-64.9008
-64.9008
-64.9009
-64.9009
-64.9009
-64.9009
-64.9009
-64.9009
-64.9009
-64.9009
-64.9009
-64.9009
-64.9009
-64.9009
-64.9009
-64.9009
-64.9009
-64.9009
-64.9009
-64.9009
-64.9009
-64.9009
-64.9009
-64.9009
-64.9009
-64.9008
-64.9008
-64.9008
-64.9008
-64.9008
-64.9008
-64.9007
-64.9007
-64.9007
-64.9007
-64.9006
-64.9006
-64.9006
-64.9006
-64.9005
-64.9005
-64.9005
-64.9004
-64.9004
-64.9004
-64.9003
-64.9003
-64.9003
-64.9002
-64.9002
-64.9002
-64.9001
-64.9001
-64.9
-64.9
-64.9
-64.8999
-64.8999
-64.8998
-64.8998
-64.8997
-64.8997
-64.8996
-64.8996
-64.8996
-64.8995
-64.8995
-64.8994
-64.8994
-64.8993
-64.8993
-64.8992
-64.8992
-64.8991
-64.8991
-64.899
-64.899
-64.8989
-64.8989
-64.8988
-64.8988
-64.8987
-64.8987
-64.8986
-64.8986
-64.8985
-64.8984
-64.8984
-64.8983
-64.8983
-64.8982
-64.8982
-64.8981
-64.8981
-64.898
-64.898
-64.8979
-64.8978
-64.8978
-64.8977
-64.8977
-64.8976
-64.8976
-64.8975
-64.8975
-64.8974
-64.8973
-64.8973
-64.8972
-64.8972
-64.8971
-64.8971
-64.897
-64.897
-64.8969
-64.8968
-64.8968
-64.8967
-64.8967
-64.8966
-64.8966
-64.8965
-64.8964
-64.8964
-64.8963
-64.8963
-64.8962
-64.8962
-64.8961
-64.8961
-64.896
-64.896
-64.8959
-64.8958
-64.8958
-64.8957
-64.8957
-64.8956
-64.8956
-64.8955
-64.8955
-64.8954
-64.8954
-64.8953
-64.8953
-64.8952
-64.8951
-64.8951
-64.895
-64.895
-64.8949
-64.8949
-64.8948
-64.8948
-64.8947
-64.8947
-64.8946
-64.8946
-64.8945
-64.8945
-64.8944
-64.8944
-64.8943
-64.8943
-64.8942
-64.8942
-64.8941
-64.8748
-64.8393
-64.7923
-64.7372
-64.6763
-64.6115
-64.5439
-64.4746
-64.4045
-64.3341
-64.264
-64.1946
-64.1263
-64.0593
-63.9939
-63.9302
-63.8685
-63.8087
-63.7511
-63.6956
-63.6423
-63.5912
-63.5423
-63.4955
-63.451
-63.4086
-63.3684
-63.3302
-63.294
-63.2598
-63.2276
-63.1972
-63.1687
-63.1419
-63.1169
-63.0935
-63.0718
-63.0516
-63.0329
-63.0157
-62.9998
-62.9853
-62.9722
-62.9602
-62.9495
-62.9399
-62.9315
-62.9241
-62.9177
-62.9123
-62.9079
-62.9044
-62.9017
-62.8999
-62.8989
-62.8986
-62.8991
-62.9002
-62.9021
-62.9046
-62.9076
-62.9113
-62.9155
-62.9203
-62.9255
-62.9313
-62.9375
-62.9441
-62.9511
-62.9585
-62.9663
-62.9745
-62.983
-62.9918
-63.0009
-63.0103
-63.0199
-63.0298
-63.0399
-63.0503
-63.0609
-63.0716
-63.0826
-63.0937
-63.1049
-63.1163
-63.1279
-63.1396
-63.1514
-63.1633
-63.1753
-63.1873
-63.1995
-63.2117
-63.224
-63.2364
-63.2488
-63.2612
-63.2737
-63.2862
-63.2988
-63.3113
-63.3239
-63.3365
-63.3491
-63.3616
-63.3742
-63.3868
-63.3993
-63.4118
-63.4244
-63.4368
-63.4493
-63.4617
-63.4741
-63.4864
-63.4987
-63.511
-63.5232
-63.5353
-63.5475
-63.5595
-63.5715
-63.5834
-63.5953
-63.6071
-63.6189
-63.6306
-63.6422
-63.6538
-63.6653
-63.6767
-63.6881
-63.6993
-63.7106
-63.7217
-63.7327
-63.7437
-63.7547
-63.7655
-63.7762
-63.7869
-63.7975
-63.8081
-63.8185
-63.8289
-63.8392
-63.8494
-63.8595
-63.8696
-63.8796
-63.8894
-63.8993
-63.909
-63.9187
-63.9282
-63.9377
-63.9471
-63.9565
-63.9657
-63.9749
-63.984
-63.993
-64.002
-64.0109
-64.0196
-64.0284
-64.037
-64.0455
-64.054
-64.0624
-64.0708
-64.079
-64.0872
-64.0953
-64.1033
-64.1113
-64.1191
-64.1269
-64.1347
-64.1423
-64.1499
-64.1574
-64.1649
-64.1723
-64.1796
-64.1868
-64.194
-64.2011
-64.2081
-64.2151
-64.2219
-64.2288
-64.2355
-64.2422
-64.2489
-64.2554
-64.2619
-64.2684
-64.2747
-64.281
-64.2873
-64.2935
-64.2996
-64.3057
-64.3117
-64.3176
-64.3235
-64.3293
-64.3351
-64.3408
-64.3464
-64.352
-64.3576
-64.363
-64.3685
-64.3738
-64.3791
-64.3844
-64.3896
-64.3948
-64.3999
-64.4049
-64.4099
-64.4148
-64.4197
-64.4246
-64.4294
-64.4341
-64.4388
-64.4435
-64.4481
-64.4526
-64.4571
-64.4616
-64.466
-64.4704
-64.4747
-64.4789
-64.4832
-64.4874
-64.4915
-64.4956
-64.4996
-64.5037
-64.5076
-64.5116
-64.5154
-64.5193
-64.5231
-64.5268
-64.5306
-64.5343
-64.5379
-64.5415
-64.5451
-64.5486
-64.5521
-64.5555
-64.559
-64.5623
-64.5657
-64.569
-64.5723
-64.5755
-64.5787
-64.5819
-64.585
-64.5881
-64.5912
-64.5942
-64.5972
-64.6002
-64.6031
-64.606
-64.6089
-64.6117
-64.6145
-64.6173
-64.6201
-64.6228
-64.6255
-64.6281
-64.6308
-64.6334
-64.6359
-64.6385
-64.641
-64.6435
-64.6459
-64.6484
-64.6508
-64.6531
-64.6555
-64.6578
-64.6601
-64.6624
-64.6646
-64.6669
-64.6691
-64.6712
-64.6734
-64.6755
-64.6776
-64.6797
-64.6817
-64.6838
-64.6858
-64.6878
-64.6897
-64.6917
-64.6936
-64.6955
-64.6974
-64.6992
-64.701
-64.7029
-64.7046
-64.7064
-64.7082
-64.7099
-64.7116
-64.7133
-64.715
-64.7166
-64.7182
-64.7199
-64.7214
-64.723
-64.7246
-64.7261
-64.7276
-64.7291
-64.7306
-64.7321
-64.7335
-64.735
-64.7364
-64.7378
-64.7392
-64.7405
-64.7419
-64.7432
-64.7445
-64.7458
-64.7471
-64.7484
-64.7496
-64.7509
-64.7521
-64.7533
-64.7545
-64.7557
-64.7569
-64.758
-64.7592
-64.7603
-64.7614
-64.7625
-64.7636
-64.7646
-64.7657
-64.7667
-64.7678
-64.7688
-64.7698
-64.7708
-64.7718
-64.7727
-64.7737
-64.7746
-64.7756
-64.7765
-64.7774
-64.7783
-64.7792
-64.7801
-64.7809
-64.7818
-64.7826
-64.7835
-64.7843
-64.7851
-64.7859
-64.7867
-64.7875
-64.7882
-64.789
-64.7897
-64.7905
-64.7912
-64.7919
-64.7927
-64.7934
-64.794
-64.7947
-64.7954
-64.7961
-64.7967
-64.7974
-64.798
-64.7986
-64.7993
-64.7999
-64.8005
-64.8011
-64.8017
-64.8023
-64.8028
-64.8034
-64.804
-64.8045
-64.8051
-64.8056
-64.8061
-64.8066
-64.8072
-64.8077
-64.8082
-64.8087
-64.8091
-64.8096
-64.8101
-64.8106
-64.811
-64.8115
-64.8119
-64.8124
-64.8128
-64.8132
-64.8136
-64.814
-64.8145
-64.8149
-64.8153
-64.8157
-64.816
-64.8164
-64.8168
-64.8172
-64.8175
-64.8179
-64.8182
-64.8186
-64.8189
-64.8193
-64.8196
-64.8199
-64.8202
-64.8206
-64.8209
-64.8212
-64.8215
-64.8218
-64.8221
-64.8224
-64.8227
-64.8229
-64.8232
-64.8235
-64.8238
-64.824
-64.8243
-64.8245
-64.8248
-64.825
-64.8253
-64.8255
-64.8257
-64.826
-64.8262
-64.8264
-64.8266
-64.8269
-64.8271
-64.8273
-64.8275
-64.8277
-64.8279
-64.8281
-64.8283
-64.8285
-64.8287
-64.8288
-64.829
-64.8292
-64.8294
-64.8295
-64.8297
-64.8299
-64.83
-64.8302
-64.8304
-64.8305
-64.8307
-64.8308
-64.831
-64.8311
-64.8312
-64.8314
-64.8315
-64.8316
-64.8318
-64.8319
-64.832
-64.8322
-64.8323
-64.8324
-64.8325
-64.8326
-64.8327
-64.8328
-64.833
-64.8331
-64.8332
-64.8333
-64.8334
-64.8335
-64.8336
-64.8337
-64.8337
-64.8338
-64.8339
-64.834
-64.8341
-64.8342
-64.8343
-64.8343
-64.8344
-64.8345
-64.8346
-64.8346
-64.8347
-64.8348
-64.8349
-64.8349
-64.835
-64.8351
-64.8351
-64.8352
-64.8352
-64.8353
-64.8354
-64.8354
-64.8355
-64.8355
-64.8356
-64.8356
-64.8357
-64.8357
-64.8358
-64.8358
-64.8359
-64.8359
-64.836
-64.836
-64.836
-64.8361
-64.8361
-64.8362
-64.8362
-64.8362
-64.8363
-64.8363
-64.8363
-64.8364
-64.8364
-64.8364
-64.8365
-64.8365
-64.8365
-64.8366
-64.8366
-64.8366
-64.8366
-64.8367
-64.8367
-64.8367
-64.8367
-64.8368
-64.8368
-64.8368
-64.8368
-64.8368
-64.8369
-64.8369
-64.8369
-64.8369
-64.8369
-64.837
-64.837
-64.837
-64.837
-64.837
-64.837
-64.8371
-64.8371
-64.8371
-64.8371
-64.8371
-64.8371
-64.8371
-64.8371
-64.8372
-64.8372
-64.8372
-64.8372
-64.8372
-64.8372
-64.8372
-64.8372
-64.8372
-64.8373
-64.8373
-64.8373
-64.8373
-64.8373
-64.8373
-64.8373
-64.8373
-64.8373
-64.8373
-64.8373
-64.8373
-64.8373
-64.8374
-64.8374
-64.8374
-64.8374
-64.8374
-64.8374
-64.8374
-64.8374
-64.8374
-64.8374
-64.8374
-64.8374
-64.8374
-64.8374
-64.8374
-64.8375
-64.8375
-64.8375
-64.8375
-64.8375
-64.8375
-64.8375
-64.8375
-64.8375
-64.8375
-64.8375
-64.8375
-64.8375
-64.8375
-64.8375
-64.8376
-64.8376
-64.8376
-64.8376
-64.8376
-64.8376
-64.8376
-64.8376
-64.8376
-64.8376
-64.8376
-64.8376
-64.8376
-64.8377
-64.8377
-64.8377
-64.8377
-64.8377
-64.8377
-64.8377
-64.8377
-64.8377
-64.8377
-64.8377
-64.8378
-64.8378
-64.8378
-64.8378
-64.8378
-64.8378
-64.8378
-64.8378
-64.8378
-64.8379
-64.8379
-64.8379
-64.8379
-64.8379
-64.8379
-64.8379
-64.8379
-64.838
-64.838
-64.838
-64.838
-64.838
-64.838
-64.838
-64.8381
-64.8381
-64.8381
-64.8381
-64.8381
-64.8381
-64.8382
-64.8382
-64.8382
-64.8382
-64.8382
-64.8382
-64.8383
-64.8383
-64.8383
-64.8383
-64.8383
-64.8384
-64.8384
-64.8384
-64.8384
-64.8384
-64.8385
-64.8385
-64.8385
-64.8385
-64.8385
-64.8386
-64.8386
-64.8386
-64.8386
-64.8387
-64.8387
-64.8387
-64.8387
-64.8388
-64.8388
-64.8388
-64.8388
-64.8389
-64.8389
-64.8389
-64.8389
-64.839
-64.839
-64.839
-64.8391
-64.8391
-64.8391
-64.8391
-64.8392
-64.8392
-64.8392
-64.8393
-64.8393
-64.8393
-64.8393
-64.8394
-64.8394
-64.8394
-64.8395
-64.8395
-64.8395
-64.8396
-64.8396
-64.8396
-64.8397
-64.8397
-64.8397
-64.8398
-64.8398
-64.8399
-64.8399
-64.8399
-64.84
-64.84
-64.84
-64.8401
-64.8401
-64.8401
-64.8402
-64.8402
-64.8403
-64.8403
-64.8403
-64.8404
-64.8404
-64.8405
-64.8405
-64.8405
-64.8406
-64.8406
-64.8407
-64.8407
-64.8408
-64.8408
-64.8408
-64.8409
-64.8409
-64.841
-64.841
-64.8411
-64.8411
-64.8412
-64.8412
-64.8412
-64.8413
-64.8413
-64.8414
-64.8414
-64.8415
-64.8415
-64.8416
-64.8416
-64.8417
-64.8417
-64.8418
-64.8418
-64.8419
-64.8419
-64.842
-64.842
-64.8421
-64.8421
-64.8422
-64.8422
-64.8423
-64.8423
-64.8424
-64.8424
-64.8425
-64.8425
-64.8426
-64.8426
-64.8427
-64.8427
-64.8428
-64.8429
-64.8429
-64.843
-64.843
-64.8431
-64.8431
-64.8432
-64.8432
-64.8433
-64.8434
-64.8434
-64.8435
-64.8435
-64.8436
-64.8437
-64.8437
-64.8438
-64.8438
-64.8439
-64.8439
-64.844
-64.8441
-64.8441
-64.8442
-64.8442
-64.8443
-64.8444
-64.8444
-64.8445
-64.8446
-64.8446
-64.8447
-64.8447
-64.8448
-64.8449
-64.8449
-64.845
-64.8451
-64.8451
-64.8452
-64.8453
-64.8453
-64.8454
-64.8454
-64.8455
-64.8456
-64.8456
-64.8457
-64.8458
-64.8458
-64.8459
-64.846
-64.846
-64.8461
-64.8462
-64.8462
-64.8463
-64.8464
-64.8464
-64.8465
-64.8466
-64.8467
-64.8467
-64.8468
-64.8469
-64.8469
-64.847
-64.8471
-64.8471
-64.8472
-64.8473
-64.8474
-64.8474
-64.8475
-64.8476
-64.8476
-64.8477
-64.8478
-64.8479
-64.8479
-64.848
-64.8481
-64.8481
-64.8482
-64.8483
-64.8484
-64.8484
-64.8485
-64.8486
-64.8487
-64.8487
-64.8488
-64.8489
-64.849
-64.849
-64.8491
-64.8492
-64.8493
-64.8493
-64.8494
-64.8495
-64.8496
-64.8496
-64.8497
-64.8498
-64.8499
-64.8499
-64.85
-64.8501
-64.8502
-64.8503
-64.8503
-64.8504
-64.8505
-64.8506
-64.8506
-64.8507
-64.8508
-64.8509
-64.851
-64.851
-64.8511
-64.8512
-64.8513
-64.8513
-64.8514
-64.8515
-64.8516
-64.8517
-64.8517
-64.8518
-64.8519
-64.852
-64.8521
-64.8522
-64.8522
-64.8523
-64.8524
-64.8525
-64.8526
-64.8526
-64.8527
-64.8528
-64.8529
-64.853
-64.853
-64.8531
-64.8532
-64.8533
-64.8534
-64.8535
-64.8535
-64.8536
-64.8537
-64.8538
-64.8539
-64.854
-64.854
-64.8541
-64.8542
-64.8543
-64.8544
-64.8545
-64.8545
-64.8546
-64.8547
-64.8548
-64.8549
-64.855
-64.855
-64.8551
-64.8552
-64.8553
-64.8554
-64.8555
-64.8556
-64.8556
-64.8557
-64.8558
-64.8559
-64.856
-64.8561
-64.8561
-64.8562
-64.8563
-64.8564
-64.8565
-64.8566
-64.8567
-64.8568
-64.8568
-64.8569
-64.857
-64.8571
-64.8572
-64.8573
-64.8574
-64.8574
-64.8575
-64.8576
-64.8577
-64.8578
-64.8579
-64.858
-64.858
-64.8581
-64.8582
-64.8583
-64.8584
-64.8585
-64.8586
-64.8587
-64.8587
-64.8588
-64.8589
-64.859
-64.8591
-64.8592
-64.8593
-64.8594
-64.8595
-64.8595
-64.8596
-64.8597
-64.8598
-64.8599
-64.86
-64.8601
-64.8602
-64.8602
-64.8603
-64.8604
-64.8605
-64.8606
-64.8607
-64.8608
-64.8609
-64.861
-64.861
-64.8611
-64.8612
-64.8613
-64.8614
-64.8615
-64.8616
-64.8617
-64.8618
-64.8618
-64.8619
-64.862
-64.8621
-64.8622
-64.8623
-64.8624
-64.8625
-64.8626
-64.8626
-64.8627
-64.8628
-64.8629
-64.863
-64.8631
-64.8632
-64.8633
-64.8634
-64.8635
-64.8635
-64.8636
-64.8637
-64.8638
-64.8639
-64.864
-64.8641
-64.8642
-64.8643
-64.8643
-64.8644
-64.8645
-64.8646
-64.8647
-64.8648
-64.8649
-64.865
-64.8651
-64.8652
-64.8652
-64.8653
-64.8654
-64.8655
-64.8656
-64.8657
-64.8658
-64.8659
-64.866
-64.8661
-64.8661
-64.8662
-64.8663
-64.8664
-64.8665
-64.8666
-64.8667
-64.8668
-64.8669
-64.867
-64.867
-64.8671
-64.8672
-64.8673
-64.8674
-64.8675
-64.8676
-64.8677
-64.8678
-64.8679
-64.8679
-64.868
-64.8681
-64.8682
-64.8683
-64.8684
-64.8685
-64.8686
-64.8687
-64.8688
-64.8688
-64.8689
-64.869
-64.8691
-64.8692
-64.8693
-64.8694
-64.8695
-64.8696
-64.8697
-64.8697
-64.8698
-64.8699
-64.87
-64.8701
-64.8702
-64.8703
-64.8704
-64.8705
-64.8705
-64.8706
-64.8707
-64.8708
-64.8709
-64.871
-64.8711
-64.8712
-64.8713
-64.8714
-64.8714
-64.8715
-64.8716
-64.8717
-64.8718
-64.8719
-64.872
-64.8721
-64.8722
-64.8722
-64.8723
-64.8724
-64.8725
-64.8726
-64.8727
-64.8728
-64.8729
-64.873
-64.873
-64.8731
-64.8732
-64.8733
-64.8734
-64.8735
-64.8736
-64.8737
-64.8738
-64.8738
-64.8739
-64.874
-64.8741
-64.8742
-64.8743
-64.8744
-64.8745
-64.8746
-64.8746
-64.8747
-64.8748
-64.8749
-64.875
-64.8751
-64.8752
-64.8753
-64.8754
-64.8754
-64.8755
-64.8756
-64.8757
-64.8758
-64.8759
-64.876
-64.8761
-64.8761
-64.8762
-64.8763
-64.8764
-64.8765
-64.8766
-64.8767
-64.8768
-64.8768
-64.8769
-64.877
-64.8771
-64.8772
-64.8773
-64.8773
-64.8774
-64.8774
-64.8773
-64.8771
-64.8769
-64.8766
-64.8761
-64.8755
-64.8748
-64.8739
-64.8729
-64.8718
-64.8705
-64.8692
-64.8677
-64.8661
-64.8644
-64.8626
-64.8608
-64.8589
-64.8569
-64.8549
-64.8528
-64.8507
-64.8486
-64.8465
-64.8443
-64.8422
-64.84
-64.8379
-64.8357
-64.8336
-64.8315
-64.8294
-64.8274
-64.8254
-64.8234
-64.8215
-64.8195
-64.8176
-64.8156
-64.8135
-64.8113
-64.809
-64.8065
-64.8038
-64.8009
-64.7977
-64.7944
-64.7908
-64.787
-64.783
-64.7788
-64.7744
-64.7699
-64.7652
-64.7605
-64.7556
-64.7507
-64.7456
-64.7405
-64.7354
-64.7302
-64.7249
-64.7195
-64.7141
-64.7086
-64.703
-64.6974
-64.6916
-64.6858
-64.6797
-64.6735
-64.6671
-64.6605
-64.6537
-64.6467
-64.6394
-64.6319
-64.6242
-64.6162
-64.608
-64.5995
-64.5907
-64.5817
-64.5723
-64.5627
-64.5529
-64.5428
-64.5325
-64.522
-64.5112
-64.5003
-64.4892
-64.4779
-64.4665
-64.455
-64.4435
-64.4318
-64.4201
-64.4084
-64.3967
-64.3849
-64.3731
-64.3613
-64.3494
-64.3375
-64.3256
-64.3137
-64.3018
-64.2899
-64.278
-64.2663
-64.2546
-64.243
-64.2316
-64.2204
-64.2093
-64.1984
-64.1878
-64.1774
-64.1672
-64.1574
-64.1478
-64.1385
-64.1295
-64.1208
-64.1124
-64.1044
-64.0966
-64.0892
-64.082
-64.075
-64.0682
-64.0616
-64.0551
-64.0488
-64.0426
-64.0365
-64.0304
-64.0245
-64.0186
-64.0127
-64.0069
-64.0012
-63.9955
-63.9899
-63.9843
-63.9787
-63.9733
-63.9679
-63.9626
-63.9574
-63.9524
-63.9475
-63.9427
-63.9381
-63.9337
-63.9294
-63.9253
-63.9214
-63.9177
-63.9142
-63.9108
-63.9075
-63.9044
-63.9014
-63.8986
-63.8958
-63.8931
-63.8905
-63.8878
-63.8851
-63.8822
-63.8793
-63.8762
-63.8729
-63.8694
-63.8658
-63.8619
-63.8579
-63.8537
-63.8492
-63.8446
-63.8397
-63.8347
-63.8294
-63.824
-63.8184
-63.8127
-63.8068
-63.8007
-63.7945
-63.7882
-63.7817
-63.7751
-63.7684
-63.7616
-63.7547
-63.7477
-63.7406
-63.7335
-63.7263
-63.719
-63.7117
-63.7044
-63.6971
-63.6899
-63.6827
-63.6756
-63.6686
-63.6618
-63.6551
-63.6486
-63.6424
-63.6363
-63.6306
-63.6251
-63.6198
-63.6148
-63.6101
-63.6056
-63.6013
-63.5973
-63.5934
-63.5896
-63.586
-63.5826
-63.5792
-63.576
-63.5729
-63.57
-63.5672
-63.5645
-63.562
-63.5597
-63.5576
-63.5556
-63.5539
-63.5524
-63.551
-63.5499
-63.5489
-63.5481
-63.5475
-63.5471
-63.5468
-63.5467
-63.5467
-63.5469
-63.5472
-63.5476
-63.5481
-63.5488
-63.5495
-63.5504
-63.5567
-63.5651
-63.5746
-63.5846
-63.5948
-63.6049
-63.6149
-63.6247
-63.6341
-63.6431
-63.6518
-63.6602
-63.6681
-63.6757
-63.6828
-63.6896
-63.696
-63.702
-63.7077
-63.7131
-63.7181
-63.7229
-63.7274
-63.7317
-63.7358
-63.7397
-63.7434
-63.7469
-63.7503
-63.7535
-63.7566
-63.7595
-63.7623
-63.765
-63.7676
-63.7699
-63.7721
-63.7742
-63.776
-63.7776
-63.779
-63.7803
-63.7813
-63.7821
-63.7827
-63.783
-63.7831
-63.7829
-63.7823
-63.7815
-63.7803
-63.7789
-63.7772
-63.7752
-63.7729
-63.7704
-63.7678
-63.7649
-63.7619
-63.7587
-63.7554
-63.7521
-63.7487
-63.7452
-63.7417
-63.7382
-63.7347
-63.7313
-63.7278
-63.7244
-63.7211
-63.7178
-63.7146
-63.7114
-63.7084
-63.7054
-63.7024
-63.6995
-63.6967
-63.6939
-63.6912
-63.6886
-63.6861
-63.6838
-63.6816
-63.6795
-63.6776
-63.6758
-63.6743
-63.6729
-63.6718
-63.6709
-63.6702
-63.6698
-63.6695
-63.6695
-63.6697
-63.6701
-63.6706
-63.6714
-63.6723
-63.6734
-63.6746
-63.6759
-63.6775
-63.6792
-63.681
-63.683
-63.6852
-63.6875
-63.69
-63.6927
-63.6955
-63.6986
-63.7018
-63.7052
-63.7088
-63.7125
-63.7165
-63.7206
-63.7249
-63.7295
-63.7341
-63.739
-63.7441
-63.7493
-63.7547
-63.7603
-63.766
-63.7719
-63.778
-63.7842
-63.7906
-63.7971
-63.8036
-63.8103
-63.8169
-63.8236
-63.8303
-63.837
-63.8437
-63.8503
-63.857
-63.8636
-63.8701
-63.8766
-63.883
-63.8894
-63.8956
-63.9018
-63.9079
-63.9139
-63.9198
-63.9256
-63.9313
-63.9369
-63.9425
-63.948
-63.9534
-63.9588
-63.9642
-63.9696
-63.9749
-63.9803
-63.9856
-63.991
-63.9964
-64.0018
-64.0072
-64.0127
-64.0183
-64.0239
-64.0295
-64.0352
-64.0409
-64.0468
-64.0526
-64.0586
-64.0646
-64.0707
-64.0768
-64.083
-64.0893
-64.0956
-64.102
-64.1085
-64.115
-64.1216
-64.1282
-64.1349
-64.1417
-64.1485
-64.1554
-64.1623
-64.1693
-64.1763
-64.1833
-64.1904
-64.1976
-64.2048
-64.212
-64.2193
-64.2265
-64.2339
-64.2412
-64.2486
-64.256
-64.2634
-64.2708
-64.2782
-64.2857
-64.2932
-64.3006
-64.3081
-64.3156
-64.3231
-64.3306
-64.3381
-64.3456
-64.3531
-64.3606
-64.3681
-64.3755
-64.383
-64.3904
-64.3979
-64.4053
-64.4127
-64.4201
-64.4274
-64.4347
-64.4421
-64.4493
-64.4566
-64.4638
-64.471
-64.4782
-64.4854
-64.4925
-64.4996
-64.5066
-64.5136
-64.5206
-64.5275
-64.5344
-64.5413
-64.5481
-64.5549
-64.5616
-64.5683
-64.575
-64.5816
-64.5882
-64.5947
-64.6012
-64.6077
-64.614
-64.6204
-64.6267
-64.633
-64.6392
-64.6453
-64.6514
-64.6575
-64.6635
-64.6695
-64.6754
-64.6813
-64.6871
-64.6929
-64.6986
-64.7043
-64.7099
-64.7155
-64.721
-64.7265
-64.7319
-64.7372
-64.7426
-64.7478
-64.7531
-64.7582
-64.7633
-64.7684
-64.7734
-64.7784
-64.7833
-64.7882
-64.793
-64.7978
-64.8025
-64.8072
-64.8118
-64.8164
-64.8209
-64.8254
-64.8298
-64.8342
-64.8385
-64.8428
-64.847
-64.8512
-64.8553
-64.8594
-64.8635
-64.8675
-64.8714
-64.8753
-64.8792
-64.883
-64.8867
-64.8905
-64.8941
-64.8978
-64.9013
-64.9049
-64.9084
-64.9118
-64.9153
-64.9186
-64.9219
-64.9252
-64.9285
-64.9317
-64.9348
-64.9379
-64.941
-64.944
-64.947
-64.95
-64.9529
-64.9558
-64.9586
-64.9614
-64.9642
-64.9669
-64.9696
-64.9722
-64.9748
-64.9774
-64.9799
-64.9824
-64.9849
-64.9873
-64.9897
-64.992
-64.9943
-64.9966
-64.9989
-65.0011
-65.0033
-65.0054
-65.0075
-65.0096
-65.0117
-65.0137
-65.0157
-65.0176
-65.0195
-65.0214
-65.0233
-65.0251
-65.0269
-65.0287
-65.0304
-65.0321
-65.0338
-65.0355
-65.0371
-65.0387
-65.0403
-65.0418
-65.0433
-65.0448
-65.0463
-65.0477
-65.0491
-65.0505
-65.0518
-65.0532
-65.0545
-65.0557
-65.057
-65.0582
-65.0594
-65.0606
-65.0618
-65.0597
-65.0517
-65.0361
-65.0126
-64.9814
-64.9431
-64.8987
-64.8491
-64.7952
-64.7381
-64.6785
-64.6171
-64.5548
-64.492
-64.4293
-64.3671
-64.3056
-64.2454
-64.1864
-64.1291
-64.0734
-64.0195
-63.9675
-63.9175
-63.8694
-63.8233
-63.7793
-63.7372
-63.6972
-63.6591
-63.6229
-63.5885
-63.5561
-63.5254
-63.4965
-63.4693
-63.4437
-63.4197
-63.3973
-63.3764
-63.3676
-63.3625
-63.359
-63.3562
-63.3537
-63.3515
-63.3495
-63.3478
-63.3464
-63.3454
-63.3449
-63.3449
-63.3454
-63.3463
-63.3478
-63.3498
-63.3523
-63.3552
-63.3587
-63.3626
-63.367
-63.3718
-63.377
-63.3826
-63.3886
-63.3949
-63.4016
-63.4086
-63.416
-63.4236
-63.4315
-63.4397
-63.4481
-63.4567
-63.4656
-63.4747
-63.484
-63.4934
-63.503
-63.5128
-63.5228
-63.5328
-63.543
-63.5534
-63.5638
-63.5743
-63.5849
-63.5956
-63.6064
-63.6172
-63.6281
-63.6391
-63.6501
-63.6611
-63.6721
-63.6832
-63.6943
-63.7054
-63.7166
-63.7277
-63.7388
-63.7499
-63.7611
-63.7722
-63.7832
-63.7943
-63.8053
-63.8163
-63.8273
-63.8382
-63.8491
-63.86
-63.8708
-63.8815
-63.8923
-63.9029
-63.9135
-63.9241
-63.9346
-63.945
-63.9554
-63.9657
-63.9759
-63.9861
-63.9962
-64.0063
-64.0163
-64.0262
-64.036
-64.0458
-64.0555
-64.0651
-64.0747
-64.0841
-64.0935
-64.1028
-64.1121
-64.1213
-64.1304
-64.1394
-64.1483
-64.1572
-64.1659
-64.1746
-64.1833
-64.1918
-64.2003
-64.2087
-64.217
-64.2252
-64.2333
-64.2414
-64.2494
-64.2573
-64.2652
-64.2729
-64.2806
-64.2882
-64.2958
-64.3032
-64.3106
-64.3179
-64.3251
-64.3323
-64.3394
-64.3464
-64.3533
-64.3602
-64.367
-64.3737
-64.3803
-64.3869
-64.3934
-64.3998
-64.4062
-64.4125
-64.4187
-64.4248
-64.4309
-64.4369
-64.4429
-64.4488
-64.4546
-64.4603
-64.466
-64.4716
-64.4772
-64.4827
-64.4881
-64.4935
-64.4988
-64.504
-64.5092
-64.5144
-64.5194
-64.5244
-64.5294
-64.5343
-64.5391
-64.5439
-64.5486
-64.5532
-64.5579
-64.5624
-64.5669
-64.5714
-64.5757
-64.5801
-64.5844
-64.5886
-64.5928
-64.5969
-64.601
-64.605
-64.609
-64.613
-64.6168
-64.6207
-64.6245
-64.6282
-64.6319
-64.6356
-64.6392
-64.6427
-64.6463
-64.6497
-64.6532
-64.6566
-64.6599
-64.6632
-64.6665
-64.6697
-64.6729
-64.676
-64.6791
-64.6822
-64.6852
-64.6882
-64.6911
-64.694
-64.6969
-64.6997
-64.7025
-64.7053
-64.708
-64.7107
-64.7134
-64.716
-64.7186
-64.7211
-64.7236
-64.7261
-64.7286
-64.731
-64.7334
-64.7357
-64.7381
-64.7404
-64.7426
-64.7449
-64.7471
-64.7492
-64.7514
-64.7535
-64.7556
-64.7576
-64.7597
-64.7617
-64.7637
-64.7656
-64.7675
-64.7694
-64.7713
-64.7731
-64.775
-64.7767
-64.7785
-64.7803
-64.782
-64.7837
-64.7854
-64.787
-64.7886
-64.7902
-64.7918
-64.7934
-64.7949
-64.7964
-64.7979
-64.7994
-64.8008
-64.8022
-64.8037
-64.805
-64.8064
-64.8078
-64.8091
-64.8104
-64.8117
-64.8129
-64.8142
-64.8154
-64.8166
-64.817
-64.8157
-64.8124
-64.807
-64.7995
-64.7901
-64.779
-64.7666
-64.753
-64.7386
-64.7236
-64.7081
-64.6925
-64.6768
-64.6612
-64.6458
-64.6307
-64.6159
-64.6016
-64.5878
-64.5745
-64.5618
-64.5496
-64.538
-64.527
-64.5165
-64.5066
-64.4973
-64.4886
-64.4804
-64.4727
-64.4656
-64.4589
-64.4527
-64.447
-64.4418
-64.437
-64.4326
-64.4286
-64.425
-64.4158
-64.4011
-64.3818
-64.3585
-64.332
-64.3029
-64.272
-64.2395
-64.2062
-64.1723
-64.1383
-64.1045
-64.0711
-64.0384
-64.0065
-63.9756
-63.9458
-63.9172
-63.8899
-63.8638
-63.8383
-63.8126
-63.7863
-63.7695
-63.7544
-63.739
-63.7227
-63.7056
-63.6877
-63.6693
-63.6449
-63.6148
-63.5803
-63.5421
-63.5013
-63.4585
-63.4146
-63.37
-63.3254
-63.2883
-63.2549
-63.2188
-63.1791
-63.1431
-63.106
-63.0743
-63.0425
-63.0098
-62.9762
-62.942
-62.9028
-62.86
-62.8151
-62.7694
-62.7239
-62.679
-62.6354
-62.5935
-62.5609
-62.5322
-62.5043
-62.4753
-62.4444
-62.4114
-62.3765
-62.3401
-62.3026
-62.2647
-62.2269
-62.1895
-62.153
-62.1178
-62.0842
-62.0523
-62.0223
-61.9945
-61.9687
-61.9453
-61.924
-61.905
-61.8883
-61.8737
-61.8613
-61.859
-61.8683
-61.8814
-61.9038
-61.9285
-61.9535
-61.9781
-62.0007
-62.0277
-62.0523
-62.073
-62.0894
-62.1018
-62.1108
-62.1168
-62.1206
-62.1227
-62.1228
-62.1208
-62.1167
-62.1183
-62.1201
-62.1209
-62.1203
-62.1187
-62.1163
-62.1134
-62.1105
-62.1078
-62.1055
-62.1038
-62.1029
-62.103
-62.104
-62.1138
-62.1342
-62.1573
-62.1804
-62.2018
-62.221
-62.2379
-62.2527
-62.2656
-62.2771
-62.2874
-62.2968
-62.3057
-62.3155
-62.3201
-62.3184
-62.3108
-62.2979
-62.2807
-62.26
-62.2368
-62.2119
-62.186
-62.1582
-62.1278
-62.0944
-62.0583
-62.0199
-61.9799
-61.9466
-61.9147
-61.8831
-61.8517
-61.8193
-61.7849
-61.7481
-61.7091
-61.6763
-61.652
-61.6291
-61.6059
-61.5819
-61.592
-61.6095
-61.626
-61.6471
-61.6662
-61.6824
-61.6958
-61.707
-61.7166
-61.7255
-61.734
-61.7426
-61.7518
-61.7616
-61.7724
-61.7843
-61.7973
-61.8233
-61.8529
-61.8839
-61.9151
-61.9449
-61.9718
-61.9951
-62.0148
-62.0312
-62.0445
-62.0555
-62.0721
-62.089
-62.105
-62.1199
-62.1338
-62.1471
-62.1601
-62.1729
-62.186
-62.1993
-62.2132
-62.2277
-62.2429
-62.2581
-62.2803
-62.3106
-62.3416
-62.371
-62.3983
-62.4235
-62.4469
-62.4688
-62.4896
-62.5162
-62.5424
-62.5666
-62.5882
-62.6075
-62.6246
-62.6399
-62.6539
-62.6668
-62.6791
-62.6854
-62.6861
-62.6822
-62.6748
-62.6719
-62.6686
-62.664
-62.6581
-62.6512
-62.6438
-62.6313
-62.6152
-62.5967
-62.5829
-62.5709
-62.5602
-62.5507
-62.5424
-62.5354
-62.5298
-62.5249
-62.5199
-62.5147
-62.509
-62.5031
-62.497
-62.4985
-62.5018
-62.5057
-62.5172
-62.5249
-62.5275
-62.5255
-62.5196
-62.5181
-62.5159
-62.5122
-62.5071
-62.501
-62.4942
-62.481
-62.4613
-62.4358
-62.4056
-62.3716
-62.3348
-62.2961
-62.2882
-62.2911
-62.2965
-62.3007
-62.3021
-62.3004
-62.3036
-62.3062
-62.3075
-62.3073
-62.3062
-62.3045
-62.3028
-62.3007
-62.2978
-62.2942
-62.2899
-62.2852
-62.2803
-62.2755
-62.2711
-62.2674
-62.2644
-62.2653
-62.2651
-62.2634
-62.2605
-62.2571
-62.2535
-62.2501
-62.2471
-62.245
-62.2437
-62.2436
-62.2446
-62.2469
-62.2505
-62.2554
-62.2615
-62.2765
-62.3019
-62.3377
-62.3756
-62.4126
-62.4471
-62.4786
-62.5071
-62.5329
-62.5534
-62.5666
-62.5715
-62.5683
-62.5576
-62.5404
-62.5177
-62.4907
-62.4603
-62.4275
-62.3932
-62.358
-62.3225
-62.2873
-62.2528
-62.2193
-62.1946
-62.1732
-62.1534
-62.1349
-62.1175
-62.1089
-62.1031
-62.0987
-62.0951
-62.0921
-62.0898
-62.0882
-62.0873
-62.0873
-62.0703
-62.0394
-61.999
-61.9525
-61.9021
-61.8446
-61.782
-61.7165
-61.6496
-61.5826
-61.5162
-61.4512
-61.3881
-61.3273
-61.2692
-61.2214
-61.1853
-61.1525
-61.1208
-61.0893
-61.0579
-61.0269
-60.9966
-60.9673
-60.9394
-60.913
-60.8884
-60.8658
-60.8452
-60.8268
-60.8106
-60.7965
-60.7847
-60.7878
-60.7959
-60.8061
-60.8175
-60.8297
-60.8424
-60.8558
-60.8697
-60.8842
-60.8993
-60.9502
-61.0138
-61.0801
-61.1534
-61.2256
-61.2947
-61.3602
-61.4223
-61.4812
-61.5373
-61.591
-61.6249
-61.6424
-61.6481
-61.6454
-61.6366
-61.6236
-61.6075
-61.5894
-61.5701
-61.5502
-61.5382
-61.5283
-61.519
-61.5101
-61.5015
-61.4933
-61.4858
-61.4789
-61.473
-61.468
-61.464
-61.4612
-61.4595
-61.459
-61.4596
-61.4614
-61.4642
-61.4681
-61.4729
-61.4788
-61.4855
-61.493
-61.5014
-61.5187
-61.5384
-61.5589
-61.5796
-61.6
-61.6203
-61.6404
-61.6604
-61.6804
-61.7082
-61.7378
-61.7675
-61.7966
-61.8251
-61.8529
-61.88
-61.9065
-61.9325
-61.9581
-61.9833
-62.0082
-62.0327
-62.0568
-62.0806
-62.1041
-62.1271
-62.1498
-62.172
-62.1939
-62.2153
-62.2362
-62.2568
-62.2768
-62.2964
-62.3154
-62.334
-62.3596
-62.3863
-62.4126
-62.4378
-62.4619
-62.4847
-62.5064
-62.527
-62.5466
-62.5653
-62.5832
-62.6062
-62.6306
-62.6553
-62.68
-62.7042
-62.7279
-62.751
-62.7734
-62.7952
-62.8164
-62.8371
-62.8571
-62.8767
-62.8957
-62.9143
-62.9433
-62.9742
-63.0048
-63.0344
-63.0625
-63.0893
-63.1149
-63.1393
-63.1627
-63.1852
-63.2069
-63.2278
-63.2481
-63.2677
-63.2868
-63.3053
-63.3233
-63.3408
-63.3578
-63.3744
-63.3905
-63.4062
-63.4214
-63.4363
-63.4507
-63.4647
-63.4783
-63.4915
-63.5044
-63.5169
-63.529
-63.5408
-63.5522
-63.5632
-63.5739
-63.5843
-63.5943
-63.604
-63.6134
-63.6225
-63.6312
-63.6395
-63.6474
-63.655
-63.6621
-63.6689
-63.6752
-63.6812
-63.6868
-63.692
-63.6969
-63.7014
-63.7056
-63.7095
-63.7131
-63.7164
-63.7194
-63.7222
-63.7247
-63.7269
-63.7289
-63.7305
-63.7319
-63.733
-63.7338
-63.7343
-63.7346
-63.7345
-63.7342
-63.7336
-63.7327
-63.7315
-63.7301
-63.7283
-63.7263
-63.7239
-63.7214
-63.7185
-63.7154
-63.7121
-63.7086
-63.7049
-63.7009
-63.6968
-63.6926
-63.6882
-63.6836
-63.679
-63.6743
-63.6696
-63.6647
-63.6599
-63.655
-63.65
-63.645
-63.6401
-63.6351
-63.6302
-63.6253
-63.6204
-63.6155
-63.6106
-63.6057
-63.6008
-63.5959
-63.5909
-63.5859
-63.5808
-63.5758
-63.5708
-63.5658
-63.5608
-63.5559
-63.5511
-63.5463
-63.5417
-63.5373
-63.5329
-63.5288
-63.5247
-63.5209
-63.5171
-63.5135
-63.51
-63.5066
-63.5034
-63.5002
-63.4972
-63.4944
-63.4916
-63.4889
-63.4863
-63.4838
-63.4813
-63.4788
-63.4764
-63.4739
-63.4715
-63.469
-63.4665
-63.4641
-63.4616
-63.4592
-63.4568
-63.4544
-63.4522
-63.45
-63.4479
-63.4459
-63.444
-63.4423
-63.4406
-63.4391
-63.4377
-63.4364
