-65
-64.9848
-64.9714
-64.9581
-64.9453
-64.9331
-64.9218
-64.9115
-64.9021
-64.8937
-64.8861
-64.8793
-64.8732
-64.8678
-64.8629
-64.8585
-64.8546
-64.851
-64.8479
-64.845
-64.8425
-64.8402
-64.8382
-64.8363
-64.8347
-64.8333
-64.832
-64.8309
-64.8299
-64.8291
-64.8284
-64.8278
-64.8273
-64.8269
-64.8266
-64.8264
-64.8262
-64.8262
-64.8262
-64.8263
-64.8264
-64.8267
-64.8269
-64.8272
-64.8276
-64.828
-64.8285
-64.8289
-64.8295
-64.83
-64.8306
-64.8313
-64.8319
-64.8326
-64.8333
-64.8341
-64.8348
-64.8356
-64.8364
-64.8372
-64.838
-64.8389
-64.8397
-64.8406
-64.8415
-64.8424
-64.8433
-64.8442
-64.8452
-64.8461
-64.847
-64.848
-64.8489
-64.8499
-64.8508
-64.8518
-64.8528
-64.8538
-64.8547
-64.8557
-64.8567
-64.8577
-64.8586
-64.8596
-64.8606
-64.8616
-64.8625
-64.8635
-64.8645
-64.8655
-64.8664
-64.8674
-64.8684
-64.8693
-64.8703
-64.8712
-64.8722
-64.8731
-64.8741
-64.875
-64.876
-64.8769
-64.8778
-64.8787
-64.8797
-64.8806
-64.8815
-64.8824
-64.8833
-64.8842
-64.8851
-64.886
-64.8868
-64.8877
-64.8886
-64.8894
-64.8903
-64.8912
-64.892
-64.8928
-64.8937
-64.8945
-64.8953
-64.8961
-64.897
-64.8978
-64.8986
-64.8994
-64.9001
-64.9009
-64.9017
-64.9025
-64.9032
-64.904
-64.9048
-64.9055
-64.9062
-64.907
-64.9077
-64.9084
-64.9091
-64.9099
-64.9106
-64.9113
-64.912
-64.9127
-64.9133
-64.914
-64.9147
-64.9154
-64.916
-64.9167
-64.9173
-64.918
-64.9186
-64.9193
-64.9199
-64.9205
-64.9211
-64.9217
-64.9223
-64.9229
-64.9235
-64.9241
-64.9247
-64.9253
-64.9259
-64.9265
-64.927
-64.9276
-64.9281
-64.9287
-64.9292
-64.9298
-64.9303
-64.9308
-64.9314
-64.9319
-64.9324
-64.9329
-64.9334
-64.9339
-64.9344
-64.9349
-64.9354
-64.9359
-64.9364
-64.9369
-64.9373
-64.9378
-64.9383
-64.9387
-64.9392
-64.9396
-64.9401
-64.9405
-64.9409
-64.9414
-64.9418
-64.9422
-64.9427
-64.9431
-64.9435
-64.9439
-64.9443
-64.9447
-64.9451
-64.9455
-64.9459
-64.9463
-64.9466
-64.947
-64.9474
-64.9478
-64.9481
-64.9485
-64.9489
-64.9492
-64.9496
-64.9499
-64.9503
-64.9506
-64.9509
-64.9513
-64.9516
-64.9519
-64.9523
-64.9526
-64.9529
-64.9532
-64.9535
-64.9538
-64.9542
-64.9545
-64.9548
-64.9551
-64.9553
-64.9556
-64.9559
-64.9562
-64.9565
-64.9568
-64.9571
-64.9573
-64.9576
-64.9579
-64.9581
-64.9584
-64.9586
-64.9589
-64.9592
-64.9594
-64.9597
-64.9599
-64.9601
-64.9604
-64.9606
-64.9609
-64.9611
-64.9613
-64.9616
-64.9618
-64.962
-64.9622
-64.9624
-64.9627
-64.9629
-64.9631
-64.9633
-64.9635
-64.9637
-64.9639
-64.9641
-64.9643
-64.9645
-64.9647
-64.9649
-64.9651
-64.9653
-64.9654
-64.9656
-64.9658
-64.966
-64.9662
-64.9663
-64.9665
-64.9667
-64.9668
-64.967
-64.9672
-64.9673
-64.9675
-64.9677
-64.9678
-64.968
-64.9681
-64.9683
-64.9684
-64.9686
-64.9687
-64.9689
-64.969
-64.9692
-64.9693
-64.9694
-64.9696
-64.9697
-64.9698
-64.97
-64.9701
-64.9702
-64.9703
-64.9705
-64.9706
-64.9707
-64.9708
-64.971
-64.9711
-64.9712
-64.9713
-64.9714
-64.9715
-64.9716
-64.9717
-64.9719
-64.972
-64.9721
-64.9722
-64.9723
-64.9724
-64.9725
-64.9726
-64.9727
-64.9728
-64.9729
-64.9729
-64.973
-64.9731
-64.9732
-64.9733
-64.9734
-64.9735
-64.9736
-64.9736
-64.9737
-64.9738
-64.9739
-64.974
-64.974
-64.9741
-64.9742
-64.9743
-64.9743
-64.9744
-64.9745
-64.9746
-64.9746
-64.9747
-64.9748
-64.9748
-64.9749
-64.975
-64.975
-64.9751
-64.9751
-64.9752
-64.9753
-64.9753
-64.9754
-64.9754
-64.9755
-64.9755
-64.9756
-64.9757
-64.9757
-64.9758
-64.9758
-64.9759
-64.9759
-64.976
-64.976
-64.976
-64.9761
-64.9761
-64.9762
-64.9762
-64.9763
-64.9763
-64.9763
-64.9764
-64.9764
-64.9765
-64.9765
-64.9765
-64.9766
-64.9766
-64.9766
-64.9767
-64.9767
-64.9768
-64.9768
-64.9768
-64.9768
-64.9769
-64.9769
-64.9769
-64.977
-64.977
-64.977
-64.977
-64.9771
-64.9771
-64.9771
-64.9772
-64.9772
-64.9772
-64.9772
-64.9772
-64.9773
-64.9773
-64.9773
-64.9773
-64.9773
-64.9774
-64.9774
-64.9774
-64.9774
-64.9774
-64.9775
-64.9775
-64.9775
-64.9775
-64.9775
-64.9775
-64.9775
-64.9776
-64.9776
-64.9776
-64.9776
-64.9776
-64.9776
-64.9776
-64.9776
-64.9777
-64.9777
-64.9777
-64.9777
-64.9777
-64.9777
-64.9777
-64.9777
-64.9777
-64.9777
-64.9777
-64.9777
-64.9777
-64.9778
-64.9778
-64.9778
-64.9778
-64.9778
-64.9778
-64.9778
-64.9778
-64.9778
-64.9778
-64.9778
-64.9778
-64.9778
-64.9778
-64.9778
-64.9778
-64.9778
-64.9778
-64.9778
-64.9778
-64.9778
-64.9778
-64.9778
-64.9778
-64.9778
-64.9778
-64.9778
-64.9778
-64.9778
-64.9778
-64.9778
-64.9778
-64.9778
-64.9777
-64.9777
-64.9777
-64.9777
-64.9777
-64.9777
-64.9777
-64.9777
-64.9777
-64.9777
-64.9777
-64.9777
-64.9777
-64.9777
-64.9777
-64.9777
-64.9776
-64.9776
-64.9776
-64.9776
-64.9776
-64.9776
-64.9776
-64.9776
-64.9776
-64.9776
-64.9776
-64.9776
-64.9775
-64.9775
-64.9775
-64.9775
-64.9775
-64.9775
-64.9775
-64.9775
-64.9775
-64.9774
-64.9774
-64.9774
-64.9774
-64.9774
-64.9774
-64.9774
-64.9774
-64.9774
-64.9773
-64.9773
-64.9773
-64.9773
-64.9773
-64.9773
-64.9773
-64.9772
-64.9772
-64.9772
-64.9772
-64.9772
-64.9772
-64.9772
-64.9772
-64.9771
-64.9771
-64.9771
-64.9771
-64.9771
-64.9771
-64.9771
-64.977
-64.977
-64.977
-64.977
-64.977
-64.977
-64.9769
-64.9769
-64.9769
-64.9769
-64.9769
-64.9769
-64.9769
-64.9768
-64.9768
-64.9768
-64.9768
-64.9768
-64.9768
-64.9767
-64.9767
-64.9767
-64.9767
-64.9767
-64.9767
-64.9766
-64.9766
-64.9766
-64.9766
-64.9766
-64.9766
-64.9765
-64.9765
-64.9765
-64.9765
-64.9765
-64.9765
-64.9764
-64.9764
-64.9764
-64.9764
-64.9764
-64.9764
-64.9763
-64.9763
-64.9763
-64.9763
-64.9763
-64.9763
-64.9762
-64.9762
-64.9762
-64.9762
-64.9762
-64.9762
-64.9761
-64.9761
-64.9761
-64.9761
-64.9761
-64.9761
-64.976
-64.976
-64.976
-64.976
-64.976
-64.9759
-64.9759
-64.9759
-64.9759
-64.9759
-64.9759
-64.9758
-64.9758
-64.9758
-64.9758
-64.9758
-64.9758
-64.9757
-64.9757
-64.9757
-64.9757
-64.9757
-64.9756
-64.9756
-64.9756
-64.9756
-64.9756
-64.9756
-64.9755
-64.9755
-64.9755
-64.9755
-64.9755
-64.9755
-64.9754
-64.9754
-64.9754
-64.9754
-64.9754
-64.9753
-64.9753
-64.9753
-64.9753
-64.9753
-64.9753
-64.9752
-64.9752
-64.9752
-64.9752
-64.9752
-64.9752
-64.9751
-64.9751
-64.9751
-64.9751
-64.9751
-64.975
-64.975
-64.975
-64.975
-64.975
-64.975
-64.9749
-64.9749
-64.9749
-64.9749
-64.9749
-64.9749
-64.9748
-64.9748
-64.9748
-64.9748
-64.9748
-64.9748
-64.9747
-64.9747
-64.9747
-64.9747
-64.9747
-64.9747
-64.9746
-64.9746
-64.9746
-64.9746
-64.9746
-64.9746
-64.9745
-64.9745
-64.9745
-64.9745
-64.9745
-64.9745
-64.9744
-64.9744
-64.9744
-64.9744
-64.9744
-64.9744
-64.9743
-64.9743
-64.9743
-64.9743
-64.9743
-64.9743
-64.9742
-64.9742
-64.9742
-64.9742
-64.9742
-64.9742
-64.9741
-64.9741
-64.9741
-64.9741
-64.9741
-64.9741
-64.974
-64.974
-64.974
-64.974
-64.974
-64.974
-64.9739
-64.9739
-64.9739
-64.9739
-64.9739
-64.9739
-64.9739
-64.9738
-64.9738
-64.9738
-64.9738
-64.9738
-64.9738
-64.9737
-64.9737
-64.9737
-64.9737
-64.9737
-64.9737
-64.9736
-64.9736
-64.9736
-64.9736
-64.9736
-64.9736
-64.9736
-64.9735
-64.9735
-64.9735
-64.9735
-64.9735
-64.9735
-64.9735
-64.9734
-64.9734
-64.9734
-64.9734
-64.9734
-64.9734
-64.9734
-64.9733
-64.9733
-64.9733
-64.9733
-64.9733
-64.9733
-64.9732
-64.9732
-64.9732
-64.9732
-64.9732
-64.9732
-64.9732
-64.9732
-64.9731
-64.9731
-64.9731
-64.9731
-64.9731
-64.9731
-64.9731
-64.973
-64.973
-64.973
-64.973
-64.973
-64.973
-64.973
-64.9729
-64.9729
-64.9729
-64.9729
-64.9729
-64.9729
-64.9729
-64.9728
-64.9728
-64.9728
-64.9728
-64.9728
-64.9728
-64.9728
-64.9728
-64.9727
-64.9727
-64.9727
-64.9727
-64.9727
-64.9727
-64.9727
-64.9727
-64.9726
-64.9726
-64.9726
-64.9726
-64.9726
-64.9726
-64.9726
-64.9725
-64.9725
-64.9725
-64.9725
-64.9725
-64.9725
-64.9725
-64.9725
-64.9724
-64.9724
-64.9724
-64.9724
-64.9724
-64.9724
-64.9724
-64.9724
-64.9724
-64.9723
-64.9723
-64.9723
-64.9723
-64.9723
-64.9723
-64.9723
-64.9723
-64.9722
-64.9722
-64.9722
-64.9722
-64.9722
-64.9722
-64.9722
-64.9722
-64.9721
-64.9721
-64.9721
-64.9721
-64.9721
-64.9721
-64.9721
-64.9721
-64.9721
-64.972
-64.972
-64.972
-64.972
-64.972
-64.972
-64.972
-64.972
-64.972
-64.9719
-64.9719
-64.9719
-64.9719
-64.9719
-64.9719
-64.9719
-64.9719
-64.9719
-64.9718
-64.9718
-64.9718
-64.9718
-64.9718
-64.9718
-64.9718
-64.9718
-64.9718
-64.9718
-64.9717
-64.9717
-64.9717
-64.9717
-64.9717
-64.9717
-64.9717
-64.9717
-64.9717
-64.9717
-64.9716
-64.9716
-64.9716
-64.9716
-64.9716
-64.9716
-64.9716
-64.9716
-64.9716
-64.9716
-64.9715
-64.9715
-64.9715
-64.9715
-64.9715
-64.9715
-64.9715
-64.9715
-64.9715
-64.9715
-64.9714
-64.9714
-64.9714
-64.9714
-64.9714
-64.9714
-64.9714
-64.9714
-64.9714
-64.9714
-64.9714
-64.9713
-64.9713
-64.9713
-64.9713
-64.9713
-64.9713
-64.9713
-64.9713
-64.9713
-64.9713
-64.9713
-64.9712
-64.9712
-64.9712
-64.9712
-64.9712
-64.9712
-64.9712
-64.9712
-64.9712
-64.9712
-64.9712
-64.9711
-64.9711
-64.9711
-64.9711
-64.9711
-64.9711
-64.9711
-64.9711
-64.9711
-64.9711
-64.9711
-64.9711
-64.971
-64.971
-64.971
-64.971
-64.971
-64.971
-64.971
-64.971
-64.971
-64.971
-64.971
-64.971
-64.9709
-64.9709
-64.9709
-64.9709
-64.9709
-64.9709
-64.9709
-64.9709
-64.9709
-64.9709
-64.9709
-64.9709
-64.9709
-64.9708
-64.9708
-64.9708
-64.9708
-64.9708
-64.9708
-64.9708
-64.9708
-64.9708
-64.9708
-64.9708
-64.9708
-64.9708
-64.9707
-64.9707
-64.9707
-64.9707
-64.9707
-64.9707
-64.9707
-64.9707
-64.9707
-64.9707
-64.9707
-64.9707
-64.9707
-64.9707
-64.9706
-64.9706
-64.9706
-64.9706
-64.9706
-64.9706
-64.9706
-64.9706
-64.9706
-64.9706
-64.9706
-64.9706
-64.9706
-64.9706
-64.9706
-64.9705
-64.9705
-64.9705
-64.9705
-64.9705
-64.9705
-64.9705
-64.9705
-64.9705
-64.9705
-64.9705
-64.9705
-64.9705
-64.9705
-64.9705
-64.9704
-64.9704
-64.9704
-64.9704
-64.9704
-64.9704
-64.9704
-64.9704
-64.9704
-64.9704
-64.9704
-64.9704
-64.9704
-64.9704
-64.9704
-64.9704
-64.9703
-64.9703
-64.9703
-64.9703
-64.9703
-64.9703
-64.9703
-64.9703
-64.9703
-64.9703
-64.9703
-64.9703
-64.9703
-64.9703
-64.9703
-64.9703
-64.9703
-64.9702
-64.9702
-64.9702
-64.9702
-64.9702
-64.9702
-64.9702
-64.9702
-64.9702
-64.9702
-64.9702
-64.9702
-64.9702
-64.9702
-64.9702
-64.9702
-64.9702
-64.9702
-64.9701
-64.9701
-64.9701
-64.9701
-64.9701
-64.9701
-64.9701
-64.9701
-64.9701
-64.9701
-64.9701
-64.9701
-64.9701
-64.9701
-64.9701
-64.9701
-64.9701
-64.9701
-64.9701
-64.97
-64.97
-64.97
-64.97
-64.97
-64.97
-64.97
-64.97
-64.97
-64.97
-64.97
-64.97
-64.97
-64.97
-64.97
-64.97
-64.97
-64.97
-64.97
-64.97
-64.9699
-64.9699
-64.9699
-64.9699
-64.9699
-64.9699
-64.9699
-64.9699
-64.9699
-64.9699
-64.9699
-64.9699
-64.9699
-64.9699
-64.9699
-64.9699
-64.9699
-64.9699
-64.9699
-64.9699
-64.9699
-64.9699
-64.9698
-64.9698
-64.9698
-64.9698
-64.9698
-64.9698
-64.9698
-64.9698
-64.9698
-64.9698
-64.9698
-64.9698
-64.9698
-64.9698
-64.9698
-64.9698
-64.9698
-64.9698
-64.9698
-64.9698
-64.9698
-64.9698
-64.9698
-64.9698
-64.9697
-64.9697
-64.9697
-64.9697
-64.9697
-64.9666
-64.9574
-64.9407
-64.9162
-64.8839
-64.8447
-64.7993
-64.7488
-64.694
-64.636
-64.5756
-64.5135
-64.4504
-64.3869
-64.3234
-64.2605
-64.1985
-64.1376
-64.0781
-64.0201
-63.9639
-63.9095
-63.8571
-63.8066
-63.7581
-63.7116
-63.6671
-63.6247
-63.5843
-63.5458
-63.5093
-63.4747
-63.4419
-63.411
-63.3818
-63.3543
-63.3285
-63.3044
-63.2818
-63.2607
-63.241
-63.2228
-63.206
-63.1905
-63.1762
-63.1632
-63.1514
-63.1407
-63.1311
-63.1226
-63.1151
-63.1085
-63.1029
-63.0982
-63.0943
-63.0913
-63.0891
-63.0876
-63.0868
-63.0868
-63.0874
-63.0887
-63.0906
-63.093
-63.096
-63.0996
-63.1036
-63.1082
-63.1132
-63.1186
-63.1245
-63.1308
-63.1374
-63.1445
-63.1518
-63.1595
-63.1675
-63.1758
-63.1843
-63.1931
-63.2022
-63.2115
-63.221
-63.2308
-63.2407
-63.2508
-63.2611
-63.2715
-63.2821
-63.2928
-63.3036
-63.3146
-63.3257
-63.3368
-63.3481
-63.3594
-63.3709
-63.3824
-63.3939
-63.4055
-63.4172
-63.4289
-63.4406
-63.4524
-63.4642
-63.476
-63.4878
-63.4996
-63.5115
-63.5233
-63.5351
-63.547
-63.5588
-63.5706
-63.5823
-63.5941
-63.6058
-63.6175
-63.6292
-63.6408
-63.6524
-63.664
-63.6755
-63.6869
-63.6984
-63.7097
-63.721
-63.7323
-63.7435
-63.7547
-63.7658
-63.7768
-63.7878
-63.7987
-63.8096
-63.8204
-63.8311
-63.8418
-63.8524
-63.8629
-63.8733
-63.8837
-63.8941
-63.9043
-63.9145
-63.9246
-63.9346
-63.9446
-63.9545
-63.9643
-63.974
-63.9837
-63.9933
-64.0028
-64.0123
-64.0217
-64.031
-64.0402
-64.0493
-64.0584
-64.0674
-64.0763
-64.0852
-64.094
-64.1027
-64.1113
-64.1199
-64.1284
-64.1368
-64.1451
-64.1534
-64.1616
-64.1697
-64.1777
-64.1857
-64.1936
-64.2014
-64.2092
-64.2169
-64.2245
-64.2321
-64.2396
-64.247
-64.2543
-64.2616
-64.2688
-64.2759
-64.283
-64.29
-64.297
-64.3007
-64.2984
-64.2887
-64.271
-64.2457
-64.2134
-64.1749
-64.1313
-64.0834
-64.0322
-63.9786
-63.9232
-63.8668
-63.8099
-63.7531
-63.6967
-63.6411
-63.5866
-63.5334
-63.4818
-63.4317
-63.3835
-63.3371
-63.2925
-63.25
-63.2093
-63.1707
-63.1339
-63.0991
-63.0662
-63.0352
-63.006
-62.9785
-62.9528
-62.9289
-62.9065
-62.8858
-62.8666
-62.8489
-62.8326
-62.8178
-62.8043
-62.7921
-62.7811
-62.7714
-62.7628
-62.7554
-62.749
-62.7437
-62.7393
-62.736
-62.7335
-62.7319
-62.7423
-62.756
-62.7707
-62.7854
-62.7998
-62.8138
-62.8275
-62.8409
-62.8542
-62.8673
-62.8803
-62.8934
-62.9065
-62.9196
-62.9328
-62.9462
-62.9596
-62.9731
-62.9867
-63.0004
-63.0142
-63.0281
-63.0421
-63.0562
-63.0704
-63.0846
-63.0989
-63.1132
-63.1276
-63.142
-63.1565
-63.1709
-63.1854
-63.1999
-63.2145
-63.229
-63.2435
-63.258
-63.2725
-63.287
-63.3014
-63.3158
-63.3302
-63.3445
-63.3588
-63.3731
-63.3873
-63.4015
-63.4156
-63.4296
-63.4436
-63.4575
-63.4713
-63.4851
-63.4988
-63.5124
-63.526
-63.5395
-63.5528
-63.5662
-63.5794
-63.5925
-63.6056
-63.6185
-63.6314
-63.6442
-63.6569
-63.6695
-63.682
-63.6944
-63.7067
-63.719
-63.7311
-63.7431
-63.7551
-63.7669
-63.7786
-63.7903
-63.8018
-63.8133
-63.8246
-63.8359
-63.847
-63.8581
-63.869
-63.8799
-63.8906
-63.9013
-63.9118
-63.9223
-63.9326
-63.9429
-63.9531
-63.9631
-63.9731
-63.983
-63.9928
-64.0025
-64.012
-64.0215
-64.0309
-64.0402
-64.0495
-64.0586
-64.0676
-64.0765
-64.0854
-64.0941
-64.1028
-64.1114
-64.1199
-64.1283
-64.1366
-64.1448
-64.1529
-64.161
-64.169
-64.1769
-64.1847
-64.1924
-64.2
-64.2076
-64.215
-64.2224
-64.2297
-64.237
-64.2441
-64.2512
-64.2582
-64.2651
-64.272
-64.2787
-64.2854
-64.2889
-64.2864
-64.2765
-64.2586
-64.233
-64.2005
-64.1618
-64.1179
-64.0698
-64.0184
-63.9645
-63.9088
-63.8522
-63.7951
-63.738
-63.6813
-63.6255
-63.5707
-63.5173
-63.4653
-63.4151
-63.3666
-63.3199
-63.2751
-63.2323
-63.1914
-63.1525
-63.1155
-63.0805
-63.0473
-63.016
-62.9866
-62.9589
-62.933
-62.9088
-62.8862
-62.8652
-62.8458
-62.8278
-62.8113
-62.7963
-62.7825
-62.7701
-62.7589
-62.749
-62.7402
-62.7325
-62.7259
-62.7203
-62.7158
-62.7122
-62.7095
-62.7076
-62.7067
-62.7065
-62.7071
-62.7084
-62.7105
-62.7132
-62.7166
-62.7205
-62.7251
-62.7302
-62.7359
-62.7421
-62.7488
-62.7559
-62.7635
-62.7715
-62.7798
-62.7886
-62.7977
-62.8072
-62.817
-62.827
-62.8374
-62.848
-62.8589
-62.87
-62.8814
-62.893
-62.9047
-62.9167
-62.9288
-62.941
-62.9534
-62.966
-62.9787
-62.9915
-63.0044
-63.0174
-63.0304
-63.0436
-63.0568
-63.0701
-63.0835
-63.0969
-63.1103
-63.1238
-63.1373
-63.1508
-63.1643
-63.1779
-63.1914
-63.205
-63.2185
-63.232
-63.2456
-63.2591
-63.2725
-63.286
-63.2994
-63.3128
-63.3261
-63.3394
-63.3527
-63.3659
-63.379
-63.3921
-63.4052
-63.4182
-63.4311
-63.444
-63.4568
-63.4695
-63.4822
-63.4948
-63.5073
-63.5198
-63.5322
-63.5445
-63.5567
-63.5689
-63.581
-63.593
-63.6049
-63.6168
-63.6285
-63.6402
-63.6518
-63.6633
-63.6747
-63.6861
-63.6973
-63.7085
-63.7196
-63.7306
-63.7415
-63.7523
-63.7631
-63.7737
-63.7843
-63.7948
-63.8052
-63.8155
-63.8257
-63.8359
-63.8459
-63.8559
-63.8657
-63.8755
-63.8852
-63.8949
-63.9044
-63.9138
-63.9232
-63.9325
-63.9417
-63.9508
-63.9598
-63.9688
-63.9776
-63.9864
-63.9951
-64.0037
-64.0123
-64.0207
-64.0291
-64.0374
-64.0456
-64.0537
-64.0618
-64.0698
-64.0777
-64.0855
-64.0933
-64.1009
-64.1085
-64.1161
-64.1235
-64.1309
-64.1382
-64.1454
-64.1526
-64.1597
-64.1667
-64.1736
-64.1805
-64.1873
-64.1941
-64.2007
-64.2073
-64.2139
-64.2203
-64.2267
-64.2331
-64.2393
-64.2455
-64.2517
-64.2577
-64.2638
-64.2697
-64.2756
-64.2814
-64.2872
-64.2929
-64.2985
-64.3041
-64.3097
-64.3151
-64.3205
-64.3259
-64.3312
-64.3364
-64.3416
-64.3467
-64.3518
-64.3568
-64.3618
-64.3667
-64.3716
-64.3764
-64.3811
-64.3858
-64.3905
-64.3951
-64.3997
-64.4042
-64.4086
-64.413
-64.4174
-64.4217
-64.426
-64.4302
-64.4343
-64.4385
-64.4426
-64.4466
-64.4506
-64.4545
-64.4584
-64.4623
-64.4661
-64.4699
-64.4736
-64.4773
-64.4809
-64.4845
-64.4881
-64.4916
-64.4951
-64.4986
-64.502
-64.5054
-64.5087
-64.512
-64.5152
-64.5185
-64.5216
-64.5248
-64.5279
-64.531
-64.534
-64.537
-64.54
-64.5429
-64.5458
-64.5487
-64.5515
-64.5543
-64.5571
-64.5598
-64.5626
-64.5652
-64.5679
-64.5705
-64.5731
-64.5756
-64.5781
-64.5806
-64.5831
-64.5855
-64.5879
-64.5903
-64.5927
-64.595
-64.5973
-64.5995
-64.6018
-64.604
-64.6062
-64.6083
-64.6105
-64.6126
-64.6147
-64.6167
-64.6188
-64.6208
-64.6227
-64.6247
-64.6266
-64.6285
-64.6304
-64.6323
-64.6341
-64.636
-64.6378
-64.6395
-64.6413
-64.643
-64.6447
-64.6464
-64.6481
-64.6497
-64.6514
-64.653
-64.6545
-64.6561
-64.6577
-64.6592
-64.6607
-64.6622
-64.6636
-64.6651
-64.6665
-64.6679
-64.6693
-64.6707
-64.6721
-64.6734
-64.6747
-64.676
-64.6773
-64.6786
-64.6799
-64.6811
-64.6823
-64.6835
-64.6847
-64.6859
-64.6871
-64.6882
-64.6893
-64.6905
-64.6916
-64.6927
-64.6937
-64.6948
-64.6958
-64.6968
-64.6979
-64.6989
-64.6999
-64.7008
-64.7018
-64.7027
-64.7037
-64.7046
-64.7055
-64.7064
-64.7073
-64.7081
-64.709
-64.7099
-64.7107
-64.7115
-64.7123
-64.7131
-64.7139
-64.7147
-64.7155
-64.7162
-64.717
-64.7177
-64.7184
-64.7191
-64.7198
-64.7205
-64.7212
-64.7219
-64.7225
-64.7232
-64.7238
-64.7245
-64.7251
-64.7257
-64.7263
-64.7269
-64.7275
-64.7281
-64.7287
-64.7292
-64.7298
-64.7303
-64.7308
-64.7314
-64.7319
-64.7324
-64.7329
-64.7334
-64.7339
-64.7344
-64.7348
-64.7353
-64.7358
-64.7362
-64.7367
-64.7371
-64.7375
-64.738
-64.7384
-64.7388
-64.7392
-64.7396
-64.74
-64.7403
-64.7407
-64.7411
-64.7415
-64.7418
-64.7422
-64.7425
-64.7428
-64.7432
-64.7435
-64.7438
-64.7442
-64.7445
-64.7448
-64.7451
-64.7454
-64.7457
-64.7459
-64.7462
-64.7465
-64.7468
-64.747
-64.7473
-64.7475
-64.7478
-64.748
-64.7483
-64.7485
-64.7488
-64.749
-64.7492
-64.7494
-64.7496
-64.7499
-64.7501
-64.7503
-64.7505
-64.7507
-64.7509
-64.751
-64.7512
-64.7514
-64.7516
-64.7518
-64.7519
-64.7521
-64.7523
-64.7524
-64.7526
-64.7527
-64.7529
-64.753
-64.7532
-64.7533
-64.7534
-64.7536
-64.7537
-64.7538
-64.754
-64.7541
-64.7542
-64.7543
-64.7544
-64.7546
-64.7547
-64.7548
-64.7549
-64.755
-64.7551
-64.7552
-64.7553
-64.7554
-64.7555
-64.7555
-64.7556
-64.7557
-64.7558
-64.7559
-64.7559
-64.756
-64.7561
-64.7562
-64.7562
-64.7563
-64.7564
-64.7564
-64.7565
-64.7566
-64.7566
-64.7567
-64.7567
-64.7568
-64.7568
-64.7569
-64.7569
-64.757
-64.757
-64.7571
-64.7571
-64.7572
-64.7572
-64.7573
-64.7573
-64.7573
-64.7574
-64.7574
-64.7574
-64.7575
-64.7575
-64.7575
-64.7576
-64.7576
-64.7576
-64.7576
-64.7577
-64.7577
-64.7577
-64.7577
-64.7578
-64.7578
-64.7578
-64.7578
-64.7578
-64.7579
-64.7579
-64.7579
-64.7579
-64.7579
-64.7579
-64.7579
-64.758
-64.758
-64.758
-64.758
-64.758
-64.758
-64.758
-64.758
-64.758
-64.758
-64.7581
-64.7581
-64.7581
-64.7581
-64.7581
-64.7581
-64.7581
-64.7581
-64.7581
-64.7581
-64.7581
-64.7581
-64.7581
-64.7581
-64.7581
-64.7581
-64.7581
-64.7581
-64.7581
-64.7581
-64.7581
-64.7581
-64.7581
-64.7581
-64.7581
-64.7581
-64.7581
-64.7581
-64.7581
-64.7581
-64.7581
-64.7581
-64.7581
-64.7582
-64.7582
-64.7582
-64.7582
-64.7582
-64.7582
-64.7582
-64.7582
-64.7582
-64.7582
-64.7582
-64.7582
-64.7582
-64.7582
-64.7582
-64.7582
-64.7582
-64.7582
-64.7582
-64.7582
-64.7582
-64.7582
-64.7582
-64.7582
-64.7582
-64.7582
-64.7582
-64.7582
-64.7582
-64.7582
-64.7582
-64.7582
-64.7582
-64.7582
-64.7582
-64.7583
-64.7583
-64.7583
-64.7583
-64.7583
-64.7583
-64.7583
-64.7583
-64.7583
-64.7583
-64.7583
-64.7583
-64.7584
-64.7584
-64.7584
-64.7584
-64.7584
-64.7584
-64.7584
-64.7584
-64.7585
-64.7585
-64.7585
-64.7585
-64.7585
-64.7585
-64.7585
-64.7586
-64.7586
-64.7586
-64.7586
-64.7586
-64.7586
-64.7587
-64.7587
-64.7587
-64.7587
-64.7587
-64.7588
-64.7588
-64.7588
-64.7588
-64.7589
-64.7589
-64.7589
-64.7589
-64.759
-64.759
-64.759
-64.759
-64.7591
-64.7591
-64.7591
-64.7591
-64.7592
-64.7592
-64.7592
-64.7593
-64.7593
-64.7593
-64.7594
-64.7594
-64.7594
-64.7595
-64.7595
-64.7595
-64.7596
-64.7596
-64.7596
-64.7597
-64.7597
-64.7597
-64.7598
-64.7598
-64.7599
-64.7599
-64.7599
-64.76
-64.76
-64.7601
-64.7601
-64.7601
-64.7602
-64.7602
-64.7603
-64.7603
-64.7604
-64.7604
-64.7605
-64.7605
-64.7605
-64.7606
-64.7606
-64.7607
-64.7607
-64.7608
-64.7608
-64.7609
-64.7609
-64.761
-64.761
-64.7611
-64.7612
-64.7612
-64.7613
-64.7613
-64.7614
-64.7614
-64.7615
-64.7615
-64.7616
-64.7617
-64.7617
-64.7618
-64.7618
-64.7619
-64.762
-64.762
-64.7621
-64.7621
-64.7622
-64.7623
-64.7623
-64.7624
-64.7625
-64.7625
-64.7626
-64.7627
-64.7627
-64.7628
-64.7629
-64.7629
-64.763
-64.7631
-64.7631
-64.7632
-64.7633
-64.7633
-64.7634
-64.7635
-64.7636
-64.7636
-64.7637
-64.7638
-64.7639
-64.7639
-64.764
-64.7641
-64.7642
-64.7642
-64.7643
-64.7644
-64.7645
-64.7645
-64.7646
-64.7647
-64.7648
-64.7649
-64.7649
-64.765
-64.7651
-64.7652
-64.7653
-64.7654
-64.7654
-64.7655
-64.7656
-64.7657
-64.7658
-64.7659
-64.766
-64.766
-64.7661
-64.7662
-64.7663
-64.7664
-64.7665
-64.7666
-64.7667
-64.7668
-64.7668
-64.7669
-64.767
-64.7671
-64.7672
-64.7673
-64.7674
-64.7675
-64.7676
-64.7677
-64.7678
-64.7679
-64.768
-64.7681
-64.7682
-64.7683
-64.7684
-64.7684
-64.7685
-64.7686
-64.7687
-64.7688
-64.7689
-64.769
-64.7691
-64.7692
-64.7693
-64.7663
-64.7573
-64.7408
-64.7164
-64.6843
-64.6453
-64.6002
-64.5499
-64.4955
-64.4378
-64.3777
-64.3159
-64.2532
-64.19
-64.127
-64.0645
-64.0028
-63.9423
-63.8832
-63.8257
-63.7699
-63.7159
-63.6639
-63.6138
-63.5657
-63.5197
-63.4756
-63.4336
-63.3935
-63.3555
-63.3163
-63.2733
-63.225
-63.1711
-63.1117
-63.0474
-62.9792
-62.908
-62.8345
-62.7597
-62.6844
-62.6091
-62.5346
-62.4612
-62.3895
-62.3197
-62.2521
-62.1869
-62.1243
-62.0644
-62.0072
-61.9528
-61.9013
-61.8525
-61.8066
-61.7634
-61.7229
-61.6851
-61.6499
-61.6172
-61.5869
-61.559
-61.5334
-61.5101
-61.4889
-61.4698
-61.4526
-61.4374
-61.4241
-61.4125
-61.4026
-61.3944
-61.3877
-61.3825
-61.3788
-61.3765
-61.3755
-61.3757
-61.3772
-61.3798
-61.3835
-61.3883
-61.3941
-61.4008
-61.4085
-61.417
-61.4264
-61.4365
-61.4474
-61.459
-61.4713
-61.4842
-61.4977
-61.5118
-61.5264
-61.5416
-61.5572
-61.5733
-61.5898
-61.6067
-61.624
-61.6417
-61.6597
-61.678
-61.6966
-61.7154
-61.7345
-61.7539
-61.7735
-61.7932
-61.8132
-61.8333
-61.8536
-61.874
-61.8945
-61.9151
-61.9359
-61.9567
-61.9776
-61.9986
-62.0196
-62.0406
-62.0617
-62.0828
-62.1039
-62.1251
-62.1462
-62.1673
-62.1884
-62.2095
-62.2305
-62.2516
-62.2725
-62.2934
-62.3143
-62.3351
-62.3558
-62.3765
-62.3971
-62.4176
-62.438
-62.4584
-62.4786
-62.4988
-62.5189
-62.5388
-62.5587
-62.5785
-62.5981
-62.6177
-62.6371
-62.6564
-62.6756
-62.6947
-62.7137
-62.7325
-62.7512
-62.7698
-62.7883
-62.8066
-62.8249
-62.843
-62.8609
-62.8788
-62.8965
-62.914
-62.9315
-62.9488
-62.966
-62.983
-62.9999
-63.0167
-63.0333
-63.0498
-63.0662
-63.0825
-63.0986
-63.1146
-63.1304
-63.1461
-63.1617
-63.1772
-63.1925
-63.2077
-63.2227
-63.2377
-63.2524
-63.2671
-63.2817
-63.2961
-63.3103
-63.3245
-63.3385
-63.3524
-63.3662
-63.3799
-63.3934
-63.4068
-63.4201
-63.4332
-63.4463
-63.4592
-63.472
-63.4847
-63.4972
-63.5097
-63.522
-63.5342
-63.5463
-63.5583
-63.5702
-63.5819
-63.5935
-63.6051
-63.6165
-63.6278
-63.639
-63.6501
-63.6611
-63.672
-63.6828
-63.6934
-63.704
-63.7145
-63.7248
-63.7351
-63.7453
-63.7553
-63.7653
-63.7752
-63.7849
-63.7946
-63.8042
-63.8137
-63.8231
-63.8324
-63.8416
-63.8507
-63.8597
-63.8686
-63.8775
-63.8862
-63.8949
-63.9035
-63.912
-63.9204
-63.9287
-63.937
-63.9451
-63.9532
-63.9612
-63.9691
-63.977
-63.9847
-63.9924
-64
-64.0076
-64.015
-64.0224
-64.0297
-64.0369
-64.0441
-64.0511
-64.0582
-64.0651
-64.072
-64.0788
-64.0855
-64.0921
-64.0987
-64.1053
-64.1117
-64.1181
-64.1244
-64.1307
-64.1369
-64.143
-64.1491
-64.1551
-64.1611
-64.1669
-64.1728
-64.1785
-64.1842
-64.1899
-64.1955
-64.201
-64.2065
-64.2119
-64.2173
-64.2226
-64.2278
-64.233
-64.2382
-64.2433
-64.2483
-64.2533
-64.2582
-64.2631
-64.2679
-64.2727
-64.2774
-64.2821
-64.2867
-64.2913
-64.2959
-64.3003
-64.3048
-64.3092
-64.3135
-64.3178
-64.3221
-64.3263
-64.3305
-64.3346
-64.3387
-64.3427
-64.3564
-64.3722
-64.3881
-64.4034
-64.4178
-64.4312
-64.4437
-64.4555
-64.4665
-64.4769
-64.4868
-64.4962
-64.5051
-64.5137
-64.522
-64.5299
-64.5376
-64.545
-64.5521
-64.559
-64.5657
-64.5722
-64.5785
-64.5846
-64.5905
-64.5962
-64.6017
-64.6071
-64.6124
-64.6174
-64.6224
-64.6272
-64.6318
-64.6363
-64.6407
-64.6449
-64.649
-64.653
-64.6569
-64.6607
-64.6643
-64.6679
-64.6713
-64.6746
-64.6779
-64.681
-64.6841
-64.687
-64.6899
-64.6926
-64.6953
-64.6979
-64.7004
-64.7029
-64.7052
-64.7075
-64.7097
-64.7118
-64.7139
-64.7159
-64.7178
-64.7197
-64.7215
-64.7233
-64.725
-64.7266
-64.7281
-64.7297
-64.7311
-64.7325
-64.7339
-64.7352
-64.7364
-64.7376
-64.7388
-64.7399
-64.741
-64.742
-64.743
-64.744
-64.7449
-64.7457
-64.7466
-64.7474
-64.7481
-64.7488
-64.7495
-64.7502
-64.7508
-64.7514
-64.7519
-64.7525
-64.753
-64.7534
-64.7539
-64.7543
-64.7547
-64.755
-64.7554
-64.765
-64.7767
-64.7885
-64.7997
-64.81
-64.8195
-64.8282
-64.836
-64.8433
-64.8499
-64.8561
-64.8618
-64.8672
-64.8722
-64.8768
-64.8812
-64.8854
-64.8893
-64.893
-64.8965
-64.8998
-64.9029
-64.9059
-64.9087
-64.9113
-64.9138
-64.9161
-64.9183
-64.9204
-64.9223
-64.9241
-64.9258
-64.9274
-64.9289
-64.9302
-64.9315
-64.9326
-64.9337
-64.9347
-64.9355
-64.9363
-64.937
-64.9376
-64.9382
-64.9386
-64.939
-64.9393
-64.9487
-64.96
-64.9714
-64.9822
-64.9921
-65.0011
-65.0093
-65.0166
-65.0233
-65.0294
-65.035
-65.0401
-65.0448
-65.0492
-65.0532
-65.0569
-65.0604
-65.0636
-65.0665
-65.0693
-65.0718
-65.0741
-65.0762
-65.0782
-65.08
-65.0816
-65.0831
-65.0844
-65.0856
-65.0866
-65.0875
-65.0882
-65.0889
-65.0894
-65.0898
-65.0901
-65.0903
-65.0903
-65.0903
-65.0902
-65.09
-65.0897
-65.0893
-65.0888
-65.0882
-65.0876
-65.0868
-65.086
-65.0852
-65.0842
-65.0832
-65.0822
-65.081
-65.0798
-65.0786
-65.0773
-65.0759
-65.0745
-65.0731
-65.0716
-65.07
-65.0684
-65.0668
-65.0651
-65.0634
-65.0616
-65.0598
-65.058
-65.0562
-65.0543
-65.0523
-65.0504
-65.0575
-65.0665
-65.0757
-65.0843
-65.092
-65.0989
-65.105
-65.1104
-65.1151
-65.1193
-65.123
-65.1263
-65.1292
-65.1318
-65.1341
-65.1361
-65.1379
-65.1394
-65.1408
-65.1419
-65.1429
-65.1437
-65.1444
-65.1449
-65.1452
-65.1454
-65.1455
-65.1455
-65.1453
-65.145
-65.1446
-65.1441
-65.1435
-65.1428
-65.142
-65.1411
-65.1401
-65.1391
-65.1379
-65.1367
-65.1354
-65.134
-65.1326
-65.1311
-65.1295
-65.1278
-65.1261
-65.1244
-65.1226
-65.1207
-65.1188
-65.1168
-65.1148
-65.1128
-65.1107
-65.1086
-65.1064
-65.1042
-65.1019
-65.0996
-65.0973
-65.095
-65.0926
-65.0902
-65.0878
-65.0853
-65.0828
-65.0803
-65.0778
-65.0753
-65.0727
-65.0701
-65.0675
-65.0649
-65.0623
-65.0596
-65.057
-65.0543
-65.0517
-65.049
-65.0463
-65.0436
-65.0409
-65.0382
-65.0354
-65.0327
-65.03
-65.0272
-65.0245
-65.0218
-65.019
-65.0163
-65.0136
-65.0108
-65.0081
-65.0053
-65.0026
-64.9999
-64.9971
-64.9944
-64.9917
-64.989
-64.9863
-64.9836
-64.9777
-64.9659
-64.9466
-64.9194
-64.8845
-64.8427
-64.7948
-64.7417
-64.6845
-64.624
-64.5611
-64.4966
-64.4311
-64.3651
-64.2993
-64.234
-64.1696
-64.1063
-64.0445
-63.9842
-63.9257
-63.869
-63.8142
-63.7614
-63.7106
-63.6619
-63.6152
-63.5705
-63.5278
-63.4871
-63.4484
-63.4115
-63.3766
-63.3434
-63.3121
-63.2824
-63.2545
-63.2282
-63.2034
-63.1802
-63.1585
-63.1381
-63.1192
-63.1016
-63.0853
-63.0703
-63.0564
-63.0437
-63.032
-63.0215
-63.012
-63.0034
-62.9958
-62.9892
-62.9834
-62.9784
-62.9743
-62.9709
-62.9682
-62.9663
-62.965
-62.9645
-62.9645
-62.9651
-62.9663
-62.968
-62.9703
-62.9731
-62.9763
-62.98
-62.9841
-62.9887
-62.9936
-62.9989
-63.0046
-63.0106
-63.0169
-63.0235
-63.0304
-63.0376
-63.045
-63.0527
-63.0606
-63.0688
-63.0771
-63.0857
-63.0944
-63.1033
-63.1123
-63.1215
-63.1309
-63.1404
-63.1499
-63.1597
-63.1695
-63.1794
-63.1894
-63.1994
-63.2096
-63.2198
-63.2301
-63.2404
-63.2508
-63.2612
-63.2716
-63.2821
-63.2926
-63.3031
-63.3137
-63.3242
-63.3348
-63.3453
-63.3559
-63.3665
-63.377
-63.3875
-63.3981
-63.4086
-63.419
-63.4295
-63.4399
-63.4503
-63.4607
-63.471
-63.4813
-63.4916
-63.5018
-63.512
-63.5221
-63.5322
-63.5423
-63.5523
-63.5622
-63.5721
-63.5819
-63.5917
-63.6014
-63.6111
-63.6207
-63.6303
-63.6398
-63.6493
-63.6586
-63.668
-63.6772
-63.6864
-63.6956
-63.7046
-63.7136
-63.7226
-63.7315
-63.7403
-63.7491
-63.7578
-63.7664
-63.7749
-63.7834
-63.7919
-63.8002
-63.8085
-63.8168
-63.8249
-63.8331
-63.8411
-63.8491
-63.857
-63.8648
-63.8726
-63.8803
-63.869
-63.8417
-63.803
-63.7563
-63.7039
-63.6475
-63.5884
-63.5276
-63.4659
-63.4039
-63.3422
-63.2811
-63.221
-63.1622
-63.1049
-63.0493
-62.9956
-62.9438
-62.894
-62.8463
-62.8006
-62.7571
-62.7158
-62.6765
-62.6394
-62.6043
-62.5712
-62.5401
-62.511
-62.4837
-62.4583
-62.4347
-62.4128
-62.3926
-62.3741
-62.3571
-62.3417
-62.3277
-62.3151
-62.3039
-62.2941
-62.2854
-62.278
-62.2718
-62.2667
-62.2627
-62.2597
-62.2577
-62.2566
-62.2564
-62.2571
-62.2587
-62.261
-62.2641
-62.268
-62.2725
-62.2776
-62.2835
-62.2899
-62.2968
-62.3044
-62.3124
-62.3209
-62.3299
-62.3393
-62.3492
-62.3595
-62.3701
-62.3811
-62.3924
-62.404
-62.4159
-62.4282
-62.4406
-62.4533
-62.4663
-62.4795
-62.4928
-62.5064
-62.5201
-62.534
-62.548
-62.5622
-62.5765
-62.5909
-62.6054
-62.62
-62.6347
-62.6495
-62.6643
-62.6792
-62.6941
-62.7091
-62.7241
-62.7392
-62.7543
-62.7693
-62.7844
-62.7995
-62.8146
-62.8297
-62.8447
-62.8598
-62.8748
-62.8898
-62.9047
-62.9196
-62.9345
-62.9494
-62.9641
-62.9789
-62.9936
-63.0082
-63.0227
-63.0373
-63.0517
-63.0661
-63.0804
-63.0946
-63.1087
-63.1228
-63.1368
-63.1507
-63.1646
-63.1783
-63.192
-63.2056
-63.2191
-63.2325
-63.2459
-63.2591
-63.2723
-63.2853
-63.2983
-63.3112
-63.3239
-63.3366
-63.3492
-63.3617
-63.3742
-63.3865
-63.3987
-63.4108
-63.4229
-63.4348
-63.4466
-63.4584
-63.47
-63.4816
-63.4931
-63.5044
-63.5157
-63.5269
-63.538
-63.549
-63.5568
-63.5586
-63.5531
-63.5397
-63.5188
-63.491
-63.4571
-63.4181
-63.3749
-63.3285
-63.2797
-63.2293
-63.1778
-63.1259
-63.074
-63.0226
-62.9721
-62.9226
-62.8744
-62.8278
-62.7828
-62.7395
-62.698
-62.6585
-62.6208
-62.585
-62.5512
-62.5193
-62.4892
-62.4611
-62.4347
-62.4101
-62.3873
-62.3661
-62.3466
-62.3287
-62.3124
-62.2975
-62.2841
-62.2721
-62.2615
-62.2521
-62.244
-62.2371
-62.2314
-62.2268
-62.2232
-62.2207
-62.2191
-62.2185
-62.2188
-62.22
-62.222
-62.2248
-62.2283
-62.2326
-62.2376
-62.2432
-62.2494
-62.2563
-62.2637
-62.2717
-62.2802
-62.2892
-62.2986
-62.3085
-62.3188
-62.3295
-62.3406
-62.3521
-62.3638
-62.3759
-62.3883
-62.401
-62.414
-62.4271
-62.4406
-62.4542
-62.468
-62.4821
-62.4963
-62.5106
-62.5252
-62.5398
-62.5546
-62.5695
-62.5845
-62.5996
-62.6148
-62.63
-62.6453
-62.6607
-62.6761
-62.6916
-62.7071
-62.7226
-62.7382
-62.7537
-62.7693
-62.7848
-62.8004
-62.8159
-62.8315
-62.847
-62.8625
-62.8779
-62.8934
-62.9087
-62.9241
-62.9206
-62.9015
-62.8711
-62.8328
-62.7888
-62.741
-62.6905
-62.6383
-62.5853
-62.532
-62.479
-62.4266
-62.3753
-62.3253
-62.2768
-62.23
-62.185
-62.1419
-62.1008
-62.0618
-62.0248
-61.9899
-61.9571
-61.9263
-61.8976
-61.8708
-61.8461
-61.8233
-61.8023
-61.7832
-61.7658
-61.7501
-61.7362
-61.7238
-61.7129
-61.7036
-61.6957
-61.6892
-61.684
-61.6801
-61.6775
-61.676
-61.6756
-61.6763
-61.6781
-61.6808
-61.6845
-61.6891
-61.6946
-61.7009
-61.708
-61.7158
-61.7243
-61.7335
-61.7434
-61.7539
-61.7649
-61.7765
-61.7887
-61.8013
-61.8144
-61.8279
-61.8419
-61.8562
-61.871
-61.886
-61.9014
-61.9171
-61.9331
-61.9494
-61.9659
-61.9826
-61.9996
-62.0167
-62.0341
-62.0516
-62.0692
-62.087
-62.1049
-62.123
-62.1411
-62.1594
-62.1777
-62.1961
-62.2145
-62.233
-62.2515
-62.2701
-62.2887
-62.3073
-62.3259
-62.3445
-62.3631
-62.3817
-62.4003
-62.4188
-62.4373
-62.4558
-62.4742
-62.4926
-62.511
-62.5292
-62.5474
-62.5656
-62.5837
-62.6017
-62.6196
-62.6374
-62.6552
-62.6729
-62.6905
-62.7079
-62.7253
-62.7426
-62.7599
-62.777
-62.794
-62.8109
-62.8276
-62.8443
-62.8609
-62.8774
-62.8937
-62.91
-62.9261
-62.9421
-62.958
-62.9738
-62.9894
-63.005
-63.0204
-63.0357
-63.0509
-63.066
-63.0809
-63.0958
-63.1105
-63.1251
-63.1396
-63.1539
-63.1681
-63.1823
-63.1963
-63.2101
-63.2239
-63.2375
-63.251
-63.2644
-63.2777
-63.2909
-63.3039
-63.3169
-63.3297
-63.3424
-63.355
-63.3674
-63.3798
-63.392
-63.4041
-63.4162
-63.4281
-63.4398
-63.4515
-63.4631
-63.4746
-63.4859
-63.4971
-63.5083
-63.5193
-63.5302
-63.541
-63.5518
-63.5624
-63.5729
-63.5833
-63.5936
-63.6038
-63.6139
-63.6239
-63.6338
-63.6436
-63.6533
-63.6629
-63.6724
-63.6818
-63.6912
-63.7004
-63.7095
-63.7186
-63.7275
-63.7364
-63.7452
-63.7539
-63.7625
-63.771
-63.7794
-63.7878
-63.796
-63.8042
-63.8123
-63.8203
-63.8282
-63.8361
-63.8438
-63.8515
-63.8591
-63.8667
-63.8741
-63.8815
-63.8888
-63.896
-63.9031
-63.9102
-63.9172
-63.9242
-63.931
-63.9378
-63.9445
-63.9512
-63.9577
-63.9642
-63.9707
-63.977
-63.9834
-63.9896
-63.9958
-64.0019
-64.0079
-64.0139
-64.0198
-64.0257
-64.0315
-64.0372
-64.0429
-64.0485
-64.0541
-64.0595
-64.065
-64.0704
-64.0757
-64.081
-64.0862
-64.0913
-64.0964
-64.1015
-64.1065
-64.1114
-64.1163
-64.1212
-64.1259
-64.1307
-64.1354
-64.14
-64.1446
-64.1491
-64.1536
-64.158
-64.1624
-64.1668
-64.1711
-64.1753
-64.1795
-64.1837
-64.1878
-64.1919
-64.1959
-64.1999
-64.2039
-64.2078
-64.2116
-64.2155
-64.2192
-64.223
-64.2267
-64.2303
-64.2339
-64.2375
-64.2411
-64.2446
-64.248
-64.2515
-64.2548
-64.2582
-64.2615
-64.2648
-64.268
-64.2713
-64.2744
-64.2776
-64.2807
-64.2837
-64.2868
-64.2898
-64.2928
-64.2957
-64.2986
-64.3015
-64.3043
-64.3072
-64.3099
-64.3127
-64.3154
-64.3181
-64.3208
-64.3234
-64.326
-64.3286
-64.3312
-64.3337
-64.3362
-64.3386
-64.3411
-64.3435
-64.3459
-64.3482
-64.3506
-64.3529
-64.3552
-64.3574
-64.3597
-64.3619
-64.3641
-64.3662
-64.3683
-64.3705
-64.3726
-64.3746
-64.3767
-64.3787
-64.3807
-64.3827
-64.3846
-64.3865
-64.3885
-64.3904
-64.3922
-64.3941
-64.3959
-64.3977
-64.3995
-64.4013
-64.403
-64.4047
-64.4064
-64.4081
-64.4098
-64.4115
-64.4131
-64.4147
-64.4163
-64.4179
-64.4195
-64.421
-64.4225
-64.424
-64.4255
-64.427
-64.4285
-64.4299
-64.4314
-64.4328
-64.4342
-64.4356
-64.4369
-64.4383
-64.4396
-64.4409
-64.4422
-64.4435
-64.4448
-64.4461
-64.4473
-64.4485
-64.4498
-64.451
-64.4522
-64.4534
-64.4545
-64.4557
-64.4568
-64.4579
-64.4591
-64.4602
-64.4613
-64.4623
-64.4634
-64.4645
-64.4655
-64.4665
-64.4676
-64.4686
-64.4696
-64.4705
-64.4715
-64.4725
-64.4734
-64.4744
-64.4753
-64.4762
-64.4772
-64.4781
-64.4789
-64.4798
-64.4807
-64.4816
-64.4824
-64.4833
-64.4841
-64.4849
-64.4857
-64.4865
-64.4873
-64.4881
-64.4889
-64.4897
-64.4904
-64.4912
-64.4919
-64.4927
-64.4934
-64.4941
-64.4949
-64.4956
-64.4963
-64.497
-64.4976
-64.4983
-64.499
-64.4996
-64.5003
-64.5009
-64.5016
-64.5022
-64.5028
-64.5035
-64.5041
-64.5047
-64.5053
-64.5059
-64.5065
-64.5071
-64.5076
-64.5082
-64.5088
-64.5093
-64.5099
-64.5104
-64.511
-64.5115
-64.512
-64.5125
-64.5131
-64.5136
-64.5141
-64.5146
-64.5151
-64.5156
-64.5161
-64.5165
-64.517
-64.5175
-64.518
-64.5184
-64.5189
-64.5193
-64.5198
-64.5202
-64.5207
-64.5211
-64.5215
-64.522
-64.5224
-64.5228
-64.5232
-64.5236
-64.524
-64.5244
-64.5248
-64.5252
-64.5256
-64.526
-64.5264
-64.5268
-64.5272
-64.5275
-64.5279
-64.5283
-64.5286
-64.529
-64.5294
-64.5297
-64.5301
-64.5304
-64.5308
-64.5311
-64.5314
-64.5318
-64.5321
-64.5324
-64.5328
-64.5331
-64.5334
-64.5337
-64.5341
-64.5344
-64.5347
-64.535
-64.5353
-64.5356
-64.5359
-64.5362
-64.5365
-64.5368
-64.5371
-64.5374
-64.5377
-64.538
-64.5383
-64.5385
-64.5388
-64.5391
-64.5394
-64.5397
-64.5399
-64.5402
-64.5405
-64.5407
-64.541
-64.5413
-64.5415
-64.5418
-64.5421
-64.5423
-64.5426
-64.5428
-64.5431
-64.5433
-64.5436
-64.5438
-64.5441
-64.5443
-64.5446
-64.5448
-64.545
-64.5453
-64.5455
-64.5458
-64.546
-64.5462
-64.5465
-64.5467
-64.5469
-64.5472
-64.5474
-64.5476
-64.5479
-64.5481
-64.5578
-64.5697
-64.5817
-64.5931
-64.6037
-64.6134
-64.6223
-64.6304
-64.6378
-64.6447
-64.6512
-64.6571
-64.6627
-64.668
-64.673
-64.6777
-64.6821
-64.6864
-64.6904
-64.6942
-64.6978
-64.7013
-64.7046
-64.7078
-64.7108
-64.7136
-64.7164
-64.719
-64.7214
-64.7206
-64.7138
-64.6993
-64.6769
-64.6468
-64.6097
-64.5664
-64.5179
-64.4651
-64.409
-64.3504
-64.2901
-64.2287
-64.1669
-64.1051
-64.0437
-63.9832
-63.9237
-63.8656
-63.8089
-63.7539
-63.7007
-63.6493
-63.5998
-63.5523
-63.5067
-63.4631
-63.4214
-63.3817
-63.3438
-63.3079
-63.2738
-63.2415
-63.211
-63.1821
-63.1549
-63.1294
-63.1054
-63.0829
-63.0619
-63.0423
-63.0241
-63.0072
-62.9916
-62.9772
-62.964
-62.9519
-62.9409
-62.9308
-62.9218
-62.9136
-62.9062
-62.8996
-62.8938
-62.8887
-62.8842
-62.8804
-62.8773
-62.8747
-62.8726
-62.8712
-62.8702
-62.8698
-62.8698
-62.8703
-62.8713
-62.8727
-62.8746
-62.8768
-62.8795
-62.8826
-62.886
-62.8898
-62.8939
-62.8984
-62.9032
-62.9083
-62.9136
-62.9192
-62.925
-62.9309
-62.9371
-62.9433
-62.9497
-62.9562
-62.9628
-62.9694
-62.9762
-62.983
-62.9899
-62.9968
-63.0038
-63.0109
-63.0181
-63.0254
-63.0327
-63.0401
-63.0475
-63.0551
-63.0627
-63.0703
-63.0781
-63.0859
-63.0938
-63.1018
-63.1098
-63.1179
-63.1261
-63.1344
-63.1427
-63.151
-63.1595
-63.168
-63.1765
-63.1851
-63.1937
-63.2024
-63.2112
-63.22
-63.2288
-63.2376
-63.2465
-63.2555
-63.2644
-63.2734
-63.2824
-63.2914
-63.3005
-63.3096
-63.3186
-63.3277
-63.3368
-63.346
-63.3551
-63.3642
-63.3733
-63.3824
-63.3916
-63.4007
-63.4098
-63.4189
-63.428
-63.437
-63.443
-63.4431
-63.4359
-63.4209
-63.3985
-63.3691
-63.3338
-63.2935
-63.249
-63.2013
-63.1513
-63.0997
-63.0471
-62.9941
-62.9413
-62.8889
-62.8375
-62.7871
-62.7381
-62.6907
-62.6449
-62.6009
-62.5588
-62.5185
-62.4801
-62.4436
-62.409
-62.3763
-62.3454
-62.3162
-62.2888
-62.263
-62.2389
-62.2164
-62.1953
-62.1758
-62.1576
-62.1407
-62.1252
-62.1109
-62.0978
-62.0858
-62.0749
-62.0651
-62.0563
-62.0486
-62.0418
-62.0359
-62.031
-62.027
-62.0238
-62.0215
-62.0199
-62.0192
-62.0192
-62.02
-62.0215
-62.0237
-62.0265
-62.03
-62.0341
-62.0389
-62.0442
-62.0501
-62.0565
-62.0634
-62.0708
-62.0787
-62.0871
-62.0959
-62.1051
-62.1147
-62.1247
-62.1351
-62.1458
-62.1568
-62.1682
-62.1799
-62.1918
-62.2041
-62.2165
-62.2293
-62.2422
-62.2553
-62.2686
-62.2821
-62.2956
-62.3092
-62.3229
-62.3367
-62.3504
-62.3642
-62.3779
-62.3916
-62.4053
-62.4189
-62.4324
-62.4458
-62.4591
-62.4723
-62.4854
-62.4983
-62.5111
-62.5238
-62.5363
-62.5486
-62.5608
-62.5728
-62.5846
-62.5962
-62.6077
-62.619
-62.6301
-62.6411
-62.6519
-62.6625
-62.6729
-62.6831
-62.6932
-62.7031
-62.7128
-62.7223
-62.7317
-62.741
-62.7502
-62.7592
-62.7681
-62.7769
-62.7857
-62.7944
-62.803
-62.8117
-62.8203
-62.8288
-62.8374
-62.846
-62.8545
-62.8631
-62.8717
-62.8804
-62.8891
-62.8978
-62.9065
-62.9153
-62.9242
-62.9331
-62.942
-62.951
-62.96
-62.9748
-62.9917
-63.0098
-63.0283
-63.0471
-63.0659
-63.0846
-63.1032
-63.1215
-63.1396
-63.1574
-63.175
-63.1923
-63.2093
-63.226
-63.2425
-63.2586
-63.2745
-63.29
-63.3052
-63.32
-63.3345
-63.3457
-63.3507
-63.3481
-63.3375
-63.3192
-63.2939
-63.2623
-63.2255
-63.1845
-63.1401
-63.0932
-63.0445
-62.9947
-62.9444
-62.8942
-62.8443
-62.7952
-62.7471
-62.7003
-62.655
-62.6113
-62.5693
-62.5292
-62.4908
-62.4544
-62.4199
-62.3873
-62.3565
-62.3277
-62.3007
-62.2755
-62.2521
-62.2304
-62.2105
-62.1921
-62.1754
-62.1602
-62.1465
-62.1342
-62.1233
-62.1138
-62.1056
-62.0986
-62.0928
-62.0881
-62.0846
-62.0821
-62.0807
-62.0802
-62.0806
-62.082
-62.0842
-62.0872
-62.0909
-62.0953
-62.1004
-62.1061
-62.1123
-62.119
-62.1262
-62.1339
-62.142
-62.1505
-62.1593
-62.1685
-62.178
-62.1879
-62.1981
-62.2085
-62.2192
-62.2302
-62.2415
-62.2529
-62.2646
-62.2764
-62.2884
-62.3005
-62.3127
-62.325
-62.3374
-62.3498
-62.3623
-62.3748
-62.3873
-62.3998
-62.4122
-62.4246
-62.437
-62.4492
-62.4615
-62.4736
-62.4856
-62.4976
-62.5095
-62.5212
-62.5328
-62.5443
-62.5557
-62.567
-62.5781
-62.586
-62.5881
-62.5828
-62.5697
-62.5491
-62.5217
-62.4883
-62.4499
-62.4074
-62.3617
-62.3138
-62.2642
-62.2138
-62.163
-62.1123
-62.0622
-62.013
-61.965
-61.9184
-61.8733
-61.8299
-61.7884
-61.7487
-61.711
-61.6753
-61.6415
-61.6098
-61.58
-61.5522
-61.5263
-61.5023
-61.4802
-61.4598
-61.4412
-61.4243
-61.4089
-61.3952
-61.3829
-61.372
-61.3626
-61.3544
-61.3476
-61.3419
-61.3375
-61.3342
-61.3319
-61.3308
-61.3306
-61.3315
-61.3333
-61.336
-61.3395
-61.344
-61.3492
-61.3552
-61.362
-61.3695
-61.3777
-61.3866
-61.3961
-61.4062
-61.4169
-61.4281
-61.4399
-61.4522
-61.465
-61.4782
-61.4919
-61.506
-61.5205
-61.5354
-61.5506
-61.5662
-61.5821
-61.5984
-61.6149
-61.6316
-61.6487
-61.6659
-61.6834
-61.7011
-61.719
-61.7371
-61.7554
-61.7738
-61.7923
-61.811
-61.8298
-61.8488
-61.8678
-61.8869
-61.9061
-61.9254
-61.9447
-61.9641
-61.9835
-62.003
-62.0225
-62.042
-62.0615
-62.081
-62.1006
-62.1201
-62.1396
-62.1591
-62.1786
-62.198
-62.2175
-62.2368
-62.2562
-62.2755
-62.2947
-62.3139
-62.333
-62.352
-62.371
-62.3899
-62.4088
-62.4275
-62.4462
-62.4648
-62.4833
-62.5017
-62.5201
-62.5383
-62.5564
-62.5745
-62.5924
-62.6103
-62.628
-62.6456
-62.6632
-62.6806
-62.6979
-62.7151
-62.7322
-62.7492
-62.766
-62.7828
-62.7994
-62.8159
-62.8323
-62.8486
-62.8648
-62.8778
-62.8848
-62.8846
-62.8765
-62.8609
-62.8384
-62.8099
-62.7763
-62.7385
-62.6975
-62.654
-62.6088
-62.5627
-62.516
-62.4694
-62.4232
-62.3777
-62.3333
-62.2902
-62.2485
-62.2083
-62.1699
-62.1332
-62.0984
-62.0654
-62.0342
-62.0049
-61.9774
-61.9518
-61.9279
-61.9058
-61.8854
-61.8667
-61.8497
-61.8342
-61.8202
-61.8078
-61.7967
-61.7871
-61.7788
-61.7718
-61.766
-61.7614
-61.758
-61.7557
-61.7544
-61.7541
-61.7548
-61.7565
-61.759
-61.7624
-61.7666
-61.7716
-61.7774
-61.7838
-61.791
-61.7987
-61.7887
-61.7639
-61.7287
-61.6863
-61.6389
-61.5884
-61.5358
-61.4821
-61.4281
-61.3745
-61.3216
-61.2699
-61.2196
-61.1711
-61.1246
-61.0801
-61.0379
-60.9979
-60.9602
-60.925
-60.892
-60.8614
-60.8332
-60.8072
-60.7835
-60.7621
-60.7427
-60.7255
-60.7103
-60.697
-60.6857
-60.6762
-60.6685
-60.6624
-60.658
-60.6552
-60.6539
-60.654
-60.6555
-60.6583
-60.6624
-60.6677
-60.6742
-60.6817
-60.6903
-60.6999
-60.7105
-60.7219
-60.7342
-60.7474
-60.7612
-60.7759
-60.7912
-60.8072
-60.8237
-60.8409
-60.8586
-60.8769
-60.8956
-60.9148
-60.9344
-60.9544
-60.9748
-60.9956
-61.0166
-61.038
-61.0597
-61.0816
-61.1037
-61.1261
-61.1487
-61.1714
-61.1943
-61.2174
-61.2406
-61.2639
-61.2873
-61.3108
-61.3344
-61.3581
-61.3817
-61.4055
-61.4292
-61.453
-61.4768
-61.5006
-61.5243
-61.5481
-61.5718
-61.5955
-61.6191
-61.6427
-61.6662
-61.6897
-61.713
-61.7363
-61.7596
-61.7827
-61.8057
-61.8287
-61.8515
-61.8742
-61.8969
-61.9194
-61.9418
-61.964
-61.9862
-62.0082
-62.0301
-62.0518
-62.0734
-62.0949
-62.1162
-62.1374
-62.1585
-62.1794
-62.2002
-62.2208
-62.2412
-62.2616
-62.2817
-62.3017
-62.3216
-62.3413
-62.3608
-62.3802
-62.3995
-62.4186
-62.4375
-62.4563
-62.4749
-62.4933
-62.5116
-62.5298
-62.5478
-62.5656
-62.5833
-62.6008
-62.6182
-62.6354
-62.6525
-62.6694
-62.6861
-62.7027
-62.7192
-62.7355
-62.7486
-62.7557
-62.7555
-62.7474
-62.7318
-62.7093
-62.6808
-62.6471
-62.6093
-62.5682
-62.5246
-62.4794
-62.4331
-62.3864
-62.3397
-62.2934
-62.2479
-62.2034
-62.1602
-62.1185
-62.0783
-62.0398
-62.0031
-61.9682
-61.9351
-61.9038
-61.8745
-61.8469
-61.8212
-61.7973
-61.7751
-61.7547
-61.7359
-61.7187
-61.7032
-61.6891
-61.6766
-61.6655
-61.6557
-61.6473
-61.6402
-61.6343
-61.6297
-61.6261
-61.6237
-61.6223
-61.622
-61.6226
-61.6241
-61.6265
-61.6298
-61.6339
-61.6388
-61.6444
-61.6508
-61.6578
-61.6654
-61.6737
-61.6826
-61.692
-61.7019
-61.7124
-61.7233
-61.7347
-61.7465
-61.7587
-61.7713
-61.7962
-61.8242
-61.8527
-61.8807
-61.9078
-61.9341
-61.9596
-61.9844
-62.0085
-62.0321
-62.0552
-62.0779
-62.1003
-62.1225
-62.1443
-62.1659
-62.1874
-62.2086
-62.2296
-62.2505
-62.2712
-62.2917
-62.3121
-62.3323
-62.3523
-62.3722
-62.3919
-62.4115
-62.4309
-62.4501
-62.4692
-62.4882
-62.507
-62.5256
-62.544
-62.5623
-62.5805
-62.5985
-62.6163
-62.634
-62.6515
-62.6688
-62.686
-62.7031
-62.7199
-62.7367
-62.7532
-62.7696
-62.7859
-62.8019
-62.8179
-62.8336
-62.8493
-62.8647
-62.88
-62.8952
-62.9102
-62.925
-62.9398
-62.9543
-62.9687
-62.983
-62.9971
-63.011
-63.0248
-63.0385
-63.052
-63.0654
-63.0786
-63.0917
-63.1047
-63.1175
-63.1302
-63.1427
-63.1551
-63.1674
-63.1796
-63.1916
-63.2034
-63.2152
-63.2268
-63.2383
-63.2497
-63.2609
-63.272
-63.283
-63.2939
-63.3046
-63.3152
-63.3257
-63.3361
-63.3464
-63.3566
-63.3666
-63.3766
-63.3864
-63.3961
-63.4057
-63.4152
-63.4246
-63.4338
-63.443
-63.4521
-63.4611
-63.4699
-63.4787
-63.4874
-63.4959
-63.5044
-63.5128
-63.5211
-63.5292
-63.5373
-63.5453
-63.5533
-63.5611
-63.5688
-63.5764
-63.584
-63.5915
-63.5989
-63.6062
-63.6134
-63.6205
-63.6276
-63.6345
-63.6414
-63.6483
-63.655
-63.6617
-63.6682
-63.6748
-63.6812
-63.6876
-63.6939
-63.7001
-63.7062
-63.7123
-63.7183
-63.7243
-63.7301
-63.736
-63.7417
-63.7474
-63.753
-63.7586
-63.7743
-63.7922
-63.8102
-63.8275
-63.8438
-63.8592
-63.8735
-63.8871
-63.8998
-63.9119
-63.9234
-63.9344
-63.9449
-63.955
-63.9647
-63.9741
-63.9832
-63.992
-63.9996
-64.0055
-64.0091
-64.0104
-64.0095
-64.0065
-64.0017
-63.9953
-63.9877
-63.9791
-63.9697
-63.9598
-63.9495
-63.939
-63.9285
-63.918
-63.9077
-63.8977
-63.8879
-63.8785
-63.8695
-63.8609
-63.8528
-63.8451
-63.8379
-63.8311
-63.8248
-63.819
-63.8136
-63.8087
-63.8033
-63.7969
-63.7889
-63.7792
-63.7679
-63.7552
-63.7413
-63.7264
-63.7108
-63.6947
-63.6783
-63.6619
-63.6456
-63.6295
-63.6137
-63.5984
-63.5837
-63.5695
-63.556
-63.5431
-63.531
-63.5196
-63.5089
-63.4989
-63.4896
-63.481
-63.4731
-63.4659
-63.4594
-63.4535
-63.4482
-63.4435
-63.4393
-63.4358
-63.4296
-63.4182
-63.4
-63.3746
-63.3423
-63.3036
-63.2594
-63.2106
-63.1583
-63.1103
-63.0693
-63.029
-62.9878
-62.9455
-62.9244
-62.9078
-62.8915
-62.8742
-62.8557
-62.8362
-62.816
-62.7954
-62.7748
-62.7544
-62.7345
-62.7153
-62.697
-62.6795
-62.663
-62.6476
-62.6332
-62.6199
-62.6077
-62.5965
-62.5865
-62.5774
-62.5694
-62.5623
-62.5562
-62.5511
-62.5468
-62.5434
-62.5408
-62.5391
-62.5381
-62.5378
-62.5383
-62.5394
-62.5412
-62.5436
-62.5465
-62.5501
-62.5616
-62.5754
-62.5972
-62.6206
-62.643
-62.6631
-62.6804
-62.6948
-62.7286
-62.7647
-62.7989
-62.8299
-62.8574
-62.8818
-62.9025
-62.9195
-62.9328
-62.9426
-62.9494
-62.9537
-62.9558
-62.9562
-62.9553
-62.9535
-62.951
-62.9481
-62.9451
-62.9421
-62.9392
-62.9366
-62.9344
-62.9327
-62.9315
-62.9308
-62.9306
-62.9311
-62.9321
-62.941
-62.952
-62.9637
-62.9754
-62.9871
-62.9985
-63.0098
-63.0497
-63.0956
-63.1417
-63.1858
-63.2272
-63.2659
-63.3021
-63.336
-63.368
-63.3983
-63.4272
-63.4549
-63.4815
-63.5071
-63.5319
-63.5559
-63.5792
-63.6019
-63.624
-63.6455
-63.6656
-63.6838
-63.6996
-63.7129
-63.7239
-63.7327
-63.7396
-63.7449
-63.7487
-63.7515
-63.7525
-63.7803
-63.8159
-63.8511
-63.8829
-63.9103
-63.9334
-63.9527
-63.9688
-63.9822
-63.9926
-64
-64.0042
-64.0055
-64.0043
-64.0076
-64.0105
-64.0122
-64.0125
-64.0115
-64.0087
-64.0037
-63.9965
-63.9872
-63.976
-63.9633
-63.9495
-63.9415
-63.9345
-63.9274
-63.9199
-63.912
-63.904
-63.896
-63.8882
-63.9006
-63.9177
-63.9355
-63.9525
-63.9684
-63.9829
-63.9964
-64.009
-64.021
-64.0324
-64.0435
-64.0543
-64.0649
-64.0755
-64.0861
-64.0966
-64.1072
-64.1178
-64.1284
-64.1391
-64.1499
-64.1606
-64.1779
-64.1966
-64.2154
-64.2337
-64.2514
-64.2685
-64.285
-64.3009
-64.3163
-64.3313
-64.3459
-64.3602
-64.3741
-64.3869
-64.3979
-64.4067
-64.4182
-64.4294
-64.4395
-64.4482
-64.4555
-64.4617
-64.4667
-64.4707
-64.474
-64.4768
-64.479
-64.4809
-64.4825
-64.4903
-64.4993
-64.5084
-64.5171
-64.5253
-64.533
-64.5402
-64.5471
-64.5537
-64.56
-64.5662
-64.5722
-64.5968
-64.6253
-64.6539
-64.6811
-64.7065
-64.73
-64.7774
-64.832
-64.8867
-64.9389
-64.9876
-65.0329
-65.075
-65.1141
-65.1507
-65.1662
-65.1699
-65.1622
-65.1455
-65.1217
-65.0925
-65.0594
-65.0232
-64.985
-64.9454
-64.9051
-64.8644
-64.8238
-64.7836
-64.7441
-64.7054
-64.6677
-64.6304
-64.5928
-64.5546
-64.5157
-64.4763
-64.4366
-64.3969
-64.3573
-64.3181
-64.2796
-64.2419
-64.2052
-64.1698
-64.1356
-64.1027
-64.0712
-64.0412
-64.0126
-63.9921
-63.9744
-63.9573
-63.9398
-63.9211
-63.9209
-63.9239
-63.9261
-63.9262
-63.924
-63.9198
-63.9139
-63.9059
-63.8956
-63.8829
-63.8681
-63.8514
-63.8332
-63.814
-63.7941
-63.7805
-63.7683
-63.7556
-63.7414
-63.7253
-63.7075
-63.6882
-63.6676
-63.6461
-63.624
-63.6018
-63.5796
-63.5569
-63.5333
-63.5086
-63.4829
-63.4562
-63.429
-63.4014
-63.3739
-63.3466
-63.3198
-63.2929
-63.2655
-63.2374
-63.2085
-63.1791
-63.1494
-63.1197
-63.0901
-63.061
-63.0325
-63.0121
-62.9943
-62.9777
-62.9618
-62.9466
-62.932
-62.9181
-62.905
-62.8927
-62.8813
-62.8701
-62.8583
-62.8457
-62.8322
-62.8699
-62.9221
-62.9758
-63.0261
-63.0716
-63.1121
-63.1481
-63.1804
-63.2094
-63.236
-63.2605
-63.2834
-63.3049
-63.3255
-63.3452
-63.3643
-63.3828
-63.4009
-63.4186
-63.4361
-63.4533
-63.4703
-63.4871
-63.5038
-63.5203
-63.5367
-63.553
-63.5692
-63.5853
-63.6013
-63.6172
-63.6299
-63.6367
-63.6363
-63.6282
-63.6127
-63.5904
-63.5624
-63.5362
-63.5076
-63.4759
-63.4415
-63.4049
-63.3667
-63.3274
-63.2877
-63.2479
-63.2084
-63.1696
-63.1317
-63.0948
-63.0593
-63.0251
-62.9924
-62.9612
-62.9316
-62.9036
-62.8772
-62.8525
-62.8293
-62.8077
-62.7876
-62.7689
-62.7517
-62.7358
-62.7213
-62.708
-62.7033
-62.7014
-62.7006
-62.7005
-62.7007
-62.7011
-62.7019
-62.703
-62.7045
-62.7063
-62.7085
-62.7112
-62.7144
-62.718
-62.722
-62.7265
-62.7314
-62.7368
-62.7425
-62.7487
-62.7552
-62.7621
-62.7694
-62.777
-62.7849
-62.7931
-62.8016
-62.8104
-62.8194
-62.8287
-62.8382
-62.8479
-62.8578
-62.8679
-62.8781
-62.8885
-62.8991
-62.9098
-62.9262
-62.9449
-62.9647
-62.985
-63.0055
-63.0261
-63.0465
-63.0668
-63.0868
-63.1066
-63.1261
-63.1454
-63.1643
-63.1829
-63.2012
-63.2193
-63.237
-63.2545
-63.2717
-63.2885
-63.3052
-63.3215
-63.3376
-63.3534
-63.3689
-63.3842
-63.3991
-63.4138
-63.4281
-63.4422
-63.4559
-63.4692
-63.4822
-63.4918
-63.4953
-63.4911
-63.479
-63.4591
-63.4321
-63.3989
-63.3604
-63.3175
-63.2712
-63.2224
-63.1717
-63.1198
-63.0674
-63.0149
-62.9627
-62.9112
-62.8606
-62.8113
-62.7634
-62.7171
-62.6724
-62.6295
-62.5883
-62.5491
-62.5116
-62.4761
-62.4424
-62.4105
-62.3805
-62.3522
-62.3256
-62.3008
-62.2775
-62.2558
-62.2356
-62.2169
-62.1995
-62.1834
-62.1687
-62.1551
-62.1427
-62.1315
-62.1213
-62.1122
-62.104
-62.0969
-62.0907
-62.0853
-62.0809
-62.0773
-62.0745
-62.0724
-62.0711
-62.0704
-62.0703
-62.0709
-62.072
-62.0736
-62.0757
-62.0783
-62.0813
-62.0848
-62.0885
-62.0927
-62.0971
-62.1018
-62.1068
-62.112
-62.1175
-62.1231
-62.129
-62.135
-62.1412
-62.1475
-62.1539
-62.1605
-62.1671
-62.1738
-62.1776
-62.1758
-62.167
-62.1507
-62.1273
-62.0973
-62.0617
-62.0212
-61.977
-61.9298
-61.8804
-61.8297
-61.7783
-61.7266
-61.6753
-61.6246
-61.5749
-61.5265
-61.4795
-61.4342
-61.3906
-61.3489
-61.3091
-61.2712
-61.2354
-61.2014
-61.1695
-61.1394
-61.1113
-61.085
-61.0605
-61.0378
-61.0168
-60.9975
-60.9798
-60.9637
-60.9492
-60.9362
-60.9246
-60.9144
-60.9056
-60.8981
-60.8919
-60.8869
-60.8831
-60.8804
-60.8789
-60.8784
-60.8789
-60.8804
-60.8828
-60.8862
-60.8904
-60.8955
-60.9141
-60.9364
-60.9596
-60.9826
