-65
-64.9848
-64.9714
-64.9581
-64.9453
-64.9331
-64.9218
-64.9115
-64.9021
-64.8937
-64.8861
-64.8793
-64.8732
-64.8678
-64.8629
-64.8585
-64.8546
-64.851
-64.8479
-64.845
-64.8425
-64.8402
-64.8382
-64.8363
-64.8347
-64.8333
-64.832
-64.8309
-64.8299
-64.8291
-64.8284
-64.8278
-64.8273
-64.8269
-64.8266
-64.8264
-64.8262
-64.8262
-64.8262
-64.8263
-64.8264
-64.8267
-64.8269
-64.8272
-64.8276
-64.828
-64.8285
-64.8289
-64.8295
-64.83
-64.8306
-64.8313
-64.8319
-64.8326
-64.8333
-64.8341
-64.8348
-64.8356
-64.8364
-64.8372
-64.838
-64.8389
-64.8397
-64.8406
-64.8415
-64.8424
-64.8433
-64.8442
-64.8452
-64.8461
-64.847
-64.848
-64.8489
-64.8499
-64.8508
-64.8518
-64.8528
-64.8538
-64.8547
-64.8557
-64.8567
-64.8577
-64.8586
-64.8596
-64.8606
-64.8616
-64.8625
-64.8635
-64.8645
-64.8655
-64.8664
-64.8674
-64.8684
-64.8693
-64.8703
-64.8712
-64.8722
-64.8731
-64.8741
-64.875
-64.876
-64.8769
-64.8778
-64.8787
-64.8797
-64.8806
-64.8815
-64.8824
-64.8833
-64.8842
-64.8851
-64.886
-64.8868
-64.8877
-64.8886
-64.8894
-64.8903
-64.8912
-64.892
-64.8928
-64.8937
-64.8945
-64.8953
-64.8961
-64.897
-64.8978
-64.8986
-64.8994
-64.9001
-64.9009
-64.9017
-64.9025
-64.9032
-64.904
-64.9048
-64.9055
-64.9062
-64.907
-64.9077
-64.9084
-64.9091
-64.9099
-64.9106
-64.9113
-64.912
-64.9127
-64.9133
-64.914
-64.9147
-64.9154
-64.916
-64.9167
-64.9173
-64.918
-64.9186
-64.9193
-64.9199
-64.9205
-64.9211
-64.9217
-64.9223
-64.9229
-64.9235
-64.9241
-64.9247
-64.9253
-64.9259
-64.9265
-64.927
-64.9276
-64.9281
-64.9287
-64.9292
-64.9298
-64.9303
-64.9308
-64.9314
-64.9319
-64.9324
-64.9329
-64.9334
-64.9339
-64.9344
-64.9349
-64.9354
-64.9359
-64.9364
-64.9369
-64.9373
-64.9378
-64.9383
-64.9387
-64.9392
-64.9396
-64.9401
-64.9405
-64.9409
-64.9414
-64.9418
-64.9422
-64.9427
-64.9431
-64.9435
-64.9439
-64.9443
-64.9447
-64.9451
-64.9455
-64.9459
-64.9463
-64.9466
-64.947
-64.9474
-64.9478
-64.9481
-64.9485
-64.9489
-64.9492
-64.9496
-64.9499
-64.9503
-64.9506
-64.9509
-64.9513
-64.9516
-64.9519
-64.9523
-64.9526
-64.9529
-64.9532
-64.9535
-64.9538
-64.9542
-64.9545
-64.9548
-64.9551
-64.9553
-64.9556
-64.9559
-64.9562
-64.9565
-64.9568
-64.9571
-64.9573
-64.9576
-64.9579
-64.9581
-64.9584
-64.9586
-64.9589
-64.9592
-64.9594
-64.9597
-64.9599
-64.9601
-64.9604
-64.9606
-64.9609
-64.9611
-64.9613
-64.9616
-64.9618
-64.962
-64.9622
-64.9624
-64.9627
-64.9629
-64.9631
-64.9633
-64.9635
-64.9637
-64.9639
-64.9641
-64.9643
-64.9645
-64.9647
-64.9649
-64.9651
-64.9653
-64.9654
-64.9656
-64.9658
-64.966
-64.9662
-64.9663
-64.9665
-64.9667
-64.9668
-64.967
-64.9672
-64.9673
-64.9675
-64.9677
-64.9678
-64.968
-64.9681
-64.9683
-64.9684
-64.9686
-64.9687
-64.9689
-64.969
-64.9692
-64.9693
-64.9694
-64.9696
-64.9697
-64.9698
-64.97
-64.9701
-64.9702
-64.9703
-64.9705
-64.9706
-64.9707
-64.9708
-64.971
-64.9711
-64.9712
-64.9713
-64.9714
-64.9715
-64.9716
-64.9717
-64.9719
-64.972
-64.9721
-64.9722
-64.9723
-64.9724
-64.9725
-64.9726
-64.9727
-64.9728
-64.9729
-64.9729
-64.973
-64.9731
-64.9732
-64.9733
-64.9734
-64.9735
-64.9736
-64.9736
-64.9737
-64.9738
-64.9739
-64.974
-64.974
-64.9741
-64.9742
-64.9743
-64.9743
-64.9744
-64.9745
-64.9746
-64.9746
-64.9747
-64.9748
-64.9748
-64.9749
-64.975
-64.975
-64.9751
-64.9751
-64.9752
-64.9753
-64.9753
-64.9754
-64.9754
-64.9755
-64.9755
-64.9756
-64.9757
-64.9757
-64.9758
-64.9758
-64.9759
-64.9759
-64.976
-64.976
-64.976
-64.9761
-64.9761
-64.9762
-64.9762
-64.9763
-64.9763
-64.9763
-64.9764
-64.9764
-64.9765
-64.9765
-64.9765
-64.9766
-64.9766
-64.9766
-64.9767
-64.9767
-64.9768
-64.9768
-64.9768
-64.9768
-64.9769
-64.9769
-64.9769
-64.977
-64.977
-64.977
-64.977
-64.9771
-64.9771
-64.9771
-64.9772
-64.9772
-64.9772
-64.9772
-64.9772
-64.9773
-64.9773
-64.9773
-64.9773
-64.9773
-64.9774
-64.9774
-64.9774
-64.9774
-64.9774
-64.9775
-64.9775
-64.9775
-64.9775
-64.9775
-64.9775
-64.9775
-64.9776
-64.9776
-64.9776
-64.9776
-64.9776
-64.9776
-64.9776
-64.9776
-64.9777
-64.9777
-64.9777
-64.9777
-64.9777
-64.9777
-64.9777
-64.9777
-64.9777
-64.9777
-64.9777
-64.9777
-64.9777
-64.9778
-64.9778
-64.9778
-64.9778
-64.9778
-64.9778
-64.9778
-64.9778
-64.9778
-64.9778
-64.9778
-64.9778
-64.9778
-64.9778
-64.9778
-64.9778
-64.9778
-64.9778
-64.9778
-64.9778
-64.9778
-64.9778
-64.9778
-64.9778
-64.9778
-64.9778
-64.9778
-64.9778
-64.9778
-64.9778
-64.9778
-64.9778
-64.9778
-64.9777
-64.9777
-64.9777
-64.9777
-64.9777
-64.9777
-64.9777
-64.9777
-64.9777
-64.9777
-64.9777
-64.9777
-64.9777
-64.9777
-64.9777
-64.9777
-64.9776
-64.9776
-64.9776
-64.9776
-64.9776
-64.9776
-64.9776
-64.9776
-64.9776
-64.9776
-64.9776
-64.9776
-64.9775
-64.9775
-64.9775
-64.9775
-64.9775
-64.9775
-64.9775
-64.9775
-64.9775
-64.9774
-64.9774
-64.9774
-64.9774
-64.9774
-64.9774
-64.9774
-64.9774
-64.9774
-64.9773
-64.9773
-64.9773
-64.9773
-64.9773
-64.9773
-64.9773
-64.9772
-64.9772
-64.9772
-64.9772
-64.9772
-64.9772
-64.9772
-64.9772
-64.9771
-64.9771
-64.9771
-64.9771
-64.9771
-64.9771
-64.9771
-64.977
-64.977
-64.977
-64.977
-64.977
-64.977
-64.9769
-64.9769
-64.9769
-64.9769
-64.9769
-64.9769
-64.9769
-64.9768
-64.9768
-64.9768
-64.9768
-64.9768
-64.9768
-64.9767
-64.9767
-64.9767
-64.9767
-64.9767
-64.9767
-64.9766
-64.9766
-64.9766
-64.9766
-64.9766
-64.9766
-64.9765
-64.9765
-64.9765
-64.9765
-64.9765
-64.9765
-64.9764
-64.9764
-64.9764
-64.9764
-64.9764
-64.9764
-64.9763
-64.9763
-64.9763
-64.9763
-64.9763
-64.9763
-64.9762
-64.9762
-64.9762
-64.9762
-64.9762
-64.9762
-64.9761
-64.9761
-64.9761
-64.9761
-64.9761
-64.9761
-64.976
-64.976
-64.976
-64.976
-64.976
-64.9759
-64.9759
-64.9759
-64.9759
-64.9759
-64.9759
-64.9758
-64.9758
-64.9758
-64.9758
-64.9758
-64.9758
-64.9757
-64.9757
-64.9757
-64.9757
-64.9757
-64.9756
-64.9756
-64.9756
-64.9756
-64.9756
-64.9756
-64.9755
-64.9755
-64.9755
-64.9755
-64.9755
-64.9755
-64.9754
-64.9754
-64.9754
-64.9754
-64.9754
-64.9753
-64.9753
-64.9753
-64.9753
-64.9753
-64.9753
-64.9752
-64.9752
-64.9752
-64.9752
-64.9752
-64.9752
-64.9751
-64.9751
-64.9751
-64.9751
-64.9751
-64.975
-64.975
-64.975
-64.975
-64.975
-64.975
-64.9749
-64.9749
-64.9749
-64.9749
-64.9749
-64.9749
-64.9748
-64.9748
-64.9748
-64.9748
-64.9748
-64.9748
-64.9747
-64.9747
-64.9747
-64.9747
-64.9747
-64.9747
-64.9746
-64.9746
-64.9746
-64.9746
-64.9746
-64.9746
-64.9745
-64.9745
-64.9745
-64.9745
-64.9745
-64.9745
-64.9744
-64.9744
-64.9744
-64.9744
-64.9744
-64.9744
-64.9743
-64.9743
-64.9743
-64.9743
-64.9743
-64.9743
-64.9742
-64.9742
-64.9742
-64.9742
-64.9742
-64.9742
-64.9741
-64.9741
-64.9741
-64.9741
-64.9741
-64.9741
-64.974
-64.974
-64.974
-64.974
-64.974
-64.974
-64.9739
-64.9739
-64.9739
-64.9739
-64.9739
-64.9739
-64.9739
-64.9738
-64.9738
-64.9738
-64.9738
-64.9738
-64.9738
-64.9737
-64.9737
-64.9737
-64.9737
-64.9737
-64.9737
-64.9736
-64.9736
-64.9736
-64.9736
-64.9736
-64.9736
-64.9736
-64.9735
-64.9735
-64.9735
-64.9735
-64.9735
-64.9735
-64.9735
-64.9734
-64.9734
-64.9734
-64.9734
-64.9734
-64.9734
-64.9734
-64.9733
-64.9733
-64.9733
-64.9733
-64.9733
-64.9733
-64.9732
-64.9732
-64.9732
-64.9732
-64.9732
-64.9732
-64.9732
-64.9732
-64.9731
-64.9731
-64.9731
-64.9731
-64.9731
-64.9731
-64.9731
-64.973
-64.973
-64.973
-64.973
-64.973
-64.973
-64.973
-64.9729
-64.9729
-64.9729
-64.9729
-64.9729
-64.9729
-64.9729
-64.9728
-64.9728
-64.9728
-64.9728
-64.9728
-64.9728
-64.9728
-64.9728
-64.9727
-64.9727
-64.9727
-64.9727
-64.9727
-64.9727
-64.9727
-64.9727
-64.9726
-64.9726
-64.9726
-64.9726
-64.9726
-64.9726
-64.9726
-64.9725
-64.9725
-64.9725
-64.9725
-64.9725
-64.9725
-64.9725
-64.9725
-64.9724
-64.9724
-64.9724
-64.9724
-64.9724
-64.9724
-64.9724
-64.9724
-64.9724
-64.9723
-64.9723
-64.9723
-64.9723
-64.9723
-64.9723
-64.9723
-64.9723
-64.9722
-64.9722
-64.9722
-64.9722
-64.9722
-64.9722
-64.9722
-64.9722
-64.9721
-64.9721
-64.9721
-64.9721
-64.9721
-64.9721
-64.9721
-64.9721
-64.9721
-64.972
-64.972
-64.972
-64.972
-64.972
-64.972
-64.972
-64.972
-64.972
-64.9719
-64.9719
-64.9719
-64.9719
-64.9719
-64.9719
-64.9719
-64.9719
-64.9719
-64.9718
-64.9718
-64.9718
-64.9718
-64.9718
-64.9718
-64.9718
-64.9718
-64.9718
-64.9718
-64.9717
-64.9717
-64.9717
-64.9717
-64.9717
-64.9717
-64.9717
-64.9717
-64.9717
-64.9717
-64.9716
-64.9716
-64.9716
-64.9716
-64.9716
-64.9716
-64.9716
-64.9716
-64.9716
-64.9716
-64.9715
-64.9715
-64.9715
-64.9715
-64.9715
-64.9715
-64.9715
-64.9715
-64.9715
-64.9715
-64.9714
-64.9714
-64.9714
-64.9714
-64.9714
-64.9714
-64.9714
-64.9714
-64.9714
-64.9714
-64.9714
-64.9713
-64.9713
-64.9713
-64.9713
-64.9713
-64.9713
-64.9713
-64.9713
-64.9713
-64.9713
-64.9713
-64.9712
-64.9712
-64.9712
-64.9712
-64.9712
-64.9712
-64.9712
-64.9712
-64.9712
-64.9712
-64.9712
-64.9711
-64.9711
-64.9711
-64.9711
-64.9711
-64.9711
-64.9711
-64.9711
-64.9711
-64.9711
-64.9711
-64.9711
-64.971
-64.971
-64.971
-64.971
-64.971
-64.971
-64.971
-64.971
-64.971
-64.971
-64.971
-64.971
-64.9709
-64.9709
-64.9709
-64.9709
-64.9709
-64.9709
-64.9709
-64.9709
-64.9709
-64.9709
-64.9709
-64.9709
-64.9709
-64.9708
-64.9708
-64.9708
-64.9708
-64.9708
-64.9708
-64.9708
-64.9708
-64.9708
-64.9708
-64.9708
-64.9708
-64.9708
-64.9707
-64.9707
-64.9707
-64.9707
-64.9707
-64.9707
-64.9707
-64.9707
-64.9707
-64.9707
-64.9707
-64.9707
-64.9707
-64.9707
-64.9706
-64.9706
-64.9706
-64.9706
-64.9706
-64.9706
-64.9706
-64.9706
-64.9706
-64.9706
-64.9706
-64.9706
-64.9706
-64.9706
-64.9706
-64.9705
-64.9705
-64.9705
-64.9705
-64.9705
-64.9705
-64.9705
-64.9705
-64.9705
-64.9705
-64.9705
-64.9705
-64.9705
-64.9705
-64.9705
-64.9704
-64.9704
-64.9704
-64.9704
-64.9704
-64.9704
-64.9704
-64.9704
-64.9704
-64.9704
-64.9704
-64.9704
-64.9704
-64.9704
-64.9704
-64.9704
-64.9703
-64.9703
-64.9703
-64.9703
-64.9703
-64.9703
-64.9703
-64.9703
-64.9703
-64.9703
-64.9703
-64.9703
-64.9703
-64.9703
-64.9703
-64.9703
-64.9703
-64.9702
-64.9702
-64.9702
-64.9702
-64.9702
-64.9702
-64.9702
-64.9702
-64.9702
-64.9702
-64.9702
-64.9702
-64.9702
-64.9702
-64.9702
-64.9702
-64.9702
-64.9702
-64.9701
-64.9701
-64.9701
-64.9701
-64.9701
-64.9701
-64.9701
-64.9701
-64.9701
-64.9701
-64.9701
-64.9701
-64.9701
-64.9701
-64.9701
-64.9701
-64.9701
-64.9701
-64.9701
-64.97
-64.97
-64.97
-64.97
-64.97
-64.97
-64.97
-64.97
-64.97
-64.97
-64.97
-64.97
-64.97
-64.97
-64.97
-64.97
-64.97
-64.97
-64.97
-64.97
-64.9699
-64.9699
-64.9699
-64.9699
-64.9699
-64.9699
-64.9699
-64.9699
-64.9699
-64.9699
-64.9699
-64.9699
-64.9699
-64.9699
-64.9699
-64.9699
-64.9699
-64.9699
-64.9699
-64.9699
-64.9699
-64.9699
-64.9698
-64.9698
-64.9698
-64.9698
-64.9698
-64.9698
-64.9698
-64.9698
-64.9698
-64.9698
-64.9698
-64.9698
-64.9698
-64.9698
-64.9698
-64.9698
-64.9698
-64.9698
-64.9698
-64.9698
-64.9698
-64.9698
-64.9698
-64.9698
-64.9697
-64.9697
-64.9697
-64.9697
-64.9697
-64.9697
-64.9697
-64.9697
-64.9697
-64.9697
-64.9697
-64.9697
-64.9697
-64.9697
-64.9697
-64.9697
-64.9697
-64.9697
-64.9697
-64.9697
-64.9697
-64.9697
-64.9697
-64.9697
-64.9697
-64.9697
-64.9696
-64.9696
-64.9696
-64.9696
-64.9696
-64.9696
-64.9696
-64.9696
-64.9696
-64.9696
-64.9696
-64.9696
-64.9696
-64.9696
-64.9696
-64.9696
-64.9696
-64.9696
-64.9696
-64.9696
-64.9696
-64.9696
-64.9696
-64.9696
-64.9696
-64.9696
-64.9696
-64.9696
-64.9695
-64.9695
-64.9695
-64.9695
-64.9695
-64.9695
-64.9695
-64.9695
-64.9695
-64.9695
-64.9695
-64.9695
-64.9695
-64.9695
-64.9695
-64.9695
-64.9695
-64.9695
-64.9695
-64.9695
-64.9695
-64.9695
-64.9695
-64.9695
-64.9695
-64.9695
-64.9695
-64.9695
-64.9695
-64.9695
-64.9695
-64.9695
-64.9695
-64.9694
-64.9694
-64.9694
-64.9694
-64.9694
-64.9694
-64.9694
-64.9694
-64.9694
-64.9694
-64.9694
-64.9694
-64.9694
-64.9694
-64.9694
-64.9694
-64.9694
-64.9694
-64.9694
-64.9694
-64.9694
-64.9694
-64.9694
-64.9694
-64.9694
-64.9694
-64.9694
-64.9694
-64.9694
-64.9694
-64.9694
-64.9694
-64.9694
-64.9694
-64.9694
-64.9694
-64.9693
-64.9693
-64.9693
-64.9693
-64.9693
-64.9693
-64.9693
-64.9693
-64.9693
-64.9693
-64.9693
-64.9693
-64.9693
-64.9693
-64.9693
-64.9693
-64.9693
-64.9693
-64.9693
-64.9693
-64.9693
-64.9693
-64.9693
-64.9693
-64.9693
-64.9693
-64.9693
-64.9693
-64.9693
-64.9693
-64.9693
-64.9693
-64.9693
-64.9693
-64.9693
-64.9693
-64.9693
-64.9693
-64.9693
-64.9693
-64.9693
-64.9693
-64.9693
-64.9693
-64.9692
-64.9692
-64.9692
-64.9692
-64.9692
-64.9692
-64.9692
-64.9692
-64.9692
-64.9692
-64.9692
-64.9692
-64.9692
-64.9692
-64.9692
-64.9692
-64.9692
-64.9692
-64.9692
-64.9692
-64.9692
-64.9692
-64.9692
-64.9692
-64.9692
-64.9692
-64.9692
-64.9692
-64.9692
-64.9692
-64.9692
-64.9692
-64.9692
-64.9692
-64.9692
-64.9692
-64.9692
-64.9692
-64.9692
-64.9692
-64.9692
-64.9692
-64.9692
-64.9692
-64.9692
-64.9692
-64.9692
-64.9692
-64.9692
-64.9692
-64.9692
-64.9692
-64.9692
-64.9692
-64.9691
-64.9691
-64.9691
-64.9691
-64.9691
-64.9691
-64.9691
-64.9691
-64.9691
-64.9691
-64.9691
-64.9691
-64.9691
-64.9691
-64.9691
-64.9691
-64.9691
-64.9691
-64.9691
-64.9691
-64.9691
-64.9691
-64.9691
-64.9691
-64.9691
-64.9691
-64.9691
-64.9691
-64.9691
-64.9691
-64.9691
-64.9691
-64.9691
-64.9691
-64.9691
-64.9691
-64.9691
-64.9691
-64.9691
-64.9691
-64.9691
-64.9691
-64.9691
-64.9691
-64.9691
-64.9691
-64.9691
-64.9691
-64.9691
-64.9691
-64.9691
-64.9691
-64.9691
-64.9691
-64.9691
-64.9691
-64.9691
-64.9691
-64.9691
-64.9691
-64.9691
-64.9691
-64.9691
-64.9691
-64.9691
-64.9691
-64.9691
-64.9691
-64.9691
-64.9691
-64.9691
-64.9659
-64.9567
-64.9401
-64.9155
-64.8833
-64.844
-64.7987
-64.7481
-64.6934
-64.6354
-64.575
-64.5129
-64.4498
-64.3863
-64.3229
-64.26
-64.1979
-64.137
-64.0775
-64.0196
-63.9634
-63.909
-63.8566
-63.8061
-63.7576
-63.7111
-63.6667
-63.6243
-63.5839
-63.5454
-63.5089
-63.4743
-63.4416
-63.4107
-63.3815
-63.354
-63.3283
-63.3041
-63.2815
-63.2604
-63.2408
-63.2227
-63.2058
-63.1903
-63.1761
-63.1631
-63.1513
-63.1406
-63.1311
-63.1225
-63.115
-63.1085
-63.1029
-63.0982
-63.0944
-63.0913
-63.0891
-63.0877
-63.0869
-63.0869
-63.0876
-63.0888
-63.0907
-63.0932
-63.0962
-63.0998
-63.1039
-63.1084
-63.1135
-63.1189
-63.1248
-63.1311
-63.1378
-63.1448
-63.1522
-63.1599
-63.1679
-63.1762
-63.1847
-63.1936
-63.2026
-63.212
-63.2215
-63.2312
-63.2412
-63.2513
-63.2615
-63.272
-63.2826
-63.2933
-63.3042
-63.3151
-63.3262
-63.3374
-63.3487
-63.36
-63.3714
-63.3829
-63.3945
-63.4061
-63.4178
-63.4295
-63.4412
-63.453
-63.4648
-63.4766
-63.4884
-63.5003
-63.5121
-63.524
-63.5358
-63.5476
-63.5594
-63.5712
-63.583
-63.5948
-63.6065
-63.6182
-63.6299
-63.6415
-63.6531
-63.6646
-63.6761
-63.6876
-63.699
-63.7104
-63.7217
-63.733
-63.7442
-63.7554
-63.7665
-63.7775
-63.7885
-63.7994
-63.8102
-63.821
-63.8318
-63.8424
-63.853
-63.8635
-63.874
-63.8844
-63.8947
-63.905
-63.9151
-63.9252
-63.9353
-63.9452
-63.9551
-63.9649
-63.9747
-63.9843
-63.9939
-64.0034
-64.0129
-64.0222
-64.0315
-64.0408
-64.0499
-64.059
-64.068
-64.0769
-64.0857
-64.0945
-64.1032
-64.1118
-64.1204
-64.1289
-64.1373
-64.1456
-64.1539
-64.162
-64.1702
-64.1782
-64.1862
-64.1941
-64.2019
-64.2096
-64.2173
-64.2249
-64.2325
-64.24
-64.2474
-64.2547
-64.262
-64.2692
-64.2763
-64.2834
-64.2904
-64.2973
-64.3042
-64.311
-64.3177
-64.3244
-64.331
-64.3375
-64.344
-64.3504
-64.3568
-64.3631
-64.3693
-64.3755
-64.3816
-64.3876
-64.3936
-64.3996
-64.4054
-64.4112
-64.417
-64.4227
-64.4283
-64.4339
-64.4394
-64.4449
-64.4503
-64.4557
-64.461
-64.4663
-64.4715
-64.4766
-64.4817
-64.4867
-64.4917
-64.4967
-64.5016
-64.5064
-64.5112
-64.5159
-64.5206
-64.5253
-64.5299
-64.5344
-64.5389
-64.5434
-64.5478
-64.5521
-64.5564
-64.5607
-64.5649
-64.5691
-64.5733
-64.5773
-64.5814
-64.5854
-64.5894
-64.5933
-64.5972
-64.601
-64.6048
-64.6086
-64.6123
-64.616
-64.6196
-64.6232
-64.6268
-64.6303
-64.6338
-64.6372
-64.6406
-64.644
-64.6473
-64.6506
-64.6539
-64.6571
-64.6603
-64.6635
-64.6666
-64.6697
-64.6727
-64.6758
-64.6787
-64.6817
-64.6846
-64.6875
-64.6904
-64.6932
-64.696
-64.6988
-64.7015
-64.7042
-64.7069
-64.7095
-64.7121
-64.7147
-64.7173
-64.7198
-64.7223
-64.7248
-64.7272
-64.7296
-64.732
-64.7344
-64.7367
-64.739
-64.7413
-64.7435
-64.7458
-64.748
-64.7502
-64.7523
-64.7544
-64.7565
-64.7586
-64.7607
-64.7627
-64.7647
-64.7667
-64.7687
-64.7706
-64.7725
-64.7744
-64.7763
-64.7781
-64.78
-64.7818
-64.7835
-64.7853
-64.787
-64.7888
-64.7905
-64.7921
-64.7938
-64.7955
-64.7971
-64.7987
-64.8003
-64.8018
-64.8034
-64.8049
-64.8064
-64.8079
-64.8094
-64.8108
-64.8122
-64.8137
-64.8151
-64.8164
-64.8178
-64.8191
-64.8205
-64.8218
-64.8231
-64.8244
-64.8256
-64.8269
-64.8281
-64.8293
-64.8305
-64.8317
-64.8329
-64.8341
-64.8352
-64.8363
-64.8374
-64.8385
-64.8396
-64.8407
-64.8418
-64.8428
-64.8438
-64.8449
-64.8459
-64.8468
-64.8478
-64.8488
-64.8497
-64.8507
-64.8516
-64.8525
-64.8534
-64.8543
-64.8552
-64.8561
-64.8569
-64.8577
-64.8586
-64.8594
-64.8602
-64.861
-64.8618
-64.8626
-64.8633
-64.8641
-64.8648
-64.8656
-64.8663
-64.867
-64.8677
-64.8684
-64.8691
-64.8697
-64.8704
-64.8711
-64.8717
-64.8723
-64.873
-64.8736
-64.8742
-64.8748
-64.8754
-64.876
-64.8765
-64.8771
-64.8776
-64.8782
-64.8787
-64.8793
-64.8798
-64.8803
-64.8808
-64.8813
-64.8818
-64.8823
-64.8828
-64.8832
-64.8837
-64.8841
-64.8846
-64.885
-64.8854
-64.8859
-64.8863
-64.8867
-64.8871
-64.8875
-64.8879
-64.8883
-64.8887
-64.889
-64.8894
-64.8898
-64.8901
-64.8905
-64.8908
-64.8911
-64.8915
-64.8918
-64.8921
-64.8924
-64.8927
-64.893
-64.8933
-64.8936
-64.8939
-64.8942
-64.8944
-64.8947
-64.895
-64.8952
-64.8955
-64.8957
-64.896
-64.8962
-64.8965
-64.8967
-64.8969
-64.8971
-64.8974
-64.8976
-64.8978
-64.898
-64.8982
-64.8984
-64.8986
-64.8988
-64.8989
-64.8991
-64.8993
-64.8995
-64.8996
-64.8998
-64.8999
-64.9001
-64.9003
-64.9004
-64.9006
-64.9007
-64.9008
-64.901
-64.9011
-64.9012
-64.9013
-64.9015
-64.9016
-64.9017
-64.9018
-64.9019
-64.902
-64.9021
-64.9022
-64.9023
-64.9024
-64.9025
-64.9026
-64.9027
-64.9028
-64.9029
-64.9029
-64.903
-64.9031
-64.9031
-64.9032
-64.9033
-64.9033
-64.9034
-64.9035
-64.9035
-64.9036
-64.9036
-64.9037
-64.9037
-64.9038
-64.9038
-64.9038
-64.9039
-64.9039
-64.904
-64.904
-64.904
-64.904
-64.9041
-64.9041
-64.9041
-64.9041
-64.9042
-64.9042
-64.9042
-64.9042
-64.9042
-64.9042
-64.9042
-64.9042
-64.9043
-64.9043
-64.9043
-64.9043
-64.9043
-64.9043
-64.9043
-64.9043
-64.9042
-64.9042
-64.9042
-64.9042
-64.9042
-64.9042
-64.9042
-64.9042
-64.9042
-64.9041
-64.9041
-64.9041
-64.9041
-64.9041
-64.904
-64.904
-64.904
-64.904
-64.904
-64.9039
-64.9039
-64.9039
-64.9038
-64.9038
-64.9038
-64.9037
-64.9037
-64.9037
-64.9036
-64.9036
-64.9036
-64.9035
-64.9035
-64.9035
-64.9034
-64.9034
-64.9033
-64.9033
-64.9033
-64.9032
-64.9032
-64.9031
-64.9031
-64.903
-64.903
-64.903
-64.9029
-64.9029
-64.9028
-64.9028
-64.9027
-64.9027
-64.9026
-64.9026
-64.9025
-64.9025
-64.9024
-64.9024
-64.9023
-64.9023
-64.9022
-64.9022
-64.9021
-64.9021
-64.902
-64.902
-64.9019
-64.9019
-64.9018
-64.9017
-64.9017
-64.9016
-64.9016
-64.9015
-64.9015
-64.9014
-64.9014
-64.9013
-64.9013
-64.9012
-64.9011
-64.9011
-64.901
-64.901
-64.9009
-64.9009
-64.9008
-64.9008
-64.9007
-64.9006
-64.9006
-64.9005
-64.9005
-64.9004
-64.9004
-64.9003
-64.9002
-64.9002
-64.9001
-64.9001
-64.9
-64.9
-64.8999
-64.8998
-64.8998
-64.8997
-64.8997
-64.8996
-64.8996
-64.8995
-64.8995
-64.8994
-64.8993
-64.8993
-64.8992
-64.8992
-64.8991
-64.8991
-64.899
-64.899
-64.8989
-64.8989
-64.8988
-64.8987
-64.8987
-64.8986
-64.8986
-64.8985
-64.8985
-64.8984
-64.8984
-64.8983
-64.8983
-64.8982
-64.8982
-64.8981
-64.8981
-64.898
-64.898
-64.8979
-64.8979
-64.8978
-64.8978
-64.8977
-64.8977
-64.8976
-64.8976
-64.8975
-64.8975
-64.8974
-64.8974
-64.8973
-64.8973
-64.8972
-64.8972
-64.8971
-64.8971
-64.897
-64.897
-64.8969
-64.8969
-64.8969
-64.8968
-64.8968
-64.8967
-64.8967
-64.8966
-64.8966
-64.8965
-64.8965
-64.8965
-64.8964
-64.8964
-64.8963
-64.8963
-64.8963
-64.8962
-64.8962
-64.8961
-64.8961
-64.8961
-64.896
-64.896
-64.8959
-64.8959
-64.8959
-64.8958
-64.8958
-64.8958
-64.8957
-64.8957
-64.8956
-64.8956
-64.8956
-64.8955
-64.8955
-64.8955
-64.8954
-64.8954
-64.8954
-64.8953
-64.8953
-64.8953
-64.8953
-64.8952
-64.8952
-64.8952
-64.8951
-64.8951
-64.8951
-64.895
-64.895
-64.895
-64.895
-64.8949
-64.8949
-64.8949
-64.8949
-64.8948
-64.8948
-64.8948
-64.8948
-64.8947
-64.8947
-64.8947
-64.8947
-64.8946
-64.8946
-64.8946
-64.8946
-64.8945
-64.8945
-64.8945
-64.8945
-64.8945
-64.8944
-64.8944
-64.8944
-64.8944
-64.8944
-64.8943
-64.8943
-64.8943
-64.8943
-64.8943
-64.8943
-64.8942
-64.8942
-64.8942
-64.8942
-64.8942
-64.8942
-64.8942
-64.8941
-64.8941
-64.8941
-64.8941
-64.8941
-64.8941
-64.8941
-64.8941
-64.8941
-64.894
-64.894
-64.894
-64.894
-64.894
-64.894
-64.894
-64.894
-64.894
-64.894
-64.894
-64.894
-64.8939
-64.8939
-64.8939
-64.8939
-64.8939
-64.8939
-64.8939
-64.8939
-64.8939
-64.8939
-64.8939
-64.8939
-64.8939
-64.8939
-64.8939
-64.8939
-64.8939
-64.8939
-64.8939
-64.8939
-64.8939
-64.8939
-64.8939
-64.8939
-64.8939
-64.8939
-64.8939
-64.8939
-64.8939
-64.8939
-64.8939
-64.8939
-64.8939
-64.8939
-64.8939
-64.8939
-64.894
-64.894
-64.894
-64.894
-64.894
-64.894
-64.894
-64.894
-64.894
-64.894
-64.894
-64.894
-64.894
-64.8941
-64.8941
-64.8941
-64.8941
-64.8941
-64.8941
-64.8941
-64.8941
-64.8941
-64.8942
-64.8942
-64.8942
-64.8942
-64.8942
-64.8942
-64.8942
-64.8942
-64.8943
-64.8943
-64.8943
-64.8943
-64.8943
-64.8943
-64.8944
-64.8944
-64.8944
-64.8944
-64.8944
-64.8944
-64.8945
-64.8945
-64.8945
-64.8945
-64.8945
-64.8945
-64.8946
-64.8946
-64.8946
-64.8946
-64.8946
-64.8947
-64.8947
-64.8947
-64.8947
-64.8947
-64.8948
-64.8948
-64.8948
-64.8948
-64.8949
-64.8949
-64.8949
-64.8949
-64.895
-64.895
-64.895
-64.895
-64.8951
-64.8951
-64.8951
-64.8951
-64.8952
-64.8952
-64.8952
-64.8952
-64.8953
-64.8953
-64.8953
-64.8953
-64.8954
-64.8954
-64.8954
-64.8954
-64.8955
-64.8955
-64.8955
-64.8956
-64.8956
-64.8956
-64.8956
-64.8957
-64.8957
-64.8957
-64.8958
-64.8958
-64.8958
-64.8959
-64.8959
-64.8959
-64.896
-64.896
-64.896
-64.896
-64.8961
-64.8961
-64.8961
-64.8962
-64.8962
-64.8962
-64.8963
-64.8963
-64.8963
-64.8964
-64.8964
-64.8964
-64.8965
-64.8965
-64.8965
-64.8966
-64.8966
-64.8967
-64.8967
-64.8967
-64.8968
-64.8968
-64.8968
-64.8969
-64.8969
-64.8969
-64.897
-64.897
-64.8971
-64.8971
-64.8971
-64.8972
-64.8972
-64.8972
-64.8973
-64.8973
-64.8974
-64.8974
-64.8974
-64.8975
-64.8975
-64.8975
-64.8976
-64.8976
-64.8977
-64.8977
-64.8977
-64.8978
-64.8978
-64.8979
-64.8979
-64.8979
-64.898
-64.898
-64.8981
-64.8981
-64.8981
-64.8982
-64.8982
-64.8983
-64.8983
-64.8984
-64.8984
-64.8984
-64.8985
-64.8985
-64.8986
-64.8986
-64.8987
-64.8987
-64.8987
-64.8988
-64.8988
-64.8989
-64.8989
-64.899
-64.899
-64.899
-64.8991
-64.8991
-64.8992
-64.8992
-64.8993
-64.8993
-64.8994
-64.8994
-64.8994
-64.8995
-64.8995
-64.8996
-64.8996
-64.8997
-64.8997
-64.8998
-64.8998
-64.8998
-64.8999
-64.8999
-64.9
-64.9
-64.9001
-64.8808
-64.8454
-64.7985
-64.7435
-64.6828
-64.618
-64.5506
-64.4814
-64.4114
-64.3411
-64.2712
-64.2019
-64.1336
-64.0668
-64.0015
-63.9379
-63.8763
-63.8166
-63.7591
-63.7037
-63.6504
-63.5994
-63.5506
-63.504
-63.4595
-63.4172
-63.3771
-63.339
-63.3029
-63.2688
-63.2366
-63.2064
-63.1779
-63.1513
-63.1263
-63.103
-63.0814
-63.0613
-63.0426
-63.0255
-63.0097
-62.9953
-62.9822
-62.9704
-62.9597
-62.9502
-62.9419
-62.9345
-62.9283
-62.923
-62.9186
-62.9152
-62.9126
-62.9109
-62.9099
-62.9097
-62.9103
-62.9115
-62.9134
-62.916
-62.9191
-62.9229
-62.9272
-62.932
-62.9373
-62.9432
-62.9494
-62.9561
-62.9632
-62.9707
-62.9786
-62.9868
-62.9954
-63.0043
-63.0134
-63.0229
-63.0326
-63.0426
-63.0528
-63.0632
-63.0738
-63.0847
-63.0957
-63.1068
-63.1182
-63.1297
-63.1413
-63.1499
-63.1529
-63.1487
-63.1368
-63.1177
-63.0918
-63.0601
-63.0235
-62.9829
-62.9393
-62.8934
-62.846
-62.7978
-62.7494
-62.7011
-62.6534
-62.6066
-62.561
-62.5169
-62.4744
-62.4335
-62.3945
-62.3574
-62.3222
-62.2889
-62.2577
-62.2283
-62.2009
-62.1754
-62.1518
-62.13
-62.11
-62.0918
-62.0752
-62.0603
-62.047
-62.0352
-62.0249
-62.016
-62.0085
-62.0023
-61.9975
-61.9938
-61.9913
-61.9899
-61.9896
-61.9904
-61.9922
-61.9949
-61.9985
-62.0029
-62.0083
-62.0144
-62.0212
-62.0288
-62.0371
-62.046
-62.0555
-62.0657
-62.0764
-62.0876
-62.0993
-62.1116
-62.1242
-62.1373
-62.1508
-62.1647
-62.179
-62.1936
-62.2085
-62.2237
-62.2392
-62.2549
-62.2709
-62.2871
-62.3036
-62.3202
-62.337
-62.354
-62.3711
-62.3884
-62.4058
-62.4233
-62.441
-62.4587
-62.4765
-62.4944
-62.5123
-62.5303
-62.5483
-62.5664
-62.5845
-62.6026
-62.6208
-62.6389
-62.657
-62.6752
-62.6933
-62.7114
-62.7294
-62.7475
-62.7655
-62.7834
-62.8013
-62.8192
-62.837
-62.8547
-62.8724
-62.89
-62.9075
-62.925
-62.9424
-62.9597
-62.9769
-62.9941
-63.0111
-63.0281
-63.045
-63.0618
-63.0784
-63.095
-63.1115
-63.1279
-63.1442
-63.1604
-63.1764
-63.1924
-63.2083
-63.224
-63.2397
-63.2552
-63.2706
-63.2859
-63.3011
-63.3162
-63.3312
-63.346
-63.3608
-63.3754
-63.3899
-63.4043
-63.4186
-63.4328
-63.4468
-63.4608
-63.4746
-63.4883
-63.5019
-63.5154
-63.5288
-63.542
-63.5552
-63.5682
-63.5811
-63.5939
-63.6066
-63.6192
-63.6316
-63.644
-63.6562
-63.6684
-63.6804
-63.6923
-63.7041
-63.7158
-63.7274
-63.7389
-63.7502
-63.7615
-63.7727
-63.7837
-63.7947
-63.8056
-63.8163
-63.8269
-63.8375
-63.8479
-63.8583
-63.8685
-63.8787
-63.8887
-63.8987
-63.9085
-63.9183
-63.928
-63.9375
-63.947
-63.9564
-63.9657
-63.9749
-63.984
-63.993
-64.0019
-64.0108
-64.0195
-64.0282
-64.0367
-64.0452
-64.0536
-64.062
-64.0702
-64.0783
-64.0864
-64.0944
-64.1023
-64.1101
-64.1179
-64.1255
-64.1331
-64.1406
-64.1481
-64.1554
-64.1627
-64.1699
-64.1771
-64.1841
-64.1911
-64.198
-64.2049
-64.2116
-64.2183
-64.225
-64.2315
-64.238
-64.2445
-64.2508
-64.2571
-64.2633
-64.2695
-64.2756
-64.2816
-64.2876
-64.2935
-64.2993
-64.3051
-64.3108
-64.3165
-64.3221
-64.3276
-64.3331
-64.3385
-64.3439
-64.3492
-64.3545
-64.3596
-64.3648
-64.3699
-64.3749
-64.3799
-64.3848
-64.3897
-64.3945
-64.3992
-64.4039
-64.4086
-64.4132
-64.4178
-64.4223
-64.4267
-64.4312
-64.4355
-64.4398
-64.4441
-64.4483
-64.4525
-64.4566
-64.4607
-64.4648
-64.4688
-64.4727
-64.4766
-64.4805
-64.4843
-64.4881
-64.4918
-64.4955
-64.4992
-64.5028
-64.5063
-64.5099
-64.5134
-64.5168
-64.5202
-64.5236
-64.527
-64.5303
-64.5335
-64.5368
-64.5399
-64.5431
-64.5462
-64.5493
-64.5524
-64.5554
-64.5583
-64.5613
-64.5642
-64.5671
-64.5699
-64.5727
-64.5755
-64.5783
-64.581
-64.5837
-64.5863
-64.5889
-64.5915
-64.5941
-64.5966
-64.5991
-64.6016
-64.6041
-64.6065
-64.6089
-64.6112
-64.6135
-64.6159
-64.6181
-64.6204
-64.6226
-64.6248
-64.627
-64.6291
-64.6312
-64.6333
-64.6354
-64.6374
-64.6395
-64.6415
-64.6434
-64.6454
-64.6473
-64.6492
-64.6511
-64.6529
-64.6548
-64.6566
-64.6584
-64.6601
-64.6619
-64.6636
-64.6653
-64.667
-64.6686
-64.6703
-64.6719
-64.6735
-64.6751
-64.6766
-64.6782
-64.6797
-64.6812
-64.6827
-64.6841
-64.6856
-64.687
-64.6884
-64.6898
-64.6912
-64.6925
-64.6939
-64.6952
-64.6965
-64.6978
-64.6991
-64.7003
-64.7016
-64.7028
-64.704
-64.7052
-64.7064
-64.7075
-64.7087
-64.7098
-64.7109
-64.712
-64.7131
-64.7142
-64.7152
-64.7163
-64.7173
-64.7183
-64.7193
-64.7203
-64.7213
-64.7222
-64.7232
-64.7241
-64.725
-64.7259
-64.7268
-64.7277
-64.7286
-64.7294
-64.7303
-64.7311
-64.732
-64.7328
-64.7336
-64.7344
-64.7351
-64.7359
-64.7367
-64.7374
-64.7381
-64.7389
-64.7396
-64.7403
-64.741
-64.7417
-64.7423
-64.743
-64.7437
-64.7443
-64.7449
-64.7456
-64.7462
-64.7468
-64.7474
-64.748
-64.7486
-64.7491
-64.7497
-64.7503
-64.7508
-64.7513
-64.7519
-64.7524
-64.7529
-64.7534
-64.7539
-64.7544
-64.7549
-64.7554
-64.7558
-64.7563
-64.7567
-64.7572
-64.7576
-64.7581
-64.7585
-64.7589
-64.7593
-64.7597
-64.7601
-64.7605
-64.7609
-64.7613
-64.7616
-64.762
-64.7624
-64.7627
-64.7631
-64.7634
-64.7638
-64.7641
-64.7644
-64.7647
-64.765
-64.7654
-64.7657
-64.766
-64.7662
-64.7665
-64.7668
-64.7671
-64.7674
-64.7676
-64.7679
-64.7682
-64.7684
-64.7687
-64.7689
-64.7691
-64.7694
-64.7696
-64.7698
-64.7701
-64.7703
-64.7705
-64.7707
-64.7709
-64.7711
-64.7713
-64.7715
-64.7717
-64.7719
-64.772
-64.7722
-64.7724
-64.7726
-64.7727
-64.7729
-64.7731
-64.7732
-64.7734
-64.7735
-64.7737
-64.7738
-64.774
-64.7741
-64.7742
-64.7744
-64.7745
-64.7746
-64.7747
-64.7749
-64.775
-64.7751
-64.7752
-64.7753
-64.7754
-64.7755
-64.7756
-64.7757
-64.7758
-64.7759
-64.776
-64.7761
-64.7762
-64.7763
-64.7764
-64.7765
-64.7765
-64.7766
-64.7767
-64.7768
-64.7768
-64.7769
-64.777
-64.777
-64.7771
-64.7772
-64.7772
-64.7773
-64.7773
-64.7774
-64.7774
-64.7775
-64.7775
-64.7776
-64.7776
-64.7777
-64.7777
-64.7778
-64.7778
-64.7779
-64.7779
-64.7587
-64.7234
-64.6766
-64.6217
-64.561
-64.4964
-64.4292
-64.3602
-64.2903
-64.2203
-64.1505
-64.0814
-64.0134
-63.9467
-63.8816
-63.8183
-63.7569
-63.6975
-63.6402
-63.585
-63.532
-63.4813
-63.4327
-63.3863
-63.3421
-63.3001
-63.2602
-63.2223
-63.1865
-63.1526
-63.1207
-63.0907
-63.0625
-63.0361
-63.0114
-62.9883
-62.9669
-62.947
-62.9286
-62.9117
-62.8962
-62.882
-62.8691
-62.8575
-62.847
-62.8377
-62.8296
-62.8224
-62.8164
-62.8112
-62.8071
-62.8038
-62.8014
-62.7999
-62.7991
-62.7991
-62.7998
-62.8012
-62.8033
-62.806
-62.8093
-62.8132
-62.8176
-62.8226
-62.828
-62.834
-62.8403
-62.8472
-62.8544
-62.862
-62.87
-62.8783
-62.887
-62.896
-62.9053
-62.9148
-62.9246
-62.9347
-62.945
-62.9555
-62.9662
-62.9771
-62.9882
-62.9994
-63.0108
-63.0224
-63.0341
-63.0459
-63.0578
-63.0698
-63.0819
-63.0941
-63.1064
-63.1187
-63.1311
-63.1436
-63.1561
-63.1687
-63.1812
-63.1938
-63.2065
-63.2191
-63.2318
-63.2444
-63.2571
-63.2698
-63.2824
-63.2951
-63.3077
-63.3203
-63.3328
-63.3454
-63.3579
-63.3704
-63.3828
-63.3952
-63.4076
-63.4199
-63.4322
-63.4444
-63.4565
-63.4686
-63.4807
-63.4927
-63.5046
-63.5164
-63.5282
-63.54
-63.5516
-63.5632
-63.5748
-63.5862
-63.5976
-63.6089
-63.6202
-63.6313
-63.6424
-63.6534
-63.6644
-63.6752
-63.686
-63.6967
-63.7073
-63.7179
-63.7283
-63.7387
-63.749
-63.7592
-63.7694
-63.7795
-63.7894
-63.7994
-63.8092
-63.8189
-63.8286
-63.8382
-63.8477
-63.8571
-63.8664
-63.8757
-63.8849
-63.894
-63.903
-63.912
-63.9208
-63.9296
-63.9383
-63.9469
-63.9555
-63.964
-63.9724
-63.9807
-63.989
-63.9971
-64.0052
-64.0132
-64.0212
-64.0291
-64.0369
-64.0446
-64.0522
-64.0598
-64.0673
-64.0748
-64.0821
-64.0894
-64.0967
-64.1038
-64.1109
-64.1179
-64.1249
-64.1318
-64.1386
-64.1453
-64.152
-64.1586
-64.1652
-64.1717
-64.1781
-64.1845
-64.1908
-64.197
-64.2032
-64.2093
-64.2153
-64.2213
-64.2273
-64.2331
-64.2389
-64.2447
-64.2504
-64.256
-64.2616
-64.2671
-64.2726
-64.278
-64.2834
-64.2887
-64.2939
-64.2991
-64.3043
-64.3094
-64.3144
-64.3194
-64.3243
-64.3292
-64.3341
-64.3388
-64.3436
-64.3483
-64.3529
-64.3575
-64.362
-64.3665
-64.371
-64.3754
-64.3607
-64.33
-64.2879
-64.2377
-64.1819
-64.1221
-64.0597
-63.9956
-63.9306
-63.8654
-63.8005
-63.7363
-63.6732
-63.6114
-63.5512
-63.4928
-63.4362
-63.3817
-63.3292
-63.2789
-63.2307
-63.1847
-63.1409
-63.0992
-63.0597
-63.0224
-62.9871
-62.9538
-62.9225
-62.8932
-62.8658
-62.8402
-62.8165
-62.7944
-62.774
-62.7553
-62.735
-62.7105
-62.6801
-62.6436
-62.6009
-62.5529
-62.5003
-62.4439
-62.3848
-62.3238
-62.2617
-62.1992
-62.1368
-62.0752
-62.0148
-61.9559
-61.8989
-61.8439
-61.7912
-61.7409
-61.6931
-61.6478
-61.6051
-61.5651
-61.5276
-61.4927
-61.4603
-61.4305
-61.403
-61.3779
-61.3551
-61.3346
-61.3162
-61.2999
-61.2856
-61.2733
-61.2628
-61.2542
-61.2472
-61.242
-61.2383
-61.2361
-61.2353
-61.236
-61.238
-61.2413
-61.2457
-61.2514
-61.2581
-61.2659
-61.2747
-61.2844
-61.295
-61.3065
-61.3188
-61.3319
-61.3457
-61.3602
-61.3754
-61.3912
-61.4075
-61.4244
-61.4419
-61.4598
-61.4782
-61.497
-61.5162
-61.5358
-61.5558
-61.5761
-61.5967
-61.6175
-61.6387
-61.6601
-61.6817
-61.7035
-61.7255
-61.7477
-61.77
-61.7924
-61.815
-61.8377
-61.8605
-61.8834
-61.9063
-61.9293
-61.9524
-61.9754
-61.9985
-62.0216
-62.0448
-62.0679
-62.091
-62.1141
-62.1371
-62.1601
-62.1831
-62.206
-62.2289
-62.2517
-62.2744
-62.297
-62.3196
-62.3421
-62.3645
-62.3868
-62.409
-62.4311
-62.4531
-62.475
-62.4967
-62.5184
-62.5369
-62.5495
-62.5549
-62.5527
-62.543
-62.5265
-62.5041
-62.4767
-62.4452
-62.4106
-62.3736
-62.335
-62.2954
-62.2555
-62.2155
-62.1761
-62.1375
-62.0999
-62.0636
-62.0288
-61.9955
-61.964
-61.9341
-61.9061
-61.8799
-61.8556
-61.833
-61.8123
-61.7933
-61.7761
-61.7606
-61.7468
-61.7347
-61.7241
-61.715
-61.7074
-61.7013
-61.6965
-61.6931
-61.6909
-61.69
-61.6903
-61.6917
-61.6942
-61.6977
-61.7022
-61.7077
-61.7141
-61.7214
-61.7295
-61.7384
-61.748
-61.7584
-61.7695
-61.7812
-61.7935
-61.8064
-61.8199
-61.8339
-61.8484
-61.8634
-61.8788
-61.8947
-61.9109
-61.9275
-61.9445
-61.9618
-61.9794
-61.9973
-62.0154
-62.0338
-62.0525
-62.0713
-62.0904
-62.1096
-62.129
-62.1485
-62.1682
-62.188
-62.2079
-62.2279
-62.248
-62.2682
-62.2884
-62.3087
-62.3291
-62.3494
-62.3698
-62.3902
-62.4106
-62.4311
-62.4515
-62.4718
-62.4922
-62.5125
-62.5328
-62.5531
-62.5733
-62.5934
-62.6135
-62.6336
-62.6535
-62.6734
-62.6932
-62.713
-62.7326
-62.7522
-62.7716
-62.791
-62.8103
-62.8294
-62.8485
-62.8674
-62.8863
-62.905
-62.9236
-62.9421
-62.9605
-62.9788
-62.9969
-63.015
-63.0329
-63.0507
-63.0683
-63.0858
-63.1032
-63.1205
-63.1376
-63.1546
-63.1715
-63.1882
-63.2049
-63.2213
-63.2377
-63.2539
-63.27
-63.2859
-63.3017
-63.3174
-63.333
-63.3484
-63.3636
-63.3788
-63.3938
-63.4087
-63.4234
-63.438
-63.4525
-63.4669
-63.4811
-63.4952
-63.5091
-63.523
-63.5367
-63.5502
-63.5637
-63.577
-63.5902
-63.6033
-63.6162
-63.629
-63.6417
-63.6543
-63.6667
-63.679
-63.6912
-63.7033
-63.7153
-63.7271
-63.7388
-63.7505
-63.7619
-63.7733
-63.7846
-63.7957
-63.8068
-63.8177
-63.8285
-63.8392
-63.8498
-63.8602
-63.8706
-63.8809
-63.891
-63.9011
-63.911
-63.9209
-63.9306
-63.9403
-63.9498
-63.9592
-63.9686
-63.9778
-63.9869
-63.996
-64.0049
-64.0138
-64.0225
-64.0312
-64.0397
-64.0482
-64.0566
-64.0649
-64.0731
-64.0812
-64.0892
-64.0972
-64.105
-64.1128
-64.1205
-64.1281
-64.1356
-64.143
-64.1504
-64.1576
-64.1648
-64.1719
-64.1789
-64.1859
-64.1928
-64.1996
-64.2063
-64.2129
-64.2195
-64.226
-64.2324
-64.2388
-64.2451
-64.2513
-64.2574
-64.2635
-64.2695
-64.2754
-64.2813
-64.2871
-64.2928
-64.2985
-64.3041
-64.3096
-64.3151
-64.3173
-64.3136
-64.3024
-64.2832
-64.2564
-64.2226
-64.1827
-64.1375
-64.0882
-64.0355
-63.9804
-63.9235
-63.8657
-63.8073
-63.749
-63.6912
-63.6342
-63.5782
-63.5236
-63.4705
-63.4191
-63.3694
-63.3216
-63.2757
-63.2317
-63.1896
-63.1496
-63.1114
-63.0752
-63.0409
-63.0085
-62.9779
-62.9491
-62.9221
-62.8967
-62.873
-62.8509
-62.8304
-62.8114
-62.7938
-62.7776
-62.7628
-62.7493
-62.7371
-62.726
-62.7162
-62.7075
-62.6998
-62.6933
-62.6877
-62.683
-62.6793
-62.6765
-62.6746
-62.6734
-62.673
-62.6734
-62.6745
-62.6763
-62.6787
-62.6818
-62.6854
-62.6897
-62.6944
-62.6997
-62.7055
-62.7118
-62.7185
-62.7256
-62.7332
-62.7411
-62.7494
-62.758
-62.7669
-62.7762
-62.7858
-62.7956
-62.8057
-62.816
-62.8266
-62.8374
-62.8484
-62.8596
-62.8709
-62.8824
-62.8941
-62.9059
-62.9179
-62.93
-62.9421
-62.9544
-62.9668
-62.9793
-62.9918
-63.0044
-63.0171
-63.0298
-63.0425
-63.0553
-63.0682
-63.081
-63.0939
-63.1068
-63.1197
-63.1326
-63.1455
-63.1584
-63.1713
-63.1841
-63.197
-63.2098
-63.2226
-63.2353
-63.2481
-63.2608
-63.2734
-63.286
-63.2986
-63.3111
-63.3236
-63.336
-63.3483
-63.3606
-63.3728
-63.385
-63.3971
-63.4092
-63.4211
-63.433
-63.4449
-63.4566
-63.4683
-63.4799
-63.4915
-63.5029
-63.5143
-63.5256
-63.5369
-63.548
-63.5591
-63.5701
-63.581
-63.5918
-63.6025
-63.6132
-63.6238
-63.6343
-63.6447
-63.655
-63.6653
-63.6754
-63.6855
-63.6955
-63.7054
-63.7152
-63.725
-63.7346
-63.7442
-63.7537
-63.7631
-63.7724
-63.7817
-63.7908
-63.7999
-63.8089
-63.8178
-63.8267
-63.8354
-63.8441
-63.8527
-63.8612
-63.8696
-63.8779
-63.8862
-63.8944
-63.9025
-63.9105
-63.9185
-63.9264
-63.9342
-63.9419
-63.9496
-63.9571
-63.9646
-63.9721
-63.9794
-63.9867
-63.9939
-64.0011
-64.0081
-64.0151
-64.022
-64.0289
-64.0357
-64.0424
-64.0491
-64.0556
-64.0621
-64.0686
-64.075
-64.0813
-64.0875
-64.0937
-64.0998
-64.1059
-64.1119
-64.1178
-64.1237
-64.1295
-64.1352
-64.1409
-64.1466
-64.1521
-64.1576
-64.1631
-64.1685
-64.1837
-64.201
-64.2184
-64.2352
-64.251
-64.2658
-64.2797
-64.2928
-64.3052
-64.3169
-64.3281
-64.3387
-64.3489
-64.3588
-64.3682
-64.3774
-64.3862
-64.3947
-64.403
-64.411
-64.4188
-64.4264
-64.4338
-64.4409
-64.4479
-64.4547
-64.4612
-64.4676
-64.4739
-64.4799
-64.4858
-64.4916
-64.478
-64.4483
-64.4071
-64.3577
-64.3026
-64.2433
-64.1813
-64.1174
-64.0526
-63.9875
-63.9225
-63.8581
-63.7947
-63.7324
-63.6717
-63.6126
-63.5552
-63.4998
-63.4463
-63.3949
-63.3455
-63.2982
-63.253
-63.2099
-63.1689
-63.1299
-63.0929
-63.0579
-63.0248
-62.9936
-62.9642
-62.9366
-62.9108
-62.8866
-62.8641
-62.8431
-62.8236
-62.8057
-62.7891
-62.774
-62.7601
-62.7475
-62.7362
-62.726
-62.7169
-62.709
-62.7021
-62.6962
-62.6912
-62.6872
-62.6841
-62.6818
-62.6803
-62.6796
-62.6797
-62.6804
-62.6819
-62.6839
-62.6867
-62.6899
-62.6938
-62.6982
-62.7031
-62.7085
-62.7144
-62.7207
-62.7274
-62.7345
-62.742
-62.7499
-62.758
-62.7665
-62.7754
-62.7844
-62.7938
-62.8034
-62.8133
-62.8233
-62.8336
-62.8441
-62.8548
-62.8656
-62.8766
-62.8877
-62.899
-62.9104
-62.9219
-62.9335
-62.9452
-62.957
-62.9689
-62.9808
-62.9929
-63.0049
-63.017
-63.0292
-63.0414
-63.0536
-63.0658
-63.0781
-63.0904
-63.1026
-63.1149
-63.1272
-63.1394
-63.1517
-63.1639
-63.1761
-63.1883
-63.2004
-63.2124
-63.2244
-63.2362
-63.2479
-63.2594
-63.2708
-63.282
-63.2931
-63.3039
-63.3146
-63.3251
-63.3354
-63.3455
-63.3555
-63.3653
-63.375
-63.3845
-63.3938
-63.4031
-63.4121
-63.421
-63.4298
-63.4384
-63.4468
-63.455
-63.463
-63.4708
-63.4784
-63.4857
-63.4928
-63.4995
-63.506
-63.5121
-63.5178
-63.5232
-63.5282
-63.5328
-63.537
-63.5409
-63.5445
-63.5478
-63.5507
-63.5535
-63.5559
-63.5582
-63.5603
-63.5622
-63.564
-63.5657
-63.5672
-63.5686
-63.57
-63.5712
-63.5723
-63.5733
-63.5743
-63.5751
-63.5758
-63.5765
-63.577
-63.5773
-63.5776
-63.5777
-63.5777
-63.5775
-63.5773
-63.5769
-63.5764
-63.5758
-63.5752
-63.5745
-63.5737
-63.573
-63.5723
-63.5716
-63.5709
-63.5703
-63.5697
-63.5692
-63.5687
-63.5683
-63.5679
-63.5676
-63.5674
-63.5671
-63.5669
-63.5667
-63.5665
-63.5664
-63.5663
-63.5662
-63.5662
-63.5662
-63.5662
-63.5664
-63.5666
-63.5669
-63.5672
-63.5676
-63.5681
-63.5685
-63.569
-63.5695
-63.57
-63.5705
-63.571
-63.5714
-63.5719
-63.5723
-63.5726
-63.5729
-63.5732
-63.5733
-63.5734
-63.5735
-63.5734
-63.5733
-63.5731
-63.5729
-63.5725
-63.5721
-63.5716
-63.5711
-63.5704
-63.5697
-63.5688
-63.568
-63.567
-63.566
-63.5649
-63.5638
-63.5625
-63.5612
-63.5599
-63.5584
-63.5569
-63.5554
-63.5538
-63.5522
-63.5506
-63.549
-63.5474
-63.5457
-63.544
-63.5423
-63.5406
-63.5389
-63.5372
-63.5355
-63.5338
-63.532
-63.5303
-63.5286
-63.5268
-63.525
-63.5233
-63.5215
-63.5197
-63.5179
-63.5162
-63.5144
-63.5126
-63.5108
-63.509
-63.5072
-63.5055
-63.5037
-63.5019
-63.5002
-63.4985
-63.4968
-63.4953
-63.4937
-63.4923
-63.491
-63.4897
-63.4886
-63.4876
-63.4867
-63.4859
-63.4851
-63.4843
-63.4835
-63.4796
-63.4697
-63.4525
-63.4275
-63.3949
-63.3555
-63.3099
-63.2593
-63.2045
-63.1465
-63.0861
-63.0242
-62.9613
-62.898
-62.835
-62.7725
-62.711
-62.6507
-62.5919
-62.5347
-62.4793
-62.4259
-62.3804
-62.3392
-62.3013
-62.266
-62.2332
-62.2025
-62.1738
-62.147
-62.1221
-62.099
-62.0775
-62.0577
-62.0395
-62.0229
-62.0077
-61.9939
-61.9814
-61.9702
-61.9602
-61.9514
-61.9438
-61.9372
-61.9316
-61.9271
-61.9235
-61.9208
-61.919
-61.9179
-61.9177
-61.9182
-61.9194
-61.9213
-61.9238
-61.9269
-61.9306
-61.9347
-61.9393
-61.9443
-61.9498
-61.9556
-61.9619
-61.9684
-61.9753
-61.9825
-61.99
-61.9978
-62.0058
-62.014
-62.0224
-62.031
-62.0399
-62.0488
-62.058
-62.0674
-62.0769
-62.0865
-62.0963
-62.1063
-62.1163
-62.1265
-62.1367
-62.147
-62.1575
-62.168
-62.1786
-62.1893
-62.2001
-62.211
-62.222
-62.2331
-62.2444
-62.2557
-62.2671
-62.2786
-62.2901
-62.3017
-62.3132
-62.3247
-62.3361
-62.3475
-62.3587
-62.3699
-62.3809
-62.3918
-62.3996
-62.4017
-62.3965
-62.3838
-62.3638
-62.3372
-62.3048
-62.2677
-62.2267
-62.1827
-62.1366
-62.0891
-62.0408
-61.9923
-61.9441
-61.8966
-61.8501
-61.8048
-61.761
-61.7189
-61.6785
-61.6401
-61.6035
-61.5689
-61.5363
-61.5057
-61.4771
-61.4503
-61.4255
-61.4025
-61.3813
-61.3618
-61.3439
-61.3276
-61.3127
-61.2993
-61.2873
-61.2766
-61.2672
-61.2591
-61.2521
-61.2463
-61.2416
-61.2381
-61.2356
-61.2342
-61.2339
-61.2345
-61.2361
-61.2386
-61.2421
-61.2464
-61.2516
-61.2577
-61.2646
-61.2722
-61.2806
-61.2898
-61.2996
-61.3101
-61.3212
-61.333
-61.3452
-61.358
-61.3713
-61.385
-61.3992
-61.4137
-61.4286
-61.4438
-61.4594
-61.4752
-61.4913
-61.5078
-61.5244
-61.5414
-61.5586
-61.576
-61.5936
-61.6115
-61.6295
-61.6478
-61.6663
-61.6849
-61.7037
-61.7227
-61.7418
-61.7611
-61.7805
-61.8001
-61.8198
-61.8396
-61.8595
-61.8795
-61.8996
-61.9198
-61.94
-61.9604
-61.9808
-62.0012
-62.0217
-62.0423
-62.0628
-62.0834
-62.1041
-62.1247
-62.1454
-62.1661
-62.1867
-62.2074
-62.228
-62.2487
-62.2693
-62.2899
-62.3104
-62.3309
-62.3514
-62.3719
-62.3922
-62.4126
-62.4329
-62.4531
-62.4732
-62.4933
-62.5133
-62.5333
-62.5531
-62.5729
-62.5926
-62.6122
-62.6317
-62.6512
-62.6705
-62.6898
-62.7089
-62.728
-62.7469
-62.7658
-62.7845
-62.8032
-62.8217
-62.8401
-62.8584
-62.8766
-62.8947
-62.9127
-62.9306
-62.9483
-62.9659
-62.9834
-63.0008
-63.0181
-63.0352
-63.0522
-63.0691
-63.0859
-63.1025
-63.1191
-63.1355
-63.1518
-63.1679
-63.1839
-63.1998
-63.2156
-63.2313
-63.2468
-63.2622
-63.2775
-63.2926
-63.3077
-63.3226
-63.3373
-63.352
-63.3665
-63.3809
-63.3952
-63.4094
-63.4234
-63.4373
-63.4511
-63.4648
-63.4783
-63.4917
-63.505
-63.5182
-63.5313
-63.5442
-63.557
-63.5697
-63.5823
-63.5948
-63.6071
-63.6193
-63.6315
-63.6435
-63.6554
-63.6671
-63.6788
-63.6903
-63.7018
-63.7131
-63.7243
-63.7354
-63.7464
-63.7573
-63.7681
-63.7788
-63.7893
-63.7998
-63.8101
-63.8204
-63.8305
-63.8406
-63.8505
-63.8604
-63.8701
-63.8797
-63.8893
-63.8987
-63.9081
-63.9173
-63.9265
-63.9355
-63.9445
-63.9534
-63.9622
-63.9708
-63.9794
-63.9879
-63.9964
-64.0047
-64.0129
-64.0211
-64.0291
-64.0371
-64.045
-64.0528
-64.0605
-64.0681
-64.0757
-64.0832
-64.0905
-64.0979
-64.1051
-64.1122
-64.1193
-64.1263
-64.1332
-64.1401
-64.1468
-64.1535
-64.1601
-64.1667
-64.1731
-64.1795
-64.1858
-64.1921
-64.1983
-64.2044
-64.2104
-64.2164
-64.2223
-64.2281
-64.2339
-64.2396
-64.2453
-64.2508
-64.2564
-64.2618
-64.2672
-64.2725
-64.2778
-64.283
-64.2881
-64.2932
-64.2982
-64.3032
-64.3081
-64.3129
-64.3177
-64.3225
-64.3271
-64.3318
-64.3363
-64.3408
-64.3453
-64.3497
-64.3541
-64.3584
-64.3626
-64.3668
-64.371
-64.3751
-64.3791
-64.3831
-64.3871
-64.391
-64.3948
-64.3986
-64.4024
-64.4061
-64.4098
-64.4134
-64.417
-64.4205
-64.424
-64.4274
-64.4308
-64.4342
-64.4375
-64.4408
-64.444
-64.4472
-64.4504
-64.4535
-64.4566
-64.4596
-64.4626
-64.4656
-64.4685
-64.4714
-64.4742
-64.477
-64.4798
-64.4826
-64.4853
-64.4879
-64.4906
-64.4932
-64.4957
-64.4983
-64.5008
-64.5032
-64.5056
-64.508
-64.5104
-64.5128
-64.5151
-64.5173
-64.5196
-64.5218
-64.524
-64.5261
-64.5282
-64.5303
-64.5324
-64.5344
-64.5365
-64.5384
-64.5404
-64.5423
-64.5442
-64.5461
-64.5479
-64.5498
-64.5516
-64.5533
-64.5551
-64.5568
-64.5585
-64.5602
-64.5618
-64.5634
-64.565
-64.5666
-64.5682
-64.5697
-64.5712
-64.5727
-64.5742
-64.5756
-64.577
-64.5784
-64.5798
-64.5812
-64.5825
-64.5838
-64.5851
-64.5864
-64.5877
-64.5889
-64.5901
-64.5913
-64.5925
-64.5937
-64.5948
-64.596
-64.5971
-64.5982
-64.5993
-64.6003
-64.6014
-64.6024
-64.6034
-64.6044
-64.6054
-64.6063
-64.6073
-64.6082
-64.6091
-64.61
-64.6109
-64.6118
-64.6126
-64.6135
-64.6143
-64.6151
-64.6159
-64.6167
-64.6175
-64.6182
-64.619
-64.6197
-64.6204
-64.6211
-64.6218
-64.6225
-64.6232
-64.6238
-64.6245
-64.6251
-64.6257
-64.6263
-64.6269
-64.6275
-64.6281
-64.6287
-64.6292
-64.6298
-64.6303
-64.6308
-64.6313
-64.6318
-64.6323
-64.6328
-64.6333
-64.6338
-64.6342
-64.6346
-64.6351
-64.6355
-64.6359
-64.6363
-64.6367
-64.6371
-64.6375
-64.6379
-64.6383
-64.6386
-64.639
-64.6393
-64.6396
-64.64
-64.6403
-64.6406
-64.6409
-64.6412
-64.6415
-64.6418
-64.642
-64.6423
-64.6426
-64.6428
-64.6431
-64.6433
-64.6436
-64.6438
-64.644
-64.6442
-64.6444
-64.6446
-64.6448
-64.645
-64.6452
-64.6454
-64.6456
-64.6458
-64.6459
-64.6461
-64.6463
-64.6464
-64.6465
-64.6467
-64.6468
-64.647
-64.6471
-64.6472
-64.6473
-64.6474
-64.6476
-64.6477
-64.6478
-64.6479
-64.648
-64.648
-64.6481
-64.6482
-64.6483
-64.6484
-64.6484
-64.6485
-64.6486
-64.6486
-64.6487
-64.6487
-64.6488
-64.6488
-64.6489
-64.6489
-64.6489
-64.649
-64.649
-64.649
-64.6491
-64.6491
-64.6491
-64.6491
-64.6491
-64.6492
-64.6492
-64.6492
-64.6492
-64.6492
-64.6492
-64.6492
-64.6492
-64.6492
-64.6492
-64.6492
-64.6491
-64.6491
-64.6491
-64.6491
-64.6491
-64.6491
-64.649
-64.649
-64.649
-64.6489
-64.6489
-64.6489
-64.6489
-64.6488
-64.6488
-64.6487
-64.6487
-64.6487
-64.6486
-64.6486
-64.6485
-64.6485
-64.6485
-64.6484
-64.6484
-64.6483
-64.6483
-64.6482
-64.6482
-64.6481
-64.6481
-64.648
-64.6479
-64.6479
-64.6478
-64.6478
-64.6477
-64.6477
-64.6476
-64.6475
-64.6475
-64.6474
-64.6474
-64.6473
-64.6472
-64.6472
-64.6471
-64.6471
-64.647
-64.6469
-64.6469
-64.6468
-64.6467
-64.6467
-64.6466
-64.6465
-64.6465
-64.6464
-64.6463
-64.6463
-64.6462
-64.6461
-64.6461
-64.646
-64.646
-64.6459
-64.6458
-64.6458
-64.6457
-64.6456
-64.6456
-64.6455
-64.6454
-64.6454
-64.6453
-64.6452
-64.6452
-64.6451
-64.6451
-64.645
-64.6449
-64.6449
-64.6448
-64.6447
-64.6447
-64.6446
-64.6446
-64.6445
-64.6444
-64.6444
-64.6443
-64.6443
-64.6442
-64.6441
-64.6441
-64.644
-64.644
-64.6439
-64.6439
-64.6438
-64.6438
-64.6437
-64.6437
-64.6436
-64.6436
-64.6435
-64.6435
-64.6434
-64.6434
-64.6433
-64.6433
-64.6432
-64.6432
-64.6431
-64.6431
-64.643
-64.643
-64.6429
-64.6429
-64.6429
-64.6428
-64.6428
-64.6427
-64.6427
-64.6427
-64.6426
-64.6426
-64.6417
-64.6392
-64.6348
-64.6282
-64.6195
-64.609
-64.5969
-64.5833
-64.5687
-64.5533
-64.5372
-64.5208
-64.5042
-64.4876
-64.471
-64.4547
-64.4387
-64.4231
-64.408
-64.3934
-64.3784
-64.3625
-64.3452
-64.3264
-64.3062
-64.2848
-64.2624
-64.2393
-64.2157
-64.1918
-64.1621
-64.1267
-64.0867
-64.0496
-64.018
-63.986
-63.9591
-63.932
-63.9103
-63.8888
-63.8665
-63.8431
-63.8189
-63.7943
-63.7697
-63.7452
-63.7213
-63.6981
-63.6826
-63.6697
-63.6572
-63.6441
-63.6266
-63.6019
-63.5689
-63.5273
-63.4777
-63.421
-63.3584
-63.2912
-63.2155
-63.1333
-63.0468
-62.9578
-62.8676
-62.7773
-62.6879
-62.6001
-62.5143
-62.4312
-62.3509
-62.2738
-62.2001
-62.1299
-62.0749
-62.0262
-61.9892
-61.9568
-61.9349
-61.9167
-61.9073
-61.8993
-61.8906
-61.8805
-61.8768
-61.8737
-61.8698
-61.865
-61.8595
-61.8535
-61.8474
-61.8415
-61.8359
-61.8389
-61.8445
-61.851
-61.8581
-61.8655
-61.8733
-61.8815
-61.8855
-61.8861
-61.8846
-61.8818
-61.8785
-61.875
-61.8717
-61.8689
-61.8667
-61.8653
-61.8601
-61.8519
-61.8419
-61.839
-61.8377
-61.8445
-61.853
-61.8617
-61.8702
-61.8782
-61.8971
-61.9154
-61.9313
-61.9447
-61.9557
-61.9651
-61.9731
-61.9804
-61.9873
-61.9941
-61.9964
-61.9951
-61.9916
-61.9869
-61.9816
-61.9763
-61.9713
-61.9668
-61.9631
-61.9603
-61.9578
-61.9549
-61.9513
-61.9469
-61.9497
-61.9537
-61.9574
-61.9606
-61.9633
-61.9655
-61.9669
-62.0003
-62.044
-62.0883
-62.1298
-62.1673
-62.201
-62.2311
-62.2583
-62.2833
-62.3057
-62.3255
-62.3425
-62.3571
-62.3696
-62.3879
-62.4064
-62.424
-62.4405
-62.4559
-62.4704
-62.4844
-62.498
-62.5116
-62.5252
-62.539
-62.5606
-62.5915
-62.6246
-62.6576
-62.6843
-62.7047
-62.7197
-62.7301
-62.7369
-62.748
-62.7585
-62.7674
-62.7746
-62.7805
-62.7805
-62.776
-62.7866
-62.7992
-62.8108
-62.8207
-62.8289
-62.8357
-62.8416
-62.8469
-62.8473
-62.8437
-62.8377
-62.8303
-62.8222
-62.8141
-62.8062
-62.8061
-62.8085
-62.8118
-62.8157
-62.8201
-62.8251
-62.8306
-62.8367
-62.8436
-62.8513
-62.8597
-62.869
-62.8791
-62.8852
-62.8882
-62.8892
-62.8946
-62.9016
-62.9093
-62.9176
-62.9265
-62.9358
-62.9455
-62.955
-62.9636
-62.9708
-62.9767
-62.9813
-62.9848
-63.0017
-63.021
-63.0401
-63.0579
-63.0696
-63.0762
-63.079
-63.0793
-63.0849
-63.091
-63.0966
-63.1015
-63.1129
-63.1256
-63.1334
-63.137
-63.1374
-63.1356
-63.162
-63.1978
-63.2351
-63.2709
-63.3043
-63.3352
-63.3633
-63.3882
-63.4098
-63.4286
-63.4517
-63.474
-63.4946
-63.5134
-63.5305
-63.5462
-63.5609
-63.5749
-63.5883
-63.6014
-63.6144
-63.6273
-63.6403
-63.6534
-63.6667
-63.6802
-63.6882
-63.6911
-63.6896
-63.6845
-63.6765
-63.6664
-63.6613
-63.6565
-63.6511
-63.6449
-63.6381
-63.631
-63.6237
-63.6166
-63.6099
-63.6036
-63.6048
-63.6081
-63.619
-63.6317
-63.6397
-63.6435
-63.644
-63.6491
-63.6541
-63.6581
-63.6612
-63.6634
-63.6651
-63.6665
-63.667
-63.6661
-63.6637
-63.6597
-63.6543
-63.6477
-63.6402
-63.6321
-63.6303
-63.6298
-63.6238
-63.6121
-63.5955
-63.575
-63.5513
-63.5223
-63.4862
-63.4422
-63.3906
-63.3322
-63.2681
-63.1994
-63.1274
-63.0531
-62.9776
-62.9017
-62.8263
-62.7592
-62.6955
-62.6339
-62.5744
-62.5168
-62.4615
-62.4085
-62.3581
-62.3104
-62.2654
-62.2232
-62.1838
-62.1472
-62.1203
-62.1042
-62.0908
-62.0777
-62.0642
-62.0501
-62.0355
-62.0207
-62.0059
-61.9914
-61.9774
-61.9642
-61.9518
-61.9405
-61.9705
-62.0146
-62.062
-62.1084
-62.1524
-62.1937
-62.2325
-62.269
-62.3038
-62.3372
-62.3694
-62.4007
-62.4314
-62.4615
-62.4912
-62.5206
-62.5497
-62.5786
-62.6074
-62.6359
-62.6643
-62.6925
-62.7206
-62.7484
-62.776
-62.8034
-62.8306
-62.8575
-62.8842
-62.9107
-62.9368
-62.9627
-62.9882
-63.0135
-63.0384
-63.0629
-63.0872
-63.1111
-63.1417
-63.1736
-63.2052
-63.236
-63.2658
-63.2946
-63.3226
-63.3496
-63.3574
-63.3492
-63.3295
-63.3018
-63.2683
-63.2309
-63.1907
-63.1489
-63.106
-63.0629
-63.0199
-62.9776
-62.9433
-62.9119
-62.882
-62.8532
-62.8254
-62.7987
-62.7732
-62.749
-62.7336
-62.7286
-62.7267
-62.726
-62.7256
-62.7254
-62.7253
-62.7254
-62.7259
-62.7269
-62.7284
-62.7304
-62.7331
-62.7364
-62.7403
-62.7448
-62.7499
-62.7554
-62.7614
-62.7679
-62.7747
-62.7818
-62.7893
-62.7971
-62.805
-62.8131
-62.8214
-62.8297
-62.8381
-62.8465
-62.855
-62.8634
-62.8718
-62.8802
-62.8885
-62.8967
-62.9048
-62.9127
-62.9205
-62.9337
-62.9489
-62.965
-62.9813
-62.9976
-63.0138
-63.0267
-63.0336
-63.0331
-63.0248
-63.009
-62.9864
-62.9579
-62.9244
-62.8869
-62.8463
-62.8033
-62.7588
-62.7133
-62.6675
-62.6217
-62.5764
-62.532
-62.4885
-62.4464
-62.4057
-62.3665
-62.3288
-62.2929
-62.2585
-62.2259
-62.1949
-62.1656
-62.138
-62.112
-62.0876
-62.0648
-62.0436
-62.024
-62.0058
-61.9891
-61.9739
-61.9601
-61.9476
-61.9364
-61.9265
-61.9178
-61.9103
-61.9039
-61.8986
-61.8942
-61.8909
-61.8884
-61.8868
-61.886
-61.8859
-61.8865
-61.8878
-61.8896
-61.8919
-61.8947
-61.8979
-61.9016
-61.9056
-61.91
-61.9148
-61.9199
-61.9252
-61.9309
-61.9369
-61.9431
-61.9496
-61.9563
-61.9633
-61.9705
-61.9779
-61.9856
-61.9935
-62.0016
-62.01
-62.0186
-62.0274
-62.0365
-62.0458
-62.0553
-62.0651
-62.0751
-62.0854
-62.0958
-62.1065
-62.1174
-62.1285
-62.1398
-62.1512
-62.1628
-62.1745
-62.1863
-62.1982
-62.21
-62.2218
-62.2335
-62.2452
-62.2568
-62.2682
-62.2766
-62.2791
-62.2744
-62.2621
-62.2424
-62.216
-62.1837
-62.1466
-62.1055
-62.0613
-62.0149
-61.967
-61.9182
-61.8691
-61.8201
-61.7716
-61.724
-61.6775
-61.6323
-61.5887
-61.5466
-61.5063
-61.4679
-61.4313
-61.3965
-61.3637
-61.3327
-61.3037
-61.2764
-61.2511
-61.2275
-61.2057
-61.1857
-61.1673
-61.1507
-61.1356
-61.1222
-61.1103
-61.0998
-61.0909
-61.0833
-61.077
-61.072
-61.0682
-61.0655
-61.0639
-61.0634
-61.0638
-61.0653
-61.0676
-61.0709
-61.075
-61.0799
-61.0856
-61.0921
-61.0994
-61.1073
-61.116
-61.1253
-61.1353
-61.1459
-61.1572
-61.1689
-61.1813
-61.1942
-61.2076
