-65
-64.9848
-64.9714
-64.9581
-64.9453
-64.9331
-64.9218
-64.9115
-64.9021
-64.8937
-64.8861
-64.8793
-64.8732
-64.8678
-64.8629
-64.8585
-64.8546
-64.851
-64.8479
-64.845
-64.8425
-64.8402
-64.8382
-64.8363
-64.8347
-64.8333
-64.832
-64.8309
-64.8299
-64.8291
-64.8284
-64.8278
-64.8273
-64.8269
-64.8266
-64.8264
-64.8262
-64.8262
-64.8262
-64.8263
-64.8264
-64.8267
-64.8269
-64.8272
-64.8276
-64.828
-64.8285
-64.8289
-64.8295
-64.83
-64.8306
-64.8313
-64.8319
-64.8326
-64.8333
-64.8341
-64.8348
-64.8356
-64.8364
-64.8372
-64.838
-64.8389
-64.8397
-64.8406
-64.8415
-64.8424
-64.8433
-64.8442
-64.8452
-64.8461
-64.847
-64.848
-64.8489
-64.8499
-64.8508
-64.8518
-64.8528
-64.8538
-64.8547
-64.8557
-64.8567
-64.8577
-64.8586
-64.8596
-64.8606
-64.8616
-64.8625
-64.8635
-64.8645
-64.8655
-64.8664
-64.8674
-64.8684
-64.8693
-64.8703
-64.8712
-64.8722
-64.8731
-64.8741
-64.875
-64.876
-64.8769
-64.8778
-64.8787
-64.8797
-64.8806
-64.8815
-64.8824
-64.8833
-64.8842
-64.8851
-64.886
-64.8868
-64.8877
-64.8886
-64.8894
-64.8903
-64.8912
-64.892
-64.8928
-64.8937
-64.8945
-64.8953
-64.8961
-64.897
-64.8978
-64.8986
-64.8994
-64.9001
-64.9009
-64.9017
-64.9025
-64.9032
-64.904
-64.9048
-64.9055
-64.9062
-64.907
-64.9077
-64.9084
-64.9091
-64.9099
-64.9106
-64.9113
-64.912
-64.9127
-64.9133
-64.914
-64.9147
-64.9154
-64.916
-64.9167
-64.9173
-64.918
-64.9186
-64.9193
-64.9199
-64.9205
-64.9211
-64.9217
-64.9223
-64.9229
-64.9235
-64.9241
-64.9247
-64.9253
-64.9259
-64.9265
-64.927
-64.9276
-64.9281
-64.9287
-64.9292
-64.9298
-64.9303
-64.9308
-64.9314
-64.9319
-64.9324
-64.9329
-64.9334
-64.9339
-64.9344
-64.9349
-64.9354
-64.9359
-64.9364
-64.9369
-64.9373
-64.9378
-64.9383
-64.9387
-64.9392
-64.9396
-64.9401
-64.9405
-64.9409
-64.9414
-64.9418
-64.9422
-64.9427
-64.9431
-64.9435
-64.9439
-64.9443
-64.9447
-64.9451
-64.9455
-64.9459
-64.9463
-64.9466
-64.947
-64.9474
-64.9478
-64.9481
-64.9485
-64.9489
-64.9492
-64.9496
-64.9499
-64.9503
-64.9506
-64.9509
-64.9513
-64.9516
-64.9519
-64.9523
-64.9526
-64.9529
-64.9532
-64.9535
-64.9538
-64.9542
-64.9545
-64.9548
-64.9551
-64.9553
-64.9556
-64.9559
-64.9562
-64.9565
-64.9568
-64.9571
-64.9573
-64.9576
-64.9579
-64.9581
-64.9584
-64.9586
-64.9589
-64.9592
-64.9594
-64.9597
-64.9599
-64.9601
-64.9604
-64.9606
-64.9609
-64.9611
-64.9613
-64.9616
-64.9618
-64.962
-64.9622
-64.9624
-64.9627
-64.9629
-64.9631
-64.9633
-64.9635
-64.9637
-64.9639
-64.9641
-64.9643
-64.9645
-64.9647
-64.9649
-64.9651
-64.9653
-64.9654
-64.9656
-64.9658
-64.966
-64.9662
-64.9663
-64.9665
-64.9667
-64.9668
-64.967
-64.9672
-64.9673
-64.9675
-64.9677
-64.9678
-64.968
-64.9681
-64.9683
-64.9684
-64.9686
-64.9687
-64.9689
-64.969
-64.9692
-64.9693
-64.9694
-64.9696
-64.9697
-64.9698
-64.97
-64.9701
-64.9702
-64.9703
-64.9705
-64.9706
-64.9707
-64.9708
-64.971
-64.9711
-64.9712
-64.9713
-64.9714
-64.9715
-64.9716
-64.9717
-64.9719
-64.972
-64.9721
-64.9722
-64.9723
-64.9724
-64.9725
-64.9726
-64.9727
-64.9728
-64.9729
-64.9729
-64.973
-64.9731
-64.9732
-64.9733
-64.9734
-64.9735
-64.9736
-64.9736
-64.9737
-64.9738
-64.9739
-64.974
-64.974
-64.9741
-64.9742
-64.9743
-64.9743
-64.9744
-64.9745
-64.9746
-64.9746
-64.9747
-64.9748
-64.9748
-64.9749
-64.975
-64.975
-64.9751
-64.9751
-64.9752
-64.9753
-64.9753
-64.9754
-64.9754
-64.9755
-64.9755
-64.9756
-64.9757
-64.9757
-64.9758
-64.9758
-64.9759
-64.9759
-64.976
-64.976
-64.976
-64.9761
-64.9761
-64.9762
-64.9762
-64.9763
-64.9763
-64.9763
-64.9764
-64.9764
-64.9765
-64.9765
-64.9765
-64.9766
-64.9766
-64.9766
-64.9767
-64.9767
-64.9768
-64.9768
-64.9768
-64.9768
-64.9769
-64.9769
-64.9769
-64.977
-64.977
-64.977
-64.977
-64.9771
-64.9771
-64.9771
-64.9772
-64.9772
-64.9772
-64.9772
-64.9772
-64.9773
-64.9773
-64.9773
-64.9773
-64.9773
-64.9774
-64.9774
-64.9774
-64.9774
-64.9774
-64.9775
-64.9775
-64.9775
-64.9775
-64.9775
-64.9775
-64.9775
-64.9776
-64.9776
-64.9776
-64.9776
-64.9776
-64.9776
-64.9776
-64.9776
-64.9777
-64.9777
-64.9777
-64.9777
-64.9777
-64.9777
-64.9777
-64.9777
-64.9777
-64.9777
-64.9777
-64.9777
-64.9777
-64.9778
-64.9778
-64.9778
-64.9778
-64.9778
-64.9778
-64.9778
-64.9778
-64.9778
-64.9778
-64.9778
-64.9778
-64.9778
-64.9778
-64.9778
-64.9778
-64.9778
-64.9778
-64.9778
-64.9778
-64.9778
-64.9778
-64.9778
-64.9778
-64.9778
-64.9778
-64.9778
-64.9778
-64.9778
-64.9778
-64.9778
-64.9778
-64.9778
-64.9777
-64.9777
-64.9777
-64.9777
-64.9777
-64.9777
-64.9777
-64.9777
-64.9777
-64.9777
-64.9777
-64.9777
-64.9777
-64.9777
-64.9777
-64.9777
-64.9776
-64.9776
-64.9776
-64.9776
-64.9776
-64.9776
-64.9776
-64.9776
-64.9776
-64.9776
-64.9776
-64.9776
-64.9775
-64.9775
-64.9775
-64.9775
-64.9775
-64.9775
-64.9775
-64.9775
-64.9775
-64.9774
-64.9774
-64.9774
-64.9774
-64.9774
-64.9774
-64.9774
-64.9774
-64.9774
-64.9773
-64.9773
-64.9773
-64.9773
-64.9773
-64.9773
-64.9773
-64.9772
-64.9772
-64.9772
-64.9772
-64.9772
-64.9772
-64.9772
-64.9772
-64.9771
-64.9771
-64.9771
-64.9771
-64.9771
-64.9771
-64.9771
-64.977
-64.977
-64.977
-64.977
-64.977
-64.977
-64.9769
-64.9769
-64.9769
-64.9769
-64.9769
-64.9769
-64.9769
-64.9768
-64.9768
-64.9768
-64.9768
-64.9768
-64.9768
-64.9767
-64.9767
-64.9767
-64.9767
-64.9767
-64.9767
-64.9766
-64.9766
-64.9766
-64.9766
-64.9766
-64.9766
-64.9765
-64.9765
-64.9765
-64.9765
-64.9765
-64.9765
-64.9764
-64.9764
-64.9764
-64.9764
-64.9764
-64.9764
-64.9763
-64.9763
-64.9763
-64.9763
-64.9763
-64.9763
-64.9762
-64.9762
-64.9762
-64.9762
-64.9762
-64.9762
-64.9761
-64.9761
-64.9761
-64.9761
-64.9761
-64.9761
-64.976
-64.976
-64.976
-64.976
-64.976
-64.9759
-64.9759
-64.9759
-64.9759
-64.9759
-64.9759
-64.9758
-64.9758
-64.9758
-64.9758
-64.9758
-64.9758
-64.9757
-64.9757
-64.9757
-64.9757
-64.9757
-64.9756
-64.9756
-64.9756
-64.9756
-64.9756
-64.9756
-64.9755
-64.9755
-64.9755
-64.9755
-64.9755
-64.9755
-64.9754
-64.9754
-64.9754
-64.9754
-64.9754
-64.9753
-64.9753
-64.9753
-64.9753
-64.9753
-64.9753
-64.9752
-64.9752
-64.9752
-64.9752
-64.9752
-64.9752
-64.9751
-64.9751
-64.9751
-64.9751
-64.9751
-64.975
-64.975
-64.975
-64.975
-64.975
-64.975
-64.9749
-64.9749
-64.9749
-64.9749
-64.9749
-64.9749
-64.9748
-64.9748
-64.9748
-64.9748
-64.9748
-64.9748
-64.9747
-64.9747
-64.9747
-64.9747
-64.9747
-64.9747
-64.9746
-64.9746
-64.9746
-64.9746
-64.9746
-64.9746
-64.9745
-64.9745
-64.9745
-64.9745
-64.9745
-64.9745
-64.9744
-64.9744
-64.9744
-64.9744
-64.9744
-64.9744
-64.9743
-64.9743
-64.9743
-64.9743
-64.9743
-64.9743
-64.9742
-64.9742
-64.9742
-64.9742
-64.9742
-64.9742
-64.9741
-64.9741
-64.9741
-64.9741
-64.9741
-64.9741
-64.974
-64.974
-64.974
-64.974
-64.974
-64.974
-64.9739
-64.9739
-64.9739
-64.9739
-64.9739
-64.9739
-64.9739
-64.9738
-64.9738
-64.9738
-64.9738
-64.9738
-64.9738
-64.9737
-64.9737
-64.9737
-64.9737
-64.9737
-64.9737
-64.9736
-64.9736
-64.9736
-64.9736
-64.9736
-64.9736
-64.9736
-64.9735
-64.9735
-64.9735
-64.9735
-64.9735
-64.9735
-64.9735
-64.9734
-64.9734
-64.9734
-64.9734
-64.9734
-64.9734
-64.9734
-64.9733
-64.9733
-64.9733
-64.9733
-64.9733
-64.9733
-64.9732
-64.9732
-64.9732
-64.9732
-64.9732
-64.9732
-64.9732
-64.9732
-64.9731
-64.9731
-64.9731
-64.9731
-64.9731
-64.9731
-64.9731
-64.973
-64.973
-64.973
-64.973
-64.973
-64.973
-64.973
-64.9729
-64.9729
-64.9729
-64.9729
-64.9729
-64.9729
-64.9729
-64.9728
-64.9728
-64.9728
-64.9728
-64.9728
-64.9728
-64.9728
-64.9728
-64.9727
-64.9727
-64.9727
-64.9727
-64.9727
-64.9727
-64.9727
-64.9727
-64.9726
-64.9726
-64.9726
-64.9726
-64.9726
-64.9726
-64.9726
-64.9725
-64.9725
-64.9725
-64.9725
-64.9725
-64.9725
-64.9725
-64.9725
-64.9724
-64.9724
-64.9724
-64.9724
-64.9724
-64.9724
-64.9724
-64.9724
-64.9724
-64.9723
-64.9723
-64.9723
-64.9723
-64.9723
-64.9723
-64.9723
-64.9723
-64.9722
-64.9722
-64.9722
-64.9722
-64.9722
-64.9722
-64.9722
-64.9722
-64.9721
-64.9721
-64.9721
-64.9721
-64.9721
-64.9721
-64.9721
-64.9721
-64.9721
-64.972
-64.972
-64.972
-64.972
-64.972
-64.972
-64.972
-64.972
-64.972
-64.9719
-64.9719
-64.9719
-64.9719
-64.9719
-64.9719
-64.9719
-64.9719
-64.9719
-64.9718
-64.9718
-64.9718
-64.9718
-64.9718
-64.9718
-64.9718
-64.9718
-64.9718
-64.9718
-64.9717
-64.9717
-64.9717
-64.9717
-64.9717
-64.9717
-64.9717
-64.9717
-64.9717
-64.9717
-64.9716
-64.9716
-64.9716
-64.9716
-64.9716
-64.9716
-64.9716
-64.9716
-64.9716
-64.9716
-64.9715
-64.9715
-64.9715
-64.9715
-64.9715
-64.9715
-64.9715
-64.9715
-64.9715
-64.9715
-64.9714
-64.9714
-64.9714
-64.9714
-64.9714
-64.9714
-64.9714
-64.9714
-64.9714
-64.9714
-64.9714
-64.9713
-64.9713
-64.9713
-64.9713
-64.9713
-64.9713
-64.9713
-64.9713
-64.9713
-64.9713
-64.9713
-64.9712
-64.9712
-64.9712
-64.9712
-64.9712
-64.9712
-64.9712
-64.9712
-64.9712
-64.9712
-64.9712
-64.9711
-64.9711
-64.9711
-64.9711
-64.9711
-64.9711
-64.9711
-64.9711
-64.9711
-64.9711
-64.9711
-64.9711
-64.971
-64.971
-64.971
-64.971
-64.971
-64.971
-64.971
-64.971
-64.971
-64.971
-64.971
-64.971
-64.9709
-64.9709
-64.9709
-64.9709
-64.9709
-64.9709
-64.9709
-64.9709
-64.9709
-64.9709
-64.9709
-64.9709
-64.9709
-64.9708
-64.9708
-64.9708
-64.9708
-64.9708
-64.9708
-64.9708
-64.9708
-64.9708
-64.9708
-64.9708
-64.9708
-64.9708
-64.9707
-64.9707
-64.9707
-64.9707
-64.9707
-64.9707
-64.9707
-64.9707
-64.9707
-64.9707
-64.9707
-64.9707
-64.9707
-64.9707
-64.9706
-64.9706
-64.9706
-64.9706
-64.9706
-64.9706
-64.9706
-64.9706
-64.9706
-64.9706
-64.9706
-64.9706
-64.9706
-64.9706
-64.9706
-64.9705
-64.9705
-64.9705
-64.9705
-64.9705
-64.9705
-64.9705
-64.9705
-64.9705
-64.9705
-64.9705
-64.9705
-64.9705
-64.9705
-64.9705
-64.9704
-64.9704
-64.9704
-64.9704
-64.9704
-64.9704
-64.9704
-64.9704
-64.9704
-64.9704
-64.9704
-64.9704
-64.9704
-64.9704
-64.9704
-64.9704
-64.9703
-64.9703
-64.9703
-64.9703
-64.9703
-64.9703
-64.9703
-64.9703
-64.9703
-64.9703
-64.9703
-64.9703
-64.9703
-64.9703
-64.9703
-64.9703
-64.9703
-64.9702
-64.9702
-64.9702
-64.9702
-64.9702
-64.9702
-64.9702
-64.9702
-64.9702
-64.9702
-64.9702
-64.9702
-64.9702
-64.9702
-64.9702
-64.9702
-64.9702
-64.9702
-64.9701
-64.9701
-64.9701
-64.9701
-64.9701
-64.9701
-64.9701
-64.9701
-64.9701
-64.9701
-64.9701
-64.9701
-64.9701
-64.9701
-64.9701
-64.9701
-64.9701
-64.9701
-64.9701
-64.97
-64.97
-64.97
-64.97
-64.97
-64.97
-64.97
-64.97
-64.97
-64.97
-64.97
-64.97
-64.97
-64.97
-64.97
-64.97
-64.97
-64.97
-64.97
-64.97
-64.9699
-64.9699
-64.9699
-64.9699
-64.9699
-64.9699
-64.9699
-64.9699
-64.9699
-64.9699
-64.9699
-64.9699
-64.9699
-64.9699
-64.9699
-64.9699
-64.9699
-64.9699
-64.9699
-64.9699
-64.9699
-64.9699
-64.9698
-64.9698
-64.9698
-64.9698
-64.9698
-64.9698
-64.9698
-64.9698
-64.9698
-64.9698
-64.9698
-64.9698
-64.9698
-64.9698
-64.9698
-64.9698
-64.9698
-64.9698
-64.9698
-64.9698
-64.9698
-64.9698
-64.9698
-64.9698
-64.9697
-64.9697
-64.9697
-64.9697
-64.9697
-64.9697
-64.9697
-64.9697
-64.9697
-64.9697
-64.9697
-64.9697
-64.9697
-64.9697
-64.9697
-64.9697
-64.9697
-64.9697
-64.9697
-64.9697
-64.9697
-64.9697
-64.9697
-64.9697
-64.9697
-64.9697
-64.9696
-64.9696
-64.9696
-64.9696
-64.9696
-64.9696
-64.9696
-64.9696
-64.9696
-64.9696
-64.9696
-64.9696
-64.9696
-64.9696
-64.9696
-64.9696
-64.9696
-64.9696
-64.9696
-64.9696
-64.9696
-64.9696
-64.9696
-64.9696
-64.9696
-64.9696
-64.9696
-64.9696
-64.9695
-64.9695
-64.9695
-64.9695
-64.9695
-64.9695
-64.9695
-64.9695
-64.9695
-64.9695
-64.9695
-64.9695
-64.9695
-64.9695
-64.9695
-64.9695
-64.9695
-64.9695
-64.9695
-64.9695
-64.9695
-64.9695
-64.9695
-64.9695
-64.9695
-64.9695
-64.9695
-64.9695
-64.9695
-64.9695
-64.9695
-64.9695
-64.9695
-64.9694
-64.9694
-64.9694
-64.9694
-64.9694
-64.9694
-64.9694
-64.9694
-64.9694
-64.9694
-64.9694
-64.9694
-64.9694
-64.9694
-64.9694
-64.9694
-64.9694
-64.9694
-64.9694
-64.9694
-64.9694
-64.9694
-64.9694
-64.9694
-64.9694
-64.9694
-64.9694
-64.9694
-64.9694
-64.9694
-64.9694
-64.9694
-64.9694
-64.9694
-64.9694
-64.9694
-64.9693
-64.9693
-64.9693
-64.9693
-64.9693
-64.9693
-64.9693
-64.9693
-64.9693
-64.9693
-64.9693
-64.9693
-64.9693
-64.9693
-64.9693
-64.9693
-64.9693
-64.9693
-64.9693
-64.9693
-64.9693
-64.9693
-64.9693
-64.9693
-64.9693
-64.9693
-64.9693
-64.9693
-64.9693
-64.9693
-64.9693
-64.9693
-64.9693
-64.9693
-64.9693
-64.9693
-64.9693
-64.9693
-64.9693
-64.9693
-64.9693
-64.9693
-64.9693
-64.9693
-64.9692
-64.9692
-64.9692
-64.9692
-64.9692
-64.9692
-64.9692
-64.9692
-64.9692
-64.9692
-64.9692
-64.9692
-64.9692
-64.9692
-64.9692
-64.9692
-64.9692
-64.9692
-64.9692
-64.9692
-64.9692
-64.9692
-64.9692
-64.9692
-64.9692
-64.9692
-64.9692
-64.9692
-64.9783
-64.9895
-65.0008
-65.0116
-65.0215
-65.0306
-65.0389
-65.0465
-65.0535
-65.0599
-65.0658
-65.0714
-65.0765
-65.0814
-65.086
-65.0903
-65.0944
-65.0982
-65.1019
-65.1054
-65.1087
-65.1118
-65.1148
-65.1176
-65.1203
-65.1228
-65.1253
-65.1276
-65.1297
-65.1318
-65.1337
-65.1356
-65.1373
-65.139
-65.1405
-65.1419
-65.1433
-65.1446
-65.1457
-65.1468
-65.1479
-65.1488
-65.1497
-65.1505
-65.1512
-65.1519
-65.1525
-65.153
-65.1535
-65.1539
-65.1542
-65.1545
-65.1548
-65.1549
-65.1551
-65.1552
-65.1552
-65.1552
-65.1552
-65.1551
-65.1549
-65.1548
-65.1546
-65.1543
-65.154
-65.1537
-65.1534
-65.153
-65.1526
-65.1521
-65.1516
-65.1511
-65.1506
-65.15
-65.1495
-65.1488
-65.1482
-65.1476
-65.1469
-65.1462
-65.1455
-65.1447
-65.144
-65.1432
-65.1424
-65.1416
-65.1408
-65.1399
-65.1391
-65.1382
-65.1373
-65.1364
-65.1355
-65.1346
-65.1336
-65.1327
-65.1317
-65.1308
-65.1298
-65.1288
-65.1278
-65.1268
-65.1258
-65.1248
-65.1238
-65.1228
-65.1217
-65.1207
-65.1196
-65.1186
-65.1175
-65.1165
-65.1154
-65.1144
-65.1133
-65.1122
-65.1111
-65.1101
-65.109
-65.1079
-65.1068
-65.1058
-65.1047
-65.1036
-65.1025
-65.1014
-65.1003
-65.0993
-65.0982
-65.0971
-65.096
-65.0949
-65.0938
-65.0928
-65.0917
-65.0906
-65.0895
-65.0885
-65.0874
-65.0863
-65.0853
-65.0842
-65.0831
-65.0821
-65.081
-65.08
-65.0789
-65.0779
-65.0769
-65.0758
-65.0748
-65.0738
-65.0727
-65.0717
-65.0707
-65.0697
-65.0687
-65.0677
-65.0667
-65.0657
-65.0647
-65.0637
-65.0627
-65.0617
-65.0608
-65.0598
-65.0588
-65.0579
-65.0569
-65.056
-65.055
-65.0541
-65.0531
-65.0522
-65.0513
-65.0504
-65.0495
-65.0486
-65.0477
-65.0468
-65.0459
-65.045
-65.0441
-65.0432
-65.0424
-65.0415
-65.0406
-65.0398
-65.0389
-65.0381
-65.0373
-65.0364
-65.0356
-65.0348
-65.034
-65.0332
-65.0324
-65.0316
-65.0308
-65.03
-65.0292
-65.0284
-65.0277
-65.0269
-65.0261
-65.0254
-65.0246
-65.0239
-65.0232
-65.0224
-65.0217
-65.021
-65.0203
-65.0196
-65.0189
-65.0182
-65.0175
-65.0168
-65.0161
-65.0155
-65.0148
-65.0141
-65.0135
-65.0128
-65.0122
-65.0115
-65.0109
-65.0103
-65.0096
-65.009
-65.0084
-65.0078
-65.0072
-65.0066
-65.006
-65.0054
-65.0048
-65.0042
-65.0037
-65.0031
-65.0025
-65.002
-65.0014
-65.0009
-65.0003
-64.9998
-64.9993
-64.9987
-64.9982
-64.9977
-64.9972
-64.9967
-64.9962
-64.9957
-64.9952
-64.9947
-64.9942
-64.9937
-64.9932
-64.9928
-64.9923
-64.9918
-64.9914
-64.9909
-64.9905
-64.99
-64.9896
-64.9892
-64.9887
-64.9883
-64.9879
-64.9875
-64.9871
-64.9866
-64.9862
-64.9858
-64.9854
-64.985
-64.9847
-64.9843
-64.9839
-64.9835
-64.9831
-64.9828
-64.9824
-64.982
-64.9817
-64.9813
-64.981
-64.9806
-64.9803
-64.9799
-64.9796
-64.9793
-64.979
-64.9786
-64.9783
-64.978
-64.9777
-64.9774
-64.9771
-64.9768
-64.9765
-64.9762
-64.9759
-64.9756
-64.9753
-64.975
-64.9747
-64.9745
-64.9742
-64.9739
-64.9736
-64.9734
-64.9731
-64.9729
-64.9726
-64.9724
-64.9721
-64.9719
-64.9716
-64.9714
-64.9711
-64.9709
-64.9707
-64.9704
-64.9702
-64.97
-64.9698
-64.9696
-64.9693
-64.9691
-64.9689
-64.9687
-64.9685
-64.9683
-64.9681
-64.9679
-64.9677
-64.9675
-64.9673
-64.9672
-64.967
-64.9668
-64.9666
-64.9664
-64.9663
-64.9752
-64.9862
-64.9974
-65.008
-65.0178
-65.0267
-65.0349
-65.0423
-65.0491
-65.0554
-65.0612
-65.0666
-65.0716
-65.0763
-65.0808
-65.085
-65.0889
-65.0926
-65.0962
-65.0995
-65.1027
-65.1057
-65.1085
-65.1113
-65.1138
-65.1163
-65.1186
-65.1207
-65.1228
-65.1248
-65.1266
-65.1283
-65.13
-65.1315
-65.1329
-65.1343
-65.1355
-65.1367
-65.1378
-65.1388
-65.1397
-65.1406
-65.1414
-65.1421
-65.1427
-65.1433
-65.1438
-65.1442
-65.1446
-65.145
-65.1452
-65.1455
-65.1456
-65.1457
-65.1458
-65.1458
-65.1458
-65.1457
-65.1456
-65.1455
-65.1453
-65.145
-65.1448
-65.1445
-65.1441
-65.1437
-65.1433
-65.1429
-65.1424
-65.1419
-65.1414
-65.1408
-65.1403
-65.1396
-65.139
-65.1384
-65.1377
-65.137
-65.1363
-65.1355
-65.1348
-65.134
-65.1332
-65.1324
-65.1315
-65.1307
-65.1298
-65.129
-65.1281
-65.1272
-65.1262
-65.1253
-65.1244
-65.1234
-65.1225
-65.1215
-65.1205
-65.1195
-65.1185
-65.1175
-65.1165
-65.1155
-65.1145
-65.1134
-65.1124
-65.1113
-65.1103
-65.1092
-65.1082
-65.1071
-65.1061
-65.105
-65.1039
-65.1028
-65.1018
-65.1007
-65.0996
-65.0985
-65.0974
-65.0963
-65.0953
-65.0942
-65.0931
-65.092
-65.0909
-65.0898
-65.0887
-65.0877
-65.0866
-65.0855
-65.0844
-65.0833
-65.0822
-65.0812
-65.0801
-65.079
-65.0779
-65.0769
-65.0758
-65.0748
-65.0737
-65.0726
-65.0716
-65.0705
-65.0695
-65.0684
-65.0674
-65.0664
-65.0653
-65.0643
-65.0633
-65.0623
-65.0613
-65.0602
-65.0592
-65.0582
-65.0572
-65.0563
-65.0553
-65.0633
-65.0734
-65.0837
-65.0934
-65.1023
-65.1103
-65.1176
-65.1242
-65.1302
-65.1356
-65.1406
-65.1451
-65.1494
-65.1533
-65.1569
-65.1603
-65.1634
-65.1664
-65.1691
-65.1717
-65.1741
-65.1763
-65.1784
-65.1804
-65.1822
-65.1839
-65.1855
-65.1869
-65.1883
-65.1895
-65.1906
-65.1916
-65.1926
-65.1934
-65.1941
-65.1948
-65.1954
-65.1958
-65.1963
-65.1966
-65.1969
-65.197
-65.1972
-65.1972
-65.1972
-65.1971
-65.197
-65.1968
-65.1966
-65.1963
-65.196
-65.1956
-65.1951
-65.1946
-65.1941
-65.1935
-65.1929
-65.1922
-65.1915
-65.1908
-65.19
-65.1892
-65.1884
-65.1875
-65.1866
-65.1857
-65.1848
-65.1838
-65.1828
-65.1817
-65.1807
-65.1796
-65.1785
-65.1774
-65.1762
-65.1751
-65.1739
-65.1727
-65.1715
-65.1702
-65.169
-65.1677
-65.1664
-65.1651
-65.1638
-65.1625
-65.1612
-65.1599
-65.1585
-65.1572
-65.1558
-65.1544
-65.1531
-65.1517
-65.1503
-65.1489
-65.1475
-65.1461
-65.1447
-65.1432
-65.1418
-65.1404
-65.139
-65.1375
-65.1361
-65.1347
-65.1332
-65.1318
-65.1303
-65.1289
-65.1275
-65.126
-65.1246
-65.1232
-65.1217
-65.1203
-65.1188
-65.1174
-65.116
-65.1146
-65.1131
-65.1117
-65.1103
-65.1089
-65.1075
-65.1061
-65.1046
-65.1032
-65.1018
-65.1005
-65.0991
-65.0977
-65.0963
-65.0949
-65.0936
-65.0922
-65.0908
-65.0895
-65.0881
-65.0868
-65.0855
-65.0841
-65.0828
-65.0815
-65.0802
-65.0789
-65.0776
-65.0763
-65.075
-65.0737
-65.0724
-65.0712
-65.0699
-65.0687
-65.0674
-65.0662
-65.0649
-65.0637
-65.0625
-65.0613
-65.0601
-65.0589
-65.0577
-65.0565
-65.0554
-65.0542
-65.0531
-65.0519
-65.0508
-65.0496
-65.0485
-65.0474
-65.0463
-65.0452
-65.0441
-65.043
-65.0419
-65.0409
-65.0398
-65.0387
-65.0377
-65.0366
-65.0356
-65.0346
-65.0336
-65.0326
-65.0316
-65.0306
-65.0296
-65.0286
-65.0276
-65.0267
-65.0257
-65.0248
-65.0239
-65.0229
-65.022
-65.0211
-65.0202
-65.0193
-65.0184
-65.0175
-65.0166
-65.0158
-65.0149
-65.014
-65.0132
-65.0124
-65.0115
-65.0107
-65.0099
-65.0091
-65.0083
-65.0075
-64.9874
-64.9511
-64.9033
-64.8474
-64.7857
-64.7201
-64.6517
-64.5817
-64.5108
-64.4396
-64.3688
-64.2986
-64.2296
-64.1618
-64.0957
-64.0313
-63.9689
-63.9084
-63.8501
-63.7939
-63.7399
-63.6881
-63.6386
-63.5912
-63.546
-63.503
-63.4621
-63.4233
-63.3866
-63.3518
-63.319
-63.2881
-63.259
-63.2317
-63.2061
-63.1822
-63.1599
-63.1392
-63.12
-63.1022
-63.0859
-63.0709
-63.0572
-63.0448
-63.0336
-63.0236
-63.0147
-63.0069
-63.0001
-62.9942
-62.9894
-62.9854
-62.9824
-62.9802
-62.9787
-62.9781
-62.9782
-62.979
-62.9804
-62.9825
-62.9852
-62.9886
-62.9924
-62.9968
-63.0018
-63.0072
-63.013
-63.0193
-63.026
-63.0332
-63.0406
-63.0485
-63.0567
-63.0652
-63.074
-63.0831
-63.0925
-63.1021
-63.112
-63.1221
-63.1324
-63.1429
-63.1536
-63.1644
-63.1754
-63.1866
-63.1979
-63.2094
-63.221
-63.2326
-63.2444
-63.2563
-63.2682
-63.2803
-63.2924
-63.3045
-63.3167
-63.329
-63.3413
-63.3536
-63.366
-63.3784
-63.3908
-63.4032
-63.4156
-63.428
-63.4404
-63.4528
-63.4652
-63.4776
-63.4899
-63.5023
-63.5146
-63.5269
-63.5391
-63.5513
-63.5635
-63.5756
-63.5877
-63.5997
-63.6117
-63.6236
-63.6355
-63.6474
-63.6591
-63.6708
-63.6825
-63.6941
-63.7056
-63.7171
-63.7285
-63.7398
-63.7511
-63.7622
-63.7734
-63.7844
-63.7954
-63.8063
-63.8171
-63.8279
-63.8386
-63.8492
-63.8597
-63.8702
-63.8806
-63.8909
-63.9011
-63.9112
-63.9213
-63.9313
-63.9412
-63.9511
-63.9608
-63.9705
-63.9801
-63.9896
-63.9991
-64.0085
-64.0177
-64.027
-64.0361
-64.0452
-64.0541
-64.063
-64.0719
-64.0806
-64.0893
-64.0979
-64.1064
-64.1149
-64.1232
-64.1315
-64.1398
-64.1479
-64.156
-64.164
-64.1719
-64.1798
-64.1875
-64.1953
-64.2029
-64.2105
-64.218
-64.2254
-64.2327
-64.24
-64.2472
-64.2544
-64.2615
-64.2685
-64.2754
-64.2823
-64.2891
-64.2959
-64.3026
-64.3092
-64.3158
-64.3222
-64.3287
-64.335
-64.3413
-64.3476
-64.3538
-64.3599
-64.3659
-64.3719
-64.3779
-64.3838
-64.3896
-64.3954
-64.4011
-64.4067
-64.4123
-64.4178
-64.4233
-64.4287
-64.4341
-64.4394
-64.4447
-64.4499
-64.4551
-64.4602
-64.4652
-64.4702
-64.4752
-64.4801
-64.4849
-64.4897
-64.4945
-64.4992
-64.5038
-64.5084
-64.513
-64.5175
-64.522
-64.5264
-64.5308
-64.5351
-64.5394
-64.5436
-64.5478
-64.552
-64.5561
-64.5601
-64.5642
-64.5681
-64.5721
-64.576
-64.5798
-64.5836
-64.5874
-64.5911
-64.5948
-64.5985
-64.6021
-64.6057
-64.6092
-64.6127
-64.6162
-64.6196
-64.623
-64.6264
-64.6297
-64.633
-64.6362
-64.6394
-64.6426
-64.6458
-64.6489
-64.652
-64.655
-64.658
-64.661
-64.6639
-64.6669
-64.6697
-64.6726
-64.6754
-64.6782
-64.681
-64.6837
-64.6864
-64.6891
-64.6917
-64.6943
-64.6969
-64.6995
-64.702
-64.7045
-64.707
-64.7094
-64.7118
-64.695
-64.662
-64.6176
-64.565
-64.5067
-64.4443
-64.3793
-64.3126
-64.2449
-64.177
-64.1094
-64.0424
-63.9765
-63.912
-63.8489
-63.7877
-63.7283
-63.6709
-63.6155
-63.5623
-63.5113
-63.4624
-63.4157
-63.3712
-63.3289
-63.2886
-63.2505
-63.2144
-63.1804
-63.1482
-63.1181
-63.0897
-63.0632
-63.0384
-63.0153
-62.9939
-62.9741
-62.9558
-62.9389
-62.9235
-62.9095
-62.8968
-62.8854
-62.8752
-62.8662
-62.8584
-62.8516
-62.8459
-62.8411
-62.8374
-62.8346
-62.8326
-62.8315
-62.8312
-62.8317
-62.833
-62.8349
-62.8375
-62.8408
-62.8447
-62.8492
-62.8543
-62.8599
-62.866
-62.8725
-62.8796
-62.8871
-62.895
-62.9033
-62.9119
-62.921
-62.9303
-62.94
-62.95
-62.9603
-62.9708
-62.9816
-62.9926
-63.0038
-63.0153
-63.0269
-63.0387
-63.0507
-63.0628
-63.0751
-63.0876
-63.1001
-63.1127
-63.1255
-63.1384
-63.1513
-63.1643
-63.1774
-63.1905
-63.2037
-63.2169
-63.2302
-63.2435
-63.2568
-63.2702
-63.2835
-63.2969
-63.3103
-63.3236
-63.337
-63.3503
-63.3637
-63.377
-63.3903
-63.4035
-63.4167
-63.4299
-63.4431
-63.4562
-63.4692
-63.4822
-63.4952
-63.5081
-63.5209
-63.5337
-63.5465
-63.5591
-63.5717
-63.5843
-63.5967
-63.6091
-63.6215
-63.6337
-63.6459
-63.658
-63.67
-63.682
-63.6939
-63.7057
-63.7174
-63.729
-63.7406
-63.7521
-63.7634
-63.7747
-63.786
-63.7971
-63.8082
-63.8191
-63.83
-63.8408
-63.8515
-63.8622
-63.8727
-63.8832
-63.8935
-63.9038
-63.914
-63.9241
-63.9342
-63.9441
-63.954
-63.9637
-63.9734
-63.983
-63.9925
-64.002
-64.0113
-64.0206
-64.0298
-64.0389
-64.0479
-64.0568
-64.0656
-64.0744
-64.0831
-64.0917
-64.1002
-64.1087
-64.117
-64.1253
-64.1335
-64.1416
-64.1497
-64.1577
-64.1656
-64.1734
-64.1811
-64.1888
-64.1964
-64.2039
-64.2113
-64.2187
-64.226
-64.2332
-64.2403
-64.2474
-64.2642
-64.2831
-64.3021
-64.3204
-64.3377
-64.3541
-64.3695
-64.3841
-64.398
-64.4112
-64.4238
-64.4359
-64.4476
-64.4589
-64.4697
-64.4803
-64.4905
-64.5005
-64.5101
-64.5195
-64.5287
-64.5376
-64.5463
-64.5548
-64.563
-64.5711
-64.579
-64.5866
-64.5941
-64.6014
-64.6086
-64.6156
-64.6224
-64.629
-64.6355
-64.6418
-64.648
-64.654
-64.6599
-64.6657
-64.6713
-64.6768
-64.6822
-64.6874
-64.6926
-64.6976
-64.7024
-64.7072
-64.7119
-64.7164
-64.7209
-64.7252
-64.7295
-64.7336
-64.7377
-64.7416
-64.7455
-64.7493
-64.7529
-64.7565
-64.76
-64.7635
-64.7668
-64.7701
-64.7733
-64.7764
-64.7794
-64.7824
-64.7853
-64.7881
-64.7909
-64.7936
-64.7962
-64.7988
-64.8013
-64.8037
-64.8061
-64.8084
-64.8107
-64.8129
-64.8151
-64.8172
-64.8192
-64.8212
-64.8232
-64.8251
-64.8269
-64.8287
-64.8305
-64.8322
-64.8307
-64.8232
-64.8082
-64.7852
-64.7546
-64.7169
-64.6731
-64.6242
-64.571
-64.5145
-64.4555
-64.3948
-64.3332
-64.271
-64.209
-64.1474
-64.0866
-64.027
-63.9687
-63.9119
-63.8568
-63.8035
-63.7521
-63.7026
-63.6551
-63.6096
-63.566
-63.5245
-63.4849
-63.4472
-63.4115
-63.3776
-63.3455
-63.3152
-63.2867
-63.2598
-63.2346
-63.211
-63.1889
-63.1683
-63.1491
-63.1313
-63.1149
-63.0998
-63.0859
-63.0732
-63.0617
-63.0513
-63.042
-63.0337
-63.0264
-63.02
-63.0146
-63.0101
-63.0064
-63.0035
-63.0013
-63
-62.9993
-62.9993
-63
-63.0013
-63.0032
-63.0057
-63.0087
-63.0122
-63.0162
-63.0207
-63.0257
-63.0311
-63.0369
-63.0431
-63.0496
-63.0565
-63.0638
-63.0713
-63.0792
-63.0873
-63.0957
-63.1044
-63.1133
-63.1224
-63.1318
-63.1413
-63.151
-63.1609
-63.171
-63.1812
-63.1915
-63.202
-63.2126
-63.2233
-63.2342
-63.2451
-63.2561
-63.2672
-63.2783
-63.2896
-63.3008
-63.3122
-63.3235
-63.3349
-63.3464
-63.3579
-63.3693
-63.3808
-63.3924
-63.4039
-63.4154
-63.4269
-63.4384
-63.4499
-63.4614
-63.4729
-63.4843
-63.4958
-63.5071
-63.5185
-63.5298
-63.5411
-63.5524
-63.5636
-63.5747
-63.5859
-63.5969
-63.608
-63.6189
-63.6298
-63.6407
-63.6515
-63.6622
-63.6729
-63.6836
-63.6941
-63.7046
-63.715
-63.7254
-63.7357
-63.746
-63.7561
-63.7662
-63.7762
-63.7862
-63.7961
-63.8059
-63.8156
-63.8253
-63.8349
-63.8444
-63.8539
-63.8633
-63.8726
-63.8818
-63.891
-63.9001
-63.9091
-63.918
-63.9269
-63.9357
-63.9444
-63.953
-63.9616
-63.9701
-63.9785
-63.9869
-63.9952
-64.0034
-64.0115
-64.0195
-64.0275
-64.0354
-64.0433
-64.0511
-64.0588
-64.0664
-64.0739
-64.0814
-64.0889
-64.0962
-64.1035
-64.1107
-64.1178
-64.1249
-64.1319
-64.1389
-64.1457
-64.1526
-64.1593
-64.166
-64.1726
-64.1791
-64.1856
-64.192
-64.1984
-64.2047
-64.2109
-64.2171
-64.2232
-64.2292
-64.2352
-64.2412
-64.247
-64.2528
-64.2586
-64.2643
-64.2699
-64.2755
-64.281
-64.2674
-64.2379
-64.1969
-64.1479
-64.0932
-64.0345
-63.9732
-63.9102
-63.8463
-63.7822
-63.7184
-63.6553
-63.5932
-63.5325
-63.4733
-63.4159
-63.3603
-63.3068
-63.2553
-63.2059
-63.1587
-63.1137
-63.0708
-63.0301
-62.9915
-62.955
-62.9206
-62.8882
-62.8578
-62.8293
-62.8027
-62.7779
-62.7549
-62.7337
-62.7141
-62.6961
-62.6796
-62.6647
-62.6512
-62.639
-62.6283
-62.6188
-62.6106
-62.6035
-62.5976
-62.5928
-62.5891
-62.5863
-62.5846
-62.5837
-62.5838
-62.5847
-62.5864
-62.5889
-62.5921
-62.596
-62.6007
-62.6059
-62.6118
-62.6182
-62.6252
-62.6328
-62.6408
-62.6493
-62.6583
-62.6677
-62.6775
-62.6877
-62.6983
-62.7092
-62.7204
-62.7319
-62.7437
-62.7558
-62.7682
-62.7807
-62.7935
-62.8065
-62.8197
-62.8331
-62.8467
-62.8604
-62.8742
-62.8882
-62.9023
-62.9165
-62.9307
-62.9451
-62.9596
-62.9741
-62.9887
-63.0033
-63.018
-63.0328
-63.0475
-63.0623
-63.0771
-63.0919
-63.1067
-63.1215
-63.1363
-63.151
-63.1658
-63.1805
-63.1953
-63.2099
-63.2246
-63.2392
-63.2537
-63.2682
-63.2827
-63.2971
-63.3115
-63.3258
-63.34
-63.3542
-63.3682
-63.3823
-63.3962
-63.4101
-63.4239
-63.4376
-63.4513
-63.4648
-63.4783
-63.4917
-63.505
-63.5183
-63.5314
-63.5445
-63.5574
-63.5703
-63.5831
-63.5958
-63.6083
-63.6208
-63.6333
-63.6456
-63.6578
-63.6699
-63.6819
-63.6939
-63.7057
-63.7174
-63.7291
-63.7406
-63.7521
-63.7634
-63.7747
-63.7858
-63.7969
-63.8079
-63.8187
-63.8295
-63.8402
-63.8508
-63.8613
-63.8716
-63.8819
-63.8921
-63.9023
-63.9123
-63.9222
-63.932
-63.9418
-63.9514
-63.961
-63.9704
-63.9798
-63.9891
-63.9983
-64.0074
-64.0164
-64.0253
-64.0342
-64.0429
-64.0516
-64.0602
-64.0687
-64.0771
-64.0854
-64.0937
-64.1018
-64.1099
-64.1179
-64.1258
-64.1337
-64.1414
-64.1491
-64.1567
-64.1642
-64.1716
-64.179
-64.1863
-64.1935
-64.2006
-64.2077
-64.2147
-64.2216
-64.2285
-64.2352
-64.2419
-64.2486
-64.2551
-64.2616
-64.268
-64.2744
-64.2807
-64.2869
-64.293
-64.2991
-64.3051
-64.3111
-64.317
-64.3228
-64.3286
-64.3343
-64.3399
-64.3455
-64.351
-64.3564
-64.3618
-64.3672
-64.3724
-64.3777
-64.3828
-64.3976
-64.4144
-64.4314
-64.4477
-64.463
-64.4775
-64.491
-64.5037
-64.5157
-64.5271
-64.5379
-64.5482
-64.5581
-64.5676
-64.5767
-64.5855
-64.5941
-64.6023
-64.6103
-64.6181
-64.6256
-64.6329
-64.6399
-64.6468
-64.6535
-64.66
-64.6663
-64.6724
-64.6784
-64.6842
-64.6898
-64.6953
-64.7007
-64.7059
-64.7109
-64.7158
-64.7206
-64.7252
-64.7297
-64.7341
-64.7384
-64.7425
-64.7466
-64.7505
-64.7543
-64.758
-64.7616
-64.7651
-64.7685
-64.7718
-64.775
-64.7781
-64.7811
-64.7841
-64.7869
-64.7897
-64.7924
-64.795
-64.7975
-64.7999
-64.8023
-64.8046
-64.8069
-64.809
-64.8111
-64.8131
-64.8151
-64.817
-64.8189
-64.8206
-64.8224
-64.824
-64.8256
-64.8272
-64.8287
-64.8302
-64.8316
-64.8329
-64.8342
-64.8355
-64.8367
-64.8379
-64.839
-64.8401
-64.8411
-64.8421
-64.843
-64.844
-64.8448
-64.8457
-64.8433
-64.835
-64.8191
-64.7953
-64.7639
-64.7254
-64.6808
-64.6311
-64.5771
-64.5198
-64.4601
-64.3986
-64.3362
-64.2733
-64.2106
-64.1482
-64.0868
-64.0264
-63.9674
-63.91
-63.8543
-63.8003
-63.7483
-63.6982
-63.6501
-63.604
-63.5599
-63.5178
-63.4777
-63.4395
-63.4032
-63.3688
-63.3363
-63.3055
-63.2765
-63.2492
-63.2236
-63.1995
-63.177
-63.156
-63.1364
-63.1183
-63.1015
-63.086
-63.0718
-63.0587
-63.0469
-63.0362
-63.0265
-63.0179
-63.0103
-63.0037
-62.9979
-62.9931
-62.9891
-62.9859
-62.9836
-62.9819
-62.981
-62.9808
-62.9812
-62.9823
-62.9839
-62.9862
-62.989
-62.9923
-62.9961
-63.0004
-63.0051
-63.0103
-63.0159
-63.0219
-63.0282
-63.035
-63.042
-63.0494
-63.057
-63.065
-63.0732
-63.0817
-63.0904
-63.0963
-63.0967
-63.09
-63.0759
-63.0546
-63.0268
-62.9933
-62.9549
-62.9128
-62.8676
-62.8203
-62.7716
-62.7221
-62.6724
-62.6229
-62.5741
-62.5262
-62.4796
-62.4344
-62.3908
-62.349
-62.309
-62.2709
-62.2347
-62.2006
-62.1683
-62.1381
-62.1098
-62.0834
-62.0589
-62.0362
-62.0153
-61.9962
-61.9788
-61.963
-61.9489
-61.9363
-61.9252
-61.9155
-61.9072
-61.9002
-61.8946
-61.8901
-61.8869
-61.8848
-61.8838
-61.8838
-61.8849
-61.8869
-61.8898
-61.8936
-61.8982
-61.9037
-61.9099
-61.9168
-61.9245
-61.9328
-61.9417
-61.9513
-61.9614
-61.972
-61.9832
-61.9949
-62.007
-62.0195
-62.0325
-62.0459
-62.0596
-62.0737
-62.0881
-62.1028
-62.1178
-62.1331
-62.1486
-62.1644
-62.1804
-62.1965
-62.2129
-62.2295
-62.2462
-62.263
-62.28
-62.2971
-62.3143
-62.3316
-62.3491
-62.3665
-62.3841
-62.4017
-62.4194
-62.4371
-62.4548
-62.4725
-62.4903
-62.5081
-62.5259
-62.5437
-62.5614
-62.5792
-62.5969
-62.6146
-62.6323
-62.6499
-62.6675
-62.685
-62.7025
-62.7199
-62.7373
-62.7546
-62.7718
-62.789
-62.806
-62.8231
-62.84
-62.8568
-62.8736
-62.8903
-62.9069
-62.9233
-62.9397
-62.956
-62.9723
-62.9884
-63.0044
-63.0203
-63.0361
-63.0518
-63.0674
-63.0828
-63.0982
-63.1135
-63.1286
-63.1249
-63.1054
-63.0746
-63.0358
-62.9882
-62.931
-62.8639
-62.7876
-62.7031
-62.6119
-62.5152
-62.4145
-62.3111
-62.2062
-62.1008
-61.9959
-61.8921
-61.7903
-61.6908
-61.5943
-61.5009
-61.411
-61.3248
-61.2423
-61.1638
-61.0891
-61.0184
-60.9516
-60.8887
-60.8295
-60.7741
-60.7223
-60.6741
-60.6293
-60.5879
-60.5496
-60.5146
-60.4825
-60.4533
-60.4269
-60.4033
-60.3822
-60.3636
-60.3473
-60.3334
-60.3216
-60.312
-60.3043
-60.2986
-60.2947
-60.2925
-60.2921
-60.2932
-60.2959
-60.3
-60.3055
-60.3124
-60.3205
-60.3298
-60.3402
-60.3517
-60.3643
-60.3778
-60.3923
-60.4076
-60.4238
-60.4408
-60.4585
-60.4769
-60.496
-60.5158
-60.5361
-60.5569
-60.5783
-60.6002
-60.6226
-60.6453
-60.6685
-60.6921
-60.716
-60.7402
-60.7647
-60.7895
-60.8146
-60.8398
-60.8653
-60.891
-60.9169
-60.9429
-60.9691
-60.9954
-61.0217
-61.0482
-61.0748
-61.1014
-61.1281
-61.1548
-61.1815
-61.2083
-61.235
-61.2618
-61.2885
-61.3152
-61.3419
-61.3686
-61.3951
-61.4217
-61.4481
-61.4745
-61.5008
-61.527
-61.5531
-61.5792
-61.6051
-61.6309
-61.6566
-61.6822
-61.7076
-61.733
-61.7582
-61.7832
-61.8082
-61.833
-61.8576
-61.8821
-61.9035
-61.919
-61.9272
-61.9278
-61.9209
-61.9071
-61.8875
-61.8627
-61.8339
-61.8018
-61.7673
-61.7311
-61.6939
-61.6562
-61.6185
-61.5812
-61.5446
-61.509
-61.4747
-61.4417
-61.4102
-61.3804
-61.3523
-61.3259
-61.3013
-61.2784
-61.2574
-61.2381
-61.2205
-61.2046
-61.1904
-61.1779
-61.1669
-61.1575
-61.1495
-61.143
-61.138
-61.1342
-61.1318
-61.1306
-61.1306
-61.1318
-61.134
-61.1374
-61.1417
-61.1471
-61.1533
-61.1605
-61.1685
-61.1773
-61.1869
-61.1972
-61.2083
-61.22
-61.2323
-61.2453
-61.2588
-61.2729
-61.2875
-61.3025
-61.318
-61.334
-61.3504
-61.3671
-61.3843
-61.4017
-61.4195
-61.4376
-61.456
-61.4746
-61.4935
-61.5125
-61.5318
-61.5513
-61.571
-61.5908
-61.6108
-61.6309
-61.6511
-61.6714
-61.6919
-61.7124
-61.7329
-61.7536
-61.7743
-61.795
-61.8157
-61.8365
-61.8573
-61.8781
-61.8989
-61.9197
-61.9404
-61.9612
-61.9819
-62.0026
-62.0232
-62.0438
-62.0643
-62.0848
-62.1052
-62.1255
-62.1457
-62.1659
-62.186
-62.206
-62.2259
-62.2458
-62.2655
-62.2851
-62.3047
-62.3241
-62.3434
-62.3626
-62.3817
-62.4007
-62.4196
-62.4383
-62.4569
-62.4754
-62.4938
-62.5121
-62.5302
-62.5482
-62.5661
-62.5839
-62.6015
-62.619
-62.6364
-62.6536
-62.6707
-62.6877
-62.7046
-62.7213
-62.7379
-62.7543
-62.7706
-62.7868
-62.8029
-62.8188
-62.8346
-62.8502
-62.8657
-62.8811
-62.8964
-62.9115
-62.9265
-62.9413
-62.9561
-62.9707
-62.9851
-62.9995
-63.0137
-63.0278
-63.0417
-63.0556
-63.0693
-63.0829
-63.0963
-63.1096
-63.1228
-63.1359
-63.1489
-63.1617
-63.1745
-63.1871
-63.1995
-63.2119
-63.2241
-63.2363
-63.2483
-63.2602
-63.272
-63.2836
-63.2952
-63.3066
-63.318
-63.3292
-63.3403
-63.3513
-63.3622
-63.373
-63.3837
-63.3943
-63.4047
-63.4151
-63.4254
-63.4355
-63.4456
-63.4556
-63.4654
-63.4752
-63.4849
-63.4945
-63.504
-63.5133
-63.5226
-63.5318
-63.5409
-63.55
-63.5589
-63.5677
-63.5765
-63.5851
-63.5937
-63.6125
-63.6336
-63.6548
-63.6752
-63.6946
-63.7129
-63.7302
-63.7467
-63.7624
-63.7773
-63.7916
-63.8054
-63.8187
-63.8316
-63.844
-63.8561
-63.8679
-63.8793
-63.8904
-63.9012
-63.9118
-63.9221
-63.9322
-63.942
-63.9516
-63.9609
-63.9701
-63.979
-63.9878
-63.9963
-64.0047
-64.0129
-64.0209
-64.0287
-64.0363
-64.0438
-64.0511
-64.0583
-64.0653
-64.0721
-64.0788
-64.0854
-64.0918
-64.0981
-64.1043
-64.1103
-64.1162
-64.1219
-64.1276
-64.1331
-64.1385
-64.1438
-64.149
-64.1541
-64.1591
-64.1639
-64.1687
-64.1734
-64.1779
-64.1824
-64.1868
-64.1911
-64.1922
-64.1872
-64.1748
-64.1545
-64.1265
-64.0915
-64.0504
-64.0042
-63.9537
-63.9
-63.8438
-63.7859
-63.727
-63.6677
-63.6084
-63.5496
-63.4915
-63.4346
-63.379
-63.3249
-63.2724
-63.2217
-63.1729
-63.1259
-63.0809
-63.0379
-62.9967
-62.9576
-62.9203
-62.8849
-62.8514
-62.8197
-62.7898
-62.7617
-62.7352
-62.7104
-62.6871
-62.6655
-62.6453
-62.6265
-62.6092
-62.5932
-62.5785
-62.5651
-62.5529
-62.5418
-62.5319
-62.523
-62.5152
-62.5084
-62.5026
-62.4976
-62.4936
-62.4904
-62.488
-62.4864
-62.4856
-62.4854
-62.486
-62.4872
-62.489
-62.4914
-62.5058
-62.5232
-62.5413
-62.5592
-62.5766
-62.5933
-62.6095
-62.6251
-62.6404
-62.6553
-62.67
-62.6845
-62.6988
-62.713
-62.7272
-62.7412
-62.7552
-62.7692
-62.7831
-62.7971
-62.8109
-62.8248
-62.8386
-62.8524
-62.8661
-62.8798
-62.8935
-62.9072
-62.9208
-62.9343
-62.9478
-62.9612
-62.9746
-62.988
-63.0121
-63.0386
-63.0652
-63.091
-63.1157
-63.1394
-63.1619
-63.1836
-63.2044
-63.2245
-63.2439
-63.2627
-63.281
-63.2988
-63.3162
-63.3332
-63.3499
-63.3661
-63.3821
-63.3977
-63.413
-63.428
-63.4428
-63.4573
-63.4715
-63.4854
-63.4991
-63.5126
-63.5258
-63.5388
-63.5516
-63.5641
-63.5764
-63.5885
-63.6004
-63.6121
-63.6236
-63.6349
-63.646
-63.6569
-63.6676
-63.6781
-63.6885
-63.6987
-63.7087
-63.7185
-63.7282
-63.7377
-63.747
-63.7562
-63.7653
-63.7741
-63.7829
-63.7915
-63.7999
-63.8082
-63.8133
-63.8124
-63.804
-63.7878
-63.764
-63.7332
-63.6964
-63.6544
-63.6083
-63.5588
-63.507
-63.4534
-63.3988
-63.3438
-63.2888
-63.2343
-63.1805
-63.1279
-63.0765
-63.0267
-62.9785
-62.9321
-62.8875
-62.8447
-62.8039
-62.765
-62.728
-62.6929
-62.6597
-62.6284
-62.5989
-62.5712
-62.5453
-62.521
-62.4955
-62.4662
-62.4315
-62.3912
-62.3455
-62.2949
-62.2404
-62.1826
-62.1226
-62.061
-61.9988
-61.9364
-61.8745
-61.8136
-61.7541
-61.6962
-61.6403
-61.5865
-61.5351
-61.486
-61.4395
-61.3955
-61.3541
-61.3153
-61.279
-61.2452
-61.2138
-61.1849
-61.1584
-61.1342
-61.1122
-61.0924
-61.0746
-61.0589
-61.0452
-61.0333
-61.0232
-61.0149
-61.0083
-61.0033
-60.9998
-60.9978
-60.9972
-60.9979
-61
-61.0032
-61.0077
-61.0133
-61.02
-61.0277
-61.0364
-61.046
-61.0565
-61.0678
-61.0799
-61.0928
-61.1064
-61.1207
-61.1357
-61.1512
-61.1674
-61.184
-61.2012
-61.2189
-61.237
-61.2681
-61.3023
-61.3371
-61.3713
-61.4048
-61.4374
-61.4691
-61.5001
-61.5305
-61.5603
-61.5896
-61.6185
-61.6471
-61.6754
-61.7034
-61.7312
-61.7588
-61.7861
-61.8132
-61.8402
-61.8669
-61.8935
-61.9198
-61.946
-61.972
-61.9978
-62.0235
-62.0489
-62.0742
-62.0992
-62.1241
-62.1488
-62.1733
-62.1946
-62.21
-62.2181
-62.2186
-62.2115
-62.1977
-62.1779
-62.1531
-62.1242
-62.092
-62.0575
-62.0213
-61.984
-61.9462
-61.9084
-61.871
-61.8343
-61.7986
-61.7641
-61.731
-61.6993
-61.6692
-61.6408
-61.6141
-61.5891
-61.5658
-61.5443
-61.5244
-61.5063
-61.4897
-61.4748
-61.4614
-61.4496
-61.4392
-61.4303
-61.4227
-61.4165
-61.4116
-61.4079
-61.4054
-61.4041
-61.4039
-61.4047
-61.4066
-61.4095
-61.4133
-61.418
-61.4236
-61.43
-61.4372
-61.4452
-61.4539
-61.4632
-61.4733
-61.4839
-61.4951
-61.5069
-61.5192
-61.5319
-61.5451
-61.5587
-61.5728
-61.5872
-61.6019
-61.6141
-61.6209
-61.621
-61.6141
-61.6002
-61.5802
-61.5547
-61.5247
-61.4912
-61.4549
-61.4168
-61.3774
-61.3374
-61.2973
-61.2577
-61.2188
-61.181
-61.1446
-61.1097
-61.0764
-61.045
-61.0154
-60.9877
-60.962
-60.9383
-60.9166
-60.8968
-60.8789
-60.8629
-60.8488
-60.8364
-60.8258
-60.8169
-60.8097
-60.804
-60.7999
-60.7972
-60.796
-60.7961
-60.7976
-60.8003
-60.8042
-60.8093
-60.8155
-60.8227
-60.8309
-60.8401
-60.8502
-60.8612
-60.8731
-60.8857
-60.899
-60.9131
-60.9279
-60.9433
-60.9593
-60.9759
-60.993
-61.0107
-61.0288
-61.0474
-61.0664
-61.0858
-61.1056
-61.1257
-61.1462
-61.167
-61.1881
-61.2094
-61.231
-61.2528
-61.2748
-61.2969
-61.3193
-61.3418
-61.3645
-61.3873
-61.4102
-61.4331
-61.4562
-61.4793
-61.5025
-61.5257
-61.5489
-61.572
-61.5952
-61.6184
-61.6415
-61.6645
-61.6875
-61.7104
-61.7332
-61.756
-61.7786
-61.8011
-61.8235
-61.8458
-61.8679
-61.8899
-61.9118
-61.9335
-61.9551
-61.9765
-61.9979
-62.019
-62.0401
-62.061
-62.0818
-62.1024
-62.1229
-62.1433
-62.1635
-62.1836
-62.2036
-62.2235
-62.2432
-62.2628
-62.2823
-62.3016
-62.3208
-62.3399
-62.3588
-62.3777
-62.3964
-62.4149
-62.4334
-62.4517
-62.4699
-62.488
-62.5059
-62.5237
-62.5414
-62.5589
-62.5764
-62.5937
-62.6109
-62.6279
-62.6448
-62.6616
-62.6783
-62.6948
-62.7111
-62.7274
-62.7434
-62.7593
-62.7751
-62.7907
-62.8061
-62.8214
-62.8364
-62.8514
-62.8661
-62.8806
-62.895
-62.9092
-62.9232
-62.9371
-62.9507
-62.9642
-62.9775
-62.9718
-62.9503
-62.9174
-62.8765
-62.8298
-62.7791
-62.7256
-62.6703
-62.6141
-62.5575
-62.5011
-62.4423
-62.3787
-62.3093
-62.234
-62.1531
-62.0676
-61.9785
-61.8867
-61.7934
-61.6994
-61.6055
-61.5126
-61.4212
-61.3319
-61.2451
-61.1611
-61.0803
-61.0027
-60.9286
-60.8581
-60.7911
-60.7278
-60.668
-60.6119
-60.5592
-60.51
-60.4642
-60.4217
-60.3824
-60.3462
-60.313
-60.2827
-60.2552
-60.2304
-60.2152
-60.2052
-60.1988
-60.1954
-60.1944
-60.1955
-60.1984
-60.2031
-60.2093
-60.2169
-60.2258
-60.236
-60.2473
-60.2598
-60.2732
-60.2876
-60.303
-60.3191
-60.3361
-60.3538
-60.3722
-60.3913
-60.411
-60.4312
-60.452
-60.4734
-60.4951
-60.5174
-60.54
-60.5631
-60.5865
-60.6102
-60.6343
-60.6586
-60.6833
-60.7081
-60.7332
-60.7585
-60.784
-60.8097
-60.8355
-60.8615
-60.8876
-60.9138
-60.94
-60.9664
-60.9928
-61.0193
-61.0458
-61.0724
-61.0989
-61.1255
-61.152
-61.1786
-61.2051
-61.2315
-61.258
-61.2843
-61.3106
-61.3369
-61.363
-61.3891
-61.4151
-61.441
-61.4668
-61.4925
-61.5181
-61.5435
-61.5689
-61.5941
-61.6191
-61.6441
-61.6689
-61.6935
-61.718
-61.7423
-61.7665
-61.7905
-61.8142
-61.8379
-61.8613
-61.8845
-61.9075
-61.9303
-61.9529
-61.9753
-61.9975
-62.0195
-62.0412
-62.0628
-62.0842
-62.1053
-62.1263
-62.1471
-62.1677
-62.188
-62.2082
-62.2281
-62.2479
-62.2674
-62.2867
-62.3058
-62.3247
-62.3434
-62.3618
-62.3801
-62.3981
-62.4158
-62.4334
-62.4507
-62.4679
-62.4848
-62.5014
-62.5179
-62.5341
-62.5501
-62.5659
-62.5815
-62.5969
-62.612
-62.627
-62.6417
-62.6562
-62.6706
-62.6847
-62.6986
-62.7123
-62.7258
-62.7392
-62.7523
-62.7652
-62.778
-62.7906
-62.803
-62.8152
-62.8272
-62.8391
-62.8508
-62.8623
-62.8736
-62.8848
-62.8958
-62.9067
-62.9174
-62.928
-62.9384
-62.9487
-62.9588
-62.9688
-62.9788
-62.9886
-62.9983
-63.0079
-63.0174
-63.0268
-63.0361
-63.0453
-63.0544
-63.0634
-63.0724
-63.0812
-63.0899
-63.0986
-63.1071
-63.1156
-63.1239
-63.1322
-63.1404
-63.1485
-63.1566
-63.1645
-63.1725
-63.1803
-63.1881
-63.1958
-63.2035
-63.2112
-63.2187
-63.2263
-63.2338
-63.2413
-63.2487
-63.2561
-63.2634
-63.2707
-63.278
-63.2853
-63.2925
-63.2997
-63.3068
-63.314
-63.3211
-63.3282
-63.3352
-63.3422
-63.3492
-63.3562
-63.3631
-63.3701
-63.3769
-63.3838
-63.3906
-63.3975
-63.4042
-63.411
-63.4177
-63.4244
-63.4311
-63.4377
-63.4443
-63.4509
-63.4575
-63.464
-63.4705
-63.477
-63.4834
-63.4898
-63.4962
-63.5025
-63.5088
-63.5151
-63.5214
-63.5276
-63.5338
-63.5399
-63.546
-63.5521
-63.5582
-63.5642
-63.5701
-63.5761
-63.582
-63.5879
-63.5937
-63.5995
-63.6053
-63.611
-63.6167
-63.6224
-63.628
-63.6336
-63.6391
-63.6446
-63.6501
-63.6555
-63.6609
-63.6663
-63.6716
-63.6769
-63.6822
-63.6874
-63.6926
-63.6977
-63.7028
-63.7079
-63.7129
-63.7179
-63.7229
-63.7278
-63.7327
-63.7375
-63.7423
-63.7471
-63.7518
-63.7565
-63.7612
-63.7658
-63.7704
-63.7749
-63.7795
-63.7839
-63.7884
-63.7928
-63.7972
-63.8015
-63.8058
-63.8101
-63.8143
-63.8185
-63.8227
-63.8268
-63.8309
-63.8349
-63.839
-63.8429
-63.8469
-63.8508
-63.8547
-63.8586
-63.8624
-63.8662
-63.87
-63.8737
-63.8774
-63.881
-63.8847
-63.8883
-63.8918
-63.8954
-63.8989
-63.9024
-63.9058
-63.9092
-63.9126
-63.916
-63.9193
-63.9226
-63.9259
-63.9291
-63.9323
-63.9355
-63.9387
-63.9418
-63.9259
-63.8942
-63.8512
-63.8002
-63.7436
-63.6831
-63.6199
-63.5551
-63.4895
-63.4237
-63.3582
-63.2935
-63.2298
-63.1674
-63.1067
-63.0477
-62.9907
-62.9356
-62.8826
-62.8318
-62.7831
-62.7367
-62.6924
-62.6503
-62.6103
-62.5724
-62.5367
-62.503
-62.4713
-62.4415
-62.4136
-62.3876
-62.3634
-62.3379
-62.3083
-62.2731
-62.232
-62.185
-62.1329
-62.0765
-62.0166
-61.9541
-61.8899
-61.8249
-61.7596
-61.6947
-61.6429
-61.5952
-61.5496
-61.5052
-61.4621
-61.4203
-61.38
-61.3414
-61.3046
-61.2698
-61.2371
-61.2065
-61.1781
-61.1518
-61.1277
-61.1058
-61.086
-61.0682
-61.0524
-61.0386
-61.0267
-61.0166
-61.0083
-61.0016
-60.9966
-60.9932
-60.9912
-60.9907
-60.9916
-60.9938
-60.9972
-61.0018
-61.0076
-61.0145
-61.0224
-61.0312
-61.041
-61.0517
-61.0633
-61.0756
-61.0887
-61.1025
-61.117
-61.1321
-61.1479
-61.1642
-61.181
-61.1983
-61.2161
-61.2344
-61.253
-61.2721
-61.2915
-61.3112
-61.3313
-61.3516
-61.3722
-61.3931
-61.4141
-61.4354
-61.4569
-61.4785
-61.5003
-61.5222
-61.5442
-61.5664
-61.5886
-61.6109
-61.6333
-61.6557
-61.6782
-61.7006
-61.7231
-61.7457
-61.7682
-61.7907
-61.8131
-61.8356
-61.858
-61.8804
-61.9027
-61.9249
-61.9471
-61.9692
-61.9912
-62.0132
-62.035
-62.0568
-62.0785
-62.1
-62.1215
-62.1428
-62.1641
-62.1852
-62.2061
-62.227
-62.2477
-62.2683
-62.2888
-62.3091
-62.3293
-62.3494
-62.3693
-62.3891
-62.4087
-62.4281
-62.4475
-62.4667
-62.4857
-62.5046
-62.5233
-62.5419
-62.5603
-62.5786
-62.5967
-62.6146
-62.6324
-62.6501
-62.6676
-62.6849
-62.7021
-62.7192
-62.736
-62.7528
-62.7693
-62.7857
-62.802
-62.8181
-62.8341
-62.8499
-62.8655
-62.8811
-62.8964
-62.9116
-62.9267
-62.9416
-62.9564
-62.971
-62.9855
-62.9998
-63.014
-63.028
-63.0419
-63.0557
-63.0693
-63.0828
-63.0962
-63.1094
-63.1224
-63.1323
-63.1363
-63.1328
-63.1216
-63.1028
-63.0771
-63.0454
-63.0087
-62.9678
-62.9237
-62.8772
-62.8291
-62.78
-62.7304
-62.681
-62.632
-62.5838
-62.5368
-62.4911
-62.4468
-62.4042
-62.3634
-62.3243
-62.2872
-62.2519
-62.2185
-62.187
-62.1574
-62.1297
-62.1038
-62.0798
-62.0574
-62.0368
-62.0179
-62.0006
-61.9848
-61.9706
-61.9579
-61.9466
-61.9366
-61.928
-61.9206
-61.9145
-61.9095
-61.9057
-61.903
-61.9013
-61.9006
-61.9008
-61.902
-61.904
-61.9069
-61.9106
-61.915
-61.9202
-61.9261
-61.9327
-61.9398
-61.9476
-61.956
-61.9649
-61.9743
-61.9842
-61.9946
-62.0054
-62.0166
-62.0283
-62.0403
-62.0526
-62.0653
-62.0783
-62.0916
-62.1052
-62.119
-62.1331
-62.1474
-62.1619
-62.1766
-62.1914
-62.2065
-62.2217
-62.237
-62.2525
-62.268
-62.2837
-62.2995
-62.3153
-62.3313
-62.3473
-62.3633
-62.3794
-62.3955
-62.4117
-62.4279
-62.4441
-62.4603
-62.4765
-62.4927
-62.5089
-62.525
-62.5412
-62.5573
-62.5734
-62.5894
-62.6055
-62.6214
-62.6373
-62.6532
-62.669
-62.6847
-62.7004
-62.716
-62.7315
-62.7469
-62.7623
-62.7776
-62.7928
-62.8079
-62.823
-62.8379
-62.8528
-62.8676
-62.8822
-62.8968
-62.9113
-62.9257
-62.94
-62.9542
-62.9683
-62.9822
-62.9961
-63.0099
-63.0236
-63.0371
-63.0506
-63.064
-63.0772
-63.0904
-63.1034
-63.1164
-63.1292
-63.1419
-63.1545
-63.167
-63.1794
-63.1917
-63.2039
-63.216
-63.228
-63.2398
-63.2516
-63.2632
-63.2748
-63.2862
-63.2976
-63.3088
-63.3199
-63.331
-63.3419
-63.3527
-63.3634
-63.3741
-63.3846
-63.395
-63.4053
-63.4155
-63.4257
-63.4357
-63.4456
-63.4554
-63.4652
-63.4748
-63.4843
-63.4938
-63.5032
-63.5124
-63.5216
-63.5307
-63.5397
-63.5485
-63.5574
-63.5661
-63.5747
-63.5833
-63.5917
-63.6001
-63.6084
-63.6166
-63.6247
-63.6327
-63.6407
-63.6455
-63.6441
-63.6347
-63.617
-63.591
-63.5575
-63.5173
-63.4715
-63.421
-63.367
-63.3103
-63.2517
-63.192
-63.1318
-63.0716
-63.0119
-62.9531
-62.8954
-62.8392
-62.7847
-62.732
-62.6811
-62.6323
-62.5856
-62.541
-62.4985
-62.4581
-62.417
-62.3725
-62.3233
-62.2689
-62.2095
-62.1454
-62.0773
-62.0059
-61.9323
-61.8572
-61.7814
-61.7056
-61.6305
-61.5567
-61.4845
-61.4144
-61.3466
-61.2814
-61.2189
-61.1594
-61.1028
-61.0492
-60.9987
-60.9512
-60.9067
-60.8652
-60.8267
-60.791
-60.7581
-60.728
-60.7005
-60.6755
-60.6531
-60.633
-60.6152
-60.5997
-60.5863
-60.5749
-60.5656
-60.5581
-60.5524
-60.5485
-60.5462
-60.5455
-60.5551
-60.5681
-60.5957
-60.6443
-60.7059
-60.769
-60.8301
-60.888
-60.951
-61.0128
-61.0719
-61.1281
-61.1816
-61.2327
-61.2816
-61.3286
-61.3741
-61.4181
-61.461
-61.5028
-61.5436
-61.5836
-61.6228
-61.6613
-61.6991
-61.7363
-61.7728
-61.8088
-61.8442
-61.8791
-61.9134
-61.9472
-61.9806
-62.0134
-62.0458
-62.0778
-62.1092
-62.1402
-62.1708
-62.201
-62.2307
-62.26
-62.2889
-62.3174
-62.3531
-62.3901
-62.4419
-62.4959
-62.5565
-62.6164
-62.6736
-62.7274
-62.7776
-62.8244
-62.8754
-62.9251
-62.9725
-63.0173
-63.0594
-63.0992
-63.1367
-63.1718
-63.2047
-63.2355
-63.2645
-63.2917
-63.3175
-63.3419
-63.3651
-63.3873
-63.4085
-63.429
-63.4487
-63.4678
-63.4863
-63.5044
-63.5219
-63.546
-63.5711
-63.596
-63.62
-63.6432
-63.6653
-63.6934
-63.7221
-63.7501
-63.7771
-63.8027
-63.8272
-63.8506
-63.8929
-63.9386
-63.9836
-64.0263
-64.0665
-64.1042
-64.1394
-64.1725
-64.2037
-64.2332
-64.2612
-64.2879
-64.3133
-64.3377
-64.361
-64.3834
-64.4049
-64.4255
-64.4454
-64.4646
-64.4828
-64.4999
-64.5157
-64.5303
-64.5437
-64.5623
-64.5812
-64.5992
-64.616
-64.6314
-64.6454
-64.6843
-64.7309
-64.7777
-64.8218
-64.8622
-64.899
-64.9323
-64.9627
-64.9903
-65.0155
-65.0383
-65.0588
-65.0773
-65.0939
-65.1148
-65.1355
-65.155
-65.1729
-65.1894
-65.2042
-65.2174
-65.2288
-65.2388
-65.2473
-65.2546
-65.2608
-65.2777
-65.2964
-65.3144
-65.3311
-65.3462
-65.3598
-65.3721
-65.3832
-65.399
-65.4152
-65.4307
-65.4452
-65.4586
-65.471
-65.4881
-65.5056
-65.5223
-65.5381
-65.5527
-65.5663
-65.5788
-65.5905
-65.6014
-65.6116
-65.6211
-65.63
-65.6384
-65.6463
-65.6537
-65.6607
-65.6728
-65.6857
-65.6983
-65.7101
-65.721
-65.731
-65.7402
-65.7487
-65.7564
-65.7635
-65.7699
-65.7759
-65.7813
-65.786
-65.7898
-65.7926
-65.7986
-65.8052
-65.8117
-65.8177
-65.823
-65.8277
-65.8317
-65.835
-65.8378
-65.84
-65.8417
-65.8429
-65.8437
-65.8551
-65.8684
-65.8816
-65.8991
-65.9165
-65.9326
-65.9471
-65.9601
-65.9715
-65.9816
-65.9906
-65.9985
-66.0108
-66.0235
-66.0354
-66.0464
-66.0562
-66.065
-66.095
-66.1317
-66.1689
-66.2043
-66.2369
-66.2668
-66.2939
-66.3186
-66.3411
-66.3618
-66.3859
-66.4095
-66.4318
-66.4525
-66.4715
-66.489
-66.5051
-66.5198
-66.5334
-66.5458
-66.5572
-66.5676
-66.5772
-66.5859
-66.5938
-66.6009
-66.6121
-66.6232
-66.6331
-66.6413
-66.6554
-66.6694
-66.682
-66.6927
-66.7015
-66.7086
-66.7141
-66.7183
-66.7212
-66.7231
-66.724
-66.7242
-66.7236
-66.7224
-66.7304
-66.74
-66.7489
-66.7562
-66.7616
-66.7699
-66.7773
-66.7832
-66.7841
-66.7772
-66.7614
-66.7364
-66.7025
-66.6602
-66.6106
-66.5546
-66.4934
-66.428
-66.3593
-66.2884
-66.2211
-66.1542
-66.0869
-66.0191
-65.951
-65.8827
-65.8118
-65.7358
-65.6594
-65.5783
-65.4917
-65.4001
-65.3043
-65.2048
-65.1027
-64.9989
-64.8942
-64.7894
-64.6854
-64.5826
-64.4815
-64.3827
-64.2863
-64.1922
-64.1005
-64.0115
-63.9251
-63.8416
-63.761
-63.6835
-63.6089
-63.5375
-63.4829
-63.4345
-63.3895
-63.3466
-63.3054
-63.2659
-63.2281
-63.1919
-63.1575
-63.1248
-63.0936
-63.0638
-63.0352
-63.0077
-63.0183
-63.042
-63.0688
-63.0949
-63.1189
-63.1406
-63.1601
-63.1778
-63.194
-63.209
-63.2232
-63.2368
-63.25
-63.2628
-63.2755
-63.2881
-63.3006
-63.3201
-63.341
-63.3621
-63.3827
-63.4026
-63.422
-63.4408
-63.4591
-63.477
-63.4944
-63.5116
-63.5285
-63.5451
-63.5615
-63.5777
-63.5937
-63.6095
-63.6251
-63.6405
-63.6557
-63.6707
-63.6922
-63.715
-63.7377
-63.7596
-63.7807
-63.8009
-63.8203
-63.8388
-63.8567
-63.874
-63.8907
-63.9068
-63.9224
-63.9376
-63.9523
-63.9666
-63.9805
-63.9941
-64.0073
-64.0202
-64.0327
-64.0449
-64.0568
-64.0684
-64.0796
-64.0906
-64.1013
-64.1116
-64.1217
-64.1445
-64.1698
-64.1949
-64.2189
-64.2413
-64.2622
-64.2817
-64.2999
-64.317
-64.333
-64.3481
-64.3624
-64.3759
-64.3888
-64.401
-64.4127
-64.4239
-64.4346
-64.4448
-64.4545
-64.4639
-64.4728
-64.4814
-64.4896
-64.4974
-64.5049
-64.5121
-64.5189
-64.5255
-64.5317
-64.5377
-64.5434
-64.5488
-64.5539
-64.5557
-64.5514
-64.5397
-64.52
-64.4976
-64.4701
-64.4375
-64.4002
-64.3588
-64.3143
-64.2672
-64.2184
-64.1683
-64.1175
-64.0666
-64.0159
-63.9658
-63.9165
-63.8682
-63.8212
-63.7756
-63.7314
-63.6888
-63.6478
-63.6085
-63.5709
-63.5349
-63.5006
-63.468
-63.437
-63.4076
-63.3797
-63.3533
-63.3284
-63.305
-63.2828
-63.2621
-63.2426
-63.2243
-63.2072
-63.1913
-63.1764
-63.1626
-63.1497
-63.1379
-63.1269
-63.1169
-63.1076
-63.0992
-63.0916
-63.0846
-63.0785
-63.0729
-63.0681
-63.0639
-63.0602
-63.0572
-63.0547
-63.0528
-63.0513
-63.0504
-63.0499
-63.0499
-63.0503
-63.0511
-63.0523
-63.0539
-63.0558
-63.0581
-63.0607
-63.0636
-63.0668
-63.0702
-63.0739
-63.0778
-63.0819
-63.0862
-63.0907
-63.0954
-63.1002
-63.1051
-63.1102
-63.1154
-63.1208
-63.1262
-63.1318
-63.1374
-63.1432
-63.149
-63.1549
-63.1609
-63.1669
-63.173
-63.1792
-63.1853
-63.1915
-63.1977
-63.2039
-63.2101
-63.2163
-63.2225
-63.2286
-63.2348
-63.2409
-63.247
-63.253
-63.259
-63.265
-63.2709
-63.2768
-63.2826
-63.2883
-63.294
-63.2996
-63.3051
-63.3106
-63.3161
-63.3214
-63.3267
-63.3319
-63.337
-63.3421
-63.3471
-63.352
-63.3569
-63.3616
-63.3663
-63.3709
-63.3755
-63.38
-63.3844
-63.3887
-63.393
-63.3971
-63.4013
-63.4053
-63.4093
-63.4132
-63.417
-63.4208
-63.4245
-63.4281
-63.4316
-63.4351
-63.4386
-63.4419
-63.4452
-63.4485
-63.4517
-63.4548
-63.4579
-63.4609
-63.464
-63.4669
-63.4699
-63.4728
-63.4757
-63.4786
-63.4815
-63.4844
-63.4873
-63.4901
-63.493
-63.4959
-63.4988
-63.5017
-63.5046
-63.5075
-63.5105
-63.5134
-63.5164
-63.5194
-63.5224
-63.5254
