-65
-65.0145
-65.0289
-65.0433
-65.0575
-65.0716
-65.0856
-65.0995
-65.1133
-65.127
-65.1406
-65.1541
-65.1676
-65.1809
-65.1941
-65.2072
-65.2203
-65.2332
-65.246
-65.2588
-65.2715
-65.284
-65.2965
-65.3089
-65.3212
-65.3334
-65.3455
-65.3576
-65.3695
-65.3814
-65.3932
-65.4049
-65.4165
-65.428
-65.4394
-65.4508
-65.4621
-65.4733
-65.4844
-65.4954
-65.5064
-65.5173
-65.5281
-65.5388
-65.5494
-65.56
-65.5705
-65.5809
-65.5913
-65.6015
-65.6117
-65.6218
-65.6319
-65.6419
-65.6518
-65.6616
-65.6714
-65.6811
-65.6907
-65.7002
-65.7097
-65.7191
-65.7285
-65.7378
-65.747
-65.7561
-65.7652
-65.7742
-65.7832
-65.7921
-65.8009
-65.8096
-65.8183
-65.827
-65.8355
-65.8441
-65.8525
-65.8609
-65.8692
-65.8775
-65.8857
-65.8938
-65.9019
-65.91
-65.9179
-65.9259
-65.9337
-65.9415
-65.9493
-65.957
-65.9646
-65.9722
-65.9797
-65.9872
-65.9946
-66.002
-66.0093
-66.0165
-66.0237
-66.0309
-66.038
-66.045
-66.052
-66.059
-66.0659
-66.0727
-66.0796
-66.0863
-66.093
-66.0997
-66.1063
-66.1128
-66.1193
-66.1258
-66.1322
-66.1386
-66.1449
-66.1512
-66.1575
-66.1637
-66.1698
-66.1759
-66.182
-66.188
-66.194
-66.1999
-66.2058
-66.2116
-66.2174
-66.2232
-66.2289
-66.2346
-66.2402
-66.2458
-66.2514
-66.2569
-66.2624
-66.2678
-66.2732
-66.2786
-66.2839
-66.2892
-66.2944
-66.2996
-66.3048
-66.3099
-66.315
-66.3201
-66.3251
-66.3301
-66.335
-66.3399
-66.3448
-66.3497
-66.3545
-66.3592
-66.364
-66.3687
-66.3734
-66.378
-66.3826
-66.3872
-66.3917
-66.3962
-66.4007
-66.4051
-66.4096
-66.4139
-66.4183
-66.4226
-66.4269
-66.4311
-66.4354
-66.4395
-66.4437
-66.4478
-66.4519
-66.456
-66.4601
-66.4641
-66.4681
-66.472
-66.4759
-66.4798
-66.4837
-66.4876
-66.4914
-66.4952
-66.4989
-66.5027
-66.5064
-66.51
-66.5137
-66.5173
-66.5209
-66.5245
-66.5281
-66.5316
-66.5351
-66.5386
-66.542
-66.5454
-66.5488
-66.5522
-66.5556
-66.5589
-66.5622
-66.5655
-66.5687
-66.572
-66.5752
-66.5784
-66.5815
-66.5847
-66.5878
-66.5909
-66.5939
-66.597
-66.6
-66.603
-66.606
-66.609
-66.6119
-66.6148
-66.6177
-66.6206
-66.6235
-66.6263
-66.6291
-66.6319
-66.6347
-66.6375
-66.6402
-66.6429
-66.6456
-66.6483
-66.651
-66.6536
-66.6562
-66.6588
-66.6614
-66.664
-66.6665
-66.669
-66.6716
-66.6741
-66.6765
-66.679
-66.6814
-66.6838
-66.6862
-66.6886
-66.691
-66.6934
-66.6957
-66.698
-66.7003
-66.7026
-66.7049
-66.7071
-66.7094
-66.7116
-66.7138
-66.716
-66.7181
-66.7203
-66.7224
-66.7246
-66.7267
-66.7288
-66.7308
-66.7329
-66.735
-66.737
-66.739
-66.741
-66.743
-66.745
-66.747
-66.7489
-66.7508
-66.7528
-66.7547
-66.7566
-66.7584
-66.7603
-66.7622
-66.764
-66.7658
-66.7676
-66.7694
-66.7712
-66.773
-66.7748
-66.7765
-66.7783
-66.78
-66.7817
-66.7834
-66.7851
-66.7868
-66.7884
-66.7901
-66.7917
-66.7933
-66.795
-66.7966
-66.7981
-66.7997
-66.8013
-66.8029
-66.8044
-66.8059
-66.8075
-66.809
-66.8105
-66.812
-66.8135
-66.8149
-66.8164
-66.8178
-66.8193
-66.8207
-66.8221
-66.8235
-66.8249
-66.8263
-66.8277
-66.8291
-66.8304
-66.8318
-66.8331
-66.8344
-66.8358
-66.8371
-66.8384
-66.8397
-66.8409
-66.8422
-66.8435
-66.8447
-66.846
-66.8472
-66.8484
-66.8497
-66.8509
-66.8521
-66.8533
-66.8545
-66.8556
-66.8568
-66.858
-66.8591
-66.8603
-66.8614
-66.8625
-66.8636
-66.8647
-66.8658
-66.8669
-66.868
-66.8691
-66.8702
-66.8712
-66.8723
-66.8733
-66.8744
-66.8754
-66.8764
-66.8774
-66.8785
-66.8795
-66.8805
-66.8814
-66.8824
-66.8834
-66.8844
-66.8853
-66.8863
-66.8872
-66.8882
-66.8891
-66.89
-66.8909
-66.8919
-66.8928
-66.8937
-66.8946
-66.8955
-66.8963
-66.8972
-66.8981
-66.8989
-66.8998
-66.9006
-66.9015
-66.9023
-66.9032
-66.904
-66.9048
-66.9056
-66.9064
-66.9072
-66.908
-66.9088
-66.9096
-66.9104
-66.9111
-66.9119
-66.9127
-66.9134
-66.9142
-66.9149
-66.9157
-66.9164
-66.9171
-66.9179
-66.9186
-66.9193
-66.92
-66.9207
-66.9214
-66.9221
-66.9228
-66.9235
-66.9241
-66.9248
-66.9255
-66.9262
-66.9268
-66.9275
-66.9281
-66.9288
-66.9294
-66.93
-66.9307
-66.9313
-66.9319
-66.9325
-66.9332
-66.9338
-66.9344
-66.935
-66.9356
-66.9362
-66.9368
-66.9373
-66.9379
-66.9385
-66.9391
-66.9396
-66.9402
-66.9407
-66.9413
-66.9419
-66.9424
-66.9429
-66.9435
-66.944
-66.9445
-66.9451
-66.9456
-66.9461
-66.9466
-66.9471
-66.9477
-66.9482
-66.9487
-66.9492
-66.9497
-66.9501
-66.9506
-66.9511
-66.9516
-66.9521
-66.9525
-66.953
-66.9535
-66.9539
-66.9544
-66.9549
-66.9553
-66.9558
-66.9562
-66.9567
-66.9571
-66.9575
-66.958
-66.9584
-66.9588
-66.9592
-66.9597
-66.9601
-66.9605
-66.9609
-66.9613
-66.9617
-66.9621
-66.9625
-66.9629
-66.9633
-66.9637
-66.9641
-66.9645
-66.9649
-66.9653
-66.9656
-66.966
-66.9664
-66.9668
-66.9671
-66.9675
-66.9679
-66.9682
-66.9686
-66.9689
-66.9693
-66.9696
-66.97
-66.9703
-66.9707
-66.971
-66.9713
-66.9717
-66.972
-66.9723
-66.9727
-66.973
-66.9733
-66.9736
-66.9739
-66.9743
-66.9746
-66.9749
-66.9752
-66.9755
-66.9758
-66.9761
-66.9764
-66.9767
-66.977
-66.9773
-66.9776
-66.9779
-66.9782
-66.9785
-66.9787
-66.979
-66.9793
-66.9796
-66.9799
-66.9801
-66.9804
-66.9807
-66.9809
-66.9812
-66.9815
-66.9817
-66.982
-66.9822
-66.9825
-66.9828
-66.983
-66.9833
-66.9835
-66.9838
-66.984
-66.9842
-66.9845
-66.9847
-66.985
-66.9852
-66.9854
-66.9857
-66.9859
-66.9861
-66.9864
-66.9866
-66.9868
-66.987
-66.9873
-66.9875
-66.9877
-66.9879
-66.9881
-66.9883
-66.9885
-66.9888
-66.989
-66.9892
-66.9894
-66.9896
-66.9898
-66.99
-66.9902
-66.9904
-66.9906
-66.9908
-66.991
-66.9912
-66.9914
-66.9916
-66.9917
-66.9919
-66.9921
-66.9923
-66.9925
-66.9927
-66.9929
-66.993
-66.9932
-66.9934
-66.9936
-66.9937
-66.9939
-66.9941
-66.9943
-66.9944
-66.9946
-66.9948
-66.9949
-66.9951
-66.9953
-66.9954
-66.9956
-66.9957
-66.9959
-66.9961
-66.9962
-66.9964
-66.9965
-66.9967
-66.9968
-66.997
-66.9971
-66.9973
-66.9974
-66.9976
-66.9977
-66.9979
-66.998
-66.9981
-66.9983
-66.9984
-66.9986
-66.9987
-66.9988
-66.999
-66.9991
-66.9993
-66.9994
-66.9995
-66.9997
-66.9998
-66.9999
-67
-67.0002
-67.0003
-67.0004
-67.0005
-67.0007
-67.0008
-67.0009
-67.001
-67.0012
-67.0013
-67.0014
-67.0015
-67.0016
-67.0018
-67.0019
-67.002
-67.0021
-67.0022
-67.0023
-67.0024
-67.0025
-67.0027
-67.0028
-67.0029
-67.003
-67.0031
-67.0032
-67.0033
-67.0034
-67.0035
-67.0036
-67.0037
-67.0038
-67.0039
-67.004
-67.0041
-67.0042
-67.0043
-67.0044
-67.0045
-67.0046
-67.0047
-67.0048
-67.0049
-67.005
-67.0051
-67.0052
-67.0053
-67.0053
-67.0054
-67.0055
-67.0056
-67.0057
-67.0058
-67.0059
-67.006
-67.006
-67.0061
-67.0062
-67.0063
-67.0064
-67.0065
-67.0065
-67.0066
-67.0067
-67.0068
-67.0069
-67.0069
-67.007
-67.0071
-67.0072
-67.0073
-67.0073
-67.0074
-67.0075
-67.0076
-67.0076
-67.0077
-67.0078
-67.0079
-67.0079
-67.008
-67.0081
-67.0081
-67.0082
-67.0083
-67.0083
-67.0084
-67.0085
-67.0085
-67.0086
-67.0087
-67.0087
-67.0088
-67.0089
-67.0089
-67.009
-67.0091
-67.0091
-67.0092
-67.0093
-67.0093
-67.0094
-67.0094
-67.0095
-67.0096
-67.0096
-67.0097
-67.0097
-67.0098
-67.0099
-67.0099
-67.01
-67.01
-67.0101
-67.0101
-67.0102
-67.0102
-67.0103
-67.0104
-67.0104
-67.0105
-67.0105
-67.0106
-67.0106
-67.0107
-67.0107
-67.0108
-67.0108
-67.0109
-67.0109
-67.011
-67.011
-67.0111
-67.0111
-67.0112
-67.0112
-67.0113
-67.0113
-67.0114
-67.0114
-67.0115
-67.0115
-67.0115
-67.0116
-67.0116
-67.0117
-67.0117
-67.0118
-67.0118
-67.0119
-67.0119
-67.0119
-67.012
-67.012
-67.0121
-67.0121
-67.0122
-67.0122
-67.0122
-67.0123
-67.0123
-67.0124
-67.0124
-67.0124
-67.0125
-67.0125
-67.0125
-67.0126
-67.0126
-67.0127
-67.0127
-67.0127
-67.0128
-67.0128
-67.0128
-67.0129
-67.0129
-67.013
-67.013
-67.013
-67.0131
-67.0131
-67.0131
-67.0132
-67.0132
-67.0132
-67.0133
-67.0133
-67.0133
-67.0134
-67.0134
-67.0134
-67.0135
-67.0135
-67.0135
-67.0135
-67.0136
-67.0136
-67.0136
-67.0137
-67.0137
-67.0137
-67.0138
-67.0138
-67.0138
-67.0138
-67.0139
-67.0139
-67.0139
-67.014
-67.014
-67.014
-67.014
-67.0141
-67.0141
-67.0141
-67.0142
-67.0142
-67.0142
-67.0142
-67.0143
-67.0143
-67.0143
-67.0143
-67.0144
-67.0144
-67.0144
-67.0144
-67.0145
-67.0145
-67.0145
-67.0145
-67.0146
-67.0146
-67.0146
-67.0146
-67.0146
-67.0147
-67.0147
-67.0147
-67.0147
-67.0148
-67.0148
-67.0148
-67.0148
-67.0148
-67.0149
-67.0149
-67.0149
-67.0149
-67.015
-67.015
-67.015
-67.015
-67.015
-67.0151
-67.0151
-67.0151
-67.0151
-67.0151
-67.0152
-67.0152
-67.0152
-67.0152
-67.0152
-67.0152
-67.0153
-67.0153
-67.0153
-67.0153
-67.0153
-67.0154
-67.0154
-67.0154
-67.0154
-67.0154
-67.0154
-67.0155
-67.0155
-67.0155
-67.0155
-67.0155
-67.0155
-67.0156
-67.0156
-67.0156
-67.0156
-67.0156
-67.0156
-67.0157
-67.0157
-67.0157
-67.0157
-67.0157
-67.0157
-67.0158
-67.0158
-67.0158
-67.0158
-67.0158
-67.0158
-67.0158
-67.0159
-67.0159
-67.0159
-67.0159
-67.0159
-67.0159
-67.0159
-67.016
-67.016
-67.016
-67.016
-67.016
-67.016
-67.016
-67.016
-67.0161
-67.0161
-67.0161
-67.0161
-67.0161
-67.0161
-67.0161
-67.0161
-67.0162
-67.0162
-67.0162
-67.0162
-67.0162
-67.0162
-67.0162
-67.0162
-67.0163
-67.0163
-67.0163
-67.0163
-67.0163
-67.0163
-67.0163
-67.0163
-67.0163
-67.0164
-67.0164
-67.0164
-67.0164
-67.0164
-67.0164
-67.0164
-67.0164
-67.0164
-67.0164
-67.0165
-67.0165
-67.0165
-67.0165
-67.0165
-67.0165
-67.0165
-67.0165
-67.0165
-67.0165
-67.0166
-67.0166
-67.0166
-67.0166
-67.0166
-67.0166
-67.0166
-67.0166
-67.0166
-67.0166
-67.0166
-67.0166
-67.0167
-67.0167
-67.0167
-67.0167
-67.0167
-67.0167
-67.0167
-67.0167
-67.0167
-67.0167
-67.0167
-67.0167
-67.0168
-67.0168
-67.0168
-67.0168
-67.0168
-67.0168
-67.0168
-67.0168
-67.0168
-67.0168
-67.0168
-67.0168
-67.0168
-67.0169
-67.0169
-67.0169
-67.0169
-67.0169
-67.0169
-67.0169
-67.0169
-67.0169
-67.0169
-67.0169
-67.0169
-67.0169
-67.0169
-67.0169
-67.017
-67.017
-67.017
-67.017
-67.017
-67.017
-67.017
-67.017
-67.017
-67.017
-67.017
-67.017
-67.017
-67.017
-67.017
-67.017
-67.017
-67.0171
-67.0171
-67.0171
-67.0171
-67.0171
-67.0171
-67.0171
-67.0171
-67.0171
-67.0171
-67.0171
-67.0171
-67.0171
-67.0171
-67.0171
-67.0171
-67.0171
-67.0171
-67.0171
-67.0172
-67.0172
-67.0172
-67.0172
-67.0172
-67.0172
-67.0172
-67.0172
-67.0172
-67.0172
-67.0172
-67.0172
-67.0172
-67.0172
-67.0172
-67.0172
-67.0172
-67.0172
-67.0172
-67.0172
-67.0172
-67.0172
-67.0173
-67.0173
-67.0173
-67.0173
-67.0173
-67.0173
-67.0173
-67.0173
-67.0173
-67.0173
-67.0173
-67.0173
-67.0173
-67.0173
-67.0173
-67.0173
-67.0173
-67.0173
-67.0173
-67.0173
-67.0173
-67.0173
-67.0173
-67.0173
-67.0173
-67.0173
-67.0174
-67.0174
-67.0174
-67.0174
-67.0174
-67.0174
-67.0174
-67.0174
-67.0174
-67.0174
-67.0174
-67.0174
-67.0174
-67.0174
-67.0174
-67.0174
-67.0174
-67.0174
-67.0174
-67.0174
-67.0174
-67.0174
-67.0174
-67.0174
-67.0174
-67.0174
-67.0174
-67.0174
-67.0174
-67.0174
-67.0174
-67.0174
-67.0174
-67.0175
-67.0175
-67.0175
-67.0175
-67.0175
-67.0175
-67.0175
-67.0175
-67.0175
-67.0175
-67.0175
-67.0175
-67.0175
-67.0175
-67.0175
-67.0175
-67.0175
-67.0175
-67.0175
-67.0175
-67.0175
-67.0175
-67.0175
-67.0175
-67.0175
-67.0175
-67.0175
-67.0175
-67.0175
-67.0175
-67.0175
-67.0175
-67.0175
-67.0175
-67.0175
-67.0175
-67.0175
-67.0175
-67.0175
-67.0175
-67.0175
-67.0175
-67.0176
-67.0176
-67.0176
-67.0176
-67.0176
-67.0176
-67.0176
-67.0176
-67.0176
-67.0176
-67.0176
-67.0176
-67.0176
-67.0176
-67.0176
-67.0176
-67.0176
-67.0176
-67.0176
-67.0176
-67.0176
-67.0176
-67.0176
-67.0176
-67.0176
-67.0176
-67.0176
-67.0176
-67.0176
-67.0176
-67.0176
-67.0176
-67.0176
-67.0176
-67.0176
-67.0176
-67.0176
-67.0176
-67.0176
-67.0176
-67.0176
-67.0176
-67.0176
-67.0176
-67.0176
-67.0176
-67.0176
-67.0176
-67.0176
-67.0176
-67.0176
-67.0176
-67.0176
-67.0176
-67.0176
-67.0176
-67.0176
-67.0176
-67.0176
-67.0176
-67.0176
-67.0176
-67.0177
-67.0177
-67.0177
-67.0177
-67.0177
-67.0177
-67.0177
-67.0177
-67.0177
-67.0177
-67.0177
-67.0177
-67.0177
-67.0177
-67.0177
-67.0177
-67.0177
-67.0177
-67.0177
-67.0177
-67.0177
-67.0177
-67.0177
-67.0177
-67.0177
-67.0177
-67.0177
-67.0177
-67.0177
-67.0177
-67.0177
-67.0177
-67.0177
-67.0177
-67.0177
-67.0177
-67.0177
-67.0177
-67.0177
-67.0177
-67.0177
-67.0177
-67.0177
-67.0177
-67.0177
-67.0177
-67.0177
-67.0177
-67.0177
-67.0177
-67.0177
-67.0177
-67.0177
-67.0177
-67.0177
-67.0177
-67.0177
-67.0177
-67.0177
-67.0177
-67.0177
-67.0177
-67.0177
-67.0177
-67.0177
-67.0177
-67.0177
-67.0177
-67.0177
-67.0177
-67.0177
-67.0177
-67.0177
-67.0177
-67.0177
-67.0177
-67.0177
-67.0177
-67.0177
-67.0177
-67.0177
-67.0177
-67.0177
-67.0177
-67.0177
-67.0177
-67.0177
-67.0177
-67.0177
-67.0177
-67.0177
-67.0177
-67.0177
-67.0177
-67.0177
-67.0177
-67.0177
-67.0177
-67.0177
-67.0177
-67.0177
-67.0177
-67.0177
-67.0177
-67.0177
-67.0177
-67.0177
-67.0177
-67.0177
-67.0177
-67.0177
-67.0177
-67.0177
-67.0177
-67.0177
-67.0177
-67.0177
-67.0177
-67.0178
-67.0178
-67.0178
-67.0178
-67.0178
-67.0178
-67.0178
-67.0178
-67.0178
-67.0178
-67.0178
-67.0178
-67.0178
-67.0178
-67.0178
-67.0178
-67.0178
-67.0178
-67.0178
-67.0178
-67.0178
-67.0178
-67.0178
-67.0178
-67.0178
-67.0178
-67.0178
-67.0178
-67.0178
-67.0178
-67.0178
-67.0178
-67.0178
-67.0178
-67.0178
-67.0178
-67.0178
-67.0178
-67.0178
-67.0178
-67.0178
-67.0178
-67.0178
-67.0178
-67.0178
-67.0178
-67.0178
-67.0178
-67.0178
-67.0178
-67.0178
-67.0178
-67.0178
-67.0178
-67.0178
-67.0178
-67.0178
-67.0178
-67.0178
-67.0178
-67.0178
-67.0178
-67.0178
-67.0178
-67.0178
-67.0178
-67.0178
-67.0178
-67.0178
-67.0178
-67.0178
-67.0178
-67.0178
-67.0178
-67.0178
-67.0178
-67.0178
-67.0178
-67.0178
-67.0178
-67.0178
-67.0178
-67.0178
-67.0178
-67.0178
-67.0178
-67.0178
-67.0178
-67.0178
-67.0178
-67.0178
-67.0178
-67.0178
-67.0178
-67.0178
-67.0178
-67.0178
-67.0178
-67.0178
-67.0178
-67.0178
-67.0178
-67.0178
-67.0178
-67.0178
-67.0178
-67.0178
-67.0178
-67.0178
-67.0178
-67.0178
-67.0178
-67.0178
-67.0178
-67.0178
-67.0178
-67.0178
-67.0178
-67.0178
-67.0178
-67.0178
-67.0178
-67.0178
-67.0178
-67.0178
-67.0178
-67.0178
-67.0178
-67.0178
-67.0178
-67.0178
-67.0178
-67.0178
-67.0178
-67.0178
-67.0178
-67.0178
-67.0178
-67.0178
-67.0178
-67.0178
-67.0178
-67.0178
-67.0178
-67.0178
-67.0178
-67.0178
-67.0178
-67.0178
-67.0178
-67.0178
-67.0178
-67.0178
-67.0178
-67.0178
-67.0178
-67.0178
-67.0178
-67.0178
-67.0178
-67.0178
-67.0178
-67.0178
-67.0178
-67.0178
-67.0178
-67.0178
-67.0178
-67.0178
-67.0178
-67.0178
-67.0178
-67.0178
-67.0178
-67.0178
-67.0178
-67.0178
-67.0178
-67.0178
-67.0178
-67.0178
-67.0178
-67.0178
-67.0178
-67.0178
-67.0178
-67.0178
-67.0178
-67.0178
-67.0178
-67.0178
-67.0178
-67.0178
-67.0178
-67.0178
-67.0178
-67.0178
-67.0178
-67.0178
-67.0178
-67.0178
-67.0178
-67.0178
-67.0178
-67.0178
-67.0178
-67.0178
-67.0178
-67.0178
-67.0178
-67.0178
-67.0178
-67.0178
-67.0178
-67.0178
-67.0178
-67.0178
-67.0178
-67.0178
-67.0178
-67.0178
-67.0178
-67.0178
-67.0178
-67.0178
-67.0178
-67.0178
-67.0178
-67.0178
-67.0178
-67.0178
-67.0178
-67.0178
-67.0178
-67.0178
-67.0178
-67.0178
-67.0178
-67.0178
-67.0178
-67.0178
-67.0178
-67.0178
-67.0178
-67.0178
-67.0178
-67.0178
-67.0178
-67.0178
-67.0178
-67.0178
-67.0178
-67.0178
-67.0178
-67.0178
-67.0178
-67.0178
-67.0178
-67.0178
-67.0178
-67.0178
-67.0178
-67.0178
-67.0178
-67.0178
-67.0178
-67.0178
-67.0178
-67.0178
-67.0178
-67.0178
-67.0178
-67.0178
-67.0178
-67.0178
-67.0178
-67.0178
-67.0178
-67.0178
-67.0178
-67.0178
-67.0178
-67.0178
-67.0178
-67.0178
-67.0178
-67.0178
-67.0178
-67.0178
-67.0178
-67.0178
-67.0178
-67.0178
-67.0178
-67.0178
-67.0178
-67.0178
-67.0178
-67.0178
-67.0178
-67.0178
-67.0178
-67.0178
-67.0178
-67.0178
-67.0178
-67.0178
-67.0178
-67.0178
-67.0178
-67.0178
-67.0178
-67.0178
-67.0178
-67.0178
-67.0178
-67.0178
-67.0178
-67.0178
-67.0178
-67.0178
-67.0178
-67.0178
-67.0178
-67.0178
-67.0178
-67.0178
-67.0178
-67.0178
-67.0178
-67.0178
-67.0178
-67.0178
-67.0178
-67.0178
-67.0178
-67.0178
-67.0178
-67.0178
-67.0178
-67.0178
-67.0178
-67.0178
-67.0178
-67.0178
-67.0178
-67.0178
-67.0178
-67.0178
-67.0178
-67.0178
-67.0178
-67.0178
-67.0178
-67.0178
-67.0178
-67.0178
-67.0178
-67.0178
-67.0178
-67.0178
-67.0178
-67.0178
-67.0178
-67.0178
-67.0178
-67.0178
-67.0178
-67.0178
-67.0178
-67.0178
-67.0178
-67.0178
-67.0178
-67.0178
-67.0178
-67.0178
-67.0178
-67.0178
-67.0178
-67.0178
-67.0178
-67.0178
-67.0178
-67.0178
-67.0178
-67.0178
-67.0178
-67.0178
-67.0178
-67.0178
-67.0178
-67.0178
-67.0178
-67.0178
-67.0178
-67.0178
-67.0178
-67.0178
-67.0178
-67.0178
-67.0178
-67.0178
-67.0178
-67.0178
-67.0178
-67.0178
-67.0178
-67.0178
-67.0178
-67.0178
-67.0178
-67.0178
-67.0178
-67.0178
-67.0178
-67.0178
-67.0178
-67.0178
-67.0178
-67.0178
-67.0178
-67.0178
-67.0178
-67.0178
-67.0178
-67.0178
-67.0178
-67.0178
-67.0178
-67.0178
-67.0178
-67.0178
-67.0178
-67.0178
-67.0178
-67.0178
-67.0178
-67.0178
-67.0178
-67.0178
-67.0178
-67.0178
-67.0178
-67.0178
-67.0178
-67.0178
-67.0178
-67.0178
-67.0178
-67.0178
-67.0178
-67.0178
-67.0178
-67.0178
-67.0178
-67.0178
-67.0178
-67.0178
-67.0178
-67.0178
-67.0178
-67.0178
-67.0178
-67.0178
-67.0178
-67.0178
-67.0178
-67.0178
-67.0178
-67.0178
-67.0178
-67.0178
-67.0178
-67.0178
-67.0178
-67.0178
-67.0178
-67.0178
-67.0178
-67.0178
-67.0178
-67.0178
-67.0178
-67.0178
-67.0178
-67.0178
-67.0178
-67.0178
-67.0178
-67.0178
-67.0178
-67.0178
-67.0178
-67.0178
-67.0178
-67.0178
-67.0178
-67.0178
-67.0178
-67.0178
-67.0178
-67.0178
-67.0178
-67.0178
-67.0178
-67.0178
-67.0178
-67.0178
-67.0178
-67.0178
-67.0178
-67.0178
-67.0178
-67.0178
-67.0178
-67.0178
-67.0178
-67.0178
-67.0178
-67.0178
-67.0178
-67.0178
-67.0178
-67.0178
-67.0178
-67.0178
-67.0178
-67.0178
-67.0178
-67.0178
-67.0178
-67.0178
-67.0178
-67.0178
-67.0178
-67.0178
-67.0178
-67.0178
-67.0178
-67.0178
-67.0178
-67.0178
-67.0178
-67.0178
-67.0178
-67.0178
-67.0178
-67.0178
-67.0178
-67.0178
-67.0178
-67.0178
-67.0178
-67.0178
-67.0178
-67.0178
-67.0178
-67.0178
-67.0178
-67.0178
-67.0178
-67.0178
-67.0178
-67.0178
-67.0178
-67.0178
-67.0178
-67.0178
-67.0178
-67.0178
-67.0178
-67.0178
-67.0178
-67.0178
-67.0178
-67.0178
-67.0178
-67.0178
-67.0178
-67.0178
-67.0178
-67.0178
-67.0178
-67.0178
-67.0178
-67.0178
-67.0178
-67.0178
-67.0178
-67.0178
-67.0178
-67.0178
-67.0178
-67.0178
-67.0178
-67.0178
-67.0178
-67.0178
-67.0178
-67.0178
-67.0178
-67.0178
-67.0178
-67.0178
-67.0178
-67.0178
-67.0178
-67.0178
-67.0178
-67.0178
-67.0178
-67.0178
-67.0178
-67.0178
-67.0178
-67.0178
-67.0178
-67.0178
-67.0178
-67.0178
-67.0178
-67.0178
-67.0178
-67.0178
-67.0178
-67.0178
-67.0178
-67.0178
-67.0178
-67.0178
-67.0178
-67.0178
-67.0178
-67.0178
-67.0178
-67.0178
-67.0178
-67.0178
-67.0178
-67.0178
-67.0178
-67.0178
-67.0178
-67.0178
-67.0178
-67.0178
-67.0178
-67.0178
-67.0178
-67.0178
-67.0178
-67.0178
-67.0178
-67.0178
-67.0178
-67.0178
-67.0178
-67.0178
-67.0178
-67.0178
-67.0178
-67.0178
-67.0178
-67.0178
-67.0178
-67.0178
-67.0178
-67.0178
-67.0178
-67.0178
-67.0178
-67.0178
-67.0178
-67.0178
-67.0178
-67.0178
-67.0178
-67.0178
-67.0178
-67.0178
-67.0178
-67.0178
-67.0178
-67.0178
-67.0178
-67.0178
-67.0178
-67.0178
-67.0178
-67.0178
-67.0178
-67.0178
-67.0178
-67.0178
-67.0178
-67.0178
-67.0178
-67.0178
-67.0178
-67.0178
-67.0178
-67.0178
-67.0178
-67.0178
-67.0178
-67.0178
-67.0178
-67.0178
-67.0178
-67.0178
-67.0178
-67.0178
-67.0178
-67.0178
-67.0178
-67.0178
-67.0178
-67.0178
-67.0178
-67.0178
-67.0178
-67.0178
-67.0178
-67.0178
-67.0178
-67.0178
-67.0178
-67.0178
-67.0178
-67.0178
-67.0178
-67.0178
-67.0178
-67.0178
-67.0178
-67.0178
-67.0178
-67.0178
-67.0178
-67.0178
-67.0178
-67.0178
-67.0178
-67.0178
-67.0178
-67.0178
-67.0178
-67.0178
-67.0178
-67.0178
-67.0178
-67.0178
-67.0178
-67.0178
-67.0178
-67.0178
-67.0178
-67.0178
-67.0178
-67.0178
-67.0178
-67.0178
-67.0178
-67.0178
-67.0178
-67.0178
-67.0178
-67.0178
-67.0178
-67.0178
-67.0178
-67.0178
-67.0178
-67.0178
-67.0178
-67.0178
-67.0178
-67.0178
-67.0178
-67.0178
-67.0178
-67.0178
-67.0178
-67.0178
-67.0178
-67.0178
-67.0178
-67.0178
-67.0178
-67.0178
-67.0178
-67.0178
-67.0178
-67.0178
-67.0178
-67.0178
-67.0178
-67.0178
-67.0178
-67.0178
-67.0178
-67.0178
-67.0178
-67.0178
-67.0178
-67.0178
-67.0178
-67.0178
-67.0178
-67.0178
-67.0178
-67.0178
-67.0178
-67.0178
-67.0178
-67.0178
-67.0178
-67.0178
-67.0178
-67.0178
-67.0178
-67.0178
-67.0178
-67.0178
-67.0178
-67.0178
-67.0178
-67.0178
-67.0178
-67.0178
-67.0178
-67.0178
-67.0178
-67.0178
-67.0178
-67.0178
-67.0178
-67.0178
-67.0178
-67.0178
-67.0178
-67.0178
-67.0178
-67.0178
-67.0178
-67.0178
-67.0178
-67.0178
-67.0178
-67.0178
-67.0178
-67.0178
-67.0178
-67.0178
-67.0178
-67.0178
-67.0178
-67.0178
-67.0178
-67.0178
-67.0178
-67.0178
-67.0178
-67.0178
-67.0178
-67.0178
-67.0178
-67.0178
-67.0178
-67.0178
-67.0178
-67.0178
-67.0178
-67.0178
-67.0178
-67.0178
-67.0178
-67.0178
-67.0178
-67.0178
-67.0178
-67.0178
-67.0178
-67.0178
-67.0178
-67.0178
-67.0178
-67.0178
-67.0178
-67.0178
-67.0178
-67.0178
-67.0178
-67.0178
-67.0178
-67.0178
-67.0178
-67.0178
-67.0178
-67.0178
-67.0178
-67.0178
-67.0178
-67.0178
-67.0178
-67.0178
-67.0178
-67.0178
-67.0178
-67.0178
-67.0178
-67.0178
-67.0178
-67.0178
-67.0178
-67.0178
-67.0178
-67.0178
-67.0178
-67.0178
-67.0178
-67.0178
-67.0178
-67.0178
-67.0178
-67.0178
-67.0178
-67.0178
-67.0178
-67.0178
-67.0178
-67.0178
-67.0178
-67.0178
-67.0178
-67.0178
-67.0178
-67.0178
-67.0178
-67.0178
-67.0178
-67.0178
-67.0178
-67.0178
-67.0178
-67.0178
-67.0178
-67.0178
-67.0178
-67.0178
-67.0178
-67.0178
-67.0178
-67.0178
-67.0178
-67.0178
-67.0178
-67.0178
-67.0178
-67.0178
-67.0178
-67.0178
-67.0178
-67.0178
-67.0178
-67.0178
-67.0178
-67.0178
-67.0178
-67.0178
-67.0178
-67.0178
-67.0178
-67.0178
-67.0178
-67.0178
-67.0178
-67.0178
-67.0178
-67.0178
-67.0178
-67.0178
-67.0178
-67.0178
-67.0178
-67.0178
-67.0178
-67.0178
-67.0178
-67.0178
-67.0178
-67.0178
-67.0178
-67.0178
-67.0178
-67.0178
-67.0178
-67.0178
-67.0178
-67.0178
-67.0178
-67.0178
-67.0178
-67.0178
-67.0178
-67.0178
-67.0178
-67.0178
-67.0178
-67.0178
-67.0178
-67.0178
-67.0178
-67.0178
-67.0178
-67.0178
-67.0178
-67.0178
-67.0178
-67.0178
-67.0178
-67.0178
-67.0178
-67.0178
-67.0178
-67.0178
-67.0178
-67.0178
-67.0178
-67.0178
-67.0178
-67.0178
-67.0178
-67.0178
-67.0178
-67.0178
-67.0178
-67.0178
-67.0178
-67.0178
-67.0178
-67.0178
-67.0178
-67.0178
-67.0178
-67.0178
-67.0178
-67.0178
-67.0178
-67.0178
-67.0178
-67.0178
-67.0178
-67.0178
-67.0178
-67.0178
-67.0178
-67.0178
-67.0178
-67.0178
-67.0178
-67.0178
-67.0178
-67.0178
-67.0178
-67.0178
-67.0178
-67.0178
-67.0178
-67.0178
-67.0178
-67.0178
-67.0178
-67.0178
-67.0178
-67.0178
-67.0178
-67.0178
-67.0178
-67.0178
-67.0178
-67.0178
-67.0178
-67.0178
-67.0178
-67.0178
-67.0178
-67.0178
-67.0178
-67.0178
-67.0178
-67.0178
-67.0178
-67.0178
-67.0178
-67.0178
-67.0178
-67.0178
-67.0178
-67.0178
-67.0178
-67.0178
-67.0178
-67.0178
-67.0178
-67.0178
-67.0178
-67.0178
-67.0178
-67.0178
-67.0178
-67.0178
-67.0178
-67.0178
-67.0178
-67.0178
-67.0178
-67.0178
-67.0178
-67.0178
-67.0178
-67.0178
-67.0178
-67.0178
-67.0178
-67.0178
-67.0178
-67.0178
-67.0178
-67.0178
-67.0178
-67.0178
-67.0178
-67.0178
-67.0178
-67.0178
-67.0178
-67.0178
-67.0178
-67.0178
-67.0178
-67.0178
-67.0178
-67.0178
-67.0178
-67.0178
-67.0178
-67.0178
-67.0178
-67.0178
-67.0178
-67.0178
-67.0178
-67.0178
-67.0178
-67.0178
-67.0178
-67.0178
-67.0178
-67.0178
-67.0178
-67.0178
-67.0178
-67.0178
-67.0178
-67.0178
-67.0178
-67.0178
-67.0178
-67.0178
-67.0178
-67.0178
-67.0178
-67.0178
-67.0178
-67.0178
-67.0178
-67.0178
-67.0178
-67.0178
-67.0178
-67.0178
-67.0178
-67.0178
-67.0178
-67.0178
-67.0178
-67.0178
-67.0178
-67.0178
-67.0178
-67.0178
-67.0178
-67.0178
-67.0178
-67.0178
-67.0178
-67.0178
-67.0178
-67.0178
-67.0178
-67.0178
-67.0178
-67.0178
-67.0178
-67.0178
-67.0178
-67.0178
-67.0178
-67.0178
-67.0178
-67.0178
-67.0178
-67.0178
-67.0178
-67.0178
-67.0178
-67.0178
-67.0178
-67.0178
-67.0178
-67.0178
-67.0178
-67.0178
-67.0178
-67.0178
-67.0178
-67.0178
-67.0178
-67.0178
-67.0178
-67.0178
-67.0178
-67.0178
-67.0178
-67.0178
-67.0178
-67.0178
-67.0178
-67.0178
-67.0178
-67.0178
-67.0178
-67.0178
-67.0178
-67.0178
-67.0178
-67.0178
-67.0178
-67.0178
-67.0178
-67.0178
-67.0178
-67.0178
-67.0178
-67.0178
-67.0178
-67.0178
-67.0178
-67.0178
-67.0178
-67.0178
-67.0178
-67.0178
-67.0178
-67.0178
-67.0178
-67.0178
-67.0178
-67.0178
-67.0178
-67.0178
-67.0178
-67.0178
-67.0178
-67.0178
-67.0178
-67.0178
-67.0178
-67.0178
-67.0178
-67.0178
-67.0178
-67.0178
-67.0178
-67.0178
-67.0178
-67.0178
-67.0178
-67.0178
-67.0178
-67.0178
-67.0178
-67.0178
-67.0178
-67.0178
-67.0178
-67.0178
-67.0178
-67.0178
-67.0178
-67.0178
-67.0178
-67.0178
-67.0178
-67.0178
-67.0178
-67.0178
-67.0178
-67.0178
-67.0178
-67.0178
-67.0178
-67.0178
-67.0178
-67.0178
-67.0178
-67.0178
-67.0178
-67.0178
-67.0178
-67.0178
-67.0178
-67.0178
-67.0178
-67.0178
-67.0178
-67.0178
-67.0178
-67.0178
-67.0178
-67.0178
-67.0178
-67.0178
-67.0178
-67.0178
-67.0178
-67.0178
-67.0178
-67.0178
-67.0178
-67.0178
-67.0178
-67.0178
-67.0178
-67.0178
-67.0178
-67.0178
-67.0178
-67.0178
-67.0178
-67.0178
-67.0178
-67.0178
-67.0178
-67.0178
-67.0178
-67.0178
-67.0178
-67.0178
-67.0178
-67.0178
-67.0178
-67.0178
-67.0178
-67.0178
-67.0178
-67.0178
-67.0178
-67.0178
-67.0178
-67.0178
-67.0178
-67.0178
-67.0178
-67.0178
-67.0178
-67.0178
-67.0178
-67.0178
-67.0178
-67.0178
-67.0178
-67.0178
-67.0178
-67.0178
-67.0178
-67.0178
-67.0178
-67.0178
-67.0178
-67.0178
-67.0178
-67.0178
-67.0178
-67.0178
-67.0178
-67.0178
-67.0178
-67.0178
-67.0178
-67.0178
-67.0178
-67.0178
-67.0178
-67.0178
-67.0178
-67.0178
-67.0178
-67.0178
-67.0178
-67.0178
-67.0178
-67.0178
-67.0178
-67.0178
-67.0178
-67.0178
-67.0178
-67.0178
-67.0178
-67.0178
-67.0178
-67.0178
-67.0178
-67.0178
-67.0178
-67.0178
-67.0178
-67.0178
-67.0178
-67.0178
-67.0178
-67.0178
-67.0178
-67.0178
-67.0178
-67.0178
-67.0178
-67.0178
-67.0178
-67.0178
-67.0178
-67.0178
-67.0178
-67.0178
-67.0178
-67.0178
-67.0178
-67.0178
-67.0178
-67.0178
-67.0178
-67.0178
-67.0178
-67.0178
-67.0178
-67.0178
-67.0178
-67.0178
-67.0178
-67.0178
-67.0178
-67.0178
-67.0178
-67.0178
-67.0178
-67.0178
-67.0178
-67.0178
-67.0178
-67.0178
-67.0178
-67.0178
-67.0178
-67.0178
-67.0178
-67.0178
-67.0178
-67.0178
-67.0178
-67.0178
-67.0178
-67.0178
-67.0178
-67.0178
-67.0178
-67.0178
-67.0178
-67.0178
-67.0178
-67.0178
-67.0178
-67.0178
-67.0178
-67.0178
-67.0178
-67.0178
-67.0178
-67.0178
-67.0178
-67.0178
-67.0178
-67.0178
-67.0178
-67.0178
-67.0178
-67.0178
-67.0178
-67.0178
-67.0178
-67.0178
-67.0178
-67.0178
-67.0178
-67.0178
-67.0178
-67.0178
-67.0178
-67.0178
-67.0178
-67.0178
-67.0178
-67.0178
-67.0178
-67.0178
-67.0178
-67.0178
-67.0178
-67.0178
-67.0178
-67.0178
-67.0178
-67.0178
-67.0178
-67.0178
-67.0178
-67.0178
-67.0178
-67.0178
-67.0178
-67.0178
-67.0178
-67.0178
-67.0178
-67.0178
-67.0178
-67.0178
-67.0178
-67.0178
-67.0178
-67.0178
-67.0178
-67.0178
-67.0178
-67.0178
-67.0178
-67.0178
-67.0178
-67.0178
-67.0178
-67.0178
-67.0178
-67.0178
-67.0178
-67.0178
-67.0178
-67.0178
-67.0178
-67.0178
-67.0178
-67.0178
-67.0178
-67.0178
-67.0178
-67.0178
-67.0178
-67.0178
-67.0178
-67.0178
-67.0178
-67.0178
-67.0178
-67.0178
-67.0178
-67.0178
-67.0178
-67.0178
-67.0178
-67.0178
-67.0178
-67.0178
-67.0178
-67.0178
-67.0178
-67.0178
-67.0178
-67.0178
-67.0178
-67.0178
-67.0178
-67.0178
-67.0178
-67.0178
-67.0178
-67.0178
-67.0178
-67.0178
-67.0178
-67.0178
-67.0178
-67.0178
-67.0178
-67.0178
-67.0178
-67.0178
-67.0178
-67.0178
-67.0178
-67.0178
-67.0178
-67.0178
-67.0178
-67.0178
-67.0178
-67.0178
-67.0178
-67.0178
-67.0178
-67.0178
-67.0178
-67.0178
-67.0178
-67.0178
-67.0178
-67.0178
-67.0178
-67.0178
-67.0178
-67.0178
-67.0178
-67.0178
-67.0178
-67.0178
-67.0178
-67.0178
-67.0178
-67.0178
-67.0178
-67.0178
-67.0178
-67.0178
-67.0178
-67.0178
-67.0178
-67.0178
-67.0178
-67.0178
-67.0178
-67.0178
-67.0178
-67.0178
-67.0178
-67.0178
-67.0178
-67.0178
-67.0178
-67.0178
-67.0178
-67.0178
-67.0178
-67.0178
-67.0178
-67.0178
-67.0178
-67.0178
-67.0178
-67.0178
-67.0178
-67.0178
-67.0178
-67.0178
-67.0178
-67.0178
-67.0178
-67.0178
-67.0178
-67.0178
-67.0178
-67.0178
-67.0178
-67.0178
-67.0178
-67.0178
-67.0178
-67.0178
-67.0178
-67.0178
-67.0178
-67.0178
-67.0178
-67.0178
-67.0178
-67.0178
-67.0178
-67.0178
-67.0178
-67.0178
-67.0178
-67.0178
-67.0178
-67.0178
-67.0178
-67.0178
-67.0178
-67.0178
-67.0178
-67.0178
-67.0178
-67.0178
-67.0178
-67.0178
-67.0178
-67.0178
-67.0178
-67.0178
-67.0178
-67.0178
-67.0178
-67.0178
-67.0178
-67.0178
-67.0178
-67.0178
-67.0178
-67.0178
-67.0178
-67.0178
-67.0178
-67.0178
-67.0178
-67.0178
-67.0178
-67.0178
-67.0178
-67.0178
-67.0178
-67.0178
-67.0178
-67.0178
-67.0178
-67.0178
-67.0178
-67.0178
-67.0178
-67.0178
-67.0178
-67.0178
-67.0178
-67.0178
-67.0178
-67.0178
-67.0178
-67.0178
-67.0178
-67.0178
-67.0178
-67.0178
-67.0178
-67.0178
-67.0178
-67.0178
-67.0178
-67.0178
-67.0178
-67.0178
-67.0178
-67.0178
-67.0178
-67.0178
-67.0178
-67.0178
-67.0178
-67.0178
-67.0178
-67.0178
-67.0178
-67.0178
-67.0178
-67.0178
-67.0178
-67.0178
-67.0178
-67.0178
-67.0178
-67.0178
-67.0178
-67.0178
-67.0178
-67.0178
-67.0178
-67.0178
-67.0178
-67.0178
-67.0178
-67.0178
-67.0178
-67.0178
-67.0178
-67.0178
-67.0178
-67.0178
-67.0178
-67.0178
-67.0178
-67.0178
-67.0178
-67.0178
-67.0178
-67.0178
-67.0178
-67.0178
-67.0178
-67.0178
-67.0178
-67.0178
-67.0178
-67.0178
-67.0178
-67.0178
-67.0178
-67.0178
-67.0178
-67.0178
-67.0178
-67.0178
-67.0178
-67.0178
-67.0178
-67.0178
-67.0178
-67.0178
-67.0178
-67.0178
-67.0178
-67.0178
-67.0178
-67.0178
-67.0178
-67.0178
-67.0178
-67.0178
-67.0178
-67.0178
-67.0178
-67.0178
-67.0178
-67.0178
-67.0178
-67.0178
-67.0178
-67.0178
-67.0178
-67.0178
-67.0178
-67.0178
-67.0178
-67.0178
-67.0178
-67.0178
-67.0178
-67.0178
-67.0178
-67.0178
-67.0178
-67.0178
-67.0178
-67.0178
-67.0178
-67.0178
-67.0178
-67.0178
-67.0178
-67.0178
-67.0178
-67.0178
-67.0178
-67.0178
-67.0178
-67.0178
-67.0178
-67.0178
-67.0178
-67.0178
-67.0178
-67.0178
-67.0178
-67.0178
-67.0178
-67.0178
-67.0178
-67.0178
-67.0178
-67.0178
-67.0178
-67.0178
-67.0178
-67.0178
-67.0178
-67.0178
-67.0178
-67.0178
-67.0178
-67.0178
-67.0178
-67.0178
-67.0178
-67.0178
-67.0178
-67.0178
-67.0178
-67.0178
-67.0178
-67.0178
-67.0178
-67.0178
-67.0178
-67.0178
-67.0178
-67.0178
-67.0178
-67.0178
-67.0178
-67.0178
-67.0178
-67.0178
-67.0178
-67.0178
-67.0178
-67.0178
-67.0178
-67.0178
-67.0178
-67.0178
-67.0178
-67.0178
-67.0178
-67.0178
-67.0178
-67.0178
-67.0178
-67.0178
-67.0178
-67.0178
-67.0178
-67.0178
-67.0178
-67.0178
-67.0178
-67.0178
-67.0178
-67.0178
-67.0178
-67.0178
-67.0178
-67.0178
-67.0178
-67.0178
-67.0178
-67.0178
-67.0178
-67.0178
-67.0178
-67.0178
-67.0178
-67.0178
-67.0178
-67.0178
-67.0178
-67.0178
-67.0178
-67.0178
-67.0178
-67.0178
-67.0178
-67.0178
-67.0178
-67.0178
-67.0178
-67.0178
-67.0178
-67.0178
-67.0178
-67.0178
-67.0178
-67.0178
-67.0178
-67.0178
-67.0178
-67.0178
-67.0178
-67.0178
-67.0178
-67.0178
-67.0178
-67.0178
-67.0178
-67.0178
-67.0178
-67.0178
-67.0178
-67.0178
-67.0178
-67.0178
-67.0178
-67.0178
-67.0178
-67.0178
-67.0178
-67.0178
-67.0178
-67.0178
-67.0178
-67.0178
-67.0178
-67.0178
-67.0178
-67.0178
-67.0178
-67.0178
-67.0178
-67.0178
-67.0178
-67.0178
-67.0178
-67.0178
-67.0178
-67.0178
-67.0178
-67.0178
-67.0178
-67.0178
-67.0178
-67.0178
-67.0178
-67.0178
-67.0178
-67.0178
-67.0178
-67.0178
-67.0178
-67.0178
-67.0178
-67.0178
-67.0178
-67.0178
-67.0178
-67.0178
-67.0178
-67.0178
-67.0178
-67.0178
-67.0178
-67.0178
-67.0178
-67.0178
-67.0178
-67.0178
-67.0178
-67.0178
-67.0178
-67.0178
-67.0178
-67.0178
-67.0178
-67.0178
-67.0178
-67.0178
-67.0178
-67.0178
-67.0178
-67.0178
-67.0178
-67.0178
-67.0178
-67.0178
-67.0178
-67.0178
-67.0178
-67.0178
-67.0178
-67.0178
-67.0178
-67.0178
-67.0178
-67.0178
-67.0178
-67.0178
-67.0178
-67.0178
-67.0178
-67.0178
-67.0178
-67.0178
-67.0178
-67.0178
-67.0178
-67.0178
-67.0178
-67.0178
-67.0178
-67.0178
-67.0178
-67.0178
-67.0178
-67.0178
-67.0178
-67.0178
-67.0178
-67.0178
-67.0178
-67.0178
-67.0178
-67.0178
-67.0178
-67.0178
-67.0178
-67.0178
-67.0178
-67.0178
-67.0178
-67.0178
-67.0178
-67.0178
-67.0178
-67.0178
-67.0178
-67.0178
-67.0178
-67.0178
-67.0178
-67.0178
-67.0178
-67.0178
-67.0178
-67.0178
-67.0178
-67.0178
-67.0178
-67.0178
-67.0178
-67.0178
-67.0178
-67.0178
-67.0178
-67.0178
-67.0178
-67.0178
-67.0178
-67.0178
-67.0178
-67.0178
-67.0178
-67.0178
-67.0178
-67.0178
-67.0178
-67.0178
-67.0178
-67.0178
-67.0178
-67.0178
-67.0178
-67.0178
-67.0178
-67.0178
-67.0178
-67.0178
-67.0178
-67.0178
-67.0178
-67.0178
-67.0178
-67.0178
-67.0178
-67.0178
-67.0178
-67.0178
-67.0178
-67.0178
-67.0178
-67.0178
-67.0178
-67.0178
-67.0178
-67.0178
-67.0178
-67.0178
-67.0178
-67.0178
-67.0178
-67.0178
-67.0178
-67.0178
-67.0178
-67.0178
-67.0178
-67.0178
-67.0178
-67.0178
-67.0178
-67.0178
-67.0178
-67.0178
-67.0178
-67.0178
-67.0178
-67.0178
-67.0178
-67.0178
-67.0178
-67.0178
-67.0178
-67.0178
-67.0178
-67.0178
-67.0178
-67.0178
-67.0178
-67.0178
-67.0178
-67.0178
-67.0178
-67.0178
-67.0178
-67.0178
-67.0178
-67.0178
-67.0178
-67.0178
-67.0178
-67.0178
-67.0178
-67.0178
-67.0178
-67.0178
-67.0178
-67.0178
-67.0178
-67.0178
-67.0178
-67.0178
-67.0178
-67.0178
-67.0178
-67.0178
-67.0178
-67.0178
-67.0178
-67.0178
-67.0178
-67.0178
-67.0178
-67.0178
-67.0178
-67.0178
-67.0178
-67.0178
-67.0178
-67.0178
-67.0178
-67.0178
-67.0178
-67.0178
-67.0178
-67.0178
-67.0178
-67.0178
-67.0178
-67.0178
-67.0178
-67.0178
-67.0178
-67.0178
-67.0178
-67.0178
-67.0178
-67.0178
-67.0178
-67.0178
-67.0178
-67.0178
-67.0178
-67.0178
-67.0178
-67.0178
-67.0178
-67.0178
-67.0178
-67.0178
-67.0178
-67.0178
-67.0178
-67.0178
-67.0178
-67.0178
-67.0178
-67.0178
-67.0178
-67.0178
-67.0178
-67.0178
-67.0178
-67.0178
-67.0178
-67.0178
-67.0178
-67.0178
-67.0178
-67.0178
-67.0178
-67.0178
-67.0178
-67.0178
-67.0178
-67.0178
-67.0178
-67.0178
-67.0178
-67.0178
-67.0178
-67.0178
-67.0178
-67.0178
-67.0178
-67.0178
-67.0178
-67.0178
-67.0178
-67.0178
-67.0178
-67.0178
-67.0178
-67.0178
-67.0178
-67.0178
-67.0178
-67.0178
-67.0178
-67.0178
-67.0178
-67.0178
-67.0178
-67.0178
-67.0178
-67.0178
-67.0178
-67.0178
-67.0178
-67.0178
-67.0178
-67.0178
-67.0178
-67.0178
-67.0178
-67.0178
-67.0178
-67.0178
-67.0178
-67.0178
-67.0178
-67.0178
-67.0178
-67.0178
-67.0178
-67.0178
-67.0178
-67.0178
-67.0178
-67.0178
-67.0178
-67.0178
-67.0178
-67.0178
-67.0178
-67.0178
-67.0178
-67.0178
-67.0178
-67.0178
-67.0178
-67.0178
-67.0178
-67.0178
-67.0178
-67.0178
-67.0178
-67.0178
-67.0178
-67.0178
-67.0178
-67.0178
-67.0178
-67.0178
-67.0178
-67.0178
-67.0178
-67.0178
-67.0178
-67.0178
-67.0178
-67.0178
-67.0178
-67.0178
-67.0178
-67.0178
-67.0178
-67.0178
-67.0178
-67.0178
-67.0178
-67.0178
-67.0178
-67.0178
-67.0178
-67.0178
-67.0178
-67.0178
-67.0178
-67.0178
-67.0178
-67.0178
-67.0178
-67.0178
-67.0178
-67.0178
-67.0178
-67.0178
-67.0178
-67.0178
-67.0178
-67.0178
-67.0178
-67.0178
-67.0178
-67.0178
-67.0178
-67.0178
-67.0178
-67.0178
-67.0178
-67.0178
-67.0178
-67.0178
-67.0178
-67.0178
-67.0178
-67.0178
-67.0178
-67.0178
-67.0178
-67.0178
-67.0178
-67.0178
-67.0178
-67.0178
-67.0178
-67.0178
-67.0178
-67.0178
-67.0178
-67.0178
-67.0178
-67.0178
-67.0178
-67.0178
-67.0178
-67.0178
-67.0178
-67.0178
-67.0178
-67.0178
-67.0178
-67.0178
-67.0178
-67.0178
-67.0178
-67.0178
-67.0178
-67.0178
-67.0178
-67.0178
-67.0178
-67.0178
-67.0178
-67.0178
-67.0178
-67.0178
-67.0178
-67.0178
-67.0178
-67.0178
-67.0178
-67.0178
-67.0178
-67.0178
-67.0178
-67.0178
-67.0178
-67.0178
-67.0178
-67.0178
-67.0178
-67.0178
-67.0178
-67.0178
-67.0178
-67.0178
-67.0178
-67.0178
-67.0178
-67.0178
-67.0178
-67.0178
-67.0178
-67.0178
-67.0178
-67.0178
-67.0178
-67.0178
-67.0178
-67.0178
-67.0178
-67.0178
-67.0178
-67.0178
-67.0178
-67.0178
-67.0178
-67.0178
-67.0178
-67.0178
-67.0178
-67.0178
-67.0178
-67.0178
-67.0178
-67.0178
-67.0178
-67.0178
-67.0178
-67.0178
-67.0178
-67.0178
-67.0178
-67.0178
-67.0178
-67.0178
-67.0178
-67.0178
-67.0178
-67.0178
-67.0178
-67.0178
-67.0178
-67.0178
-67.0178
-67.0178
-67.0178
-67.0178
-67.0178
-67.0178
-67.0178
-67.0178
-67.0178
-67.0178
-67.0178
-67.0178
-67.0178
-67.0178
-67.0178
-67.0178
-67.0178
-67.0178
-67.0178
-67.0178
-67.0178
-67.0178
-67.0178
-67.0178
-67.0178
-67.0178
-67.0178
-67.0178
-67.0178
-67.0178
-67.0178
-67.0178
-67.0178
-67.0178
-67.0178
-67.0178
-67.0178
-67.0178
-67.0178
-67.0178
-67.0178
-67.0178
-67.0178
-67.0178
-67.0178
-67.0178
-67.0178
-67.0178
-67.0178
-67.0178
-67.0178
-67.0178
-67.0178
-67.0178
-67.0178
-67.0178
-67.0178
-67.0178
-67.0178
-67.0178
-67.0178
-67.0178
-67.0178
-67.0178
-67.0178
-67.0178
-67.0178
-67.0178
-67.0178
-67.0178
-67.0178
-67.0178
-67.0178
-67.0178
-67.0178
-67.0178
-67.0178
-67.0178
-67.0178
-67.0178
-67.0178
-67.0178
-67.0178
-67.0178
-67.0178
-67.0178
-67.0178
-67.0178
-67.0178
-67.0178
-67.0178
-67.0178
-67.0178
-67.0178
-67.0178
-67.0178
-67.0178
-67.0178
-67.0178
-67.0178
-67.0178
-67.0178
-67.0178
-67.0178
-67.0178
-67.0178
-67.0178
-67.0178
-67.0178
-67.0178
-67.0178
-67.0178
-67.0178
-67.0178
-67.0178
-67.0178
-67.0178
-67.0178
-67.0178
-67.0178
-67.0178
-67.0178
-67.0178
-67.0178
-67.0178
-67.0178
-67.0178
-67.0178
-67.0178
-67.0178
-67.0178
-67.0178
-67.0178
-67.0178
-67.0178
-67.0178
-67.0178
-67.0178
-67.0178
-67.0178
-67.0178
-67.0178
-67.0178
-67.0178
-67.0178
-67.0171
-67.0154
-67.0126
-67.0087
-67.0039
-66.9982
-66.9917
-66.9845
-66.9766
-66.9682
-66.9585
-66.9474
-66.9348
-66.9208
-66.9054
-66.889
-66.8715
-66.853
-66.8338
-66.8138
-66.7928
-66.7708
-66.7478
-66.7239
-66.6991
-66.6736
-66.6474
-66.6208
-66.5936
-66.5661
-66.538
-66.5091
-66.4794
-66.4492
-66.4183
-66.387
-66.3554
-66.3234
-66.2912
-66.2588
-66.2264
-66.1939
-66.1614
-66.1289
-66.0966
-66.0644
-66.0324
-66.0007
-65.9691
-65.9379
-65.9069
-65.8762
-65.846
-65.816
-65.7865
-65.7573
-65.7286
-65.7003
-65.6725
-65.6451
-65.6181
-65.5917
-65.5657
-65.5402
-65.5152
-65.4906
-65.4666
-65.4431
-65.4201
-65.3976
-65.3749
-65.3518
-65.3281
-65.3038
-65.2792
-65.2542
-65.2289
-65.2035
-65.1779
-65.1523
-65.1266
-65.101
-65.0755
-65.0501
-65.025
-65
-64.9752
-64.9507
-64.9265
-64.9026
-64.8787
-64.8547
-64.8305
-64.8062
-64.7818
-64.7574
-64.733
-64.7087
-64.6846
-64.6606
-64.6359
-64.6099
-64.5826
-64.5541
-64.5245
-64.4941
-64.4628
-64.4308
-64.3984
-64.3655
-64.3317
-64.2967
-64.2605
-64.2233
-64.1851
-64.1462
-64.1066
-64.0666
-64.0261
-63.9855
-63.944
-63.9014
-63.8579
-63.8134
-63.7682
-63.7224
-63.6761
-63.6295
-63.5826
-63.5356
-63.4877
-63.4384
-63.3877
-63.3358
-63.2829
-63.229
-63.1745
-63.1195
-63.0642
-63.0086
-62.9519
-62.8939
-62.8345
-62.7738
-62.7122
-62.6497
-62.5865
-62.5229
-62.4591
-62.3951
-62.3301
-62.2639
-62.1964
-62.1279
-62.0584
-61.9883
-61.9177
-61.8467
-61.7757
-61.7047
-61.6332
-61.5611
-61.4884
-61.4153
-61.3419
-61.2684
-61.1949
-61.1217
-61.0487
-60.9763
-60.9037
-60.831
-60.758
-60.6849
-60.6118
-60.5389
-60.4664
-60.3943
-60.3227
-60.2519
-60.1815
-60.1115
-60.0419
-59.9729
-59.9044
-59.8367
-59.7699
-59.7038
-59.6388
-59.5748
-59.5115
-59.449
-59.3871
-59.326
-59.2657
-59.2063
-59.1479
-59.0905
-59.0342
-58.9789
-58.9243
-58.87
-58.816
-58.7623
-58.709
-58.6563
-58.6043
-58.5529
-58.5024
-58.4527
-58.4037
-58.3551
-58.3072
-58.2598
-58.2131
-58.1672
-58.1221
-58.0778
-58.0345
-57.9921
-57.9505
-57.9094
-57.869
-57.8293
-57.7902
-57.7519
-57.7145
-57.6779
-57.6422
-57.6075
-57.5732
-57.539
-57.505
-57.4711
-57.4375
-57.4042
-57.3714
-57.3391
-57.3074
-57.2764
-57.2458
-57.2155
-57.1855
-57.156
-57.1269
-57.0983
-57.0704
-57.043
-57.0164
-56.9906
-56.965
-56.9393
-56.9136
-56.8878
-56.8622
-56.8368
-56.8117
-56.7869
-56.7625
-56.7387
-56.7149
-56.6908
-56.6665
-56.6421
-56.6176
-56.5931
-56.5688
-56.5448
-56.5211
-56.4978
-56.4744
-56.4507
-56.4266
-56.4024
-56.378
-56.3537
-56.3294
-56.3054
-56.2816
-56.2582
-56.2347
-56.2109
-56.1867
-56.1623
-56.1377
-56.1131
-56.0886
-56.0644
-56.0404
-56.0167
-55.9935
-55.9708
-55.9487
-55.9272
-55.9063
-55.8862
-55.8668
-55.8482
-55.8304
-55.8134
-55.7968
-55.7802
-55.7635
-55.747
-55.7306
-55.7144
-55.6985
-55.683
-55.668
-55.6534
-55.6388
-55.6241
-55.609
-55.5938
-55.5785
-55.5633
-55.5482
-55.5332
-55.5186
-55.5043
-55.4897
-55.4743
-55.458
-55.4411
-55.4237
-55.4058
-55.3877
-55.3694
-55.3511
-55.3329
-55.3146
-55.2961
-55.2775
-55.259
-55.2405
-55.2222
-55.2041
-55.1864
-55.1691
-55.1522
-55.1351
-55.1173
-55.0989
-55.0798
-55.0603
-55.0405
-55.0205
-55.0004
-54.9805
-54.9606
-54.9408
-54.9209
-54.901
-54.8811
-54.8614
-54.842
-54.8229
-54.8042
-54.7859
-54.7683
-54.7506
-54.7328
-54.7148
-54.6967
-54.6786
-54.6606
-54.6428
-54.6253
-54.6082
-54.5915
-54.5745
-54.5568
-54.5385
-54.5196
-54.5003
-54.4806
-54.4608
-54.441
-54.4212
-54.4017
-54.3821
-54.3625
-54.343
-54.3235
-54.3042
-54.2852
-54.2666
-54.2484
-54.2307
-54.2136
-54.1966
-54.1794
-54.1621
-54.1448
-54.1275
-54.1103
-54.0933
-54.0767
-54.0605
-54.0448
-54.0296
-54.015
-54.001
-53.9878
-53.9753
-53.9635
-53.9526
-53.9425
-53.9333
-53.9249
-53.9175
-53.911
-53.9054
-53.9007
-53.897
-53.8943
-53.8925
-53.8917
-53.8919
-53.893
-53.8952
-53.8982
-53.9023
-53.9073
-53.9133
-53.9203
-53.9282
-53.9371
-53.9468
-53.9576
-53.9692
-53.9817
-53.9952
-54.0095
-54.0247
-54.0408
-54.0577
-54.0755
-54.0941
-54.1135
-54.1337
-54.1548
-54.1766
-54.1991
-54.2225
-54.2465
-54.2713
-54.2968
-54.323
-54.3499
-54.3775
-54.4057
-54.4346
-54.4641
-54.4943
-54.525
-54.5563
-54.5882
-54.6207
-54.6538
-54.6873
-54.7214
-54.7561
-54.7912
-54.8268
-54.8629
-54.8994
-54.9364
-54.9739
-55.0118
-55.0501
-55.0888
-55.1279
-55.1673
-55.2072
-55.2474
-55.288
-55.3289
-55.3701
-55.4116
-55.4535
-55.4957
-55.5381
-55.5808
-55.6238
-55.667
-55.7105
-55.7542
-55.7982
-55.8424
-55.8868
-55.9314
-55.9762
-56.0211
-56.0663
-56.1116
-56.1571
-56.2027
-56.2485
-56.2944
-56.3405
-56.3867
-56.4329
-56.4793
-56.5258
-56.5724
-56.6191
-56.6659
-56.7127
-56.7596
-56.8066
-56.8536
-56.9007
-56.9479
-56.995
-57.0422
-57.0894
-57.1367
-57.184
-57.2312
-57.2785
-57.3258
-57.3731
-57.4204
-57.4676
-57.5149
-57.5621
-57.6093
-57.6564
-57.7036
-57.7506
-57.7977
-57.8447
-57.8916
-57.9385
-57.9854
-58.0321
-58.0789
-58.1255
-58.1721
-58.2185
-58.265
-58.3113
-58.3575
-58.4037
-58.4498
-58.4957
-58.5416
-58.5874
-58.633
-58.6786
-58.7241
-58.7694
-58.8147
-58.8598
-58.9048
-58.9497
-58.9944
-59.0391
-59.0836
-59.128
-59.1723
-59.2164
-59.2604
-59.3043
-59.348
-59.3916
-59.435
-59.4783
-59.5215
-59.5645
-59.6074
-59.6502
-59.6927
-59.7352
-59.7775
-59.8196
-59.8616
-59.9034
-59.9451
-59.9866
-60.0279
-60.0691
-60.1102
-60.1511
-60.1918
-60.2323
-60.2727
-60.313
-60.353
-60.3929
-60.4327
-60.4722
-60.5116
-60.5509
-60.5899
-60.6288
-60.6676
-60.7061
-60.7445
-60.7828
-60.8208
-60.8587
-60.8964
-60.934
-60.9713
-61.0085
-61.0456
-61.0824
-61.1191
-61.1556
-61.192
-61.2281
-61.2641
-61.3
-61.3356
-61.3711
-61.4064
-61.4415
-61.4765
-61.5113
-61.5459
-61.5803
-61.6146
-61.6487
-61.6826
-61.7164
-61.7499
-61.7833
-61.8166
-61.8496
-61.8825
-61.9153
-61.9478
-61.9802
-62.0124
-62.0444
-62.0763
-62.108
-62.1396
-62.1709
-62.2021
-62.2332
-62.264
-62.2947
-62.3252
-62.3556
-62.3858
-62.4158
-62.4457
-62.4754
-62.5049
-62.5343
-62.5635
-62.5925
-62.6214
-62.6501
-62.6787
-62.7071
-62.7353
-62.7634
-62.7913
-62.8191
-62.8467
-62.8741
-62.9014
-62.9285
-62.9555
-62.9823
-63.0089
-63.0354
-63.0618
-63.088
-63.114
-63.1399
-63.1656
-63.1912
-63.2167
-63.2419
-63.2671
-63.2921
-63.3169
-63.3416
-63.3661
-63.3905
-63.4148
-63.4389
-63.4628
-63.4866
-63.5103
-63.5338
-63.5572
-63.5804
-63.6035
-63.6265
-63.6493
-63.672
-63.6945
-63.7169
-63.7392
-63.7613
-63.7833
-63.8051
-63.8269
-63.8485
-63.8699
-63.8912
-63.9124
-63.9335
-63.9544
-63.9752
-63.9958
-64.0164
-64.0368
-64.057
-64.0772
-64.0972
-64.1171
-64.1369
-64.1565
-64.176
-64.1954
-64.2147
-64.2338
-64.2529
-64.2718
-64.2906
-64.3092
-64.3278
-64.3462
-64.3645
-64.3827
-64.4008
-64.4187
-64.4366
-64.4543
-64.4719
-64.4894
-64.5068
-64.5241
-64.5413
-64.5583
-64.5753
-64.5921
-64.6088
-64.6254
-64.6419
-64.6583
-64.6746
-64.6908
-64.7069
-64.7229
-64.7387
-64.7545
-64.7702
-64.7857
-64.8012
-64.8165
-64.8318
-64.8469
-64.862
-64.8769
-64.8918
-64.9066
-64.9212
-64.9358
-64.9502
-64.9646
-64.9789
-64.9931
-65.0071
-65.0211
-65.035
-65.0488
-65.0626
-65.0762
-65.0897
-65.1032
-65.1165
-65.1298
-65.1429
-65.156
-65.169
-65.1819
-65.1948
-65.2075
-65.2201
-65.2327
-65.2452
-65.2576
-65.2699
-65.2821
-65.2943
-65.3064
-65.3183
-65.3302
-65.3421
-65.3538
-65.3655
-65.3771
-65.3886
-65.4
-65.4113
-65.4226
-65.4338
-65.4449
-65.456
-65.467
-65.4779
-65.4887
-65.4994
-65.5101
-65.5207
-65.5312
-65.5417
-65.5521
-65.5624
-65.5726
-65.5828
-65.5929
-65.6029
-65.6129
-65.6228
-65.6326
-65.6424
-65.6521
-65.6617
-65.6713
-65.6808
-65.6902
-65.6996
-65.7089
-65.7181
-65.7273
-65.7364
-65.7455
-65.7545
-65.7634
-65.7723
-65.7811
-65.7898
-65.7985
-65.8071
-65.8157
-65.8242
-65.8326
-65.841
-65.8493
-65.8576
-65.8658
-65.874
-65.8821
-65.8901
-65.8981
-65.906
-65.9139
-65.9217
-65.9295
-65.9372
-65.9449
-65.9525
-65.96
-65.9675
-65.975
-65.9824
-65.9897
-65.997
-66.0043
-66.0115
-66.0186
-66.0257
-66.0327
-66.0397
-66.0467
-66.0536
-66.0604
-66.0672
-66.074
-66.0807
-66.0873
-66.094
-66.1005
-66.107
-66.1135
-66.12
-66.1263
-66.1327
-66.139
-66.1452
-66.1514
-66.1576
-66.1637
-66.1698
-66.1758
-66.1818
-66.1878
-66.1937
-66.1996
-66.2062
-66.2137
-66.2218
-66.2304
-66.2395
-66.2488
-66.2584
-66.2682
-66.2782
-66.2882
-66.2983
-66.3085
-66.3187
-66.3289
-66.3391
-66.3493
-66.3594
-66.3695
-66.3796
-66.3895
-66.3995
-66.4093
-66.4191
-66.4287
-66.4384
-66.4479
-66.4573
-66.4682
-66.4806
-66.4941
-66.5085
-66.5237
-66.5393
-66.5554
-66.5717
-66.5883
-66.605
-66.6218
-66.6386
-66.6554
-66.6721
-66.6888
-66.7036
-66.7164
-66.7273
-66.7364
-66.7439
-66.7499
-66.7546
-66.758
-66.7604
-66.7617
-66.7555
-66.7422
-66.7228
-66.6982
-66.6691
-66.6361
-66.5997
-66.5604
-66.5184
-66.4743
-66.4219
-66.3615
-66.2948
-66.2228
-66.1461
-66.0653
-65.9811
-65.8939
-65.8042
-65.7123
-65.6148
-65.5118
-65.4042
-65.2926
-65.1776
-65.06
-64.94
-64.8184
-64.6954
-64.5714
-64.4362
-64.2903
-64.1353
-63.9727
-63.8038
-63.6297
-63.4515
-63.2701
-63.0861
-62.9003
-62.7084
-62.5107
-62.3084
-62.1023
-61.8934
-61.6825
-61.4703
-61.2575
-61.0445
-60.832
-60.6167
-60.3984
-60.1777
-59.9552
-59.7316
-59.5075
-59.2837
-59.0605
-58.8384
-58.6179
-58.3968
-58.175
-57.9533
-57.7321
-57.5119
-57.2932
-57.0764
-56.8618
-56.6498
-56.4407
-56.2282
-56.0121
-55.7931
-55.5722
-55.3501
-55.1277
-54.9528
-54.7921
-54.6361
-54.481
-54.322
-54.1586
-53.9913
-53.8207
-53.6476
-53.4728
-53.297
-53.1209
-52.945
-52.7699
-52.5891
-52.4032
-52.2132
-52.0204
-51.8257
-51.6301
-51.4342
-51.2388
-51.0444
-50.8515
-50.6516
-50.4451
-50.2332
-50.0173
-49.7987
-49.5784
-49.3573
-49.1363
-48.9161
-48.6972
-48.4743
-48.2477
-48.0209
-47.7948
-47.57
-47.347
-47.1263
-46.9082
-46.6931
-46.4813
-46.3271
-46.1822
-46.0343
-45.8791
-45.7156
-45.544
-45.3653
-45.1806
-44.9911
-44.7981
-44.5887
-44.3643
-44.1276
-43.8812
-43.6273
-43.368
-43.1048
-42.8392
-42.5723
-42.3054
-42.0305
-41.7486
-41.4615
-41.1707
-40.8778
-40.5838
-40.2898
-39.9966
-39.7049
-39.4152
-39.1275
-38.8421
-38.5589
-38.2779
-37.9992
-37.8094
-37.6452
-37.488
-37.3305
-37.1692
-36.9948
-36.8066
-36.6056
-36.3928
-36.1695
-35.9365
-35.7003
-35.4628
-35.2231
-34.9795
-34.7227
-34.4505
-34.162
-33.856
-33.53
-33.1813
-32.806
-32.3982
-31.9503
-31.4507
-30.8764
-30.2014
-29.3849
-28.3565
-26.988
-25.0249
-21.9109
-16.3549
-5.77159
11.152
26.5272
30.881
24.6916
13.7811
3.02312
-5.52434
-11.9002
-17.1534
-22.5586
-29.4135
-38.2581
-46.6879
-52.2623
-55.4617
-57.14
-57.8612
-57.9787
-57.7158
-57.2146
-56.5665
-55.8184
-55.0097
-54.1682
-53.313
-52.4573
-51.6101
-50.8337
-50.0931
-49.3786
-48.6867
-48.0101
-47.3479
-46.7004
-46.0682
-45.4518
-44.8518
-44.2686
-43.7025
-43.1537
-42.6221
-42.1019
-41.593
-41.096
-40.6115
-40.1398
-39.6812
-39.2412
-38.8211
-38.4192
-38.0337
-37.6546
-37.2806
-36.9117
-36.5478
-36.1888
-35.8347
-35.4884
-35.1493
-34.8165
-34.4887
-34.1552
-33.8147
-33.4664
-33.1095
-32.7427
-32.3634
-31.9691
-31.5554
-31.1167
-30.6457
-30.1268
-29.5457
-28.8801
-28.0966
-27.1416
-25.9243
-24.282
-21.9062
-18.1901
-12.0187
-2.15367
10.0741
18.98
19.8908
13.4739
3.82142
-5.55933
-13.1186
-19.3685
-25.6308
-32.9831
-40.8494
-47.0579
-51.0368
-53.3825
-54.6429
-55.1892
-55.266
-55.0354
-54.6048
-54.0408
-53.3918
-52.6917
-51.9643
-51.2259
-50.4881
-49.7587
-49.0431
-48.3492
-47.6803
-47.032
-46.4037
-45.7952
-45.2064
-44.6371
-44.0873
-43.5566
-43.0448
-42.5516
-42.0767
-41.6136
-41.1622
-40.7232
-40.2971
-39.8842
-39.4874
-39.1068
-38.7417
-38.3913
-38.0551
-37.7238
-37.3968
-37.0747
-36.758
-36.4469
-36.1418
-35.9335
-35.7551
-35.587
-35.421
-35.2488
-35.0686
-34.8805
-34.6851
-34.4897
-34.2949
-34.1001
-33.9045
-33.7076
-33.5089
-33.3032
-33.0896
-32.8678
-32.637
-32.3964
-32.1449
-31.8805
-31.6005
-31.3018
-30.9801
-30.6253
-30.2293
-29.781
-29.264
-28.6538
-27.9117
-26.9747
-25.734
-23.9916
-21.3726
-17.1923
-10.4638
-0.770055
9.51163
15.5872
14.8184
8.61033
0.25679
-7.70594
-14.4728
-20.5968
-27.1389
-34.6388
-41.8829
-47.2158
-50.6398
-52.7151
-53.933
-54.5575
-54.7824
-54.7382
-54.5152
-54.1751
-53.7598
-53.2983
-52.8105
-52.3105
-51.8077
-51.309
-50.8188
-50.3369
-49.8653
-49.4055
-48.9588
-48.5259
-48.1074
-47.7035
-47.3142
-46.9396
-46.5794
-46.2309
-45.8939
-45.5684
-45.2546
-44.9524
-44.6617
-44.3825
-44.1147
-43.8581
-43.6125
-43.3752
-43.1461
-42.9254
-42.7129
-42.509
-42.3135
-42.1265
-41.9478
-41.7776
-41.6155
-41.461
-41.3137
-41.1734
-41.0401
-40.9138
-40.7945
-40.682
-40.5762
-40.4772
-40.3847
-40.2985
-40.2184
-40.1444
-40.0762
-40.0139
-39.9573
-39.9064
-39.861
-39.8212
-39.7867
-39.7572
-39.7323
-39.712
-39.6961
-39.6848
-39.6778
-39.6752
-39.6769
-39.6828
-39.693
-39.707
-39.7246
-39.7455
-39.7699
-39.7977
-39.8289
-39.8634
-39.9013
-39.9425
-39.9869
-40.0342
-40.0897
-40.1544
-40.227
-40.3058
-40.3889
-40.4754
-40.5643
-40.655
-40.7473
-40.9203
-41.1141
-41.3114
-41.5048
-41.6917
-41.8709
-42.0424
-42.2068
-42.3646
-42.5166
-42.6631
-42.8046
-42.9418
-43.075
-43.205
-43.3321
-43.4568
-43.5795
-43.7004
-43.8199
-43.9382
-44.0554
-44.1718
-44.2875
-44.4026
-44.5174
-44.6318
-44.7459
-44.8626
-44.9817
-45.1021
-45.2232
-45.3445
-45.4658
-45.5872
-45.7084
-45.8295
-45.9504
-46.0712
-46.1918
-46.3119
-46.4311
-46.5495
-46.6672
-46.7842
-46.9006
-47.0164
-47.1318
-47.2468
-47.3614
-47.4751
-47.5876
-47.6988
-47.8088
-47.9178
-48.0259
-48.1333
-48.2399
-48.346
-48.4516
-48.5564
-48.6601
-48.7629
-48.8648
-48.9659
-49.0664
-49.1663
-49.2658
-49.3649
-49.4637
-49.5616
-49.6583
-49.7538
-49.8482
-49.9416
-50.0341
-50.126
-50.2173
-50.3082
-50.3986
-50.4883
-50.5771
-50.665
-50.7521
-50.8386
-50.9244
-51.0099
-51.095
-51.1798
-51.2645
-51.3491
-51.4336
-51.5182
-51.6028
-51.6876
-51.7725
-51.8576
-51.943
-52.0286
-52.1145
-52.2007
-52.2872
-52.3741
-52.4613
-52.5489
-52.6368
-52.7252
-52.8139
-52.903
-52.9925
-53.0819
-53.1708
-53.2594
-53.3475
-53.4353
-53.5228
-53.6101
-53.6973
-53.7843
-53.8713
-53.9575
-54.0425
-54.1262
-54.2089
-54.2906
-54.3713
-54.4513
-54.5307
-54.6095
-54.6878
-54.7658
-54.8435
-54.9209
-54.9981
-55.0752
-55.1522
-55.2292
-55.3061
-55.3831
-55.4601
-55.5369
-55.6134
-55.6895
-55.7654
-55.8411
-55.9165
-55.9918
-56.0671
-56.1423
-56.2174
-56.2921
-56.3659
-56.4389
-56.5112
-56.5828
-56.6538
-56.7243
-56.7944
-56.8641
-56.9336
-57.0023
-57.07
-57.1367
-57.2025
-57.2674
-57.3317
-57.3953
-57.4584
-57.5211
-57.5834
-57.6449
-57.7053
-57.7647
-57.8231
-57.8806
-57.9374
-57.9936
-58.0493
-58.1045
-58.1594
-58.2135
-58.2665
-58.3184
-58.3694
-58.4196
-58.469
-58.5179
-58.5663
-58.6142
-58.6619
-58.7085
-58.7537
-58.7974
-58.8397
-58.8809
-58.9211
-58.9604
-58.9991
-59.0371
-59.0748
-59.1131
-59.1522
-59.1916
-59.2314
-59.2715
-59.3117
-59.3521
-59.3926
-59.4334
