1401
1403
1404
1406
1407
1416
1520
1522
1525
1527
1530
1532
1533
1534
1537
1540
1645
1646
1648
1650
1653
1660
1661
1662
1663
1666
1667
1769
1771
1774
1776
1783
1784
1786
1789
1794
1897
1898
1901
1904
1905
1906
1915
2031
2032
4276
4277
4279
4285
4392
4396
4400
4401
4412
4416
4417
4419
4420
4512
4513
4514
4518
4520
4522
4523
4527
4528
4529
4532
4537
4538
4541
4542
4544
4545
4548
4549
4639
4642
4645
4648
4650
4652
4654
4655
4659
4660
4661
4663
4664
4668
4670
4673
4674
4759
4763
4765
4768
4769
4772
4773
4777
4780
4781
4782
4783
4785
4786
4787
4788
4789
4791
4792
4794
4796
4799
4803
4884
4885
4886
4891
4892
4893
4895
4897
4899
4901
4903
4906
4909
4911
4916
4917
4918
4922
4923
4924
4926
5009
5011
5015
5016
5017
5019
5020
5023
5029
5030
5031
5033
5035
5038
5039
5043
5044
5045
5046
5047
5048
5049
5051
5052
5136
5138
5142
5144
5145
5146
5147
5149
5153
5154
5155
5158
5159
5160
5161
5163
5166
5167
5170
5173
5174
5175
5263
5264
5266
5269
5271
5278
5279
5281
5282
5284
5286
5287
5288
5296
5392
5394
5396
5399
5400
5401
5402
5403
5407
5408
5409
5410
5412
5417
5418
5528
5530
5535
5536
