5529
5531
5533
5653
5656
5657
5661
5663
5777
5779
5782
5783
9910
9912
9914
9916
10017
10018
10019
10024
10026
10029
10033
10034
10037
10038
10040
10042
10044
10046
10049
10140
10142
10143
10144
10147
10149
10152
10153
10155
10156
10157
10159
10160
10162
10163
10164
10166
10169
10175
10261
10262
10263
10271
10273
10276
10280
10282
10284
10288
10290
10295
10302
10303
10385
10386
10389
10396
10397
10398
10399
10400
10401
10402
10405
10408
10410
10411
10413
10414
10415
10416
10419
10420
10422
10428
10512
10513
10515
10516
10518
10521
10523
10525
10528
10530
10533
10534
10535
10537
10539
10540
10541
10542
10543
10546
10547
10548
10552
10553
10638
10640
10645
10651
10652
10653
10656
10657
10661
10663
10666
10667
10674
10769
10770
10771
10772
10777
10778
10779
10781
10786
10787
10789
10791
10794
10798
10799
10897
10900
10901
10902
10903
10905
10906
10907
10912
