412
415
519
520
525
526
527
528
529
530
540
542
543
544
638
641
643
645
646
647
648
651
654
656
661
662
663
664
665
669
671
672
762
764
765
766
767
773
776
777
780
781
783
786
788
789
792
794
795
799
886
889
890
895
899
901
904
905
909
912
918
919
921
922
923
1011
1012
1013
1014
1022
1024
1025
1028
1034
1035
1038
1039
1040
1041
1042
1045
1049
1135
1142
1145
1149
1150
1151
1152
1153
1154
1157
1159
1164
1165
1166
1167
1169
1170
1173
1177
1178
1261
1265
1267
1268
1269
1271
1272
1274
1276
1277
1278
1279
1285
1287
1291
1293
1294
1296
1300
1393
1396
1397
1400
1403
1405
1408
1412
1418
1419
1420
1423
1424
1425
1426
1516
1519
1520
1521
1522
1523
1527
1528
1531
1533
1535
1536
1537
1538
1540
1541
1543
1545
1546
1547
1548
1643
1645
1648
1649
1657
1665
6655
6656
6658
6771
6776
6779
6780
6785
6788
6789
6790
6793
6893
6895
6896
6898
6899
6902
6904
6905
6906
6910
6915
6917
6922
7014
7016
7017
7020
7022
7024
7027
7028
7030
7035
7036
7041
7042
7046
7048
7142
7143
7144
7149
7150
7151
7152
7153
7154
7156
7157
7160
7161
7163
7164
7168
7169
7170
7266
7267
7269
7271
7275
7276
7277
7279
7281
7284
7286
7288
7296
7299
7390
7392
7395
7396
7398
7405
7406
7407
7408
7412
7413
7416
7419
7422
7518
7521
7522
7527
7528
7530
7536
7538
7540
7541
7542
7543
7545
7646
7649
7653
7655
7658
7659
7662
