11023
11027
11029
11032
11036
11038
11039
11040
11146
11150
11151
11152
11154
11157
11162
11165
11166
11167
11169
11170
11268
11269
11270
11271
11272
11283
11284
11286
11287
11288
11291
11397
11398
11402
11405
11407
11413
11416
11418
11520
11522
11526
11531
11532
11534
11535
11544
11545
11546
11548
11549
11640
11644
11646
11648
11649
11652
11654
11660
11662
11667
11669
11670
11674
11765
11771
11773
11776
11779
11781
11782
11788
11789
11793
11795
11797
11889
11898
11902
11903
11904
11907
11908
11910
11912
11914
11915
11918
11921
12017
12019
12021
12022
12023
12026
12030
12038
12138
12140
12145
12147
12148
12151
12157
12163
12164
12165
12167
12173
12265
12268
12270
12271
12273
12274
12275
12276
12279
12281
12283
12286
12289
12295
12296
12297
12387
12388
12390
12392
12401
12402
12408
12410
12411
12412
12413
12414
12416
12417
12419
12422
12424
12512
12515
12517
12521
12527
12531
12534
12538
12541
12545
12546
12549
12637
12638
12641
12651
12656
12662
12664
12665
12667
12668
12669
12670
12671
12672
12768
12770
12772
12773
12775
12777
12778
12783
12785
12787
12788
12790
12791
12794
12795
12796
12797
12891
12894
12898
12899
12902
12903
12905
12908
12912
13020
13022
13023
13027
13029
13030
13033
13036
15268
15270
15272
15275
15278
15279
15280
15282
15285
15289
15291
15292
15293
15294
15390
15391
15393
15399
15401
15404
15406
15407
15408
15410
15411
15412
15415
15417
15418
15520
15523
15524
15525
15526
15528
15530
15531
15533
15539
15543
15544
15545
15546
15547
15549
15551
15635
15637
15638
15639
15647
15650
15654
15655
15660
15663
15664
15665
15669
15670
15674
15677
15760
15763
15764
15766
15767
15768
15771
15772
15776
15777
15779
15783
15785
15788
15789
15790
15792
15794
15796
15797
15798
15802
15886
15890
15891
15893
15894
15896
15905
15906
15908
15911
15914
15915
15919
15921
15922
16019
16020
16024
16025
16026
16028
16031
16033
16034
16035
16038
16040
16042
17267
17270
17274
17279
17280
17281
17282
17285
17289
17292
17294
17296
17388
17390
17392
17393
17394
17397
17399
17402
17403
17404
17405
17409
17411
17413
17415
17416
17418
17419
17421
17422
17423
17425
17426
17511
17514
17518
17520
17523
17525
17529
17531
17534
17535
17536
17537
17538
17543
17545
17546
17549
17551
17637
17638
17643
17646
17647
17652
17654
17656
17657
17667
17673
17773
17774
17781
17782
17784
17785
17786
17789
17791
17792
