2777
2779
2785
2786
2895
2898
2901
2902
2903
2906
2907
2909
2912
2913
2915
2916
2919
3016
3021
3024
3028
3030
3031
3035
3036
3037
3039
3040
3044
3045
3047
3139
3140
3143
3145
3149
3151
3153
3155
3156
3157
3159
3161
3162
3166
3167
3168
3171
3267
3269
3270
3273
3274
3276
3278
3281
3282
3285
3287
3288
3289
3290
3292
3398
3399
3401
3404
3405
3406
3408
3410
15028
15030
15033
15036
15142
15145
15148
15150
15152
15155
15157
15158
15159
15163
15164
15266
15269
15270
15273
15274
15277
15278
15279
15280
15284
15290
15292
15297
15299
15387
15389
15395
15396
15399
15400
15401
15403
15411
15413
15414
15416
15417
15418
15419
15423
15510
15516
15517
15518
15519
15521
15525
15526
15528
15530
15531
15532
15535
15537
15539
15544
15545
15547
15549
15634
15635
15637
15638
15644
15647
15648
15650
15651
15654
15657
15658
15662
15663
15665
15667
15671
15675
15677
15678
15763
15765
15768
15776
15777
15778
15783
15785
15786
15789
15791
15793
15797
15798
15799
15800
15801
15885
15886
15890
15891
15893
15895
15897
15899
15900
15902
15905
15907
15909
15911
15913
15914
15916
15919
15922
15924
16015
16020
16021
16028
16030
16032
16033
16034
16035
16036
16037
16038
16042
16043
16045
16046
16149
16150
16153
16156
16158
16159
16164
