2647
2650
2651
2654
2658
2663
2666
2771
2775
2777
2779
2782
2786
2794
2895
2897
2898
2907
2909
2912
2913
4272
4274
4279
4285
4386
4388
4389
4390
4395
4396
4398
4399
4400
4401
4402
4403
4404
4405
4406
4407
4408
4413
4416
4423
4425
4517
4519
4521
4524
4525
4526
4527
4528
4534
4536
4548
4549
4552
4636
4639
4642
4646
4649
4651
4656
4658
4661
4662
4665
4667
4668
4669
4671
4673
4674
4676
4768
4773
4777
4778
4781
4782
4783
4785
4789
4793
6024
6025
6029
6033
6034
6035
6036
6138
6140
6144
6150
6155
6156
6158
6161
6162
6163
6164
6165
6168
6169
6171
6173
6262
6264
6268
6269
6271
6276
6280
6283
6286
6287
6289
6290
6292
6296
6298
6299
6300
6301
6302
6389
6399
6400
6401
6402
6405
6409
6410
6411
6413
6416
6418
6419
6515
6516
6517
6520
6521
6522
6523
6525
6526
6528
6529
6532
6534
6535
6536
6538
6539
6542
