4524
4525
4526
4527
4528
4529
4535
4536
4539
4540
4541
4545
4640
4642
4644
4645
4646
4647
4653
4654
4656
4657
4658
4659
4668
4676
4762
4763
4765
4766
4770
4772
4773
4777
4778
4779
4780
4783
4784
4785
4786
4791
4792
4793
4794
4796
4798
4799
4800
4890
4895
4896
4898
4900
4903
4904
4906
4911
4912
4913
4917
4918
4919
4920
4922
4924
4925
5012
5017
5019
5020
5021
5024
5025
5026
5027
5028
5030
5031
5038
5039
5040
5042
5043
5045
5048
5137
5138
5144
5145
5152
5154
5155
5159
5160
5163
5165
5167
5172
5173
5267
5268
5271
5278
5282
5283
5285
5287
5288
5290
5295
10521
10525
10527
10529
10532
10534
10541
10643
10650
10651
10653
10655
10656
10657
10660
10663
10665
10667
10668
10673
10762
10764
10770
10773
10775
10780
10781
10783
10784
10790
10791
10792
10793
10799
10800
10801
10802
10886
10888
10889
10891
10892
10897
10898
10899
10901
10903
10905
10906
10907
10908
10909
10911
10915
10917
10920
10922
10923
10926
11011
11012
11013
11014
11018
11019
11020
11025
11026
11030
11038
11040
11041
11042
11043
11045
11046
11047
11050
11052
11137
11138
11140
11148
11149
11150
11151
11152
11154
11157
11159
11160
11161
11163
11167
11168
11169
11170
11171
11273
11280
11281
11282
11284
