16
17
26
27
29
30
35
36
38
39
42
45
47
48
144
147
150
153
154
155
158
164
167
169
6025
6026
6030
6032
6033
6034
6038
6142
6147
6148
6150
6151
6154
6161
6162
6164
6166
6169
6264
6265
6267
6269
6273
6274
6275
6280
6281
6282
6284
6287
6288
6289
6290
6291
6293
6295
6296
6386
6388
6391
6392
6393
6395
6396
6397
6398
6399
6401
6402
6404
6406
6409
6411
6413
6415
6416
6417
6418
6424
6426
6513
6517
6520
6524
6526
6527
6529
6533
6535
6536
6537
6538
6539
6540
6542
6544
6546
6634
6638
6639
6642
6645
6646
6647
6648
6650
6651
6657
6659
6660
6661
6662
6664
6667
6669
6670
6673
6678
6759
6760
6762
6766
6769
6770
6774
6776
6778
6783
6784
6787
6790
6792
6794
6795
6797
6800
6804
6884
6886
6887
6891
6892
6893
6894
6895
6897
6898
6900
6904
6908
6915
6916
6919
6921
6922
6923
6924
6925
6927
7011
7013
7014
7024
7025
7026
7029
7031
7033
7034
7037
7038
7039
7040
7050
7053
7137
7139
7140
7143
7147
7148
7149
7151
7152
7153
7154
7155
7156
7160
7166
7167
7168
7169
7174
7268
7269
7270
7271
7272
7274
7277
7279
7282
7284
7287
7288
7289
7290
7292
7298
7393
7397
7398
7399
7400
7401
7403
7406
7407
7408
7409
7410
7414
7417
7419
7420
7531
7539
18269
18271
18276
18277
18278
18282
18283
18284
18288
18290
18294
18388
18389
18391
18393
18402
18405
18407
18408
18410
18411
18414
18417
18418
18422
18424
18511
18514
18519
18522
18523
18526
18530
18534
18535
18536
18537
18539
18540
18543
18546
18547
18550
18552
18636
18637
18640
18643
18646
18647
18648
18650
18651
18654
18656
18658
18659
18660
18662
18663
18664
18666
18667
18668
18673
18763
18767
18768
18771
18772
18773
18774
18775
18777
18778
18779
18786
18787
18889
18893
18894
18896
18897
18899
18903
18904
18907
18908
18914
18917
18919
19024
19026
19033
