5781
5903
5904
5907
5910
5912
6020
6027
6029
6031
6034
6036
6037
6039
6041
6042
6044
6144
6145
6146
6147
6150
6154
6157
6159
6161
6163
6168
6270
6272
6273
6274
6275
6280
6281
6286
6287
6289
6293
6401
6403
6406
6407
6408
6410
6414
11523
11524
11525
11529
11530
11531
11534
11535
11536
11538
11649
11651
11655
11656
11658
11660
11664
11774
11775
11777
11780
11781
11782
11783
11785
11786
11788
11898
11901
11902
11906
11909
11914
12023
12024
12027
12028
12029
12035
12037
12039
12040
12149
12150
12159
12161
12275
12276
12277
12279
12280
12282
12283
12284
12286
12404
12407
12408
12409
12412
12415
12525
12527
12529
12531
12533
12535
12540
12649
12651
12653
12654
12657
12658
12659
12661
12662
12774
12775
12776
12777
12782
12784
12788
12789
12790
12897
12898
12901
12902
12907
12909
12912
12913
13022
13023
13026
13027
13028
13031
13036
13148
13149
13150
13151
13152
13153
13156
13157
13158
13159
13160
13162
13163
13164
15274
15275
15277
15279
15282
15284
15286
15289
15394
15398
15404
15405
15411
15417
15419
15421
15513
15514
15516
15518
15519
15520
15530
15531
15534
15537
15541
15543
15544
15546
15547
15637
15638
15640
15641
15642
15644
15646
15647
15649
15651
15657
15658
15662
15664
15665
15666
15667
15670
15671
15674
15763
15764
15769
15770
15774
15775
15777
15778
15779
15781
15782
15785
15788
15789
15791
15792
15794
15795
15797
15800
15891
15892
15893
15894
15897
15898
15900
15904
15905
15908
15909
15910
15911
15913
15916
15917
15921
15922
15923
16022
16026
16027
16028
16029
16031
16033
16035
16036
16039
16040
