1768
1775
1777
1779
1780
1786
1789
1790
1791
1792
1888
1889
1890
1892
1893
1894
1895
1896
1897
1898
1901
1904
1906
1907
1908
1909
1911
1913
1916
1917
1925
1926
2012
2016
2017
2019
2020
2021
2022
2027
2030
2031
2032
2034
2035
2036
2038
2040
2041
2045
2050
2051
2138
2141
2145
2146
2148
2150
2151
2154
2155
2156
2159
2167
2168
2169
2261
2263
2270
2272
2273
2275
2276
2277
2279
2282
2283
2284
2286
2295
2297
2298
2299
2302
2389
2390
2393
2394
2395
2396
2397
2399
2400
2402
2405
2406
2408
2411
2413
2415
2416
2418
2419
2421
2423
2525
2527
2529
2533
2534
2536
2539
13525
13529
13531
13532
13534
13535
13642
13644
13646
13651
13656
13658
13659
13661
13765
13767
13774
13776
13777
13778
13784
13786
13788
13790
13791
13792
13793
13794
13796
13797
13892
13893
13895
13901
13904
13908
13915
13919
13922
13923
14011
14012
14013
14017
14021
14022
14024
14026
14033
14035
14036
14037
14040
14041
14042
14044
14046
14050
14051
14137
14140
14141
14144
14147
14149
14155
14157
14158
14162
14163
14164
14165
14167
14169
14171
14172
14173
14176
14177
14260
14270
14271
14273
14274
14276
14279
14282
14289
14291
14292
14293
14295
14296
14297
14298
14386
14387
14388
14390
14392
14393
14395
14398
14402
14404
14407
14408
14409
14410
14411
14413
14416
14418
14419
14420
14421
14512
14515
14517
14518
14521
14522
14523
14525
14529
14532
14533
14535
14536
14537
14538
14542
14547
14548
14641
14642
14644
14648
14652
14653
14655
14661
14663
14666
14667
14668
14670
14769
14770
14774
14782
14785
14788
14899
18655
18782
