3403
3404
3408
3410
3412
3414
3415
3416
3518
3519
3525
3526
3527
3528
3529
3531
3532
3534
3535
3536
3540
3541
3543
3647
3648
3650
3653
3654
3655
3656
3657
3660
3662
3663
3667
3668
3669
3673
3767
3768
3769
3770
3775
3776
3778
3781
3782
3785
3788
3790
3792
3794
3891
3894
3898
3901
3910
3913
4026
4027
4030
4034
4037
13025
13028
13030
13034
13035
13037
13147
13148
13149
13150
13151
13153
13155
13156
13157
13162
13163
13164
13165
13166
13167
13274
13275
13276
13277
13278
13279
13280
13282
13283
13286
13287
13292
13393
13396
13397
13398
13401
13403
13404
13405
13412
13415
13416
13419
13518
13522
13525
13526
13529
13530
13533
13534
13536
13537
13645
13646
13648
13649
13650
13651
13654
13656
13660
13661
13776
13777
13779
19892
19895
19897
19901
19903
19910
19911
19913
19916
19919
20011
20013
20014
20017
20019
20021
20022
20023
20024
20029
20030
20031
20032
20033
20036
20038
20039
20041
20047
20048
20138
20143
20145
20146
20147
20148
20150
20155
20158
20159
20160
20165
20166
20168
20170
20175
20259
20260
20261
20262
20264
20266
20268
20269
20270
20276
20277
20278
20279
20280
20281
20282
20286
20289
20290
20291
20292
20293
20302
20387
20390
20391
20395
20396
20397
20398
20399
20401
20402
20404
20406
20408
20412
20415
20416
20418
20419
20420
20422
20423
20520
20521
20527
20528
20529
20530
20533
20537
20544
20547
20548
20549
