1395
1397
1401
1402
1403
1405
1406
1408
1410
1411
1416
1418
1518
1524
1531
1532
1534
1535
1539
1540
1542
1547
1640
1642
1645
1650
1651
1652
1655
1656
1657
1659
1660
1664
1665
1667
1668
1669
1671
1677
1763
1766
1767
1768
1769
1770
1775
1776
1777
1778
1784
1785
1787
1789
1791
1794
1795
1796
1797
1800
1802
1886
1890
1893
1894
1898
1899
1902
1903
1906
1907
1908
1913
1917
1920
1923
1925
1927
2011
2013
2016
2018
2020
2021
2022
2025
2029
2031
2032
2036
2038
2039
2040
2041
2043
2050
2139
2140
2145
2149
2152
2153
2157
2158
2167
2168
2172
2268
2272
2273
2274
2276
2277
2278
2289
2292
9030
9151
9155
9157
9158
9160
9163
9278
9283
9284
13519
13521
13523
13526
13527
13533
13534
13538
13541
13542
13544
13545
13639
13647
13648
13653
13655
13659
13660
13661
13663
13664
13668
13673
13676
13760
13762
13763
13764
13770
13774
13776
13777
13778
13779
13780
13781
13784
13789
13790
13798
13800
13802
13886
13888
13892
13893
13896
13897
13898
13899
13901
13903
13904
13907
13909
13910
13915
13918
13921
