1536
1649
1652
1656
1658
1660
1661
1664
1665
1777
1781
1782
1783
1784
1785
1787
1900
7272
7273
7274
7276
7277
7279
7281
7283
7286
7287
7289
7290
7394
7399
7402
7403
7404
7407
7412
7414
7415
7416
7418
7514
7520
7521
7522
7524
7526
7531
7532
7533
7535
7540
7542
7543
7544
7549
7639
7640
7641
7642
7646
7647
7648
7649
7651
7653
7655
7658
7659
7660
7661
7662
7665
7666
7673
7674
7761
7762
7764
7765
7769
7771
7776
7777
7778
7779
7781
7784
7785
7791
7792
7793
7794
7795
7799
7800
7801
7896
7903
7907
7909
7910
7911
7916
7920
7922
8012
8013
8017
8019
8020
8021
8026
8028
8029
8030
8031
8034
8035
8036
8042
8044
8046
8047
8049
8050
8051
8138
8141
8152
8153
8154
8155
8156
8157
8160
8165
8166
8171
8173
8265
8270
8272
8277
8279
8280
8286
8289
8291
8294
8395
8396
8398
8399
8403
8405
8407
8408
8410
8416
13393
13396
13397
13401
13403
13407
13408
13410
13411
13415
13416
13417
13418
13419
13514
13516
13518
13519
13526
13527
13528
13529
13530
13534
13535
13537
13538
13539
13541
13542
13547
13637
13640
13642
13646
13647
13652
13654
13656
13657
13658
13659
13663
13664
13665
13666
13667
13668
13669
13670
13671
13673
13675
13762
13763
13766
13767
13768
13769
13770
13772
13774
13777
13778
13781
13784
13787
13789
13791
13792
13797
13884
13885
13887
13888
13891
13892
13893
13894
13899
13901
13903
13906
13908
13909
13911
13912
13913
13916
13917
