644
648
650
652
653
654
661
664
666
763
764
767
769
770
773
774
777
778
780
781
782
783
784
787
788
789
790
791
792
793
795
796
797
799
800
888
889
890
891
892
893
896
903
904
905
906
909
910
911
915
917
920
924
926
1014
1015
1016
1017
1018
1019
1021
1023
1024
1025
1026
1027
1029
1030
1032
1033
1035
1036
1038
1040
1043
1046
1047
1048
1051
1054
1137
1138
1145
1146
1148
1149
1151
1154
1155
1156
1157
1162
1163
1164
1165
1166
1170
1171
1173
1174
1175
1176
1266
1269
1271
1274
1275
1276
1281
1283
1284
1287
1290
1292
1295
1299
1300
1302
1391
1396
1397
1401
1405
1406
1407
1411
1412
1422
1529
1530
1532
1534
3148
3152
3157
3160
3162
3265
3266
3267
3268
3269
3270
3272
3274
3277
3281
3285
3286
3290
3296
3297
3387
3393
3394
3395
3396
3397
3401
3404
3407
3410
3412
3413
3414
3417
3418
3419
3420
3421
3423
3425
3426
3511
3513
3516
3517
3518
3519
3520
3521
3524
3525
3526
3528
3529
3531
3533
3535
3537
3538
3539
3543
3544
3545
3546
3547
3550
3553
3637
3645
3646
3647
3649
3651
3654
3655
3656
3659
3661
3665
3668
3669
3670
3676
3677
3763
3765
3768
3771
3774
3776
3777
3779
3780
3781
3782
3783
3789
3790
3793
3794
3795
3798
3799
3800
3893
3896
3897
3899
3901
3902
3904
3906
3907
3908
3912
3918
3919
3921
4019
4022
4030
4032
4033
4034
4035
5768
5770
5773
5774
5775
5777
5780
5781
5787
5790
5791
5793
5794
5795
5796
5888
5892
5893
5895
5896
5901
5907
5908
5909
5913
5916
5917
5918
5921
6011
6012
6019
6025
6026
6028
6036
6037
6039
6042
6044
6045
6048
6049
6050
6052
6140
6145
6148
6149
6151
6154
6160
6161
6162
6166
6167
6168
6172
6175
6264
6268
6270
6273
6276
6279
6295
6298
6393
6398
6402
6404
6407
6408
6411
6412
6413
6416
6417
8272
8273
8275
8276
8278
8282
8393
8400
8403
8404
8405
8407
8409
8410
8416
8417
8419
8422
8514
8517
8520
8524
8529
8530
8532
8536
8537
8539
8542
8543
8545
8546
8548
8646
8647
8648
8650
8651
8654
8658
8660
8661
8663
8665
8668
8672
8674
8765
8767
8772
8773
8775
8777
8779
8781
8783
8785
8787
8788
8789
8790
8792
8793
8794
8798
8893
8895
8896
8897
8899
8901
8903
8904
8905
8907
8910
8915
8916
10899
10903
10904
10907
10908
10913
10914
10915
10916
11017
11018
11021
11023
11027
11029
11033
11034
11039
11041
11044
11045
11143
11144
11152
11154
11157
11159
11162
11166
11169
11170
11267
11274
11277
11278
11281
11282
11283
11285
11286
11287
11290
11296
11397
11399
11405
11410
11411
11412
13530
13533
13538
13539
13646
13650
13651
13653
13655
13661
13662
13666
13772
13773
13775
13776
13779
13783
13785
13786
13790
13901
13904
13912
