1524
1526
1527
1528
1532
1534
1538
1540
1541
1645
1649
1650
1652
1653
1661
1662
1665
1666
1668
1670
1768
1769
1771
1773
1774
1780
1784
1785
1786
1790
1791
1792
1793
1794
1795
1798
1886
1893
1894
1895
1899
1900
1904
1905
1908
1911
1912
1913
1916
1917
1921
1928
2011
2013
2015
2019
2021
2022
2025
2026
2029
2031
2033
2035
2036
2037
2038
2042
2043
2046
2050
2051
2052
2053
2134
2136
2143
2144
2147
2150
2154
2155
2156
2158
2159
2166
2167
2168
2169
2173
2174
2177
2179
2260
2261
2262
2264
2266
2267
2268
2269
2272
2282
2283
2284
2285
2290
2291
2292
2296
2298
2301
2302
2387
2388
2390
2391
2392
2397
2398
2402
2403
2405
2406
2408
2409
2410
2411
2414
2415
2418
2421
2423
2424
2425
2516
2517
2521
2523
2526
2528
2532
2534
2540
2546
2548
2645
2646
2649
2651
2655
2658
2660
2661
2663
2667
