1270
1272
1273
1278
1283
1389
1392
1395
1398
1401
1404
1405
1406
1408
1411
1412
1415
1416
1417
1418
1510
1512
1514
1518
1522
1524
1525
1526
1527
1532
1533
1534
1538
1541
1542
1543
1544
1547
1629
1630
1633
1639
1644
1646
1648
1651
1655
1656
1658
1660
1661
1662
1663
1665
1666
1669
1670
1758
1760
1761
1765
1768
1772
1773
1774
1777
1778
1779
1783
1785
1786
1787
1789
1794
1795
1798
1884
1887
1889
1890
1892
1893
1895
1899
1900
1901
1905
1907
1908
1909
1910
1918
2009
2011
2012
2014
2017
2020
2023
2025
2029
2030
2032
2033
2034
2036
2037
2137
2138
2140
2143
2145
2147
2150
2153
2158
3778
3779
3781
3783
3890
3894
3895
3897
3901
3905
3907
3911
3914
3917
4007
4008
4009
4010
4015
4018
4019
4020
4024
4026
4029
4031
4033
4034
4035
4037
4038
4039
4040
4043
4045
4130
4131
4134
4136
4138
4140
4141
4142
4144
4145
4149
4150
4153
4156
4158
4160
4162
4163
4165
4167
4171
4172
4262
4263
4264
4265
4267
4269
4272
4274
4275
4276
4277
4279
4280
4281
4282
4283
4285
4286
4291
4295
4383
4387
4388
4389
4390
4391
4392
4394
4397
4398
4399
4400
4401
4402
4406
4410
4411
4412
4413
4415
4418
4419
4420
4422
4507
4513
4515
4517
4518
4519
4520
4521
4522
4523
4525
4529
4533
4539
4540
4541
4545
4638
4640
4644
4646
4647
4650
4651
4652
4657
4662
4664
4665
6389
6390
6393
6394
6408
6410
6412
6509
6511
6512
6516
6521
6523
6527
6528
6533
6536
6537
6542
6544
6633
6635
6638
6641
6645
6647
6649
6650
6652
6653
6654
6655
6658
6660
6661
6669
6671
6755
6756
6760
6764
6767
6768
6770
6771
6772
6773
6778
6779
6780
6781
6782
6784
6789
6791
6793
6795
6883
6884
6885
6887
6890
6891
6892
6893
6894
6895
6896
6897
6898
6900
6907
6908
6911
6913
6914
6918
6919
6920
7010
7013
7020
7022
7023
7025
7031
7032
7035
7036
7037
7039
7040
7041
7042
7044
7045
7046
7136
7138
7139
7140
7143
7146
7151
7154
7159
7160
7163
7164
7166
7273
7277
8893
8894
8897
8898
8899
8902
8905
8910
9010
9011
9015
9019
9020
9021
9024
9026
9028
9029
9033
9035
9036
9038
9039
9040
9041
9042
9043
9132
9138
9140
9142
9143
9145
9146
9148
9149
9151
9154
9161
9164
9165
9166
9167
9168
9171
9255
9257
9258
9260
9261
9262
9264
9267
9268
9270
9272
9273
9274
9275
9276
9277
9280
9281
9283
9284
9288
9292
9293
9294
9381
9389
9390
9391
9392
9393
9394
9395
9396
9398
9399
9403
9407
9408
9409
9412
9418
9422
9506
9507
9508
9509
9514
9515
9516
9519
9522
9524
9526
9528
9529
9530
9531
9533
9534
9535
9537
9538
9540
9542
9543
9636
9639
9642
9643
9646
9648
9649
9651
9652
9653
9655
9656
9657
9660
9661
9666
9667
9773
9774
9775
9776
9778
11512
11513
11514
11520
11524
11527
11530
11532
11535
11536
11537
11540
11635
11638
11642
11643
11645
11647
11652
11654
11656
11657
11660
11664
11665
11666
11667
11668
11669
11759
11760
11761
11766
11773
11777
11778
11780
11782
11785
11792
11796
11797
11882
11884
11885
11887
11888
11893
11894
11895
11897
11901
11903
11904
11905
11908
11909
11910
11911
11914
11915
11917
12008
12009
12011
12013
12014
12015
12016
12021
12023
12028
12029
12030
12031
12032
12034
12037
12038
12040
12137
12138
12143
12149
12152
12154
12155
12157
12158
12163
12164
12265
14017
14021
14022
14023
14031
14036
14136
14138
14139
14141
14144
14147
14150
14151
14152
14158
14160
14161
14163
14164
14167
14260
14263
14264
14267
14268
14276
14278
14280
14284
14287
14294
14387
14392
14393
14395
14396
14397
14400
14402
14406
14411
14412
14415
