4017
4018
4021
4022
4023
4024
4026
4029
4033
4035
4036
4139
4144
4148
4150
4154
4157
4158
4159
4265
4268
4269
4272
4274
4277
4278
4279
4280
4281
4283
4285
4286
4389
4390
4394
4395
4399
4403
4405
4407
4409
4410
4411
4522
4525
4527
4531
4534
4650
4651
6896
6901
6902
6903
6904
6905
6912
7011
7012
7014
7015
7016
7017
7018
7022
7023
7024
7025
7028
7030
7033
7035
7036
7039
7132
7134
7135
7138
7140
7142
7146
7149
7150
7151
7163
7165
7168
7256
7259
7262
7263
7264
7265
7268
7269
7271
7273
7274
7276
7277
7278
7279
7280
7281
7282
7284
7285
7286
7287
7289
7291
7294
7297
7298
7380
7381
7382
7385
7387
7389
7391
7397
7399
7403
7404
7405
7409
7410
7414
7415
7416
7419
7420
7424
7507
7508
7509
7512
7517
7518
7520
7521
7522
7523
7524
7528
7529
7530
7539
7541
7544
7546
7547
7629
7633
7636
7637
7638
7640
7641
7643
7644
7646
7651
7653
7654
7655
7661
7665
7666
7757
7763
7764
7765
7766
7768
7769
7770
7772
7774
7777
7778
7781
7782
7785
7787
7788
7789
7791
7792
7794
7882
7883
7897
7898
7902
7904
7906
7908
7911
7913
7915
7918
8013
8022
8023
8027
8028
8030
8031
8034
8036
8037
8146
8153
8155
8156
