2522
2523
2524
2527
2530
2640
2641
2643
2644
2645
2646
2647
2651
2655
2661
2662
2665
2666
2761
2763
2765
2766
2769
2770
2771
2772
2773
2774
2776
2777
2779
2781
2782
2783
2784
2788
2789
2791
2792
2889
2898
2899
2900
2901
2902
2906
2908
2910
2911
2914
2916
3011
3014
3017
3018
3020
3024
3028
3029
3037
3144
3145
3155
3156
3157
3159
8513
8516
8518
8523
8525
8527
8537
8538
8539
8634
8637
8642
8644
8647
8649
8651
8652
8653
8656
8658
8664
8667
8671
8759
8760
8762
8765
8767
8769
8770
8771
8773
8774
8775
8776
8779
8780
8783
8784
8786
8787
8793
8882
8883
8887
8888
8889
8890
8892
8893
8895
8896
8897
8900
8902
8903
8905
8908
8910
8911
8913
8915
8918
8919
9008
9015
9017
9020
9021
9023
9025
9026
9032
9038
9039
9044
9045
9047
9133
9136
9139
9140
9143
9146
9149
9150
9152
9153
9156
9159
9160
9264
9266
9267
9269
9273
9279
9280
