892
896
897
899
900
902
903
904
906
1010
1011
1012
1013
1014
1017
1019
1023
1025
1026
1029
1030
1031
1033
1036
1037
1131
1132
1135
1137
1140
1143
1144
1146
1147
1148
1151
1154
1155
1158
1159
1160
1161
1163
1165
1167
1168
1172
1256
1259
1261
1262
1263
1264
1265
1269
1270
1272
1276
1279
1280
1283
1284
1287
1291
1293
1380
1383
1385
1386
1388
1389
1391
1393
1394
1395
1397
1400
1401
1402
1403
1405
1408
1412
1419
1420
1422
1506
1507
1508
1510
1512
1515
1516
1526
1527
1528
1529
1530
1532
1533
1534
1537
1538
1540
1543
1637
1638
1641
1645
1646
1647
1648
1649
1650
1651
1655
1660
1666
3393
3395
3402
3403
3404
3509
3511
3512
3521
3522
3526
3527
3534
3535
3538
3540
3541
3542
3631
3635
3637
3638
3640
3642
3643
3644
3648
3649
3651
3655
3656
3657
3662
3663
3669
3670
3756
3758
3760
3762
3766
3768
3769
3773
3774
3775
3777
3781
3785
3786
3790
3793
3796
3797
3799
3881
3882
3884
3886
3892
3898
3900
3902
3904
3905
3906
3908
3910
3912
3913
3914
3918
3922
3923
4006
4009
4010
4011
4013
4014
4016
4018
4020
4031
4036
4043
4137
4139
4141
4142
4147
4152
4154
4159
4165
4166
4168
4169
4268
4274
4275
4276
4279
5894
5895
5896
5899
5901
5904
5905
5906
5907
6009
6014
6015
6017
6018
6021
6023
6025
6027
6028
6029
6035
6036
6038
6039
6042
6133
6136
6141
6142
6143
6145
6147
6148
6150
6151
6154
6155
6158
6161
6162
6165
6166
6167
6169
6170
6256
6260
6264
6265
6267
6271
6273
6274
6278
6280
6281
6282
6283
6286
6288
6290
6293
6296
6381
6384
6386
6390
6392
6394
6395
6397
6400
6403
6404
6405
6407
6411
6413
6414
6415
6417
6424
6505
6507
6508
6511
6512
6514
6515
6516
6518
6519
6521
6522
6523
6524
6528
6531
6536
6538
6539
6542
6543
6544
6545
6547
6631
6634
6637
6638
6639
6641
6646
6648
6651
6653
6655
6656
6660
6665
6666
6669
6767
6768
6772
6775
6776
6777
6780
6781
6784
6787
8399
8401
8404
8512
8517
8519
8522
8523
8524
8526
8527
8531
8535
8539
8541
8633
8638
8639
8640
8643
8647
8649
8650
8652
8654
8656
8657
8658
8662
8664
8665
8667
8668
8670
8672
8756
8757
8759
8761
8763
8764
8765
8766
8768
8769
8770
8772
8774
8775
8777
8779
8780
8781
8782
8795
8882
8884
8888
8889
8892
8893
8895
8897
8900
8901
8902
8903
8905
8906
8910
8911
8913
8914
8917
8919
8920
9005
9006
9009
9012
9015
9017
9018
9019
9021
9022
9025
9032
9033
9036
9038
9042
9048
9131
9136
9137
9140
9141
9143
9147
9149
9152
9155
9157
9160
9169
9260
9268
9278
9284
9400
11014
11018
11022
11023
11025
11029
11031
11035
11036
11037
11038
11039
11138
11146
11147
11150
11151
11152
11153
11154
11159
11160
11161
11163
11165
11166
11168
11256
11257
11262
11265
11269
11272
11273
11276
11277
11278
11281
11282
11289
11291
11292
11295
11296
11380
11381
11382
11385
11386
11387
11389
11391
11392
11393
11397
11400
11406
11412
11413
11414
11415
11417
11419
11507
11509
11517
11518
11519
11521
11522
11523
11525
11526
11529
11530
11531
11532
11533
11535
11536
11540
11541
11542
11543
11545
11546
11634
11635
11638
11639
11643
11645
11646
11647
11660
11661
11662
11663
11670
11763
11765
11766
11767
11769
11770
11772
11775
11778
11782
11783
11788
11899
11900
13516
13521
13523
13524
13525
13526
13532
13533
13535
13536
13638
13639
13641
13642
13646
13648
13649
13650
13653
13661
13663
13665
13668
13761
13762
13767
13772
13776
13778
13779
13780
13785
13786
13787
13788
13796
13881
13882
13887
13888
13890
13892
13893
13894
13897
13898
13899
13904
13906
13909
13912
13913
13915
13916
13918
13920
13921
13922
14006
14008
14014
14018
14020
14021
14022
14024
14026
14031
14032
14034
14035
14038
14040
14041
14043
14133
14137
14139
14140
14142
14145
14146
14149
14150
14155
14156
14159
14160
14162
14163
14165
14166
14168
14265
14268
14271
14272
14273
14276
14278
14281
14282
14285
14287
