5024
5025
5026
5027
5031
5147
5148
5149
5150
5152
5158
5272
5277
5279
9404
9405
9410
9411
9512
9514
9515
9518
9525
9526
9528
9532
9533
9535
9536
9538
9539
9540
9541
9543
9636
9638
9644
9645
9647
9648
9649
9650
9652
9653
9655
9659
9662
9665
9666
9667
9669
9755
9761
9762
9763
9764
9769
9771
9773
9776
9782
9793
9883
9887
9889
9890
9891
9892
9893
9897
9899
9900
9904
9906
9907
9909
9911
9912
9913
9914
9915
9916
10004
10005
10006
10014
10015
10017
10019
10020
10022
10023
10024
10025
10026
10030
10032
10033
10035
10041
10044
10047
10132
10134
10135
10139
10141
10145
10148
10150
10153
10155
10156
10157
10159
10160
10163
10166
10167
10170
10172
10261
10262
10263
10266
10269
10271
10273
10276
10278
10281
10283
10284
10288
10289
10389
10391
10392
10393
10394
10396
10397
10398
10399
10401
10402
10406
10407
10408
14394
14395
14399
14401
14402
14407
