425
426
431
434
435
436
440
442
540
546
550
551
552
553
555
556
557
558
560
562
567
571
662
666
668
674
676
679
682
684
685
695
786
787
788
793
794
796
798
800
803
804
806
807
808
810
812
816
817
822
826
916
917
921
931
932
933
936
939
940
941
947
1041
1043
1044
1045
1049
1050
1051
1052
1055
1059
1060
1065
1067
1072
1176
1177
1180
1183
1186
1187
1188
2917
2918
2919
2920
2923
2925
2928
2930
2931
2933
2936
2937
2938
2939
2942
3039
3043
3044
3047
3048
3054
3056
3059
3060
3062
3063
3065
3066
3072
3073
3074
3163
3164
3167
3170
3172
3173
3178
3180
3181
3183
3184
3186
3187
3192
3193
3198
3285
3286
3289
3291
3292
3297
3298
3299
3301
3302
3303
3305
3310
3312
3315
3317
3319
3320
3321
3322
3323
3325
3327
3411
3412
3413
3415
3416
3417
3418
3420
3422
3423
3424
3425
3426
3427
3430
3432
3433
3437
3450
3538
3539
3541
3543
3545
3547
3549
3551
3552
3553
3555
3561
3562
3564
3565
3569
3570
3571
3670
3672
3673
3674
3675
3676
3677
3678
3685
3687
3690
3692
3693
3804
3808
5420
5423
5425
5426
5429
5433
5434
5437
5438
5440
5443
5444
5540
5542
5544
5545
5547
5549
5551
5552
5556
5558
5559
5562
5567
5570
5571
5572
5661
5662
5664
5667
5669
5672
5677
5678
5681
5690
5691
5692
5693
5695
5698
5699
5703
5784
5786
5792
5793
5794
5797
5798
5799
5803
5807
5808
5809
5814
5816
5817
5821
5824
5827
5828
5910
5911
5913
5914
5915
5916
5920
5922
5923
5924
5929
5930
5931
5932
5934
5938
5940
5945
5947
5951
5953
6037
6040
6042
6043
6045
6048
6049
6050
6051
6052
6055
6056
6059
6060
6062
6063
6064
6065
6070
6072
6074
6075
6166
6170
6171
6177
6181
6182
6183
6185
6186
6187
6188
6190
6192
6299
6302
6308
6309
6315
7925
7927
7929
7931
7939
7943
7945
8042
8048
8057
8060
8061
8067
8069
8075
8163
8164
8168
8172
8173
8175
8176
8178
8179
8181
8183
8186
8187
8188
8189
8193
8194
8198
8199
8200
8289
8291
8292
8293
8294
8295
8297
8299
8300
8302
8305
8307
8308
8309
8310
8311
8312
8313
8314
8320
8328
8413
8414
8419
8421
8422
8425
8432
8434
8435
8438
8440
8442
8444
8450
8452
8453
8535
8537
8538
8540
8544
8547
8548
8549
8550
8554
8555
8556
8560
8561
8562
8564
8566
8567
8568
8572
8573
8575
8663
8668
8673
8675
8676
8677
8680
8681
8684
8686
8689
8690
8694
8695
8795
8799
8801
8802
8804
8806
8807
8808
8812
8813
8814
8817
10443
10541
10543
10545
10548
10550
10552
10555
10556
10557
10558
10562
10563
10565
10566
10567
10568
10571
10572
10575
10665
10666
10667
10671
10677
10678
10679
10681
10684
10686
10688
10689
10690
10691
10693
10695
10696
10697
10784
10785
10787
10790
10794
10795
10796
10798
10801
10803
10805
10806
10810
10811
10812
10816
10819
10822
10825
10826
10827
10910
10917
10919
10920
10921
10925
10927
10929
10935
10939
10941
10943
10944
10945
10946
10947
10950
11040
11041
11042
11043
11048
11049
11051
11052
11054
11056
11057
11058
11060
11062
11066
11068
11069
11070
11071
11073
11076
11077
11163
11164
11166
11167
11169
11172
11174
11177
11178
11179
11183
11184
11186
11187
11190
11191
11192
11195
11197
11296
11301
11302
11304
11307
11308
11309
11313
11315
11316
12933
12934
12935
12936
12938
13045
13051
13060
13063
13064
13065
13066
13070
13072
13073
13174
13175
13178
13179
13185
13190
13191
13195
13196
13199
13285
13289
13291
13292
13294
13295
13296
13297
13301
13304
13305
13306
13307
13309
13310
13311
13312
13313
13315
13316
13320
13321
13323
13325
13326
13327
13328
13411
13418
13420
13421
13422
13423
13428
13429
13430
13431
13438
13442
13445
13446
13452
13453
13535
13539
13543
13544
13546
13548
13549
13551
13557
13558
13561
13562
13563
13564
13565
13570
13572
13575
13665
13667
13669
13672
13673
13675
13676
13677
13678
13679
13682
13686
13690
13693
13695
13696
13697
13795
13798
13806
13810
13815
13816
13818
