4172
4176
4179
4180
4185
4188
4189
4294
4298
4303
4304
4309
4311
4313
4316
4317
4318
4322
4414
4415
4420
4422
4424
4425
4426
4430
4432
4433
4435
4436
4437
4444
4445
4540
4542
4543
4547
4548
4550
4552
4556
4557
4558
4562
4563
4564
4566
4567
4573
4576
4663
4665
4668
4671
4673
4676
4677
4678
4682
4683
4690
4691
4692
4693
4697
4700
4789
4791
4792
4793
4794
4805
4806
4807
4808
4809
4810
4811
4813
4815
4817
4820
4824
4912
4913
4916
4917
4918
4922
4924
4925
4931
4932
4933
4936
4938
4939
4946
4948
4951
5040
5044
5048
5052
5053
5059
5062
5065
5066
5072
5075
5166
5170
5172
5177
5178
5180
5182
5184
5187
5189
5191
5195
5197
5295
5297
5300
5301
5302
5303
5305
5306
5307
5310
5312
5314
5315
10297
10298
10299
10301
10302
10308
10311
10312
10314
10318
10320
10418
10420
10422
10423
10424
10426
10435
10436
10440
10441
10443
10444
10446
10539
10541
10542
10543
10544
10546
10550
10551
10556
10557
10558
10560
10561
10562
10563
10566
10569
10571
10572
10575
10661
10662
10664
10665
10669
10670
10675
10676
10679
10683
10685
10689
10693
10696
10697
10699
10701
10702
10787
10792
10793
10794
10796
10797
10799
10803
10804
10806
10808
10809
10811
10813
10814
10818
10820
10821
10822
10824
10826
10828
10909
10911
10912
10916
10917
10919
10920
10923
10925
10926
10927
10928
10929
10930
10932
10933
10935
10936
10941
10942
10944
10945
10946
10950
10951
11034
11035
11039
11044
11049
11050
11051
11052
11053
11057
11060
11062
11064
11067
11068
11069
11072
11076
11163
11166
11167
11169
11170
11171
11172
11173
11175
11177
11181
11182
11183
11187
11189
11190
11197
11200
11288
11295
11296
11298
11302
11308
11309
11312
11316
11317
11320
11321
11323
11324
11418
11419
11424
11426
11427
11429
11432
11433
11435
11437
11444
