413
414
415
416
418
419
420
427
430
433
437
444
447
548
553
554
555
556
563
564
1795
1796
1798
1799
1805
1808
1814
1817
1818
1819
1821
1822
1914
1915
1918
1921
1926
1927
1931
1932
1933
1937
1938
1940
1944
1949
2039
2040
2041
2046
2049
2050
2055
2056
2061
2063
2067
2069
2070
2072
2073
2075
2078
2160
2161
2163
2164
2165
2166
2168
2169
2170
2174
2177
2179
2180
2181
2185
2186
2188
2189
2199
2292
2293
2295
2296
2297
2298
2300
2302
2304
2305
2306
2311
2315
2316
2321
3672
3673
3679
3680
3684
3688
3692
3694
3695
3796
3800
3801
3803
3807
3809
3813
3814
3817
3819
3822
3919
3921
3922
3923
3926
3928
3931
3936
3938
3939
3941
3942
3944
3946
4052
4053
4054
4056
4058
4059
4060
11798
11799
11802
11803
11804
11810
11812
11814
11921
11922
11927
11928
11930
11933
11939
11941
11942
12049
12055
12058
12062
13418
13419
13421
13422
13424
13427
13428
13432
13433
13434
13437
13438
13439
13440
13443
13536
13541
13547
13549
13551
13553
13554
13556
13560
13561
13562
13563
13565
13566
13567
13568
13569
13570
13572
13573
13574
13575
13577
13578
13660
13661
13665
13666
13669
13670
13671
13674
13675
13677
13678
13682
13687
13689
13691
13694
13695
13696
13698
13702
13787
13790
13795
13797
13799
13800
13801
13805
13806
13809
13811
13814
13816
13817
13818
13820
13821
13823
13824
13825
13826
13918
13919
13920
13921
13922
13927
13929
13930
13939
13940
