1430
1431
1432
1433
1434
1435
1438
1442
1540
1543
1545
1550
1552
1556
1558
1559
1560
1564
1565
1570
1668
1670
1673
1674
1675
1678
1683
1685
1687
1688
1690
1693
1694
1695
1698
1702
1703
1786
1789
1791
1794
1796
1803
1804
1805
1808
1810
1814
1815
1818
1819
1820
1821
1823
1825
1827
1913
1915
1916
1918
1919
1920
1926
1927
1931
1933
1934
1939
1943
1946
1947
1950
1952
2037
2040
2045
2047
2049
2050
2053
2054
2057
2058
2059
2061
2063
2064
2067
2070
2074
2171
2173
2175
2176
2179
2180
2182
2183
2184
2186
2189
2193
2195
7441
7541
7543
7548
7549
7551
7552
7554
7555
7556
7559
7561
7563
7567
7569
7570
7571
7663
7665
7668
7672
7676
7677
7681
7682
7683
7684
7688
7692
7693
7694
7696
7701
7789
7793
7795
7801
7802
7803
7804
7805
7806
7807
7809
7810
7811
7816
7821
7826
7910
7912
7913
7914
7918
7920
7922
7923
7924
7927
7930
7933
7934
7935
7936
7937
7939
7944
7945
7947
8037
8039
8040
8044
8045
8047
8049
8050
8051
8054
8055
8056
8060
8062
8063
8067
8068
8069
8070
8072
8168
8169
8172
8178
8183
8185
8189
8195
11807
13675
13677
13681
13686
13688
13692
13796
13798
13808
13809
13812
13813
13814
13923
13926
13930
13931
13934
13937
13939
13941
14055
14056
14058
