418
421
423
427
429
431
432
434
435
437
439
441
549
550
551
553
554
561
563
1919
1920
1921
1923
1924
1925
1929
1932
1934
1937
1939
1942
2040
2042
2045
2049
2051
2052
2053
2055
2056
2061
2062
2063
2065
2066
2068
2070
2074
2160
2162
2164
2168
2171
2174
2175
2177
2179
2192
2194
2195
2196
2197
2286
2293
2294
2295
2296
2297
2300
2301
2302
2303
2306
2308
2310
2311
2320
2324
2325
2327
2414
2415
2420
2421
2423
2425
2426
2433
2434
2437
2438
2443
3675
3679
3682
3688
3691
3692
3693
3694
3790
3795
3797
3798
3801
3803
3804
3805
3807
3809
3810
3812
3816
3819
3824
3825
3912
3916
3917
3918
3921
3925
3926
3928
3930
3932
3933
3934
3939
3940
3944
3951
4038
4041
4042
4045
4048
4049
4052
4053
4054
4055
4056
4058
4063
4065
4066
4069
4071
4072
4074
4171
4172
4173
4178
4179
4180
4183
4184
4187
4189
4190
13546
13549
13551
13553
13554
13557
13560
13563
13567
13663
13668
13670
13674
13675
13679
13680
13681
13684
13685
13688
13689
13690
13693
13694
13698
13699
13787
13789
13793
13795
13797
13798
13799
13800
13801
13802
13806
13807
13809
13815
13816
13817
13821
13822
13824
13825
13915
13919
13921
13922
13924
13925
13927
13933
13937
13938
13939
13940
13944
13947
