1670
1671
1674
1675
1676
1678
1680
1684
1686
1687
1690
1693
1790
1792
1794
1795
1796
1797
1802
1804
1809
1813
1814
1820
1825
1915
1919
1920
1921
1925
1929
1930
1932
1937
1938
1940
1942
1943
1944
1945
1946
1951
2034
2035
2037
2040
2043
2045
2046
2048
2049
2051
2053
2055
2056
2057
2058
2061
2063
2074
2076
2077
2160
2161
2168
2169
2171
2174
2175
2176
2181
2182
2185
2187
2200
2201
2202
2286
2287
2288
2294
2295
2296
2297
2300
2301
2303
2304
2309
2312
2313
2316
2318
2322
2324
2328
2410
2419
2420
2426
2427
2432
2433
2434
2436
2439
2441
2538
2539
2540
2542
2545
2550
2552
2554
2555
2559
2562
2564
2670
2671
2672
2673
2675
2676
2681
2682
2684
2685
2687
2688
2689
5054
5055
5056
5057
5178
5179
5180
5183
5184
12675
12676
12677
12681
12682
12683
12685
12687
12689
12692
12794
12798
12801
12803
12805
12808
12809
12810
12813
12817
12818
12819
12915
12920
12923
12924
12931
12933
12934
12935
12936
12937
12938
12940
12941
12944
12949
13038
13040
13044
13045
13046
13047
13049
13050
13052
13055
13057
13061
13063
13066
13070
13072
13073
13165
13166
13169
13170
13171
13174
13176
13178
13179
13180
13181
13183
13184
13185
13186
13188
13192
13194
13195
13200
13291
13292
13293
13295
13297
13298
13299
13300
13304
13308
13312
13313
13315
13317
13318
13418
13419
13421
13422
13424
13426
13439
