2266
2267
2269
2272
2273
2274
2275
2276
2278
2283
2383
2384
2387
2395
2396
2398
2401
2403
2404
2408
2414
2415
2416
2417
2420
2515
2516
2518
2523
2526
2527
2528
2530
2533
2534
2536
2541
2542
2546
2629
2636
2638
2646
2649
2651
2652
2653
2654
2657
2659
2662
2663
2664
2667
2670
2671
2672
2757
2761
2763
2765
2766
2767
2771
2774
2775
2776
2779
2780
2787
2789
2790
2792
2885
2886
2888
2889
2890
2891
2896
2897
2898
2900
2901
2904
2905
2906
2907
2908
2910
2911
2913
2914
2917
7761
7764
7766
7767
7768
7769
7774
7778
7779
7781
7783
7784
7787
7788
7789
7790
7885
7887
7888
7890
7892
7894
7895
7896
7898
7901
7903
7904
7905
7906
7909
7917
7919
7920
8008
8010
8012
8018
8020
8023
8024
8025
8026
8033
8035
8038
8041
8044
8137
8140
8141
8142
8147
8148
8151
8156
8158
8165
8270
8271
8272
8274
8276
9764
9765
9767
9768
9772
9774
9776
9782
9783
9784
9785
9788
9789
9890
9893
9896
9899
9900
9901
9910
9913
9915
10013
10014
10023
10026
10028
10031
10034
10152
