130.4
478.2
591.0
598.9
730.5
960.9
981.9
1004.3
1432.4
1733.9
1800.8
1952.9
2211.0
2276.2
2281.1
2484.8
2641.1
2648.2
2712.2
3017.3
3036.3
3265.0
3365.4
3385.2
3453.4
3656.6
3696.9
3768.3
3774.0
3896.7
3903.5
3995.0
4368.4
4397.6
4464.4
5055.3
5191.5
5220.3
5297.2
5324.0
5368.0
5593.7
5618.1
5818.1
6048.8
6177.4
6310.1
6316.9
6395.7
6407.6
6592.7
6733.5
6836.9
6923.0
7380.5
7543.0
7847.1
7977.8
8313.6
8425.9
8535.4
8606.6
8625.9
9296.3
9639.2
9729.6
10120.2
10857.7
10969.0
11464.0
11487.6
11502.8
11520.5
11534.1
11634.7
11993.2
12108.1
12239.2
12275.1
12353.2
12489.6
12912.1
12958.4
13764.6
13782.3
14225.8
14289.0
14409.9
14658.0
15022.5
15067.1
15157.5
15771.1
15879.3
16619.2
17305.3
17422.3
17552.6
17638.5
17830.2
18146.9
18168.6
18581.1
18648.3
19432.0
19495.6
19513.5
19653.2
19835.3
19926.0
20053.0
20464.4
20910.3
21287.1
21317.1
21416.1
21623.2
21823.9
21895.3
22345.6
22414.7
22440.8
22695.6
