  152850.0
  202550.0
  335250.0
  354550.0
  455850.0
  743150.0
  762450.0
  805450.0
  848950.0
 1547150.0
 1982450.0
 2395150.0
 2567450.0
 2638450.0
 2678650.0
 2817150.0
 2917850.0
 3103150.0
 3309950.0
 3509050.0
 3598150.0
 3637950.0
 3773950.0
 4487150.0
 4564250.0
 4770850.0
 4846350.0
 4882150.0
 4981050.0
 5019350.0
 5057250.0
 5278050.0
 6256850.0
 6723850.0
 7389550.0
 7506750.0
 7669250.0
 7706550.0
 7959450.0
 8084950.0
 8254750.0
 8309850.0
 8506050.0
 8859350.0
 8958050.0
 9123650.0
 9282050.0
 9342850.0
 9343250.0
 9378650.0
 9416250.0
 9503450.0
 9570750.0
10126350.0
10194150.0
10271850.0
10289650.0
10381750.0
11025150.0
11137650.0
11694850.0
11711450.0
11839750.0
11944650.0
12193150.0
12238450.0
12247950.0
12731950.0
13389350.0
13650850.0
13972350.0
14247350.0
14444950.0
14450250.0
14594250.0
14710950.0
14781750.0
14868750.0
14870550.0
15496050.0
15498050.0
16039650.0
16273350.0
16395750.0
16872250.0
17038550.0
17469050.0
17576750.0
17888250.0
18938150.0
18972750.0
19212250.0
19266450.0
19411350.0
19624250.0
19997050.0
20027750.0
20057950.0
20356350.0
20824150.0
21109650.0
21174850.0
21234150.0
21399350.0
21674450.0
21894550.0
22064250.0
22081450.0
22167450.0
22330350.0
22469050.0
22716650.0
22927650.0
