   41850.0
  442750.0
  569950.0
  596850.0
  657350.0
  724050.0
  852350.0
 1016550.0
 1142650.0
 1292450.0
 1332550.0
 1878950.0
 2163550.0
 2180550.0
 2183450.0
 2436950.0
 2638950.0
 2924850.0
 3634350.0
 4022750.0
 4024650.0
 4257250.0
 4599450.0
 4690950.0
 4760650.0
 4822850.0
 5165450.0
 6226450.0
 6329250.0
 6437150.0
 6849250.0
 7439550.0
 7856450.0
 8112050.0
 8140050.0
 8187450.0
 8261550.0
 8263350.0
 8305950.0
 8461550.0
 8468450.0
 8948350.0
 8975450.0
 9598350.0
 9861250.0
 9905150.0
10246950.0
10402750.0
10429850.0
10504850.0
10730950.0
10886050.0
10995850.0
11108550.0
11559450.0
11580950.0
11669050.0
12095850.0
12267050.0
12399650.0
12696450.0
12807050.0
12908550.0
12919650.0
13079250.0
13119950.0
13198550.0
13221150.0
13670950.0
13815850.0
13958550.0
14135650.0
14204650.0
14240150.0
14240850.0
14771250.0
15027850.0
15270050.0
15612950.0
15837350.0
16076850.0
16980350.0
17193750.0
17384150.0
17736450.0
17859250.0
17920450.0
18373550.0
18797250.0
18802750.0
18837050.0
18939750.0
19085150.0
19179550.0
19473850.0
19917950.0
20654050.0
21163250.0
21175750.0
21597050.0
21763250.0
22178650.0
22324350.0
22633250.0
22695250.0
22767950.0
22973650.0
