   72350.0
  128850.0
  129350.0
  308150.0
  451150.0
  512950.0
  573150.0
  587850.0
 1054050.0
 1334150.0
 1675950.0
 1702850.0
 2339850.0
 2603950.0
 2669450.0
 2820350.0
 2919550.0
 2926050.0
 3152450.0
 3790250.0
 3800950.0
 4285850.0
 4413450.0
 4456650.0
 4521650.0
 5438750.0
 5747450.0
 7420850.0
 7468850.0
 7851750.0
 8101450.0
 8643250.0
 8661750.0
 8988650.0
 9178650.0
 9261050.0
 9416350.0
 9510350.0
 9524850.0
 9549150.0
 9931050.0
 9955750.0
10002950.0
10190050.0
10217450.0
10281450.0
10530750.0
10659750.0
10718050.0
10737650.0
10830650.0
11188650.0
11200550.0
11528450.0
12466950.0
12689750.0
12900750.0
12907050.0
13141350.0
13376550.0
13421450.0
13634550.0
13770850.0
14402750.0
14455050.0
14549750.0
14628850.0
14990050.0
15046350.0
15230150.0
15252950.0
15317050.0
15523050.0
15578050.0
15649550.0
15850350.0
15982650.0
16100150.0
16360050.0
16509650.0
16720550.0
17039550.0
17214250.0
17341750.0
17633850.0
17832150.0
17888450.0
18699850.0
19104250.0
19156450.0
19253750.0
19329250.0
19814950.0
20254050.0
20362150.0
20435450.0
20562350.0
20700450.0
21038950.0
21098850.0
21161950.0
21171050.0
21623450.0
22103150.0
22113450.0
22255250.0
22529850.0
