  996250.0
 1162250.0
 1526250.0
 1531950.0
 1618250.0
 1796050.0
 2180750.0
 2181450.0
 2343950.0
 2348950.0
 2356650.0
 2376650.0
 2380250.0
 2531450.0
 2726650.0
 2751850.0
 2777450.0
 2800550.0
 2825450.0
 2870050.0
 3219850.0
 3579750.0
 3705650.0
 3949150.0
 4331650.0
 4338550.0
 4400550.0
 4948850.0
 5286550.0
 5753750.0
 5851050.0
 6149550.0
 6238550.0
 6290750.0
 6370350.0
 6422750.0
 6493450.0
 6608350.0
 6744550.0
 7255350.0
 7264250.0
 7425550.0
 8779650.0
 8950750.0
 8961450.0
 9010750.0
 9047350.0
 9236350.0
 9501550.0
10202750.0
10234350.0
10306550.0
10331350.0
10444350.0
10654550.0
10812750.0
10862250.0
10914350.0
11173050.0
11547250.0
11860450.0
11924650.0
12124050.0
12214150.0
12330850.0
12396550.0
12475850.0
12508750.0
12558550.0
12861150.0
13317850.0
13328350.0
13393650.0
13518050.0
14547450.0
14992250.0
15126050.0
15134350.0
15383950.0
15488150.0
16413650.0
16555350.0
16712750.0
17519250.0
17546050.0
17665750.0
17698050.0
18177950.0
18178250.0
18347550.0
18614650.0
18694150.0
18846250.0
18868950.0
19206650.0
19270150.0
19311250.0
19311650.0
19326050.0
19375550.0
19456450.0
19500250.0
19870350.0
19886850.0
20174150.0
20283950.0
20310450.0
20362650.0
20553750.0
21511050.0
21530850.0
21617450.0
21743250.0
21846150.0
22309950.0
22448550.0
22914050.0
