   10750.0
  139850.0
  268550.0
  717850.0
  773850.0
 1024250.0
 1127950.0
 1361350.0
 2113950.0
 2240150.0
 2374250.0
 3001650.0
 3235450.0
 3710350.0
 3787250.0
 3869550.0
 3882250.0
 4010250.0
 4028350.0
 4067450.0
 4531350.0
 5024650.0
 5113850.0
 5137650.0
 5258450.0
 5259750.0
 5264150.0
 6004750.0
 6154950.0
 6235850.0
 6950650.0
 6960850.0
 7138250.0
 7378850.0
 7591050.0
 7600850.0
 7618150.0
 8750550.0
 9053450.0
 9072350.0
 9403650.0
 9722450.0
 9752650.0
 9756150.0
 9769850.0
10067950.0
10158950.0
10441250.0
10513350.0
10649650.0
10920450.0
11051750.0
11065850.0
11542950.0
11598850.0
11706650.0
11912550.0
12104250.0
12734050.0
12835350.0
12977550.0
13232050.0
13351150.0
13388650.0
13417350.0
13496050.0
13641050.0
13783750.0
13849250.0
13924250.0
14123350.0
14381650.0
14447850.0
14517450.0
14639950.0
14898950.0
15051550.0
15069950.0
15124950.0
15413450.0
15537550.0
15636650.0
15705850.0
16805050.0
16920650.0
16971550.0
17159650.0
17605050.0
17688150.0
17942150.0
18080650.0
18281150.0
18742250.0
18810250.0
18869250.0
19149050.0
19538750.0
19659950.0
19730850.0
19766050.0
20132150.0
20160350.0
20394950.0
20699250.0
20826450.0
20832350.0
21085650.0
21212150.0
21320750.0
21860150.0
21877550.0
22265650.0
22291550.0
22413150.0
22673950.0
22910450.0
