  648950.0
 1269750.0
 1314050.0
 1685250.0
 1691750.0
 1824250.0
 2029850.0
 2664550.0
 2669650.0
 2803650.0
 2815250.0
 3075450.0
 3324550.0
 3544450.0
 4086850.0
 4130750.0
 4266750.0
 4467250.0
 4486650.0
 4522250.0
 4960350.0
 5135350.0
 5223250.0
 5897750.0
 5919450.0
 6310050.0
 6811550.0
 7163150.0
 7594450.0
 7622950.0
 7829950.0
 8082050.0
 8652350.0
 8915250.0
 9237150.0
 9273450.0
 9318250.0
 9533450.0
 9548850.0
 9562550.0
 9753250.0
 9925250.0
10392650.0
10499650.0
11031950.0
11337950.0
11364150.0
11654550.0
11820050.0
12000250.0
12286550.0
12714950.0
12778850.0
12989050.0
13169750.0
13332950.0
13743750.0
14022550.0
14079550.0
14130650.0
14319850.0
14935950.0
14968850.0
15139250.0
15175350.0
15183750.0
15191850.0
15311750.0
15397850.0
15457650.0
15482550.0
15668350.0
15677850.0
15812550.0
16331150.0
17016150.0
17032150.0
17270550.0
17515650.0
17547850.0
17637750.0
17638050.0
17830650.0
18000050.0
18017750.0
18025150.0
18499350.0
18754850.0
19020550.0
19535450.0
19537550.0
19802350.0
19885050.0
20250950.0
20255750.0
20367450.0
20459950.0
20720850.0
20944350.0
20971450.0
21390550.0
21437450.0
21554950.0
21812650.0
22089450.0
22776450.0
22937550.0
