  737650.0
  861950.0
 1625650.0
 1835350.0
 2085150.0
 2136150.0
 2248850.0
 2255650.0
 2332350.0
 2338550.0
 2634150.0
 3335650.0
 3597050.0
 3894250.0
 3923650.0
 4326350.0
 5152650.0
 5620550.0
 6356550.0
 6600650.0
 6840750.0
 7093050.0
 7247450.0
 7500550.0
 7556250.0
 7717050.0
 7796150.0
 7969850.0
 8103650.0
 8244350.0
 8397550.0
 8435050.0
 8470150.0
 9266650.0
 9436250.0
 9516150.0
 9543650.0
 9636650.0
 9761150.0
10572650.0
10730650.0
10841350.0
11061050.0
11085250.0
11129750.0
11152950.0
11290050.0
11814150.0
11822250.0
12126150.0
12225450.0
12506450.0
12512450.0
12525350.0
12631850.0
12708650.0
12917250.0
13132750.0
13345750.0
13498150.0
13569950.0
13864150.0
13999250.0
14051650.0
14167050.0
14341250.0
14807950.0
14831450.0
15791450.0
15945550.0
15991550.0
16781450.0
16798750.0
16804750.0
16814750.0
17165750.0
17245250.0
18180150.0
18330450.0
18335750.0
18383550.0
18396450.0
18399150.0
18565450.0
18628550.0
18807850.0
19520450.0
19603550.0
19818150.0
19854550.0
20155850.0
20497450.0
20503650.0
20640150.0
20725950.0
21129350.0
21348950.0
21701050.0
21954850.0
22040050.0
22055150.0
22067150.0
22532550.0
22564150.0
22805350.0
22970850.0
