  205150.0
  245750.0
  486150.0
  539250.0
  728050.0
  887950.0
 1006050.0
 1065750.0
 1287050.0
 1356050.0
 1655050.0
 1860850.0
 1883650.0
 2045350.0
 2058950.0
 2114450.0
 2202750.0
 2281550.0
 2293150.0
 2539850.0
 2618050.0
 3143150.0
 3151150.0
 3215450.0
 3283150.0
 3289550.0
 3606450.0
 3738950.0
 3882350.0
 4294750.0
 4812350.0
 4985850.0
 5059650.0
 5575750.0
 5612050.0
 5719250.0
 6294450.0
 6627050.0
 6911950.0
 7531450.0
 7568450.0
 7708250.0
 7881250.0
 8016050.0
 8944150.0
 9270350.0
 9668850.0
 9806850.0
10217850.0
10343550.0
10382150.0
10441250.0
10562050.0
10925150.0
11000050.0
11158750.0
11565550.0
11588950.0
11645950.0
11733250.0
11776950.0
12078650.0
12264750.0
12331850.0
12669250.0
12754350.0
12856650.0
12979950.0
13091050.0
13452550.0
13661950.0
13742050.0
13757150.0
13834050.0
13905750.0
13909850.0
14040950.0
14399450.0
14456250.0
14516450.0
14798250.0
15106050.0
15858550.0
15986750.0
16093550.0
16163750.0
16279450.0
16368450.0
16398650.0
16664850.0
16665450.0
16733250.0
16862550.0
16948550.0
17283550.0
17532350.0
17679250.0
18072750.0
18081650.0
18819550.0
19040250.0
19784850.0
20577750.0
20583750.0
20935350.0
20982650.0
21671450.0
21682150.0
21714950.0
21929250.0
22609150.0
22908250.0
22945950.0
