  223750.0
  437450.0
  735050.0
  815750.0
  855250.0
  964750.0
  980550.0
 1047850.0
 1209350.0
 1556750.0
 1648550.0
 1683750.0
 2275150.0
 2478850.0
 2493650.0
 2530950.0
 2665950.0
 2831450.0
 2958850.0
 3165250.0
 3605950.0
 3962750.0
 3965050.0
 4245750.0
 4362850.0
 4534950.0
 4807250.0
 4850950.0
 5210550.0
 5222950.0
 5420750.0
 5653750.0
 5844750.0
 5911350.0
 5956450.0
 6069950.0
 6146450.0
 6226150.0
 6257550.0
 6300350.0
 6339250.0
 6538350.0
 6913950.0
 6933050.0
 6945750.0
 7294650.0
 7746250.0
 7790450.0
 8181550.0
 8691350.0
 8738550.0
 8845050.0
 8853150.0
 8876250.0
 8876950.0
 9267050.0
 9864950.0
10187050.0
10448550.0
10624150.0
10709850.0
10899950.0
11702150.0
11971350.0
12058050.0
12162750.0
12223550.0
12224350.0
12546550.0
12838250.0
12874250.0
12883350.0
13015550.0
13106050.0
13357950.0
13419950.0
13459450.0
14275350.0
14306750.0
14512550.0
14863750.0
15197850.0
15259450.0
15263750.0
16058450.0
16246550.0
16305450.0
16312650.0
16329150.0
16455950.0
16754050.0
17047050.0
17295150.0
17397750.0
17457950.0
17551950.0
17656150.0
17765850.0
17819850.0
17953150.0
18064650.0
18555650.0
18593850.0
18717750.0
19259850.0
19433650.0
19651250.0
19694750.0
19750350.0
20045850.0
20186750.0
20187550.0
20790950.0
21032950.0
21075450.0
21191250.0
21311550.0
21535550.0
21958850.0
22243850.0
22270450.0
22433150.0
22771850.0
22776450.0
22887150.0
22910050.0
