   89550.0
   94250.0
  387350.0
  403050.0
  503750.0
 1061450.0
 1069650.0
 1388250.0
 1443050.0
 1460850.0
 1593750.0
 1811850.0
 1970250.0
 1997150.0
 2040150.0
 2063250.0
 2384950.0
 2894550.0
 3227050.0
 3261050.0
 3309050.0
 3692250.0
 4258750.0
 4560750.0
 4576850.0
 4615950.0
 4631750.0
 5022550.0
 5691850.0
 5916150.0
 5961950.0
 6221150.0
 6221450.0
 6234450.0
 6382350.0
 6421450.0
 6812550.0
 7429350.0
 7468650.0
 7811250.0
 7843150.0
 8102250.0
 8471850.0
 8524450.0
 8655450.0
 8878050.0
 9305750.0
10340050.0
10500850.0
10744450.0
10783250.0
10999250.0
11134150.0
11502450.0
11755850.0
11968250.0
12061550.0
12372850.0
12487950.0
12503550.0
12903350.0
13130250.0
13133450.0
13233950.0
13623150.0
13777350.0
13864150.0
14235350.0
14457150.0
14545650.0
14573750.0
14682950.0
14726350.0
14786850.0
14791250.0
14884150.0
14991450.0
15126050.0
15360950.0
15936250.0
16069150.0
16077350.0
16648850.0
16805950.0
16978550.0
17099050.0
17107850.0
17234550.0
17274350.0
17312350.0
17517150.0
17522350.0
17630850.0
17683850.0
18021950.0
18366850.0
18420250.0
18574250.0
18635350.0
18654950.0
18710250.0
18714550.0
19033250.0
19465350.0
19791450.0
19894450.0
20233550.0
20593250.0
20740150.0
21179650.0
21235150.0
21405750.0
21770550.0
21961850.0
22042950.0
22783950.0
22824750.0
22885850.0
22904250.0
