  157550.0
  210750.0
  218350.0
  488650.0
  978850.0
  984250.0
 1199750.0
 1557150.0
 1660250.0
 1928850.0
 2160450.0
 2606350.0
 2828550.0
 2881850.0
 3340950.0
 3440150.0
 3733650.0
 3777950.0
 4019850.0
 4167050.0
 4175750.0
 4251750.0
 4271450.0
 4695850.0
 5383050.0
 6223650.0
 6447550.0
 6499650.0
 6718350.0
 6743350.0
 6864750.0
 6881750.0
 7012650.0
 7037550.0
 7066350.0
 7095550.0
 7259050.0
 7433550.0
 7566650.0
 7706650.0
 7889750.0
 7967050.0
 8101850.0
 8290250.0
 8317750.0
 8323350.0
 8484550.0
 9052650.0
 9434750.0
 9969250.0
10082450.0
10124450.0
10202450.0
10615550.0
10807250.0
11096350.0
11182050.0
11273050.0
11318950.0
11531650.0
11592950.0
11897050.0
11984250.0
11993250.0
12346550.0
12406450.0
12489950.0
12806050.0
12878050.0
12921650.0
13138850.0
13648150.0
13680650.0
13842550.0
14000250.0
14166850.0
14270850.0
14312750.0
14482150.0
15199050.0
15237750.0
15278450.0
15798550.0
16227950.0
16556050.0
16579150.0
16679350.0
16733350.0
16933550.0
16977350.0
17205550.0
17564950.0
17641550.0
17926650.0
18109850.0
18308950.0
18455650.0
18554350.0
18690150.0
19124950.0
19381250.0
19500550.0
20071850.0
20304750.0
20422350.0
20778150.0
20874450.0
21160150.0
21275350.0
21404350.0
22136350.0
22661450.0
22764250.0
22911150.0
