  157850.0
  200550.0
  617850.0
  919550.0
 1170650.0
 1187050.0
 1283650.0
 1459150.0
 1643150.0
 1862350.0
 2300950.0
 2710050.0
 2712250.0
 2834150.0
 2972750.0
 3021250.0
 3213150.0
 3457950.0
 3746950.0
 3858450.0
 3978450.0
 4039150.0
 4045850.0
 4133150.0
 4164350.0
 4442650.0
 4452850.0
 4666950.0
 4688450.0
 4981850.0
 5087850.0
 5433950.0
 6668950.0
 6746450.0
 6973350.0
 7011150.0
 7357350.0
 7391650.0
 7407550.0
 7794350.0
 7808550.0
 8094250.0
 8136150.0
 8882350.0
 8945150.0
 9122550.0
 9267550.0
 9637450.0
10107150.0
10142150.0
10204750.0
10448550.0
10787050.0
10797150.0
10861850.0
11781350.0
11979750.0
12186650.0
12311650.0
12318450.0
12359050.0
12735850.0
12946850.0
13340950.0
13711550.0
14149550.0
14342450.0
14379850.0
14493750.0
15034150.0
15095650.0
15401450.0
15424050.0
15639350.0
16114150.0
16771250.0
16880150.0
17539150.0
17883850.0
17952950.0
18059350.0
18125350.0
18370450.0
18514550.0
18718250.0
19210150.0
19285950.0
19358150.0
19637250.0
19682850.0
19697750.0
19986750.0
20065850.0
20137250.0
20170850.0
20627850.0
20697650.0
20772850.0
20795450.0
20799350.0
21088250.0
21415750.0
21500450.0
21559350.0
21706950.0
21932750.0
21958650.0
22007150.0
22077550.0
22090450.0
22183050.0
22295550.0
22586550.0
22642150.0
