  364950.0
  383750.0
  429650.0
  616150.0
  840450.0
 1120950.0
 1673850.0
 2001550.0
 2139850.0
 2266650.0
 2281950.0
 2546950.0
 2689350.0
 2701350.0
 2779250.0
 2938150.0
 3028350.0
 3287550.0
 3334050.0
 3370950.0
 3528550.0
 3705350.0
 4105550.0
 4181950.0
 4664350.0
 4666150.0
 4985850.0
 5445850.0
 6026150.0
 6126750.0
 6174250.0
 6189450.0
 6328050.0
 6378550.0
 6851350.0
 7367850.0
 7387950.0
 7618650.0
 7637250.0
 7762150.0
 7788650.0
 8037450.0
 8070050.0
 8094050.0
 8219850.0
 8501550.0
 8633250.0
 9075550.0
 9091750.0
 9295350.0
10355850.0
10448650.0
10491550.0
10548750.0
10764550.0
10941450.0
11112750.0
11682650.0
12008050.0
12025650.0
12339250.0
12429050.0
12462150.0
12531550.0
13263250.0
13350550.0
13417050.0
13456450.0
13743850.0
14057650.0
14450850.0
14548350.0
14654050.0
15265750.0
15647350.0
15687650.0
15692050.0
16124350.0
16565950.0
16747650.0
16954550.0
17695050.0
17847050.0
18213050.0
18239650.0
18257850.0
18654350.0
18804550.0
18873950.0
19025050.0
19033450.0
19340650.0
19412450.0
19531550.0
19921450.0
20089950.0
20339050.0
20680450.0
21082950.0
21114450.0
21462150.0
21675350.0
22015350.0
22265150.0
22291950.0
22398950.0
22462250.0
22583250.0
22762950.0
22772950.0
