  226750.0
  293950.0
  351250.0
  760050.0
  766450.0
 1022750.0
 1150550.0
 1591350.0
 1872850.0
 1929150.0
 2127050.0
 2131750.0
 2431350.0
 2471150.0
 2730150.0
 3004550.0
 3131150.0
 3209850.0
 3305250.0
 3614750.0
 3710350.0
 3915750.0
 3940150.0
 4234850.0
 4332550.0
 4443350.0
 4465350.0
 4636450.0
 4727350.0
 5397050.0
 5469050.0
 5471250.0
 5661350.0
 5821950.0
 5899650.0
 6029450.0
 6029950.0
 6180050.0
 6349450.0
 6443550.0
 6755750.0
 6781450.0
 6861950.0
 7623550.0
 7633850.0
 7795350.0
 7796650.0
 7956850.0
 8176350.0
 8334850.0
 8508250.0
 8889150.0
 9116250.0
 9131850.0
 9340950.0
 9983650.0
10139450.0
10210850.0
10371350.0
10453150.0
10524150.0
10591050.0
10923350.0
11289250.0
11471850.0
11510150.0
11690750.0
12114650.0
12313650.0
13474250.0
13558450.0
13874050.0
14075550.0
14172650.0
14509350.0
14580350.0
14617050.0
14765250.0
14822650.0
14899750.0
14988450.0
15361850.0
15412850.0
15622650.0
15652650.0
15855550.0
15962250.0
16125450.0
16286150.0
16388950.0
16491750.0
16568450.0
16568850.0
16655750.0
16956150.0
17721550.0
18287750.0
18547650.0
18710950.0
19234150.0
19889250.0
20083850.0
20219250.0
20251650.0
20806850.0
21119750.0
21481150.0
22127150.0
22146750.0
22213250.0
22566650.0
22815150.0
