488.5
932.4
962.0
1224.7
1234.9
1256.9
1304.5
1527.2
1610.3
1915.4
1966.2
1984.1
2023.2
2217.5
2236.8
2459.4
2717.2
2912.1
3375.4
3499.9
3847.4
3907.3
3964.0
4130.9
4548.1
4593.1
4721.1
5231.9
5262.0
5342.2
5366.5
5410.6
5506.1
5680.5
5873.7
5877.8
6015.6
6074.1
6296.4
6431.9
6764.7
6892.5
7011.3
7963.6
8055.2
8434.5
8546.2
8798.1
8844.7
9314.0
9498.0
9678.9
9871.3
9902.4
10072.6
10400.0
10608.4
11022.2
11196.7
11256.4
11324.5
11441.3
11807.8
12248.9
12299.6
12620.1
12622.6
12718.9
12934.3
13333.5
13516.4
13719.3
13868.8
14525.8
14680.3
14837.3
14918.3
15110.0
15224.1
15912.0
16394.7
16824.6
16930.3
17004.5
17080.8
17183.6
17327.3
17431.9
17445.8
17724.0
18269.9
18581.9
18582.0
19111.6
19969.8
20166.7
20354.8
20427.7
20538.0
20923.1
20938.7
21028.4
21104.9
21167.4
21587.0
21896.8
22179.2
22347.9
22533.6
22587.3
22872.4
22970.0
