  393950.0
  839050.0
  910250.0
 1042950.0
 1102350.0
 1142950.0
 1338950.0
 1893550.0
 2021250.0
 2022250.0
 2276750.0
 2293450.0
 2633750.0
 2639550.0
 2959550.0
 3089250.0
 3370450.0
 3547350.0
 3892450.0
 3946450.0
 4087450.0
 4507550.0
 4749650.0
 4996450.0
 5421450.0
 5431550.0
 5977850.0
 6100750.0
 6212250.0
 6396250.0
 6611150.0
 6678450.0
 6803050.0
 6882450.0
 6885950.0
 6942850.0
 6976250.0
 6993350.0
 7202450.0
 7599350.0
 7602550.0
 7605750.0
 7707750.0
 7907950.0
 8106350.0
 8117350.0
 8394250.0
 8564750.0
 8776450.0
 8906950.0
 9025550.0
 9093050.0
 9461150.0
 9796250.0
 9859950.0
10373750.0
10401150.0
10551250.0
10589950.0
10851450.0
11234350.0
11397550.0
12414750.0
12725650.0
12803150.0
12829250.0
14000550.0
14340150.0
14355550.0
14885350.0
15009450.0
15019850.0
15020150.0
15034150.0
15083350.0
15152250.0
15179750.0
15334950.0
15574150.0
15580150.0
15619450.0
15636950.0
16123450.0
16405650.0
16447850.0
16530750.0
16733650.0
16796950.0
17014950.0
17604650.0
17876850.0
18229050.0
18374850.0
18656450.0
19269050.0
19303050.0
19331650.0
19448950.0
19572750.0
19625850.0
20399350.0
20537350.0
20636450.0
20925650.0
20953750.0
21083150.0
21454450.0
21485750.0
21746250.0
21876550.0
21914650.0
21989750.0
