  195450.0
  203350.0
  239250.0
  517750.0
  754750.0
  755850.0
  801250.0
  958850.0
 1163150.0
 1251850.0
 2232350.0
 2344750.0
 2621850.0
 2686650.0
 2998850.0
 3030650.0
 3124150.0
 3146450.0
 3274850.0
 3393650.0
 3549050.0
 3843650.0
 4411350.0
 4772550.0
 4782250.0
 4893550.0
 5162750.0
 5440850.0
 5634350.0
 5960750.0
 6045050.0
 6239550.0
 6456750.0
 6469250.0
 6591450.0
 6604650.0
 6655550.0
 6662350.0
 7454350.0
 8250150.0
 8298150.0
 8431550.0
 8857950.0
 9175250.0
 9238450.0
 9531850.0
 9662450.0
 9841050.0
 9841850.0
10125050.0
10181350.0
10219750.0
10438850.0
10464250.0
10637950.0
10724650.0
10987350.0
11112350.0
11157750.0
11357450.0
11458550.0
11629550.0
11788450.0
11848550.0
12283250.0
12534450.0
13094950.0
13537450.0
14049450.0
14184550.0
14425550.0
14443850.0
15578550.0
15863850.0
15934950.0
15956050.0
16177850.0
16242450.0
16490850.0
16573250.0
16777350.0
16786150.0
17015550.0
17788250.0
18000450.0
18075350.0
18244350.0
18477750.0
18649550.0
18707450.0
18980750.0
19214150.0
19822250.0
19940950.0
19981450.0
20001850.0
20031150.0
20072150.0
20095850.0
20210550.0
20266950.0
20526750.0
20738750.0
20939250.0
21238550.0
21288750.0
21331650.0
21815250.0
21918750.0
22101450.0
22194850.0
22512150.0
22792050.0
22941450.0
