   22150.0
  236550.0
  328950.0
 1174350.0
 1470650.0
 1589450.0
 2123550.0
 2125350.0
 2434250.0
 2462450.0
 2472950.0
 2564550.0
 3203450.0
 3408350.0
 3843050.0
 4098550.0
 4263050.0
 4803550.0
 4849750.0
 4922450.0
 5270450.0
 5606250.0
 5617750.0
 5783150.0
 5889850.0
 6180250.0
 6473150.0
 6482850.0
 7207150.0
 7271650.0
 7598550.0
 7691650.0
 7775850.0
 8027250.0
 8434450.0
 8471250.0
 8559950.0
 8580850.0
 8985550.0
 9104350.0
 9374850.0
10015350.0
10218450.0
10566050.0
10676450.0
10700750.0
11065650.0
11263650.0
11264850.0
11397750.0
11695450.0
11828750.0
11878750.0
12155250.0
12370250.0
12446150.0
12509350.0
12591350.0
12599850.0
12649250.0
12670350.0
12686850.0
13755950.0
13995950.0
14191950.0
14229650.0
14606950.0
14711950.0
14822950.0
14871150.0
15317150.0
15327450.0
15378450.0
15553450.0
15565750.0
15588650.0
15757150.0
15909850.0
15957150.0
16158650.0
16273450.0
16337350.0
16458050.0
16736950.0
17126450.0
17539550.0
17561550.0
17593650.0
17640450.0
18067250.0
18207050.0
18389450.0
18607250.0
19351350.0
19368350.0
19417950.0
19563550.0
19823750.0
20381750.0
20443750.0
20464250.0
20899850.0
21002150.0
21228950.0
21495950.0
21919750.0
21950150.0
22168850.0
22213050.0
22690750.0
