  243550.0
  321250.0
  470150.0
  533450.0
  539650.0
  842350.0
 1053550.0
 1355250.0
 1438250.0
 1640050.0
 1782250.0
 1801750.0
 2267050.0
 2324850.0
 2717250.0
 2746750.0
 2944650.0
 2985650.0
 3140250.0
 3237750.0
 3384450.0
 4101350.0
 4298050.0
 4379350.0
 4492350.0
 5003450.0
 5419450.0
 5651350.0
 5680850.0
 6391150.0
 6392550.0
 6519550.0
 6592950.0
 6704550.0
 6792750.0
 6822450.0
 6892450.0
 7036750.0
 7081950.0
 7173150.0
 7303450.0
 7352550.0
 7516050.0
 7742550.0
 7766250.0
 7885150.0
 8243950.0
 8310150.0
 8387950.0
 8396450.0
 8877450.0
 9220050.0
 9281350.0
 9480650.0
 9863850.0
 9901850.0
10096850.0
10229750.0
10657150.0
10941650.0
11236650.0
11892450.0
12258650.0
12394350.0
12422250.0
12697550.0
12739450.0
13133050.0
13180650.0
13258750.0
13332850.0
13460150.0
13547350.0
13792650.0
13863750.0
14776150.0
14806250.0
14994650.0
15044150.0
15099550.0
15210350.0
15213250.0
15243050.0
15282650.0
15691850.0
15741950.0
15887950.0
15962250.0
16659150.0
16728250.0
16945550.0
17273350.0
17911150.0
18140550.0
18302450.0
18765650.0
18841150.0
18905150.0
18976050.0
19194150.0
19217450.0
19900850.0
20416450.0
20479450.0
20513950.0
20688650.0
20696150.0
20710250.0
20739750.0
20962950.0
21296450.0
21325450.0
21535150.0
21553950.0
22273150.0
22596250.0
