  983850.0
 1092050.0
 1245450.0
 1376550.0
 1393550.0
 1445750.0
 1595850.0
 1816150.0
 2080850.0
 2098550.0
 2146850.0
 2288950.0
 2308050.0
 2335550.0
 2415250.0
 2547550.0
 2639250.0
 2709350.0
 2754250.0
 2991050.0
 3164450.0
 3270550.0
 3913250.0
 4267550.0
 4470250.0
 4571450.0
 4646050.0
 4750850.0
 4858050.0
 4995150.0
 5601450.0
 5748950.0
 6251550.0
 6404850.0
 6491750.0
 6586150.0
 7435550.0
 7576050.0
 7598650.0
 7894850.0
 7973650.0
 8586650.0
 9014250.0
 9121350.0
 9169650.0
 9295650.0
 9571050.0
 9614750.0
 9882750.0
10089150.0
10414050.0
10461650.0
10545750.0
10715150.0
10821650.0
11118850.0
11571950.0
11805850.0
11962750.0
12055950.0
12491650.0
12768950.0
12949050.0
13591150.0
13661150.0
13693250.0
13843850.0
14121950.0
14181750.0
14309450.0
14672250.0
14782450.0
15280250.0
16154650.0
16680750.0
16797250.0
16837450.0
16945050.0
16975250.0
17330050.0
17440850.0
17797250.0
18155650.0
18193850.0
18522750.0
18738950.0
18920250.0
19209150.0
19305850.0
19547650.0
20143350.0
20686850.0
20872050.0
21023350.0
21127150.0
21229250.0
21233950.0
21252550.0
21541050.0
21698550.0
21852050.0
22233050.0
22297150.0
22473750.0
22542850.0
22826150.0
