  291550.0
  620050.0
  692850.0
 1027950.0
 1165450.0
 1244150.0
 1261550.0
 1387450.0
 1534650.0
 1624550.0
 1782250.0
 1989450.0
 2118150.0
 2146050.0
 2456350.0
 2579350.0
 2631250.0
 2657550.0
 2968950.0
 3039050.0
 3432050.0
 3508850.0
 3673250.0
 3767150.0
 3827550.0
 3889650.0
 4501450.0
 5059150.0
 5384750.0
 5578750.0
 5687950.0
 5779650.0
 5861850.0
 6068250.0
 6232650.0
 6304650.0
 7067950.0
 7401450.0
 7728450.0
 8336150.0
 8376950.0
 8605650.0
 8929850.0
 8942650.0
 9001050.0
 9005250.0
 9151950.0
 9404750.0
 9515950.0
 9601150.0
 9822250.0
 9976050.0
10065650.0
10068150.0
10272750.0
10336750.0
10513850.0
10746250.0
11314650.0
11492550.0
11774150.0
11791150.0
11954650.0
12279850.0
12318550.0
12355850.0
12952650.0
13447250.0
13469750.0
13499150.0
13777250.0
13930250.0
14178250.0
14256950.0
14726450.0
14742050.0
14778250.0
14788750.0
15041250.0
15603550.0
15660750.0
15678150.0
15743850.0
15908550.0
16006750.0
16231850.0
16370350.0
16401150.0
16519750.0
17131650.0
17237650.0
17300350.0
17327350.0
17483850.0
17581450.0
18122350.0
18336150.0
18356850.0
18586950.0
18732150.0
18995050.0
19078350.0
19085850.0
19445650.0
19486750.0
19590450.0
19780050.0
19781450.0
19782650.0
20112050.0
20136550.0
20186450.0
20188950.0
20241650.0
20261950.0
20264950.0
20420950.0
20976850.0
21187850.0
21243650.0
21479650.0
21753550.0
21833950.0
22109650.0
22490550.0
22833150.0
