110.0
182.6
326.5
335.9
460.3
655.2
688.8
1159.5
1493.8
1940.5
1948.7
2354.3
2688.6
2937.9
3063.8
3340.7
3357.2
3432.0
3433.0
3447.3
3463.1
3507.9
4165.2
4184.6
4591.5
4668.5
4799.6
4867.2
5065.8
5299.8
5351.8
5502.0
5682.2
5770.6
5881.4
6007.4
6407.0
6448.1
6615.7
6928.6
7028.4
7106.6
7110.5
7161.6
7244.3
7341.8
7345.7
7530.6
7654.5
8471.3
8795.9
9262.7
9424.6
9711.7
10021.9
10029.7
10183.6
10253.0
10650.7
10707.0
10720.0
11097.9
11278.8
11561.5
11812.6
13028.3
13245.6
13250.9
13420.2
13471.2
13565.9
13640.1
13820.5
13962.3
14113.1
14343.1
14715.6
14724.3
15233.3
15292.0
15443.7
15916.0
15935.1
15963.7
16213.7
16455.3
16480.5
16909.6
17331.9
17436.4
17509.0
17597.5
18015.7
18024.0
18039.1
18131.9
18442.9
18913.4
19157.9
19184.3
19202.6
19496.0
19980.8
20188.2
20671.0
20935.0
20951.8
21069.2
21193.1
21430.2
21519.6
21683.4
21792.3
21823.6
21862.7
21970.1
22541.4
22596.1
22850.8
