  181550.0
  250050.0
  369250.0
  573450.0
  600050.0
  659650.0
  712650.0
 1251050.0
 1974450.0
 2413550.0
 2468750.0
 2594450.0
 2623050.0
 2744550.0
 3317550.0
 3867550.0
 4022350.0
 4279850.0
 4288550.0
 4883450.0
 5189850.0
 5440050.0
 5624050.0
 6324650.0
 6400150.0
 6581650.0
 6854950.0
 6897550.0
 7023850.0
 7178750.0
 7325450.0
 7592350.0
 7648650.0
 8190750.0
 8282550.0
 8741050.0
 9086750.0
 9369850.0
 9395750.0
 9513950.0
10054450.0
10214050.0
10418050.0
10664650.0
10682650.0
10741850.0
10947850.0
11037250.0
11041850.0
11087550.0
11290850.0
11421350.0
11844450.0
11970350.0
12187850.0
12385750.0
12562450.0
12709350.0
13916450.0
13919850.0
13965750.0
14260650.0
14378050.0
14413650.0
14439750.0
14570450.0
14814450.0
14885750.0
15247750.0
15326450.0
15765150.0
15790150.0
15840950.0
16041350.0
16519850.0
16728550.0
17005450.0
17265250.0
17544950.0
17817450.0
18067950.0
18212850.0
18286150.0
18682950.0
18700950.0
18960650.0
19192550.0
19695750.0
20228550.0
21031150.0
21285650.0
21690150.0
21941550.0
22315450.0
22353950.0
22577150.0
22706250.0
22706350.0
22822050.0
22958350.0
