   35250.0
  121450.0
  570150.0
  792350.0
  989750.0
 1076050.0
 1087450.0
 1499850.0
 1556450.0
 2405350.0
 3223350.0
 3327150.0
 3332450.0
 3520550.0
 3532950.0
 3908850.0
 4442650.0
 4886950.0
 5152950.0
 5166050.0
 5250750.0
 5264750.0
 5550350.0
 5563150.0
 5716850.0
 5731450.0
 5886550.0
 6131350.0
 6222250.0
 6250350.0
 6425750.0
 6457150.0
 6858350.0
 6863350.0
 6904550.0
 7135050.0
 7136850.0
 7339750.0
 7375050.0
 7683850.0
 7802050.0
 7882850.0
 7916850.0
 8386150.0
 8493450.0
 8514950.0
 8621350.0
 9359250.0
 9377450.0
 9872550.0
 9949350.0
10032950.0
10204750.0
10291150.0
10429750.0
10698550.0
10707750.0
10760950.0
10838750.0
11074050.0
11360550.0
11385750.0
11545050.0
11607950.0
12395850.0
12683250.0
13204950.0
13496450.0
14579850.0
14943650.0
14991150.0
15022950.0
15126550.0
15667350.0
15772150.0
15879950.0
15904450.0
15915250.0
16003150.0
16032250.0
16060250.0
16175450.0
16191650.0
16336450.0
16518950.0
16538750.0
16699650.0
16709850.0
16756650.0
16858950.0
17022950.0
17138950.0
17184750.0
17204150.0
17442250.0
17615050.0
17749050.0
18022750.0
18681750.0
19025850.0
19480050.0
19563950.0
19852750.0
20269450.0
20384250.0
20534550.0
20889150.0
20968950.0
21050850.0
21642250.0
22223250.0
22247250.0
22730750.0
22930650.0
22980350.0
