  190150.0
  369450.0
  614550.0
  918950.0
  955650.0
 1182150.0
 1216450.0
 1230750.0
 1273250.0
 1399050.0
 1549050.0
 1687850.0
 1885150.0
 2065150.0
 2152450.0
 2524850.0
 2531550.0
 2585750.0
 2605550.0
 2985450.0
 3202150.0
 3220750.0
 3330650.0
 3445250.0
 3784250.0
 4080950.0
 4123150.0
 4300950.0
 4340950.0
 4736450.0
 5050150.0
 5188850.0
 5325650.0
 5560150.0
 5753750.0
 5880350.0
 5976750.0
 6356550.0
 6693350.0
 6959050.0
 7480450.0
 8052850.0
 8100250.0
 8351950.0
 8397950.0
 8489750.0
 9161850.0
 9190650.0
 9304750.0
 9352850.0
 9352950.0
 9802950.0
10071750.0
10259150.0
10404750.0
10581850.0
10788350.0
10808150.0
10986250.0
11117050.0
11122250.0
11198550.0
11767850.0
11978550.0
12296450.0
12330150.0
12362550.0
12917650.0
13040950.0
13208050.0
13541750.0
13635750.0
13673750.0
13737650.0
14135950.0
14148050.0
14208250.0
14400550.0
14435050.0
14907750.0
15665550.0
15694550.0
16038550.0
16156550.0
16318250.0
16324350.0
16548650.0
16568050.0
16658950.0
16697350.0
16712550.0
17153150.0
17174650.0
17407950.0
17502450.0
17720650.0
17883550.0
18174950.0
18197850.0
18282550.0
18413150.0
18723450.0
18853250.0
18997950.0
19002650.0
19102550.0
19260050.0
20127850.0
20341550.0
20657650.0
20840750.0
21042350.0
21211150.0
21227450.0
21736450.0
22011450.0
22236050.0
22238850.0
22379050.0
22668650.0
22687050.0
