283.4
373.7
398.7
446.8
680.7
728.0
832.0
872.2
958.8
1112.9
1451.7
1782.7
1900.4
1950.7
2162.1
2276.9
2509.9
2553.5
2583.8
2745.9
2958.1
3082.5
3189.5
3487.1
3490.2
3527.3
3686.2
3781.7
3908.1
4332.1
4494.8
4505.4
4696.8
5296.9
5310.6
5538.4
5913.6
6433.9
6559.6
6603.0
6642.7
6663.0
6972.4
7277.0
7390.9
7421.7
7629.7
7706.9
7858.4
8090.4
8242.3
8385.8
8397.2
8561.6
8881.4
8939.6
9053.8
9432.3
9567.6
9883.5
10160.5
10304.5
10541.3
11304.7
11421.9
11476.3
11501.0
11887.6
11973.2
11980.4
12267.3
12323.5
12451.4
13006.4
13152.2
13383.8
13464.2
13627.6
13645.1
13863.0
14059.6
14180.0
14611.7
14748.5
14814.1
14878.0
15113.9
15238.8
15522.5
15575.5
15691.8
15724.2
16036.5
16216.4
16468.4
16511.1
16551.4
16590.8
16834.9
17363.3
17762.0
18063.4
18177.8
18510.0
18877.5
19047.8
19508.0
19511.5
20295.1
20355.8
20674.0
20864.7
20879.6
21060.7
21190.6
21416.1
21642.3
21760.0
21949.5
22084.4
22271.1
22444.5
22492.9
22529.1
22531.1
