  253350.0
  379450.0
  528350.0
  745950.0
  891950.0
  944150.0
  977550.0
 1085050.0
 1307050.0
 1699450.0
 1974050.0
 2285250.0
 2771850.0
 3025550.0
 3162450.0
 3699750.0
 3870850.0
 3972250.0
 4126250.0
 4398050.0
 4736350.0
 4929150.0
 4970350.0
 4989850.0
 5007350.0
 5181750.0
 5184450.0
 5328250.0
 5830450.0
 5853750.0
 5956150.0
 6124050.0
 6338550.0
 6470450.0
 6634550.0
 6725750.0
 7048250.0
 7091750.0
 7339750.0
 7583050.0
 7885750.0
 7991250.0
 8674850.0
 8796550.0
 9333150.0
 9453450.0
 9708250.0
 9914450.0
10235250.0
10368150.0
10830750.0
11724050.0
11931850.0
11951450.0
12381350.0
12554750.0
12588050.0
12713550.0
12930650.0
13071350.0
13150450.0
13607750.0
13786650.0
14014350.0
14161350.0
14209850.0
14494650.0
14881850.0
14940950.0
14947950.0
15368050.0
15412650.0
15595750.0
15607950.0
15902550.0
16009550.0
16124750.0
16204350.0
16396050.0
16407250.0
16436850.0
16784050.0
17092650.0
17110650.0
17121850.0
17193250.0
17222250.0
17343250.0
17527850.0
17710450.0
17781750.0
18163150.0
18218350.0
18389350.0
18544350.0
18548150.0
18732850.0
18750350.0
18871050.0
19076950.0
19138950.0
19346950.0
19591950.0
19697250.0
20243850.0
20940250.0
21208250.0
21804450.0
21902550.0
22042950.0
22171050.0
22358650.0
