  336350.0
  740550.0
  952750.0
 1386750.0
 2049850.0
 2142650.0
 2163250.0
 2538850.0
 2571350.0
 3645250.0
 3935050.0
 4125650.0
 4523550.0
 4833350.0
 4983850.0
 5022250.0
 5083950.0
 5100550.0
 5129450.0
 5359350.0
 5724850.0
 5825450.0
 6610050.0
 7291350.0
 7361050.0
 7528650.0
 7529050.0
 7899750.0
 8282250.0
 8456850.0
 8511450.0
 8611550.0
 9491950.0
 9586350.0
 9659050.0
10135150.0
10288950.0
10614950.0
10749850.0
10832350.0
11018950.0
11059650.0
11862050.0
12063250.0
12069550.0
12078450.0
12310350.0
12382750.0
12501650.0
12637950.0
12654050.0
13029950.0
13355350.0
13395350.0
13496150.0
13652050.0
13670650.0
13808150.0
14100950.0
14725550.0
14836250.0
14908950.0
14916550.0
15564150.0
15674150.0
16035450.0
16371350.0
16510550.0
16695250.0
17069650.0
17098250.0
17197850.0
17705250.0
18092550.0
18671550.0
19014250.0
19407850.0
19467650.0
19638450.0
19837950.0
20315750.0
20347250.0
20477450.0
20506350.0
20682750.0
20866650.0
21101950.0
21184850.0
21375050.0
21476450.0
21628950.0
21824050.0
22183050.0
22197550.0
22407350.0
22521250.0
22577550.0
22875050.0
