   99250.0
  597550.0
  615550.0
  742550.0
  745150.0
  880050.0
 1038150.0
 1049950.0
 1080850.0
 1566850.0
 1767950.0
 1852150.0
 2334750.0
 2465950.0
 2682750.0
 2810150.0
 2970450.0
 3154950.0
 3266350.0
 3900350.0
 4177550.0
 4391550.0
 4487250.0
 4679350.0
 4922550.0
 5332750.0
 6195650.0
 6294250.0
 6651850.0
 6976950.0
 7075750.0
 7196450.0
 7416950.0
 7478050.0
 7528650.0
 7600850.0
 7698250.0
 8330650.0
 8385450.0
 8423650.0
 8516850.0
 8527050.0
 9418650.0
 9560450.0
 9581150.0
 9652950.0
 9781650.0
10087550.0
10150950.0
10253850.0
10293350.0
10352450.0
10425350.0
10765850.0
11028350.0
11094050.0
11500050.0
11528750.0
12344550.0
12395950.0
12410750.0
12420350.0
12502550.0
12587650.0
12718850.0
13031850.0
13035350.0
13093050.0
13314650.0
13815250.0
14708750.0
15054350.0
15341350.0
15954850.0
16131950.0
16287550.0
16387650.0
16661150.0
16711050.0
17186850.0
17332050.0
17490150.0
17801050.0
18498650.0
18659950.0
19258950.0
19697150.0
19846450.0
19984050.0
20284850.0
20343550.0
20748450.0
20792750.0
21049050.0
21125950.0
21315550.0
21424750.0
21534150.0
21698650.0
21822750.0
21876650.0
21934950.0
22133950.0
22234150.0
22846050.0
22953350.0
