  132250.0
  805850.0
  918850.0
 1038850.0
 1453850.0
 1470350.0
 1569050.0
 1582250.0
 1753750.0
 1901650.0
 1905950.0
 1998950.0
 2004350.0
 2052350.0
 2387750.0
 2447150.0
 2549150.0
 2569950.0
 2775350.0
 3390250.0
 3717850.0
 3944250.0
 4189350.0
 4200850.0
 4279350.0
 4407250.0
 4544850.0
 4933750.0
 5206450.0
 5409150.0
 5965450.0
 6075550.0
 6155150.0
 6520550.0
 6890350.0
 7542250.0
 8144250.0
 8215050.0
 8244950.0
 8334450.0
 8705550.0
 8740650.0
 8880350.0
 9059050.0
 9464350.0
10034250.0
10116650.0
10157650.0
10310950.0
10394250.0
10420750.0
10643550.0
10810650.0
10941350.0
11276250.0
11419650.0
11781750.0
11970350.0
12079750.0
12468150.0
12929550.0
13516950.0
13665750.0
13974950.0
14258550.0
14629550.0
14833850.0
14942550.0
15094050.0
15167150.0
15270450.0
15350450.0
15621850.0
16382150.0
16387050.0
16626550.0
16702150.0
17114850.0
17307650.0
17308850.0
17315750.0
17407650.0
17711150.0
18149950.0
18457550.0
18743850.0
18768050.0
18921550.0
19379550.0
19565250.0
19657750.0
19739050.0
19902150.0
20027350.0
20450050.0
20600650.0
20666050.0
20798150.0
20986850.0
21181350.0
21401050.0
21418550.0
21420650.0
21488650.0
21511850.0
21596950.0
21666350.0
22168050.0
22243150.0
22481050.0
22597250.0
22785250.0
22833650.0
22862550.0
22915050.0
22921450.0
