   44750.0
  153650.0
  303250.0
  584150.0
  825050.0
 1094850.0
 1310850.0
 1559250.0
 1856950.0
 1873850.0
 1919250.0
 2019650.0
 2226250.0
 2634150.0
 2700350.0
 2747550.0
 2821850.0
 2875350.0
 2998950.0
 3023250.0
 3042350.0
 3078550.0
 3690450.0
 4390250.0
 4417950.0
 4443150.0
 4497550.0
 4561550.0
 4634150.0
 4795450.0
 4952950.0
 5286850.0
 5772050.0
 5809150.0
 5882950.0
 6010650.0
 6545350.0
 6777150.0
 6894450.0
 7223250.0
 7244950.0
 7251750.0
 7326250.0
 7495450.0
 7555050.0
 7642350.0
 7652250.0
 7719050.0
 7759350.0
 7789350.0
 8517450.0
 8787150.0
 8853050.0
 8923450.0
 9017050.0
 9171650.0
 9361750.0
 9499050.0
 9520350.0
10152350.0
10161450.0
10264550.0
10493750.0
10618550.0
10646350.0
11082650.0
11446950.0
11485050.0
11497050.0
11995750.0
12360650.0
12361750.0
12476750.0
12492150.0
12538250.0
12715150.0
12813450.0
13383750.0
13489950.0
14028050.0
14722850.0
14758350.0
14896750.0
15294550.0
15305950.0
15491150.0
15612950.0
15707650.0
15790250.0
15815850.0
15895150.0
16157450.0
16249650.0
17429550.0
17830050.0
18180350.0
18269150.0
18362250.0
18614150.0
18691250.0
19009850.0
19040950.0
19334250.0
19462950.0
19603350.0
20059350.0
20253250.0
20579150.0
20582950.0
20868050.0
21340450.0
21483550.0
22247750.0
22285350.0
22342150.0
22420150.0
22494650.0
22681750.0
22963850.0
