  126950.0
  215250.0
 1057550.0
 1679950.0
 1896150.0
 1925950.0
 2252550.0
 2271250.0
 2300350.0
 3195750.0
 3227650.0
 3298650.0
 3788350.0
 5070550.0
 5412950.0
 5622750.0
 6011550.0
 6318150.0
 6322850.0
 6509850.0
 6771750.0
 6782250.0
 7139750.0
 7805350.0
 8292150.0
 8341450.0
 8438250.0
 8762050.0
 8963550.0
 9026250.0
 9113150.0
 9286950.0
 9368350.0
 9489750.0
 9508250.0
 9532450.0
 9944250.0
10344650.0
10536450.0
10732050.0
10985050.0
10987250.0
11577050.0
11674750.0
11806350.0
12179350.0
12264350.0
12438550.0
12671050.0
12814850.0
13099550.0
13380550.0
13488050.0
13659150.0
13687350.0
14163850.0
14242750.0
14553750.0
14598650.0
14675650.0
14709150.0
14715650.0
15329450.0
15337750.0
16016050.0
16215450.0
16473650.0
17055350.0
17291350.0
17311850.0
17542250.0
17723650.0
17725250.0
17765650.0
18340650.0
18408350.0
18892650.0
19221550.0
19408650.0
19857550.0
19891050.0
19953450.0
20157850.0
20295550.0
20369450.0
21034250.0
21182850.0
21635550.0
21744350.0
22353650.0
22408950.0
22574650.0
22897750.0
22949250.0
