  360350.0
  436950.0
  810950.0
  989050.0
 1060050.0
 1109750.0
 1228650.0
 1413950.0
 1789550.0
 2530950.0
 2653450.0
 2661650.0
 2897450.0
 2930650.0
 2951850.0
 3171550.0
 3672250.0
 3693550.0
 3743950.0
 3766150.0
 3812450.0
 4290650.0
 4295650.0
 4520150.0
 4624550.0
 4787050.0
 4851050.0
 4917050.0
 4992050.0
 5071150.0
 5115050.0
 5337950.0
 5338650.0
 5573950.0
 5749150.0
 5946750.0
 6005150.0
 6698950.0
 6918350.0
 7287350.0
 7331650.0
 7421050.0
 8078050.0
 8397150.0
 8536850.0
 8699050.0
 8747250.0
 8783150.0
 8931250.0
 8948850.0
 9073550.0
 9078650.0
 9258950.0
 9310550.0
 9389250.0
 9403650.0
 9428450.0
 9497550.0
10432950.0
10853850.0
10990750.0
11395250.0
11610350.0
11898550.0
12167150.0
12222950.0
12272250.0
12892250.0
13084050.0
13528950.0
13680150.0
13982950.0
14027850.0
14130350.0
14131550.0
14206650.0
14517050.0
14760850.0
15297050.0
15425250.0
15559350.0
15896550.0
16002050.0
16013350.0
16015550.0
16227250.0
16437850.0
16681250.0
17061850.0
17177150.0
17825150.0
17893750.0
17922450.0
18008850.0
18070650.0
18546150.0
18671250.0
18701150.0
18729050.0
18740650.0
18839750.0
19032750.0
19070250.0
19492550.0
20053750.0
20066450.0
20208650.0
21193450.0
21229150.0
21311750.0
21524150.0
21722350.0
21740450.0
21927750.0
21967150.0
22144150.0
22293850.0
22392050.0
22699450.0
22923750.0
