  450050.0
  529050.0
  562150.0
  709150.0
  712250.0
  728850.0
  803050.0
 1062450.0
 1086350.0
 1474450.0
 1612850.0
 1757950.0
 2241250.0
 2322950.0
 2391350.0
 2423950.0
 2548350.0
 2559150.0
 2964550.0
 3101350.0
 3388250.0
 3904650.0
 4016950.0
 4084350.0
 4158450.0
 4443950.0
 4613650.0
 5063550.0
 5173850.0
 5369250.0
 5469550.0
 5721450.0
 5809050.0
 5937250.0
 6049650.0
 6531650.0
 6554750.0
 6600450.0
 6610350.0
 6762350.0
 6960650.0
 7173650.0
 7185750.0
 7222550.0
 7434350.0
 7674950.0
 8120250.0
 8756750.0
 8767650.0
 8844050.0
 8911750.0
 8989950.0
 9078650.0
 9325550.0
 9515850.0
 9742650.0
10084550.0
10372850.0
10395350.0
11243550.0
11276350.0
11565450.0
12113250.0
12484150.0
12692850.0
12860850.0
13490850.0
13606250.0
13920750.0
13941450.0
14310850.0
14582250.0
14702450.0
14748750.0
14982550.0
15087850.0
15340250.0
16399750.0
16556550.0
16584950.0
16608450.0
16738250.0
16823550.0
17002650.0
17136550.0
17137950.0
17349050.0
17780350.0
18553450.0
18567050.0
18657550.0
18752650.0
18765950.0
18810350.0
19025150.0
19380050.0
19423550.0
19474350.0
19497550.0
19890650.0
19912650.0
20049150.0
20310850.0
20353850.0
21458750.0
22555350.0
22607250.0
22922050.0
