   88450.0
  628450.0
  719450.0
  837750.0
 1123350.0
 1373550.0
 1782050.0
 1828450.0
 1831050.0
 1976150.0
 1989750.0
 2006950.0
 2581050.0
 2963550.0
 2996150.0
 3330150.0
 3636150.0
 4228850.0
 4382750.0
 4577550.0
 4605950.0
 4682450.0
 4725250.0
 5244350.0
 5561250.0
 5670550.0
 5727450.0
 6095250.0
 6287850.0
 6345150.0
 6432450.0
 6942150.0
 7278250.0
 7412450.0
 7540750.0
 7571750.0
 7676550.0
 7960850.0
 7993050.0
 8061150.0
 8103350.0
 8684150.0
 8702150.0
 8978950.0
 9056050.0
 9158550.0
 9311750.0
 9502850.0
 9966850.0
 9972450.0
10534950.0
10966550.0
11105950.0
11740950.0
11822350.0
11980350.0
12670050.0
12848550.0
12907550.0
13003450.0
13066950.0
13209150.0
13943250.0
14092250.0
14445650.0
14472050.0
14477050.0
14523350.0
14632950.0
14723150.0
15157050.0
15236050.0
15653350.0
15844550.0
16236450.0
16358350.0
16669750.0
16792150.0
16963050.0
17044850.0
17227950.0
17352750.0
17491050.0
17603250.0
17765650.0
17790650.0
18126450.0
18671450.0
18675050.0
18986250.0
19477450.0
20075550.0
20230350.0
20581150.0
21485650.0
21747450.0
21932050.0
22198350.0
22296150.0
22693550.0
