   52650.0
  156250.0
  167450.0
  297850.0
  400350.0
  411450.0
  545950.0
  584650.0
  757250.0
  795050.0
  849550.0
 1355150.0
 1364050.0
 1396950.0
 2027450.0
 2359750.0
 2383550.0
 2546550.0
 2626250.0
 2732850.0
 3296750.0
 3440950.0
 3933550.0
 3987750.0
 4328450.0
 4360050.0
 4379250.0
 4459850.0
 4851750.0
 5091150.0
 5338250.0
 5689550.0
 5956350.0
 5999650.0
 6210150.0
 6286050.0
 6329050.0
 6385750.0
 6427450.0
 6495850.0
 6759250.0
 6815650.0
 6916650.0
 6960450.0
 7107850.0
 7534050.0
 7670350.0
 7779750.0
 7793850.0
 7834550.0
 7999850.0
 8263750.0
 8688750.0
 8782050.0
 8847450.0
 9459250.0
10185550.0
10565950.0
10605650.0
10742950.0
11247850.0
11324750.0
11619150.0
11658850.0
11665150.0
12272450.0
12297650.0
12722350.0
12882250.0
12952350.0
13011150.0
13307350.0
13695350.0
13735750.0
13910750.0
14279450.0
14386950.0
14502250.0
14526450.0
14650250.0
14704050.0
15381950.0
15560250.0
15624550.0
15879550.0
16018650.0
16052650.0
16098650.0
16166350.0
16192450.0
16320750.0
16381150.0
16389850.0
16930650.0
17083750.0
18084850.0
18166950.0
18227150.0
18245950.0
18264350.0
18418550.0
18466450.0
18588050.0
18937550.0
18958250.0
19456650.0
19715250.0
19787950.0
20544950.0
21008150.0
21798650.0
21969250.0
22165150.0
22298950.0
22961750.0
