   24350.0
  222550.0
  415950.0
  472550.0
  511950.0
  569450.0
  665750.0
  861550.0
 1083350.0
 1258650.0
 1362650.0
 1428650.0
 1507250.0
 1561150.0
 1895950.0
 2032350.0
 2041550.0
 2149950.0
 2383150.0
 2458850.0
 2765350.0
 3894450.0
 4347350.0
 4356450.0
 4790250.0
 5086650.0
 5406650.0
 5819850.0
 5998450.0
 6050050.0
 6082850.0
 6239150.0
 6386550.0
 7456250.0
 8419050.0
 8670250.0
 9191650.0
 9191750.0
 9543850.0
10344150.0
10641850.0
10727550.0
10803850.0
11184250.0
11197550.0
11446250.0
11538850.0
11539350.0
11654950.0
11662850.0
11695650.0
12369750.0
12370150.0
12382150.0
13002050.0
13223650.0
13393450.0
14132150.0
14138450.0
14507250.0
14527550.0
14546350.0
14687550.0
15271950.0
15401050.0
15495350.0
15535050.0
15834650.0
15976150.0
16000350.0
16012250.0
16303250.0
16405050.0
16427950.0
16466050.0
16589050.0
16675350.0
17134850.0
17200950.0
18784750.0
19105050.0
19347550.0
19367550.0
19424850.0
19676050.0
19765850.0
19785150.0
20232450.0
20494150.0
20800050.0
20873950.0
21014050.0
21031250.0
21408850.0
21570650.0
21783550.0
22135550.0
22368350.0
22374350.0
22409250.0
22843150.0
22891850.0
22952750.0
