294.6
731.7
751.4
1038.9
1120.8
1454.5
1477.1
1579.8
1857.6
2087.0
2274.2
2343.5
2494.3
2582.3
2662.8
2673.4
2747.8
2767.5
2948.2
2949.8
3103.5
3210.0
3393.1
4085.7
4686.0
5001.0
5361.2
5640.8
5708.3
5847.3
6040.5
6443.7
6500.4
6507.0
6718.0
6747.7
6959.4
7322.9
7632.1
7642.3
7665.1
7684.1
7739.0
7951.6
8083.4
8706.0
8787.2
8920.9
8992.9
9534.7
9549.9
9916.8
10335.9
10719.0
10724.9
11111.1
11391.3
11667.1
11737.9
11921.2
12190.4
12199.7
12509.1
12576.3
12742.7
13315.7
13345.4
13387.2
13607.1
13857.7
14066.9
14859.6
14967.7
15242.4
15589.9
15741.6
15966.1
16238.8
16601.1
16723.4
17214.4
17281.6
17409.8
17777.6
17984.5
18258.1
18339.3
18534.6
18550.6
18799.5
19062.8
19168.2
19440.9
19441.7
19668.3
20163.3
20301.4
20372.4
20477.4
20908.4
21224.3
21242.1
21654.6
21684.5
21731.5
22159.1
22379.7
22426.4
22434.8
22442.6
22593.9
22615.0
