  229750.0
  364950.0
  934150.0
 1259450.0
 1404150.0
 1806550.0
 1817950.0
 2091650.0
 2775450.0
 2822050.0
 2914450.0
 3140750.0
 3306350.0
 3773850.0
 3908150.0
 3953750.0
 3998950.0
 4281050.0
 4418550.0
 4600050.0
 4645650.0
 4764850.0
 4806950.0
 5155950.0
 5535050.0
 5606050.0
 5871850.0
 6010250.0
 6047650.0
 6065650.0
 6088250.0
 6187150.0
 6233250.0
 6378050.0
 6392650.0
 6415650.0
 6627750.0
 6716250.0
 6740050.0
 7145450.0
 7202050.0
 7409150.0
 7531250.0
 7548550.0
 7717450.0
 7732550.0
 7775350.0
 8123750.0
 8212650.0
 8328950.0
 8475850.0
 8621850.0
 8856750.0
 8951650.0
 9472550.0
 9510150.0
 9518050.0
 9644550.0
 9796250.0
10023950.0
10206850.0
10280850.0
10335350.0
10548150.0
10983850.0
11063450.0
11865550.0
12103950.0
12215150.0
12362350.0
12454150.0
12656550.0
12814050.0
13065150.0
13138450.0
13242350.0
13247950.0
13254650.0
13270750.0
13365250.0
13612050.0
13854550.0
14002850.0
14252850.0
14442550.0
14932350.0
15204750.0
15244950.0
15454650.0
15478650.0
15581050.0
15931250.0
15977550.0
16155850.0
16258050.0
16413750.0
16859650.0
17021450.0
17189150.0
17303450.0
17359450.0
17581450.0
17778350.0
18264650.0
18279350.0
18318550.0
18458550.0
18706450.0
18999750.0
19021150.0
19158150.0
19934450.0
20391250.0
20557050.0
20731550.0
21004050.0
21073050.0
21203850.0
21341450.0
21419150.0
21567650.0
21589850.0
22134250.0
22255350.0
22265450.0
22338050.0
22390050.0
22468250.0
22706850.0
22975450.0
