  146350.0
  191450.0
  359650.0
  548150.0
  617050.0
  903650.0
 1082550.0
 1421750.0
 1781450.0
 1789850.0
 2149050.0
 2159850.0
 2214950.0
 2380050.0
 2434450.0
 2768250.0
 2777050.0
 3366250.0
 3448150.0
 3705750.0
 3870650.0
 3995150.0
 4095350.0
 4190650.0
 4434950.0
 4865450.0
 5122350.0
 5514250.0
 5614450.0
 5909050.0
 6149150.0
 6709050.0
 6765050.0
 6933750.0
 7339350.0
 7415550.0
 7688850.0
 7998850.0
 8124150.0
 8347150.0
 8460350.0
 8516750.0
 8830250.0
 8976150.0
 9391750.0
 9433250.0
10023550.0
10514850.0
11037050.0
11951050.0
12067350.0
12146550.0
12652950.0
12667650.0
12786150.0
12808650.0
12961350.0
13048150.0
13120550.0
13288850.0
13333150.0
13426450.0
13466850.0
13579250.0
13691750.0
13917250.0
13928550.0
13942250.0
14276950.0
14290950.0
14451750.0
14818050.0
14888250.0
14963350.0
15124950.0
15487650.0
16018050.0
16259150.0
16432650.0
16471450.0
16644450.0
16745150.0
16774450.0
16795950.0
17084850.0
17290950.0
17458250.0
17585950.0
17605150.0
17976350.0
18382650.0
18711450.0
18815950.0
19017150.0
19265550.0
19323850.0
19436450.0
19557550.0
19593550.0
19926850.0
20024250.0
20147450.0
20256150.0
20388950.0
20398150.0
20475250.0
20853250.0
21048850.0
21297350.0
21360650.0
21527050.0
21742250.0
21903750.0
22164850.0
22714650.0
22873950.0
