   41050.0
  274950.0
  756650.0
  914450.0
 1331450.0
 1816450.0
 2159250.0
 2402550.0
 2890650.0
 2952750.0
 3006150.0
 3078350.0
 3142850.0
 3322950.0
 3480150.0
 3548450.0
 3976050.0
 4325350.0
 4392750.0
 4483150.0
 4867950.0
 5051350.0
 5282850.0
 5403650.0
 5460350.0
 6033250.0
 6034050.0
 6167750.0
 6270050.0
 6298350.0
 6461050.0
 6584550.0
 6871750.0
 6951350.0
 7019150.0
 7242550.0
 7324750.0
 7491750.0
 7784550.0
 7815450.0
 7969650.0
 8108650.0
 8209250.0
 8302350.0
 8349450.0
 8384150.0
 8692150.0
 9053650.0
 9094350.0
 9612750.0
 9620150.0
 9738750.0
10332050.0
10502150.0
10547250.0
10571450.0
10678350.0
10757250.0
11417850.0
11713950.0
11901950.0
12087450.0
12784950.0
13374950.0
13382150.0
13515550.0
13598250.0
13628250.0
13766050.0
14086150.0
14185250.0
14584350.0
14640150.0
14712450.0
15068150.0
15068450.0
15445850.0
15653150.0
15686150.0
15701750.0
15892250.0
15995550.0
16944550.0
17671450.0
17685150.0
18486350.0
18569450.0
18665950.0
18757150.0
18942550.0
19158550.0
20064450.0
20559150.0
20691250.0
20761850.0
21123850.0
21131450.0
21364850.0
21710150.0
21982950.0
22100250.0
