130.4
145.8
371.5
440.2
506.3
825.2
906.5
1259.0
1526.2
1724.1
1878.6
1963.0
2612.8
2640.8
2956.3
3080.9
3090.5
3388.9
4094.4
4149.9
4399.3
4408.5
4834.6
5147.5
5731.3
5777.2
5841.8
5900.8
6196.7
6260.3
6278.3
6354.6
7192.7
7274.3
7355.2
7610.4
7707.8
7895.8
8326.1
8439.1
9050.1
9721.4
9965.3
10112.2
10359.0
10410.8
10737.0
10843.4
11186.9
11720.6
11785.3
11797.8
11831.0
11941.2
11965.6
11995.7
12011.4
12210.8
12216.9
12368.1
12547.4
12632.0
12666.0
12831.7
13050.8
13085.6
13479.7
13514.3
13818.4
14400.0
14708.8
14907.1
14966.2
15105.0
15160.9
15317.4
15323.2
15447.7
15555.3
15771.5
15932.0
15988.3
16161.4
16679.3
17081.3
17367.7
17813.0
18007.5
18081.3
18125.1
18178.6
18184.7
18464.0
18576.1
18591.0
18617.1
18988.1
19028.5
19055.2
19301.9
19917.8
19941.1
19982.7
20354.9
21127.0
21637.5
21730.4
21741.3
22011.6
22110.6
22390.3
22896.4
