  770450.0
  976950.0
 1171950.0
 1241950.0
 1290650.0
 1386550.0
 1394050.0
 1478050.0
 1615950.0
 1665450.0
 1665650.0
 1802550.0
 1954650.0
 2212850.0
 2236850.0
 2333150.0
 2441850.0
 2624350.0
 2643950.0
 2758850.0
 2975850.0
 3119050.0
 3177650.0
 3465950.0
 3566150.0
 3704750.0
 4020050.0
 4289750.0
 4297450.0
 4315950.0
 4569450.0
 4690350.0
 5019150.0
 5213650.0
 5330050.0
 5441750.0
 5638550.0
 5852550.0
 6071350.0
 6229950.0
 6425350.0
 6579450.0
 6857350.0
 6920950.0
 7052650.0
 7090350.0
 7237050.0
 7989450.0
 8244050.0
 8302950.0
 9253550.0
 9914150.0
 9917350.0
 9997250.0
10076650.0
10166550.0
10385450.0
10561950.0
10599250.0
10625850.0
10815050.0
10940350.0
11003350.0
11195950.0
11567650.0
12031950.0
12117350.0
12234750.0
12366250.0
12565650.0
12947050.0
13372250.0
13778150.0
13874350.0
13950450.0
14052450.0
14347750.0
14891650.0
15629950.0
16337350.0
16342750.0
16496850.0
16610150.0
16865350.0
16991050.0
17393450.0
18043550.0
18093350.0
18437350.0
18686250.0
19224250.0
19454150.0
19631350.0
20061050.0
20093350.0
20555350.0
20977850.0
21202550.0
21359350.0
21438450.0
21471250.0
21714250.0
21860650.0
22411750.0
