  163150.0
  199250.0
  472850.0
  980650.0
 1193650.0
 1347350.0
 1427050.0
 1520550.0
 1562450.0
 1718050.0
 1779750.0
 1980550.0
 1996550.0
 2195650.0
 2212050.0
 2366150.0
 2441050.0
 2450150.0
 2806050.0
 3044050.0
 3187550.0
 3801750.0
 3873150.0
 3958850.0
 4032150.0
 4450950.0
 4600750.0
 4852850.0
 4942250.0
 4949150.0
 5192350.0
 5472550.0
 5616650.0
 5739350.0
 5743050.0
 6226050.0
 6509550.0
 6770850.0
 6959550.0
 7108150.0
 7467550.0
 7920250.0
 8037450.0
 8222350.0
 8288050.0
 8552150.0
 8615250.0
 9191350.0
 9505450.0
 9595150.0
 9707950.0
 9748050.0
 9989750.0
10777650.0
10787350.0
10884950.0
10905350.0
11528550.0
11537250.0
11558850.0
11708250.0
11732950.0
11906050.0
11964050.0
12157850.0
12661750.0
12841750.0
13112150.0
13388350.0
13790050.0
15162850.0
15326250.0
15360450.0
15502250.0
15659150.0
15822550.0
15902150.0
16020950.0
16156850.0
16169250.0
16220150.0
16317950.0
16329550.0
16391150.0
16482850.0
16584850.0
17221850.0
17452450.0
17642750.0
17791350.0
17851950.0
17865950.0
17899950.0
18270350.0
18605150.0
18660950.0
18734650.0
19000250.0
19016750.0
19508150.0
19878250.0
20136150.0
20214350.0
20787250.0
21360850.0
21489350.0
21532850.0
21577550.0
21584450.0
22375350.0
22544150.0
22609850.0
22903650.0
22938250.0
