  158150.0
  241650.0
  377650.0
  500150.0
  974150.0
 1078550.0
 1804550.0
 1939350.0
 2032550.0
 2261250.0
 2804150.0
 2885250.0
 2921150.0
 2962150.0
 3259350.0
 3380450.0
 3462550.0
 3631350.0
 4175450.0
 4408350.0
 4563750.0
 4686850.0
 4834350.0
 4859550.0
 5573650.0
 5715050.0
 5922350.0
 6150750.0
 6335350.0
 6365750.0
 6383150.0
 6517050.0
 6585050.0
 6817250.0
 7409450.0
 7479850.0
 7616050.0
 7644450.0
 7884550.0
 7908750.0
 8076050.0
 8163650.0
 8873250.0
 8895650.0
 9128350.0
 9207050.0
 9356950.0
 9627050.0
 9820050.0
10100250.0
10625450.0
10639450.0
10796850.0
10898050.0
11117750.0
11222950.0
11397950.0
11465450.0
11947750.0
12251250.0
12511950.0
12521050.0
12810250.0
13069650.0
13134950.0
13221750.0
13524850.0
13622550.0
13763450.0
13890450.0
13897150.0
14111850.0
14374950.0
14884550.0
14976050.0
15009250.0
15055250.0
15157050.0
15209850.0
15217650.0
15330350.0
15402250.0
15543350.0
15571350.0
15954150.0
16006450.0
16060450.0
16104550.0
16307850.0
16350250.0
16392850.0
16693150.0
17300850.0
17307750.0
17347650.0
17406750.0
17531750.0
17702550.0
18157450.0
18331950.0
18398750.0
19228850.0
19258750.0
19362150.0
19609150.0
19821050.0
19980250.0
20239250.0
20316850.0
20323550.0
20753350.0
21156550.0
21255350.0
21407350.0
21978150.0
22186350.0
22534550.0
22535950.0
22588850.0
22824150.0
