   74050.0
   97150.0
  161950.0
  266150.0
  328650.0
  373450.0
  858050.0
  981050.0
  986850.0
 1072050.0
 1315250.0
 1737550.0
 1816450.0
 1986850.0
 2011150.0
 2145250.0
 2315850.0
 2326550.0
 2366250.0
 2378350.0
 2529050.0
 2606650.0
 2775250.0
 3320550.0
 3552350.0
 3589650.0
 3690250.0
 3961150.0
 4119550.0
 4168950.0
 4902050.0
 5141750.0
 5158850.0
 5453250.0
 5492750.0
 5622250.0
 6394550.0
 6475750.0
 7078850.0
 7696950.0
 7725950.0
 7883750.0
 8480650.0
 8500250.0
 8623250.0
 9190150.0
 9192150.0
 9474050.0
 9488750.0
 9849550.0
 9885450.0
10477650.0
11540250.0
11631450.0
11717850.0
11789050.0
11865450.0
11974350.0
12186550.0
12310750.0
12552250.0
12573450.0
12701450.0
12862350.0
13559350.0
14311250.0
14430850.0
14503950.0
14654350.0
15130450.0
15196650.0
15346450.0
15384550.0
15695150.0
15819250.0
16143050.0
16516950.0
17044850.0
17212750.0
17717950.0
17747550.0
17831650.0
18023350.0
18443550.0
18558950.0
18816050.0
18870350.0
19018750.0
19385150.0
19406850.0
19598750.0
19687250.0
20300150.0
20734150.0
21646350.0
21845650.0
22135850.0
22638050.0
22673850.0
22727850.0
