70.4
202.4
700.3
970.5
1007.2
1227.7
1663.4
1867.0
1970.0
2382.4
2535.3
2661.8
2928.9
2943.5
3048.5
3427.1
3528.3
3588.8
3672.2
3759.2
3912.7
4161.5
4213.3
4329.4
4466.5
4471.2
4484.1
4540.9
4635.8
4729.0
4776.0
5003.4
5039.5
5070.7
5734.7
5871.3
5958.7
6099.0
6267.7
6602.8
6654.8
6909.0
7119.3
7377.2
7419.2
7451.9
7455.2
7472.2
7670.0
7806.7
8294.5
8451.7
8488.7
8610.6
8620.6
9486.6
9579.6
9941.3
10304.8
10537.3
10557.4
10660.5
10994.8
11214.1
11275.0
11436.6
11436.9
12314.7
12343.3
12730.5
12809.9
12830.1
12978.4
13102.2
13546.2
13572.4
13752.7
13786.9
13791.9
13966.0
14103.5
14643.2
15097.7
15365.2
15413.5
15551.9
16041.1
16190.4
16386.2
16390.2
16410.8
16466.0
16601.6
17048.9
17348.9
17848.6
17863.7
18076.0
18287.3
19070.2
19076.4
19123.6
19176.9
19222.4
19426.8
19456.9
19700.0
19825.0
19887.5
20148.9
20170.3
20189.3
20405.0
20812.4
20945.4
20951.3
21011.0
21084.8
21140.4
21589.2
21928.0
22042.6
22420.3
22676.9
22848.3
22894.4
