  105450.0
  216350.0
  414150.0
  997650.0
 1014150.0
 1107850.0
 1457750.0
 1705950.0
 1937150.0
 1942950.0
 2064350.0
 2097250.0
 3097350.0
 3197150.0
 3212850.0
 3280350.0
 3989850.0
 4089650.0
 4179450.0
 4400450.0
 4508750.0
 4517350.0
 4543950.0
 4833750.0
 5143050.0
 5275450.0
 5350550.0
 5535950.0
 5808150.0
 5999650.0
 6123550.0
 6131450.0
 6249250.0
 6272950.0
 6797850.0
 6902450.0
 7387950.0
 7617550.0
 7624850.0
 8322650.0
 8338850.0
 8406150.0
 8570350.0
 9036550.0
 9723750.0
 9832150.0
 9912350.0
 9937850.0
10155750.0
10435250.0
10437650.0
10467150.0
10592750.0
10772550.0
10945850.0
10960950.0
10962650.0
10964650.0
11182450.0
11601850.0
11614750.0
11821150.0
12013050.0
12269150.0
12603850.0
12632050.0
13641150.0
13713950.0
13907750.0
13954550.0
14009250.0
14262450.0
14443950.0
14713250.0
14738250.0
15239150.0
15821350.0
16318550.0
16340650.0
16410150.0
16564450.0
16732250.0
16896750.0
16921350.0
17312750.0
17773650.0
17801550.0
18037550.0
18260950.0
18328450.0
18400350.0
19124750.0
19154450.0
19682950.0
19892650.0
19930650.0
20634950.0
20809850.0
20923550.0
21097850.0
21243650.0
21267050.0
21284450.0
21523250.0
21628350.0
21696150.0
21705150.0
21802350.0
21992850.0
22094150.0
22224050.0
22243250.0
22435650.0
22458450.0
22591450.0
22638850.0
22845850.0
22929050.0
22946450.0
