52.4
86.1
256.6
343.0
418.5
585.0
732.1
844.8
983.5
1067.1
1340.5
1471.7
1715.1
1978.4
2044.4
2100.8
2296.9
2346.1
2378.8
2595.1
2884.6
2997.4
3046.4
3702.6
3909.7
4166.1
4245.8
4577.0
4728.4
5193.7
5277.1
5457.1
5528.1
5626.1
5839.4
6118.9
6132.4
6450.0
6523.5
6527.8
6557.4
6565.8
6915.1
6939.9
7137.0
8473.3
8832.5
8895.2
9043.9
9136.7
9439.8
9602.7
9669.5
9804.2
9841.7
10077.5
10081.8
10768.8
10972.7
11283.0
11810.5
11925.6
12348.9
12365.9
12556.6
12610.6
12949.7
12997.9
13233.6
13297.8
13738.5
13927.9
14130.1
14160.0
14357.6
14486.6
14541.1
14867.2
15110.5
15187.6
15364.0
15850.7
15890.0
16099.7
16163.2
16903.9
16908.2
17039.3
17049.6
17722.7
17920.1
17977.3
18316.1
18393.5
18446.3
18666.1
18725.3
18814.2
19125.9
19218.7
19274.5
19355.9
19410.7
19429.5
19527.9
19774.6
19865.7
20461.7
20499.0
20583.7
20592.3
20797.1
20832.1
21008.3
21008.6
21133.0
21259.0
21745.0
21922.0
22022.3
22136.4
22329.8
22685.2
22708.3
