   26750.0
  455250.0
  623350.0
  771650.0
  863850.0
  913850.0
 1108450.0
 1140450.0
 1212050.0
 1326350.0
 1711550.0
 1759050.0
 1831850.0
 2107650.0
 2118450.0
 2244350.0
 2276750.0
 2549950.0
 2888050.0
 3002950.0
 3125950.0
 3408150.0
 3802150.0
 4136050.0
 4284150.0
 4382450.0
 4568350.0
 4656050.0
 4706150.0
 4754350.0
 4989850.0
 5589650.0
 5949250.0
 6370750.0
 6863650.0
 6904850.0
 6926850.0
 7389650.0
 7391250.0
 7698850.0
 8111950.0
 8227050.0
 8236550.0
 8502350.0
 8601250.0
 8621650.0
 8644950.0
 8947750.0
 9016450.0
 9124250.0
 9304650.0
 9376250.0
 9413650.0
 9669250.0
 9795750.0
 9806250.0
 9931750.0
 9970650.0
10232050.0
10233250.0
10297850.0
10554150.0
10664850.0
11059550.0
11272450.0
11644750.0
11964550.0
11968650.0
12233650.0
12950750.0
13011750.0
13028850.0
13034450.0
13037150.0
13141450.0
13449650.0
13536750.0
13627650.0
13656550.0
13872950.0
13932050.0
14195250.0
14201150.0
14298350.0
14357450.0
14510150.0
14521950.0
14663550.0
14813250.0
15214750.0
15370350.0
15412050.0
15491550.0
15515850.0
15665350.0
16296150.0
16795950.0
16914250.0
17013750.0
17115450.0
17244150.0
17411650.0
17985250.0
18016050.0
18061250.0
18092150.0
18513650.0
18670350.0
19085750.0
19233550.0
19510150.0
19732050.0
19733450.0
19906950.0
19971450.0
20017450.0
20097750.0
20221950.0
20355450.0
20453250.0
20743450.0
20822850.0
20837350.0
21010250.0
21058950.0
21189250.0
21292950.0
21548250.0
21763850.0
22074750.0
22160150.0
22170950.0
22257750.0
22417450.0
22820050.0
