1895
1897
1899
1900
1903
1907
1908
1912
1916
1917
2017
2022
2023
2024
2026
2030
2031
2032
2033
2035
2037
2040
2042
2044
2045
2048
2140
2142
2147
2149
2150
2153
2155
2158
2162
2163
2165
2170
2262
2265
2266
2267
2274
2276
2277
2279
2284
2286
2292
2293
2294
2295
2296
2297
2298
2303
2386
2387
2389
2390
2395
2396
2397
2398
2399
2402
2406
2408
2410
2411
2413
2415
2417
2418
2420
2421
2423
2425
2426
2509
2511
2513
2514
2517
2522
2523
2525
2530
2531
2532
2533
2535
2540
2541
2542
2543
2548
2549
2550
2551
2553
2554
2634
2637
2640
2642
2643
2645
2647
2649
2650
2657
2659
2668
2671
2672
2675
2763
2768
2770
2774
2775
2779
2780
2782
2783
2784
2786
2787
2788
2789
2790
2791
2793
2796
2797
2798
2891
2894
2895
2897
2898
2899
2901
2902
2903
2904
2910
2913
2915
2916
2918
3030
3031
3033
3035
3036
3037
3038
