12775
12779
12780
12781
12783
12784
12787
12896
12903
12904
12906
12907
12909
12912
12913
12916
13023
13024
13025
13027
13030
13032
13036
13038
13039
13040
13143
13145
13147
13157
13158
13159
13160
13164
13165
13168
13169
13171
13173
13266
13269
13272
13277
13279
13280
13281
13284
13286
13288
13292
13293
13294
13296
13298
13388
13391
13395
13396
13400
13404
13406
13408
13409
13410
13411
13412
13413
13418
13419
13420
13421
13422
13424
13426
13511
13515
13517
13520
13524
13527
13528
13529
13533
13535
13537
13538
13539
13540
13548
13550
13551
13637
13639
13640
13646
13648
13650
13651
13652
13661
13662
13663
13666
13667
13669
13671
13674
13675
13676
13677
13760
13761
13763
13765
13768
13771
13773
13775
13778
13780
13785
13786
13790
13791
13792
13793
13795
13796
13797
13800
13801
13802
13803
13885
13886
13887
13888
13889
13890
13891
13893
13894
13897
13899
13900
13904
13905
13906
13907
13909
13911
13912
13913
13914
13916
13918
13920
13921
13922
13923
13924
14011
14014
14016
14018
14020
14022
14023
14026
14027
14030
14031
14032
14035
14038
14039
14040
14042
14043
14045
14049
14053
14054
14134
14138
14139
14140
14142
14143
14146
14147
14154
14155
14156
14157
14158
14160
14162
14163
14165
14166
14168
14174
14177
14178
14259
14265
14266
14271
14275
14277
14279
14280
14281
14286
14287
14288
14293
14296
14297
14299
14300
14386
14387
14388
14389
14390
14397
14398
14400
14404
14407
14409
14410
14416
14421
14422
14512
14514
14515
14517
14519
14520
14527
14534
14535
14537
14538
14541
14544
14642
14643
14646
14649
14656
14658
14661
14662
14664
14665
14668
14670
14769
14771
14772
14786
14788
14790
14791
14793
14794
14898
14899
14904
14905
14908
14911
14913
17533
17659
