4427
4432
4437
4438
4546
4547
4549
4551
4552
4553
4554
4555
4556
4557
4569
4571
4665
4666
4671
4676
4677
4678
4680
4686
4687
4688
4691
4694
4699
4700
4785
4788
4789
4790
4791
4793
4794
4795
4797
4809
4810
4811
4812
4814
4817
4821
4822
4824
4826
4910
4912
4916
4918
4919
4920
4921
4922
4924
4926
4927
4928
4930
4933
4934
4936
4937
4938
4939
4943
4944
4945
4947
4951
4952
4953
5041
5045
5046
5048
5049
5050
5052
5054
5056
5058
5061
5064
5070
5071
5072
5073
5075
5076
5165
5166
5167
5169
5170
5171
5172
5177
5178
5180
5181
5182
5184
5185
5187
5188
5189
5191
5192
5193
5195
5199
5200
5201
5287
5288
5291
5292
5294
5296
5297
5298
5300
5301
5304
5305
5309
5310
5311
5312
5314
5315
5320
5321
5323
5325
5416
5419
5421
5425
5429
5438
5443
5445
5447
5448
5450
5540
5541
5544
5546
5549
5551
5552
5553
5555
5556
5558
5563
5565
5566
5569
5570
5571
5572
5669
5670
5671
5674
5677
5682
5684
5687
5800
