1429
1430
1433
1550
1552
1554
1556
1557
1560
1563
1678
1679
1680
6299
6300
6301
6303
6307
6313
6316
6419
6420
6425
6426
6427
6428
6429
6433
6435
6437
6441
6443
6444
6541
6542
6544
6548
6553
6554
6555
6556
6557
6559
6562
6563
6569
6662
6674
6675
6677
6678
6680
6682
6684
6685
6687
6688
6691
6693
6694
6699
6701
6788
6792
6793
6794
6799
6801
6802
6803
6804
6805
6808
6809
6810
6811
6812
6813
6814
6817
6819
6823
6824
6911
6915
6916
6920
6921
6923
6926
6927
6930
6932
6933
6934
6935
6936
6939
6941
6942
6945
6949
6951
6953
7034
7036
7040
7042
7046
7049
7050
7053
7056
7058
7062
7063
7066
7067
7068
7069
7070
7075
7076
7078
7160
7161
7162
7167
7169
7171
7175
7177
7178
7182
7185
7186
7187
7188
7190
7191
7193
7195
7199
7200
7286
7288
7289
7291
7293
7294
7295
7296
7297
7298
7299
7300
7303
7304
7306
7307
7311
7312
7315
7317
7318
7320
7323
7324
7328
7410
7413
7414
7415
7419
7432
7433
7441
7442
7445
7447
7449
7450
7536
7539
7541
7544
7549
7550
7552
7553
7555
7556
7560
7561
7564
7565
7567
7576
7662
7664
7669
7670
7671
7678
7679
7680
7682
7685
7688
7689
7691
7692
7694
7695
7696
7697
7700
7791
7793
7798
7801
7804
7808
7809
7812
7815
7816
7817
7822
7823
7824
7918
7923
7929
7932
7934
7939
7940
7942
7946
8049
8051
8056
8058
8063
8064
8065
8066
17431
17433
17436
17545
17550
17551
17552
17556
17558
17562
17565
17666
17669
17671
17676
17677
17681
17682
17684
17686
17687
17691
17694
17697
17791
17795
17798
17799
17802
17803
17807
17808
17809
17810
17812
17814
17817
17822
17915
17916
17919
17921
17926
17927
17928
17935
17937
17938
17946
18043
18049
18050
18051
18056
18059
18061
18063
18066
18178
18183
