1802
1804
1806
1809
1925
1927
1931
1933
1934
1937
1938
2056
2057
2058
6921
6922
6923
6927
6930
6934
6937
7044
7047
7050
7051
7053
7057
7059
7061
7063
7066
7068
7069
7070
7164
7166
7168
7170
7174
7176
7177
7180
7181
7182
7183
7185
7186
7187
7188
7194
7196
7197
7288
7289
7291
7292
7294
7295
7300
7301
7304
7308
7309
7310
7313
7316
7317
7318
7319
7325
7411
7416
7420
7421
7422
7425
7427
7430
7433
7435
7438
7440
7442
7444
7446
7451
7452
7539
7540
7544
7545
7548
7551
7553
7558
7564
7567
7568
7570
7571
7661
7662
7666
7667
7671
7672
7673
7674
7676
7678
7679
7680
7681
7683
7687
7689
7691
7692
7693
7697
7701
7702
7789
7790
7792
7793
7794
7797
7799
7800
7801
7805
7808
7811
7812
7814
7816
7817
7819
7820
7822
7824
7827
7828
7910
7916
7918
7919
7920
7925
7926
7929
7931
7934
7936
7937
7942
7947
8036
8039
8041
8043
8044
8045
8047
8049
8050
8051
8054
8055
8056
8059
8060
8061
8062
8063
8067
8071
8074
8162
8163
8164
8167
8172
8173
8178
8183
8194
8195
8198
8200
8202
8286
8287
8293
8294
8295
8299
8302
8308
8309
8311
8314
8315
8316
8317
8319
8323
8324
8326
8414
8420
8425
8427
8428
8430
8431
8433
8437
8443
8541
8542
8543
8545
8550
8554
8557
8558
8562
8563
8566
8569
8571
8665
8667
8669
8672
8673
8674
8675
8676
8677
8679
8682
8683
8684
8687
8689
8693
8694
8696
8697
8699
8791
8795
8797
8798
8799
8800
8801
8802
8806
8807
8810
8811
8812
8813
8815
8816
8817
8820
8822
8914
8915
8916
8917
8920
8922
8923
8924
8927
8933
8935
8938
8943
8946
9044
9048
9049
9050
9052
9055
9058
9060
9062
9066
9067
9068
9168
9171
9175
9177
9178
9181
9182
9183
9184
9293
9294
9295
9296
9299
9300
9302
9303
9304
9306
9309
9310
9313
9314
9317
9420
9423
9424
9426
9428
9429
9431
9441
9550
9554
9560
9564
9680
9684
9690
9800
9801
9803
9804
9806
9808
9810
9814
9922
17799
17800
17802
17805
17808
17811
17813
17815
17923
17924
17925
17937
17939
17945
18042
18047
18048
18052
18055
18056
18062
18064
18070
18072
18165
18167
18169
18172
18173
18174
18175
18176
18180
18184
18185
18186
18190
18191
18194
18294
18295
18296
18298
18300
18306
18307
18309
18315
18316
18317
18420
18424
18428
18431
18433
18435
18436
18439
18550
18551
18553
