514
516
518
519
521
522
523
525
526
527
529
530
531
532
536
637
641
648
649
650
651
653
656
657
764
771
775
777
781
786
789
790
793
796
881
882
884
885
893
895
897
898
902
907
908
914
917
1006
1008
1009
1010
1011
1012
1013
1014
1016
1017
1020
1023
1026
1027
1031
1032
1034
1035
1036
1037
1038
1043
1047
1135
1137
1141
1142
1143
1145
1147
1148
1151
1152
1153
1154
1160
1162
1163
1165
1168
1169
1170
1257
1260
1261
1262
1263
1271
1279
1281
1282
1283
1286
1291
1294
1385
1386
1387
1388
1392
1394
1396
1397
1399
1402
1404
1405
1406
1409
1411
1412
1413
1512
1516
1518
1519
1520
1521
1524
1526
1527
1530
1533
1534
1538
1646
1647
1648
1649
1652
1655
7391
7392
7393
7398
7399
7400
7401
7404
7405
7409
7411
7514
7516
7520
7528
7529
7530
7531
7533
7537
7538
7539
7636
7639
7641
7646
7648
7649
7650
7651
7654
7655
7658
7660
7663
7664
7667
7759
7762
7764
7767
7772
7773
7776
7777
7779
7782
7785
7789
7792
7882
7886
7889
7892
7893
7895
7896
7900
7903
7904
7912
7914
7916
7918
7919
7921
8006
8007
8021
8022
8024
8025
8027
8028
8029
8033
8035
8036
8037
8038
8039
8043
8046
8132
8136
8137
8144
8145
8147
8148
8160
8161
8163
8164
8165
8166
8167
8170
8171
8256
8264
8267
8269
8270
8271
8277
8278
8280
8282
8283
8286
8287
8292
8295
8297
8298
8380
8386
8389
8391
8396
8397
8399
8400
8408
8409
8411
8415
8417
8418
8509
8512
8514
8515
8516
8517
8519
8522
8526
8527
8528
8529
8531
8534
8535
8536
8537
8538
8539
8540
8544
8546
8548
8630
8633
8635
8636
8641
8642
8644
8645
8646
8648
8649
8650
8651
8652
8653
8655
8656
8657
8660
8662
8664
8668
8674
8754
8758
8759
8761
8762
8763
8765
8766
8767
8768
8772
8773
8779
8781
8782
8784
8785
8790
8792
8793
8794
8795
8797
8879
8880
8881
8887
8888
8890
8891
8894
8896
8898
8899
8900
8901
8903
8904
8914
8915
8918
8919
9004
9005
9008
9010
9015
9022
9026
9028
9031
9034
9036
9038
9043
9130
9132
9133
9134
9135
9136
9137
9138
9140
9144
9147
9148
9149
9155
9160
9161
9164
9169
9254
9255
9257
9262
9264
9268
9270
9272
9273
9274
9277
9278
9279
9282
9283
9284
9285
9286
9288
9290
9293
9294
9388
9392
9393
9394
9395
9397
9398
9403
9404
9408
9409
9410
9411
9413
9415
9420
9421
9507
9511
9514
9518
9523
9525
9527
9529
9530
9533
9534
9540
9541
9546
9630
9633
9634
9635
9636
9639
9640
9642
9643
9645
9648
9649
9650
9652
9653
9655
9659
9660
9663
9664
9668
9671
9759
9762
9763
9765
9766
9767
9768
9771
9772
9775
9778
9779
9780
9784
9786
9787
9788
9789
9793
9794
9796
9797
9884
9886
9888
9889
9890
9891
9892
9895
9896
9898
9900
9902
9903
9905
9906
9908
9910
9913
9914
9916
9919
9920
10005
10006
10007
10009
10012
10017
10018
10020
10021
10023
10026
10027
10030
10031
10032
10035
10038
10039
10043
10044
10045
10047
10130
10134
10137
10138
10139
10143
10144
10146
10148
10149
10151
10152
10155
10156
10159
10161
10163
10164
10165
10166
10170
10171
10172
10255
10259
10260
10262
10266
10267
10270
10274
10275
10277
10278
10281
10282
10283
10284
10285
10286
10292
10293
10294
10380
10383
10390
10393
10394
10395
10396
10398
10403
10406
10407
10408
10409
10410
10411
10416
10422
10507
10513
10515
10516
10520
10523
10527
10528
10529
10531
10532
10537
10539
10544
10545
10633
10634
10636
10637
10638
10639
10640
10642
10643
10647
10648
10651
10652
10655
10658
10660
10662
10663
10759
10765
10767
10768
10774
10775
10776
10783
10784
10786
10787
10792
10883
10886
10888
10896
10898
10899
10900
10901
10903
10904
10906
10907
10911
10917
10920
11009
11013
11015
11016
11018
11019
11020
11021
11023
11024
11027
11031
11033
11034
11038
11039
11135
11142
11148
11149
11150
11152
11156
11157
11160
11162
11163
11165
11167
11168
11260
11262
11264
11266
11269
11270
11271
11272
11274
11276
11278
11280
11281
11282
11283
11284
11285
11286
11288
11289
11290
11291
11293
11386
11387
11389
11393
11395
11396
11397
11398
11399
11400
11403
11404
11405
11407
11409
11410
11411
11415
11511
11512
11516
11517
11518
11520
11524
11528
11529
11530
11532
11533
11536
11639
11640
11641
11642
11646
11647
11650
11654
11656
11657
11658
11660
11664
11766
11767
11768
11771
11775
11776
11781
11782
11784
11785
11787
11891
11892
11898
11901
11902
11903
11904
11907
11908
11910
12018
12021
12023
12024
12025
12027
12029
12030
12150
12155
12275
12277
12280
12398
12400
12402
12404
12405
19400
19401
19403
19514
19517
19519
19520
19521
19525
19527
19533
19538
19639
19640
19642
19645
19648
19652
19654
19657
19658
19659
19660
19662
19664
19667
19768
19771
19772
19773
19774
19775
19776
19779
19782
19783
19786
19789
19792
19793
19883
19884
19885
19886
19888
19890
19892
19894
19895
19896
19901
19903
19909
19910
19914
19919
20010
20014
20017
20025
20027
20029
20031
20034
20035
20136
20137
20140
20141
20143
20144
20146
20148
20149
20151
20152
20156
20158
20161
20162
20163
20264
20266
20275
20276
20280
20282
20283
20284
20285
20286
20290
20390
20401
20404
20405
20407
20408
