8397
8399
8402
8403
8405
8407
8521
8524
8527
8535
8536
8642
8643
8644
8647
8648
8652
8654
8655
8658
8661
8766
8769
8776
8777
8783
8894
8898
8900
8905
8908
8910
8911
9016
9019
9020
9021
9022
9024
9026
9027
9030
9032
9034
9144
9148
9149
9151
9154
9155
9158
9159
9160
9265
9267
9269
9273
9274
9275
9277
9280
9284
9285
9391
9398
9402
9405
9407
9408
9411
9413
9518
9520
9530
9531
9534
9639
9642
9643
9646
9647
9650
9652
9654
9655
9656
9659
9660
9764
9765
9767
9773
9774
9777
9778
9780
9781
9788
9789
9889
9892
9894
9899
9902
10014
10017
10018
10019
10021
10022
10024
10026
10027
10028
10030
10034
10036
10037
10038
10139
10143
10147
10152
10154
10156
10157
10161
10267
10273
10274
10276
10277
10278
10279
10282
10389
10390
10393
10394
10395
10403
10404
10406
10407
10412
10514
10515
10527
10528
10531
10533
10535
10643
10647
10652
10654
10656
10657
10659
10660
10769
10770
10778
10779
10782
10784
10785
10894
10895
10898
10907
10910
10912
11019
11023
11028
11147
11152
11156
11157
11158
11269
11270
11272
11273
11276
11278
11279
11393
11395
11396
11398
11400
11401
11403
11404
11406
11407
11521
11524
16650
16651
16652
16655
16656
16761
16763
16768
16769
16772
16781
16787
16790
16884
16885
16887
16889
16891
16892
16895
16897
16901
16904
16905
16906
16909
16912
16913
16914
16917
16918
16920
17009
17011
17012
17013
17014
17019
17021
17022
17023
17024
17026
17028
17030
17032
17036
17041
17043
17046
17048
17130
17134
17141
17142
17144
17145
17146
17149
17150
17153
17154
17157
17159
17160
17161
17165
17166
17168
17169
17171
17173
17254
17257
17260
17263
17264
17266
17267
17269
17270
17272
17276
17278
17280
17284
17285
17286
17291
17293
17295
17297
17379
17380
17383
17388
17389
17390
17391
17394
17396
17398
17399
17400
17401
17402
17405
17406
17409
17412
17414
17415
17417
17420
17505
17507
17509
17515
17516
17517
17518
17525
17529
17530
17532
17534
17535
17536
17538
17542
17545
17632
17633
17636
17638
17642
17649
17651
17656
17658
17662
17666
17762
17764
17765
17768
17773
17775
17776
17777
17782
17789
17896
17897
17900
17903
17906
