13774
13775
13776
13778
13779
13893
13895
13899
13900
14019
14020
14021
14023
14029
14031
14032
14035
14145
14150
14151
14156
14159
14160
14270
14272
14274
14275
14276
14277
14278
14282
14283
17390
17396
17397
17399
17402
17403
17404
17405
17409
17412
17514
17516
17521
17527
17530
17531
17532
17534
17535
17538
17539
17540
17542
17544
17634
17635
17636
17642
17646
17649
17650
17651
17653
17655
17661
17662
17663
17665
17666
17667
17670
17755
17756
17761
17762
17768
17769
17770
17773
17774
17776
17779
17780
17782
17785
17792
17793
17794
17797
17879
17883
17884
17885
17886
17887
17889
17893
17895
17896
17897
17900
17901
17902
17905
17910
17915
17917
17918
17919
17921
17924
18006
18015
18016
18017
18018
18023
18024
18025
18027
18029
18030
18032
18033
18034
18037
18042
18044
18046
18047
18131
18135
18142
18144
18145
18146
18147
18153
18160
18161
18165
18166
18167
18168
18257
18258
18260
18262
18265
18266
18278
18281
18284
18286
18289
18291
18293
18389
18393
18397
18398
18401
18403
18408
18409
18414
18418
18515
18516
18518
18521
18524
18526
18527
18528
18529
18530
18532
18533
18535
18537
18538
18646
18648
