925
928
1051
1052
1058
1060
1062
1063
1176
1178
1179
1181
1185
1188
1189
1304
1308
7673
7677
7682
7685
7686
7687
7689
7793
7796
7797
7800
7802
7807
7811
7813
7814
7815
7817
7916
7919
7922
7924
7927
7928
7933
7936
7939
7942
7944
8040
8043
8044
8045
8046
8048
8053
8054
8056
8059
8061
8070
8073
8166
8170
8171
8172
8173
8176
8177
8178
8179
8182
8183
8185
8186
8187
8188
8192
8193
8195
8197
8200
8290
8292
8293
8295
8297
8298
8301
8305
8306
8309
8310
8315
8318
8323
8325
8415
8416
8422
8425
8428
8429
8431
8434
8435
8436
8437
8439
8440
8441
8443
8444
8445
8447
8450
8536
8537
8538
8539
8540
8541
8542
8545
8546
8549
8552
8553
8554
8556
8560
8563
8573
8575
8576
8661
8663
8664
8665
8668
8670
8676
8677
8678
8679
8681
8683
8685
8686
8687
8689
8690
8692
8693
8696
8699
8700
8788
8789
8790
8791
8794
8798
8801
8803
8807
8809
8810
8811
8813
8816
8817
8818
8819
8820
8823
8824
8825
8826
8912
8920
8921
8923
8928
8929
8930
8931
8934
8936
8938
8940
8945
8948
8949
8950
8952
9036
9038
9039
9040
9042
9044
9048
9052
9053
9056
9060
9061
9062
9065
9066
9069
9072
9076
9162
9163
9165
9166
9168
9169
9170
9172
9173
9174
9177
9178
9179
9180
9182
9183
9185
9189
9190
9193
9195
9197
9199
9200
9201
9286
9288
9289
9291
9292
9293
9294
9296
9298
9299
9300
9302
9304
9306
9307
9309
9312
9315
9316
9318
9320
9322
9411
9412
9413
9419
9426
9427
9429
9431
9433
9435
9436
9437
9440
9441
9445
9448
9450
9544
9545
9547
9549
9553
9554
9557
9558
9559
9562
9563
9564
9565
9566
9569
9571
9572
9576
9666
9667
9670
9673
9674
9676
9678
9679
9680
9683
9685
9688
9690
9691
9692
9788
9793
9796
9798
9800
9803
9805
9806
9807
9809
9810
9811
9812
9814
9816
9819
9820
9821
9822
9823
9826
9827
9911
9912
9914
9915
9917
9918
9922
9925
9926
9928
9929
9931
9932
9933
9936
9938
9939
9940
9941
9942
9948
9949
10037
10038
10039
10045
10051
10056
10057
10058
10062
10067
10071
10074
10163
10164
10172
10176
10178
10179
10180
10181
10182
10184
10185
10188
10189
10190
10193
10194
10195
10200
10286
10288
10289
10290
10299
10302
10304
10306
10307
10311
10312
10313
10314
10318
10320
10412
10414
10416
10419
10423
10438
10440
10442
10443
10445
10446
10537
10538
10540
10541
10542
10548
10549
10550
10551
10553
10558
10561
10562
10565
10566
10567
10569
10570
10573
10575
10662
10664
10667
10670
10672
10673
10675
10676
10682
10683
10685
10687
10689
10690
10691
10698
10699
10787
10789
10791
10792
10793
10799
10800
10801
10802
10807
10808
10813
10817
10821
10823
10824
10914
10915
10917
10920
10924
10927
10929
10930
10932
10935
10938
10940
10941
10944
11042
11044
11048
11049
11050
11052
11053
11054
11057
11058
11059
11060
11065
11067
11068
11069
11070
11073
11164
11166
11167
11175
11177
11182
11183
11184
11187
11190
11191
11192
11193
11198
11289
11294
11297
11301
11302
11303
11304
11305
11310
11311
11312
11315
11317
11318
11322
11415
11416
11417
11419
11421
11424
11426
11427
11429
11431
11433
11436
11440
11442
11443
11445
11547
11551
11552
11553
11554
11555
11556
11557
11559
11562
11563
11565
11566
11569
11668
11676
11677
11679
11681
11682
11683
11685
11687
11690
11691
11692
11693
11694
11695
11798
11801
11804
11806
11810
11811
11812
11813
11918
11922
11928
11929
11930
11931
11933
11934
11935
11936
11937
11939
12048
12049
12050
12051
12052
12055
12056
12057
12058
12059
12061
12173
12174
12176
12179
12180
12181
12182
12183
12187
12189
12300
12306
12310
12311
12313
12314
19418
19421
19422
19427
19428
19430
19433
19437
19439
19440
19539
19540
19543
19544
19545
19546
19551
19553
19557
19558
19559
19561
19563
19564
19565
19568
19571
19572
19574
19662
19669
19671
19675
19676
19678
19680
19681
19685
19688
19690
19691
19693
19695
19702
19787
19788
19790
19792
19799
19803
19804
19805
19808
19811
19813
19814
19817
19818
19819
19821
19824
19825
19826
19827
19909
19915
19919
19924
19925
19928
19933
19937
19938
19940
19944
19945
19946
19948
19951
19954
20038
20041
20043
20046
20047
20048
20049
20050
20058
20063
20066
20068
20070
20071
20076
20077
20078
20079
20159
20160
20167
20168
20170
20172
20174
20175
20178
20180
20184
20186
20187
20189
20190
20191
20193
20194
20195
20196
20197
20198
20199
20201
20289
20299
20302
20303
20308
20309
20310
20311
20312
20316
20317
20320
20325
20413
20414
20418
20422
20423
20424
20426
20427
20429
20430
20431
20434
20435
20436
20437
20438
20440
20441
20445
20448
20547
20552
20555
20556
20562
20563
20565
20566
20567
20569
