510
511
512
516
517
521
522
526
527
528
529
531
532
534
535
536
537
538
539
543
549
631
632
636
639
643
646
649
650
654
656
659
660
661
664
665
756
757
761
765
767
768
769
770
774
775
777
779
782
783
784
786
787
791
795
886
891
892
896
900
901
903
904
905
906
907
914
917
2644
2653
2654
2655
2759
2761
2762
2764
2766
2767
2768
2771
2773
2776
2777
2785
2787
2788
2789
2791
2792
2881
2884
2888
2891
2893
2894
2895
2896
2897
2906
2907
2908
2911
2914
2915
2919
3006
3007
3008
3009
3010
3012
3013
3015
3018
3019
3020
3021
3023
3024
3025
3026
3027
3030
3031
3033
3036
3037
3040
3041
3044
3130
3131
3133
3143
3145
3150
3151
3152
3154
3155
3157
3158
3159
3162
3163
3164
3168
3170
3172
3256
3257
3258
3259
3264
3266
3269
3271
3273
3274
3276
3277
3281
3284
3286
3287
3288
3290
3292
3387
3388
3392
3394
3396
3399
3400
3404
3405
3407
3408
3409
3410
3411
3412
3415
3523
3524
3526
3527
5266
5269
5274
5276
5277
5280
5282
5283
5284
5286
5290
5384
5391
5392
5393
5394
5397
5402
5403
5408
5409
5412
5415
5419
5508
5512
5513
5515
5517
5519
5521
5522
5524
5525
5528
5530
5532
5540
5543
5544
5634
5635
5638
5639
5641
5642
5643
5644
5645
5650
5651
5652
5655
5656
5657
5658
5660
5662
5665
5668
5756
5760
5765
5771
5776
5777
5781
5789
5790
5791
5795
5881
5884
5893
5895
5898
5900
5903
5905
5908
5909
5916
5919
5920
6011
6014
6016
6018
6020
6021
6022
6023
6025
6028
6029
6031
6032
6035
6036
6043
6044
6045
6134
6135
6136
6137
6138
6139
6140
6144
6146
6148
6153
6156
6158
6162
6163
6164
6262
6266
6269
6273
6276
6282
6288
6289
6290
6291
6395
6397
6398
6399
6400
6401
6403
6407
13644
13645
13650
13652
13653
13655
13659
13660
13763
13764
13765
13766
13772
13776
13780
13781
13785
13786
13787
13889
13891
13892
13894
13895
13896
13906
13912
13915
13916
14012
14014
14015
14017
14027
14028
14032
14036
14038
14041
14042
14139
14143
14145
14148
14153
14156
14158
14164
14166
14264
14266
14269
14270
14271
14272
14274
14275
14278
14283
14394
14395
14407
14409
17021
17023
17024
17033
17035
17138
17139
17142
17145
17147
17148
17153
17154
17155
17159
17160
17161
17262
17263
17264
17266
17267
17271
17276
17284
17387
17389
17390
17391
17393
17406
17407
17408
17409
17515
17517
17519
17523
17527
17528
17534
17535
19643
19647
19652
19655
19656
19770
19772
19773
19775
19776
19784
19785
19787
19893
19894
19895
19897
19898
19899
19901
19904
19908
20021
20026
20027
20028
20029
