2296
2298
2301
2304
2318
2319
2420
2421
2422
2424
2427
2428
2429
2430
2431
2432
2433
2437
2441
2447
2449
2537
2538
2542
2543
2544
2550
2554
2560
2564
2565
2567
2574
2577
2662
2663
2667
2668
2673
2677
2680
2681
2682
2684
2685
2692
2697
2699
2702
2788
2790
2792
2793
2795
2796
2798
2799
2804
2805
2807
2811
2814
2816
2817
2818
2822
2823
2824
2825
2828
2829
2915
2918
2919
2921
2922
2923
2926
2928
2931
2932
2935
2939
2942
2944
2946
2947
2949
2952
2953
2954
3034
3038
3041
3044
3047
3049
3050
3053
3055
3062
3063
3065
3066
3068
3070
3073
3075
3162
3164
3167
3169
3171
3172
3174
3175
3177
3178
3182
3185
3186
3188
3191
3194
3196
3199
3200
3201
3202
3288
3289
3290
3291
3295
3299
3300
3301
3302
3303
3304
3305
3306
3308
3312
3314
3315
3317
3319
3320
3323
3419
3420
3421
3429
3433
3435
3436
3437
3441
3548
3549
14431
14433
14547
14550
14554
14557
14558
14562
14563
14564
14669
14670
14678
14682
14685
14688
14694
14794
14796
14797
14798
14800
14802
14804
14805
14808
14810
14811
14813
14816
14817
14818
14819
14919
14920
14923
14925
14926
14927
14928
14933
14936
14941
14943
14945
15039
15040
15041
15042
15047
15056
15057
15060
15062
15063
15070
15073
15165
15172
15174
15176
15180
15182
15183
15184
15188
15189
15190
15192
15196
15289
15291
15294
15296
15300
15303
15304
15307
15308
15309
15311
15314
15316
15318
15321
15413
15418
15422
15425
15427
15428
15429
15432
15433
15436
15441
15442
15443
15447
15448
15542
15544
15546
15548
15549
15550
15552
15555
15557
15562
15564
15572
15573
15574
15670
15671
15672
15674
15683
15686
15687
15689
15692
15695
15696
15697
15792
15795
15796
15798
15799
15802
15810
15811
15813
15820
15921
15922
15924
15925
15928
15930
15931
15936
15941
15942
15944
15945
16045
16052
16053
16055
16058
16059
16063
16064
16067
