3647
3650
3653
3656
3659
3665
3759
3761
3763
3767
3770
3772
3776
3780
3782
3786
3788
3790
3791
3794
3884
3885
3887
3888
3889
3892
3896
3899
3902
3903
3904
3905
3906
3911
3912
3918
4005
4007
4009
4013
4015
4024
4028
4029
4030
4031
4033
4034
4036
4038
4040
4043
4044
4046
4047
4049
4134
4137
4140
4141
4143
4145
4146
4147
4148
4149
4150
4151
4154
4155
4156
4159
4161
4166
4167
4171
4258
4259
4260
4261
4264
4265
4266
4267
4269
4270
4271
4272
4273
4275
4279
4280
4281
4285
4288
4289
4291
4292
4388
4391
4395
4396
4399
4405
4407
4408
4410
4412
4414
16266
16268
16269
16270
16274
16276
16277
16279
16281
16283
16284
16285
16286
16386
16388
16389
16390
16397
16399
16401
16405
16408
16409
16412
16415
16417
16418
16514
16515
16518
16520
16521
16523
16527
16530
16531
16532
16537
16538
16540
16541
16543
16547
16630
16631
16632
16637
16639
16643
16645
16655
16660
16661
16663
16667
16671
16756
16757
16761
16762
16766
16767
16770
16773
16779
16780
16784
16785
16786
16789
16792
16793
16795
16882
16886
16891
16892
16897
16898
16899
16900
16902
16903
16904
16905
16907
16909
16910
16911
16913
16915
17014
17017
17018
17020
17021
17022
17023
17028
17029
17030
17031
17034
17035
20650
