1528
1529
1530
1531
1532
1533
1535
1536
1540
1542
1543
1644
1645
1646
1647
1648
1649
1651
1654
1655
1659
1660
1664
1667
1674
1762
1763
1766
1767
1770
1773
1774
1775
1776
1781
1783
1785
1786
1788
1792
1799
1885
1889
1891
1893
1896
1899
1900
1901
1902
1905
1906
1910
1912
1914
1919
1922
1925
1926
2011
2012
2015
2018
2021
2023
2029
2030
2032
2037
2038
2039
2041
2044
2045
2046
2047
2049
2051
2053
2135
2139
2142
2144
2146
2147
2152
2154
2156
2157
2158
2160
2162
2165
2168
2171
2172
2174
2175
2177
2261
2264
2268
2270
2271
2273
2276
2277
2278
2279
2282
2284
2285
2286
2287
2292
2294
2299
2302
2389
2391
2393
2394
2395
2397
2398
2403
2404
2406
2407
2409
2411
2412
2415
2417
2422
2423
2426
2516
2525
2526
2528
2529
2530
2535
2536
2537
2540
2544
2649
2651
2652
2653
2654
2656
2658
2659
2662
2663
2666
2777
2782
