10
12
13
19
21
23
26
28
29
31
32
33
34
35
36
39
45
46
48
49
135
136
137
138
140
141
144
146
148
149
152
153
157
158
162
163
164
166
167
168
172
174
175
176
264
266
267
273
277
281
282
284
287
290
293
294
295
396
402
404
408
409
410
2021
2023
2026
2027
2033
2034
2042
2141
2142
2143
2144
2147
2150
2156
2160
2162
2163
2164
2165
2169
2173
2175
2263
2269
2273
2275
2276
2281
2283
2284
2285
2286
2287
2288
2289
2292
2294
2297
2298
2301
2302
2389
2391
2393
2399
2400
2402
2403
2404
2405
2406
2407
2409
2410
2412
2413
2416
2418
2419
2420
2421
2424
2427
2428
2429
2509
2511
2516
2522
2524
2525
2526
2529
2531
2532
2533
2537
2538
2542
2543
2544
2547
2551
2553
2638
2639
2642
2646
2648
2655
2656
2658
2659
2660
2661
2662
2663
2669
2674
2675
2764
2769
2770
2771
2774
2776
2778
2782
2787
2789
2790
2791
2795
2894
2895
2900
2901
2903
2904
2906
2908
4527
4528
4529
4532
4533
4534
4538
4539
4642
4643
4645
4648
4649
4651
4654
4656
4658
4660
4663
4664
4665
4666
4667
4669
4672
4673
4765
4766
4767
4768
4773
4776
4777
4781
4783
4786
4788
4789
4792
4793
4795
4796
4799
4800
4890
4891
4894
4895
4896
4907
4908
4912
4913
4914
4917
4921
4922
5011
5012
5017
5020
5022
5023
5024
5025
5026
5027
5028
5030
5032
5034
5037
5038
5041
5042
5043
5044
5048
5049
5050
5051
5139
5142
5143
5147
5151
5152
5153
5156
5157
5158
5159
5161
5162
5165
5166
5167
5170
5171
5175
5264
5266
5267
5269
5270
5271
5274
5275
5276
5277
5278
5282
5283
5284
5294
5296
5297
5395
5400
5401
5402
5405
5415
5416
7146
7147
7148
7151
7158
7159
7160
7163
7165
7264
7266
7267
7270
7272
7274
7276
7280
7281
7282
7283
7285
7286
7287
7288
7289
7291
7295
7296
7392
7393
7398
7400
7401
7402
7405
7407
7409
7410
7411
7412
7413
7414
7415
7416
7418
7420
7421
7423
7425
7512
7513
7515
7516
7519
7521
7522
7523
7526
7527
7529
7534
7537
7542
7543
7545
7546
7548
7636
7638
7639
7640
7642
7647
7648
7649
7650
7651
7652
7654
7657
7658
7659
7661
7662
7663
7664
7666
7667
7672
7673
7675
7765
7766
7767
7768
7769
7771
7772
7775
7776
7778
7780
7783
7784
7785
7786
7788
7789
7790
7791
7895
7900
7908
7909
7913
9656
9657
9658
9768
9770
9773
9775
9782
9784
9786
9788
9790
9793
9794
9795
9889
9892
9893
9894
9898
9901
9908
9912
9913
9914
9915
9920
9923
10016
10020
10021
10023
10024
10025
10028
10029
10032
10042
10043
10046
10048
10050
10138
10139
10141
10142
10143
10145
10147
10150
10154
10155
10157
10161
10163
10170
10171
10269
10270
10271
10273
10274
10277
10278
10279
10281
10285
10287
10289
10290
10292
10295
10296
10398
10399
10403
10404
10407
10409
10411
10412
12273
12276
12279
12280
12282
12283
12287
12288
12289
12394
12396
12397
12398
12399
12400
12404
12406
12409
12411
12412
12414
12416
12517
12525
12528
12529
12531
12534
12537
12538
12540
12541
12547
12644
12651
12652
12653
12657
12658
12662
12663
12664
12668
12771
12772
12776
12780
12784
12789
12792
12793
