     105.7
     114.5
    1176.6
    1332.7
    2043.3
    2075.5
    2080.0
    2094.0
    2228.1
    3278.3
    3720.3
    3730.2
    4396.7
    4405.2
    4405.8
    4618.2
    4638.3
    5049.4
    5217.8
    5722.7
    6024.1
    6322.7
    6689.7
    6740.8
    6748.8
    6990.8
    7155.4
    7287.6
    7449.6
    7504.3
    7835.6
    7885.2
    7998.1
    8115.5
    8404.9
    8588.1
    8659.2
    8756.5
    8775.9
    9179.5
    9384.2
    9491.9
    9740.8
    9825.4
   10168.4
   10278.9
   10345.9
   10372.6
   10416.6
   10577.3
   10714.5
   10938.8
   11244.7
   11360.9
   11568.0
   11891.6
   11977.8
   11999.8
   12052.8
   12072.4
   12093.6
   12171.4
   12294.7
   12495.0
   12656.7
   12886.4
   14077.3
   14370.6
   14516.0
   14729.2
   14800.9
   14804.6
   15754.5
   15780.2
   16190.9
   16563.9
   16639.7
   16692.5
   16897.8
   17465.7
   17495.8
   17633.4
   18101.7
   18128.0
   18281.2
   18422.4
   18534.8
   18713.5
   18719.9
   18970.1
   18994.4
   19068.1
   19290.3
   19543.5
   19551.4
   19571.4
   19905.3
   20039.9
   20936.1
   21077.9
   21413.1
   21585.3
   21725.5
   21786.1
   22144.9
