     277.6
     332.3
     417.1
     484.1
     936.9
    1143.9
    1401.7
    1535.5
    1538.5
    1583.7
    1703.4
    1725.0
    1803.7
    1882.6
    2243.3
    2300.9
    2404.7
    2453.2
    2695.4
    2772.0
    2799.9
    2929.3
    3174.9
    3246.9
    3352.4
    3795.1
    4115.8
    4149.7
    4493.5
    4724.9
    4875.6
    5315.7
    5587.4
    5687.0
    5749.5
    5985.0
    6089.5
    6336.7
    6522.4
    6527.7
    6690.4
    6691.7
    6805.7
    7124.3
    7278.9
    7372.6
    7411.8
    7478.5
    7621.3
    7656.1
    7688.8
    7818.4
    7941.7
    8170.7
    8258.4
    8340.1
    8406.1
    9162.1
    9459.4
    9956.6
    9977.5
   10669.9
   10790.3
   11256.2
   11416.5
   11695.6
   11946.6
   11996.3
   12057.3
   12134.4
   12183.2
   12644.1
   12700.3
   12768.2
   12909.2
   13092.3
   13340.3
   13469.5
   13806.6
   14242.3
   14297.7
   14310.6
   14463.2
   14543.9
   14983.4
   15537.3
   15585.1
   15793.6
   16053.4
   16158.8
   16552.8
   16578.8
   16725.0
   16888.3
   17317.3
   17424.5
   17625.3
   17755.6
   17834.4
   17867.3
   18178.6
   18270.7
   18282.0
   18386.8
   19005.2
   19141.5
   19174.2
   19263.1
   19362.4
   20085.1
   20196.7
   20595.9
   20714.6
   21624.8
   21684.8
   21696.5
   21812.0
   21938.9
   22116.1
   22719.3
