     103.5
     302.0
     464.5
     574.3
     675.5
     728.1
     925.4
    1004.6
    1017.7
    1156.0
    1723.1
    2059.1
    2106.1
    2268.3
    2647.8
    2869.8
    3032.5
    3282.7
    3336.2
    4010.3
    4240.2
    4242.6
    5281.8
    5943.0
    6164.9
    6365.3
    6506.3
    6622.3
    7148.6
    7270.3
    7568.1
    7789.0
    7875.8
    7999.9
    8078.4
    8150.7
    8737.8
    9206.4
    9497.3
    9621.8
   10011.6
   10255.4
   10823.0
   10834.2
   10960.1
   10995.8
   11159.5
   11366.4
   11720.7
   11866.8
   12188.5
   12426.1
   12703.1
   12952.5
   13275.8
   13426.9
   13514.5
   13748.2
   13848.6
   14113.7
   14129.1
   14184.3
   14380.3
   14426.4
   14486.5
   14565.0
   14722.8
   14752.1
   15152.3
   15265.4
   15514.0
   15583.1
   15765.8
   15820.7
   15824.5
   15936.8
   15991.5
   16186.4
   16230.7
   16265.3
   16380.2
   16725.6
   16814.1
   17047.0
   17263.2
   17340.1
   17361.3
   17547.8
   17572.4
   17623.6
   17687.6
   17699.8
   18078.7
   18141.6
   18323.8
   18888.1
   18939.2
   19049.9
   19372.3
   19513.1
   20313.8
   20354.7
   20677.3
   20951.8
   21064.8
   21431.8
   21619.3
   21656.1
   21672.6
   22180.5
   22516.3
   22698.0
   22866.7
