     345.8
     540.0
     996.3
    1499.0
    2446.5
    2824.4
    2919.4
    3242.7
    3631.1
    4181.8
    4208.8
    4244.0
    4544.4
    4623.2
    4949.0
    5171.3
    5790.2
    6375.4
    6696.3
    6771.4
    6826.5
    6883.9
    7053.1
    7151.2
    7276.5
    7433.8
    7901.7
    8109.4
    8286.6
    8590.0
    9056.3
    9060.5
    9411.6
    9739.5
    9930.5
   10071.1
   10075.3
   10248.9
   10803.3
   10929.7
   11075.8
   11591.0
   11749.7
   12047.9
   12098.9
   12249.8
   12562.0
   13046.7
   13049.3
   13057.3
   13118.1
   13344.5
   13813.2
   13877.4
   13929.7
   13941.7
   14240.1
   14473.8
   14493.0
   14619.6
   14821.9
   14835.3
   14897.8
   14913.3
   15047.6
   15202.0
   15343.2
   15571.5
   15678.4
   15742.7
   15948.2
   16004.3
   16115.4
   16216.1
   16247.8
   16577.3
   17041.0
   17346.9
   17434.3
   17445.3
   17876.4
   17980.7
   17982.8
   18074.4
   18141.2
   18329.5
   18984.6
   19133.0
   19325.7
   19331.1
   19501.0
   19504.3
   19732.8
   19848.3
   20144.2
   20443.1
   20564.2
   20696.4
   20791.0
   21040.6
   21110.1
   21806.3
   21877.9
   21892.1
   22069.1
   22149.4
   22279.8
   22287.4
   22573.6
   22647.1
   22988.4
