      68.3
     144.7
     303.0
     335.2
     383.7
     402.5
     542.8
    1563.0
    1959.2
    2104.2
    2112.4
    2365.6
    2620.4
    3848.4
    3884.6
    3918.2
    4041.8
    4053.7
    4338.6
    4824.5
    4992.0
    5011.9
    5181.3
    5400.9
    6661.9
    6868.2
    7143.1
    7535.5
    7617.5
    7747.4
    7847.4
    8150.1
    8308.3
    8426.4
    8472.0
    8482.9
    8507.6
    8539.7
    8780.1
    9662.7
   10260.4
   10301.7
   10743.8
   10927.2
   11008.4
   11103.5
   11180.1
   11198.3
   11617.2
   11755.7
   11912.8
   12025.3
   12056.1
   12110.3
   12376.8
   12499.2
   13518.4
   13869.5
   14159.2
   14449.0
   14696.4
   14764.8
   14774.2
   14814.8
   14848.7
   15287.1
   15522.6
   15687.0
   16097.2
   16142.6
   16206.7
   16475.0
   16700.8
   16809.1
   16876.7
   16891.3
   17373.3
   17635.0
   17675.5
   17769.8
   17950.9
   18118.1
   18174.1
   18237.5
   18724.0
   18954.3
   19075.9
   19215.2
   19216.0
   19703.6
   19765.7
   19805.0
   20441.3
   20629.1
   20970.1
   21038.8
   21445.3
   21465.3
   21632.1
   21686.8
   21924.4
   22346.8
   22362.3
   22370.5
   22769.8
   22856.8
