     153.1
     204.5
     256.4
     408.8
     430.6
     445.3
     727.8
    1071.9
    1258.7
    1295.6
    1378.7
    1569.8
    1766.9
    2069.3
    2150.1
    2245.4
    2289.5
    2468.3
    2534.1
    2577.3
    2590.2
    2812.4
    2862.9
    3057.0
    3158.2
    3713.9
    3860.7
    3893.2
    4089.2
    4122.6
    4157.0
    4584.5
    4828.9
    6094.1
    6267.8
    6336.0
    6465.8
    6739.4
    6815.3
    6917.2
    7445.1
    7742.8
    7759.1
    7794.1
    7921.5
    8059.7
    8258.5
    8319.8
    8661.1
    8697.4
    9270.7
    9513.2
    9597.5
    9617.1
    9651.7
    9749.7
    9887.1
    9891.7
   10128.8
   10257.6
   10519.3
   10743.7
   10969.1
   10983.2
   11212.4
   11305.3
   11627.6
   12015.1
   12214.9
   12448.7
   12456.7
   12477.5
   12634.6
   12667.7
   12870.2
   12881.6
   12883.1
   12891.5
   13127.9
   13149.3
   13640.9
   13886.9
   13999.5
   14077.5
   14189.3
   14398.0
   14767.6
   14808.9
   14838.3
   14972.9
   15062.1
   15273.0
   15505.8
   15531.8
   15857.3
   16401.9
   16561.5
   17238.1
   17610.5
   17719.5
   17947.3
   18020.7
   18094.3
   18321.5
   18367.5
   18642.1
   18728.7
   19417.2
   19433.0
   19449.6
   19878.6
   19911.1
   20165.5
   20328.8
   20983.2
   21188.5
   21240.7
   21268.1
   21326.1
   21588.7
   21694.4
   22221.9
   22893.0
   22924.8
   22943.8
