     102.2
     244.9
     378.0
     396.1
    2239.7
    3407.2
    3422.0
    3541.0
    3721.3
    3806.6
    3988.4
    4082.0
    4358.6
    4548.6
    4610.7
    4635.0
    4639.8
    4730.5
    4746.9
    5222.7
    5735.7
    6029.1
    6274.5
    6459.0
    6513.6
    6734.7
    6911.3
    6949.9
    6998.7
    7113.8
    7411.4
    7755.3
    7810.4
    8377.8
    8810.1
    8877.7
    9224.0
    9494.0
    9544.4
    9681.9
   10062.9
   10200.1
   10782.4
   10811.9
   10887.8
   11021.8
   11440.4
   11535.6
   11588.8
   11604.2
   11668.6
   11760.5
   12005.5
   12015.8
   12027.8
   12121.8
   12696.7
   12915.1
   13085.2
   13838.1
   13886.1
   14171.6
   14375.3
   14585.5
   15054.2
   15088.8
   15148.3
   15221.3
   15368.8
   15394.4
   15742.5
   15906.3
   15927.7
   15949.6
   16007.3
   16059.8
   16683.1
   16835.0
   16850.5
   16883.6
   17000.4
   17073.1
   17333.0
   18271.4
   18535.0
   18634.3
   19133.0
   19324.1
   19481.6
   19705.3
   20248.2
   20388.9
   20994.5
   21133.0
   21232.7
   21411.3
   21411.6
   21432.0
   21454.5
   21644.9
   21654.2
   21669.0
   21677.9
   22553.8
   22633.4
   22770.7
   22839.2
   22856.1
   22861.8
   22963.1
