      59.5
     470.7
     575.9
     595.0
     870.7
     913.6
    1424.3
    1450.2
    2213.9
    2359.5
    2443.0
    2629.9
    2717.0
    3098.0
    3098.7
    3205.8
    3221.1
    3418.2
    3522.8
    3524.2
    3962.2
    4590.5
    4696.3
    4758.3
    4955.0
    4970.9
    5218.9
    5451.6
    5774.0
    5823.0
    5874.4
    5962.1
    6158.9
    6179.1
    6295.5
    6475.9
    6856.8
    7120.9
    7439.0
    7530.3
    7781.1
    7969.8
    8039.4
    8092.1
    8242.4
    8302.3
    8645.6
    8982.0
    9689.7
   10016.0
   10514.4
   10861.5
   11152.0
   11249.5
   11595.5
   11802.1
   11893.3
   12362.1
   12489.6
   12966.0
   13104.5
   13597.0
   13623.7
   13673.7
   13684.4
   13790.2
   14051.0
   14120.6
   14126.6
   14325.6
   14630.3
   15025.2
   15322.6
   15550.6
   15590.0
   15635.4
   15687.4
   15814.8
   15873.1
   16529.7
   16803.9
   16846.8
   16875.1
   17082.4
   17395.3
   17506.9
   17665.5
   17763.0
   17966.5
   18221.8
   18297.9
   18306.8
   18358.8
   18400.9
   18540.0
   18605.9
   18797.2
   18948.4
   18974.4
   19179.7
   19728.9
   19734.5
   20091.8
   20203.3
   20439.6
   20473.9
   20487.8
   20516.1
   20571.5
   20703.9
   20716.9
   21114.3
   21134.9
   21463.0
   21575.9
   21937.8
   21939.9
   22267.2
   22705.3
   22817.3
   22869.0
