     263.1
     289.3
     540.0
     597.4
     639.5
     739.7
    1388.4
    1422.0
    1672.8
    1885.8
    1910.4
    1914.8
    2075.7
    2235.9
    2720.1
    2818.6
    2834.1
    2838.9
    2986.8
    3234.8
    3887.7
    4139.6
    4480.4
    4728.3
    4973.6
    4977.6
    5018.0
    5181.2
    5236.8
    5361.1
    5765.3
    6169.4
    6246.3
    6283.6
    6424.5
    6581.9
    6648.8
    6710.7
    7303.6
    7414.5
    7583.0
    7667.3
    7667.8
    7771.5
    8299.4
    8404.5
    8531.8
    8720.9
    8723.8
    9431.0
    9854.8
    9965.4
   10186.0
   10484.5
   10721.4
   10804.1
   10907.8
   10961.0
   10984.0
   11249.0
   11418.8
   11753.6
   11891.5
   11908.0
   11974.3
   12327.1
   12666.2
   12691.8
   12832.7
   12881.6
   13433.2
   13568.4
   13719.6
   13968.2
   14137.4
   15236.8
   15435.1
   15764.2
   16026.9
   16188.6
   16621.2
   16907.5
   17069.6
   17396.1
   17549.8
   17596.7
   18029.2
   18220.1
   18247.6
   18377.4
   19173.7
   19291.9
   19308.9
   19572.8
   19581.4
   19701.1
   20331.9
   20746.2
   20835.8
   21289.0
   21545.8
   21766.5
   22008.2
   22127.6
   22192.9
   22286.5
   22348.2
   22445.4
   22713.1
   22871.0
   22934.9
   22988.2
