     172.3
     256.4
     323.0
     632.7
     681.4
     710.2
     744.2
     901.6
    1049.3
    1167.4
    1404.2
    1477.5
    1542.0
    1716.9
    1738.8
    2118.2
    2171.0
    2328.4
    2790.8
    2866.7
    2925.0
    3120.8
    3334.7
    3509.6
    3589.6
    3700.7
    3776.2
    3854.4
    3876.7
    3925.4
    4192.0
    4213.9
    4349.6
    4755.4
    5009.1
    5171.7
    5791.4
    5832.3
    6197.1
    6696.7
    7085.7
    7116.3
    7388.6
    7474.1
    7737.1
    7937.8
    7979.7
    8015.1
    8490.6
    8832.9
    8872.5
    8885.0
    9427.6
    9432.4
    9491.0
    9498.7
    9533.2
    9892.7
   10026.5
   10189.1
   10234.3
   10418.2
   10491.0
   11068.3
   11445.6
   11968.2
   12550.6
   12848.5
   12857.6
   13079.9
   13224.1
   13388.3
   13413.3
   13812.4
   13938.1
   13985.4
   14275.5
   14602.4
   15027.0
   15040.9
   15374.8
   15644.4
   16575.9
   17154.6
   17174.2
   17211.3
   18132.7
   18163.6
   18225.9
   18268.8
   18732.5
   18859.2
   19505.2
   19582.5
   19643.8
   19818.5
   19855.2
   19964.3
   19970.4
   20110.9
   20233.2
   20791.2
   21034.6
   21152.2
   21620.6
   21924.2
   22068.6
   22104.0
   22200.2
   22449.6
   22567.9
   22659.6
   22829.8
