      67.0
     168.8
     170.7
     354.7
     394.5
     543.6
     809.0
    1073.5
    1168.0
    1385.2
    1772.5
    2111.2
    2176.8
    2749.9
    3122.5
    3189.1
    3413.1
    3771.5
    3944.3
    4536.3
    4557.3
    4973.1
    5040.8
    5243.0
    5402.6
    5505.5
    5544.3
    5550.7
    5691.6
    5820.4
    6028.6
    6070.2
    6370.9
    6600.8
    6871.9
    7319.8
    7491.3
    7567.1
    7769.4
    7902.4
    8177.0
    8273.8
    8333.4
    8433.7
    8553.8
    9180.3
    9421.5
    9427.6
    9466.9
    9620.5
    9722.2
    9842.8
   10213.2
   10246.0
   10343.9
   10556.3
   11450.2
   11551.0
   11650.5
   11790.1
   11858.6
   12286.6
   12319.2
   12479.6
   12504.7
   12519.9
   12599.3
   12730.2
   12920.0
   12986.5
   13159.2
   13265.1
   13938.2
   13976.7
   13980.8
   14250.3
   14741.7
   15022.8
   15347.9
   15513.4
   15597.6
   16018.1
   16285.7
   17948.4
   18199.5
   18467.3
   18899.3
   19107.0
   19389.3
   19983.1
   20337.4
   20443.8
   20716.6
   20740.0
   20790.5
   20834.1
   20877.6
   20936.0
   20961.8
   21250.7
   21282.1
   21461.4
   21482.7
   21740.5
   21816.1
   21909.7
   22511.7
   22711.2
   22815.2
   22907.6
   22934.7
   23033.2
