     184.4
     385.5
     500.3
     676.5
     724.3
    1144.3
    1359.5
    1402.2
    1444.7
    1478.3
    1597.9
    1775.0
    1778.5
    1833.0
    1992.8
    3012.6
    3268.1
    3373.9
    4256.0
    4620.4
    4893.9
    5097.2
    5423.1
    5484.1
    5490.9
    5528.4
    5889.3
    6243.9
    6691.6
    7150.9
    7222.4
    7241.7
    7271.9
    7543.3
    7657.3
    7825.9
    8159.1
    8473.7
    8668.0
    8824.5
    9043.4
    9170.6
    9504.4
    9563.7
    9621.2
    9842.6
    9953.9
    9967.8
   10007.4
   10154.0
   10264.5
   10463.0
   10752.3
   10936.3
   11688.7
   11691.0
   11726.9
   11770.1
   11873.8
   12033.8
   12213.3
   12472.0
   12567.1
   12575.8
   12645.9
   12801.8
   13108.1
   13123.6
   13171.9
   13176.8
   13735.3
   13760.6
   13952.2
   13965.2
   14150.0
   14453.7
   14462.1
   14975.5
   15316.5
   15725.9
   15877.0
   16061.4
   16116.6
   16215.9
   16367.9
   16563.6
   16719.0
   16828.5
   17167.6
   17178.8
   17187.0
   17221.8
   17408.3
   17597.8
   17796.7
   17956.8
   18182.7
   18205.2
   18663.1
   19183.8
   19288.1
   19424.1
   19510.6
   19990.8
   20012.9
   20034.6
   20351.4
   20401.1
   20614.8
   20774.4
   20799.7
   20900.7
   21022.7
   21323.8
   21877.9
   21940.5
   22214.4
   22225.5
   22344.2
   22935.1
