     292.5
     462.2
     608.0
     939.6
    1003.7
    1325.1
    1729.2
    1796.5
    3155.3
    3161.2
    3778.7
    3867.9
    3998.2
    4021.7
    4535.2
    4779.3
    4804.7
    4975.4
    5001.4
    5321.7
    5420.0
    5966.5
    6077.0
    6272.2
    6515.9
    6540.0
    6713.8
    6743.7
    6817.3
    6917.7
    7136.4
    7179.6
    7659.9
    7777.6
    7810.0
    8758.3
    9215.9
    9319.2
    9403.4
    9405.1
    9618.9
    9748.5
   10066.8
   10099.6
   10198.8
   10246.1
   10274.7
   10406.1
   10476.4
   10481.9
   10976.3
   11200.3
   11204.1
   11808.6
   12188.8
   12203.2
   12320.9
   12533.2
   12673.7
   13251.8
   14126.8
   14235.0
   14401.9
   14662.5
   14817.7
   14911.7
   14919.1
   14974.4
   15215.0
   15281.1
   15573.6
   15653.5
   16061.9
   16068.8
   16548.1
   16764.9
   16937.3
   17058.1
   17068.0
   17361.1
   17513.2
   17700.3
   17743.0
   17927.9
   18514.7
   18977.3
   19284.3
   19466.8
   19920.4
   20173.3
   20281.0
   20333.4
   20512.9
   20589.1
   20612.1
   20856.8
   20959.0
   20965.8
   21063.5
   21635.1
   21706.1
   21937.0
   22068.4
   22629.9
   22672.2
   22676.4
   22720.5
   22967.5
