     240.6
     539.2
    1066.1
    1070.4
    1253.2
    1307.8
    1379.9
    1823.7
    2066.4
    2166.5
    2205.8
    2265.5
    2396.8
    2510.3
    2790.9
    2824.2
    2984.8
    3115.9
    3234.9
    3256.6
    3280.7
    3440.9
    3506.6
    3743.3
    3764.7
    4514.2
    4612.8
    4744.8
    4866.7
    4971.3
    5033.6
    5508.6
    5563.4
    5685.2
    5797.7
    5880.7
    6177.4
    6704.5
    6787.4
    7417.7
    7708.5
    8083.8
    8162.2
    8318.3
    8327.8
    8591.6
    9099.8
    9275.6
    9531.2
    9565.9
    9700.1
    9887.3
   10127.5
   10354.5
   10664.1
   10817.8
   11271.9
   11477.1
   11508.6
   11660.7
   11754.8
   11830.5
   11911.6
   11950.7
   11961.4
   12079.6
   12911.7
   13079.2
   13431.1
   13457.5
   14087.0
   14153.8
   14312.2
   14377.1
   14527.2
   14807.3
   15265.0
   15365.9
   16143.2
   16347.0
   16515.2
   16601.0
   16769.9
   16873.3
   17046.7
   17376.6
   17382.9
   17384.3
   17412.2
   17463.7
   17464.6
   17662.1
   17982.0
   18028.2
   18137.6
   18187.8
   18361.0
   18834.9
   18946.2
   19324.0
   19416.8
   20398.5
   20487.6
   20726.8
   20792.1
   20967.1
   21342.2
   21406.4
   21676.9
   21834.2
   21876.2
   21976.8
   22176.9
   22240.0
   22419.1
   22854.8
