      65.2
     241.9
     769.1
     886.1
    1077.8
    1103.3
    1103.4
    2082.3
    2091.3
    2126.1
    2182.5
    2334.8
    2809.0
    2905.6
    3022.5
    3046.6
    3591.2
    3636.6
    3639.3
    3783.5
    3837.5
    4012.6
    4055.9
    4173.7
    4399.7
    5305.8
    5350.0
    5553.2
    6551.4
    7068.9
    7442.8
    7502.5
    7776.4
    7909.5
    7985.0
    8546.9
    9241.1
    9382.0
    9403.2
    9426.2
    9570.4
   10190.1
   10226.6
   10241.3
   10319.6
   10962.5
   11019.9
   11425.5
   11614.4
   11835.9
   11848.1
   11852.9
   11854.9
   11901.1
   11964.7
   11990.8
   12719.9
   13159.0
   13457.0
   13591.2
   13665.5
   13861.1
   14263.4
   14522.6
   14894.4
   15402.5
   15436.7
   15538.6
   15594.9
   15736.5
   16785.6
   16790.3
   16827.3
   16980.4
   17005.2
   17345.0
   17393.5
   18128.4
   18503.8
   18535.6
   18598.4
   19441.7
   19958.5
   19993.4
   20104.3
   20332.8
   20947.2
   21008.1
   21056.7
   21065.5
   21428.5
   21515.7
   21598.2
   22060.9
   22389.4
   22625.6
   22703.2
