     201.8
     225.1
     496.7
     920.0
    1564.2
    1678.3
    1793.0
    1913.4
    2361.8
    2506.7
    2585.9
    3311.8
    3694.9
    3920.6
    4019.9
    4085.6
    4275.3
    4721.7
    5065.4
    5213.6
    5348.8
    5628.4
    5768.9
    5795.9
    6162.3
    6166.6
    6202.6
    6462.2
    6710.8
    7250.2
    7412.3
    7535.5
    7570.5
    7680.4
    7734.4
    7916.3
    7917.6
    7933.5
    8261.2
    8307.6
    8531.8
    8549.4
    8574.7
    8642.3
    8783.9
    8875.5
    8901.9
    8919.1
    9092.9
    9241.8
    9532.3
    9612.1
    9716.7
    9997.9
   10021.2
   10036.5
   10240.4
   10487.6
   10664.9
   11040.6
   11726.1
   11877.5
   12055.6
   12280.4
   12352.2
   12577.1
   12730.3
   12945.8
   13182.0
   13503.2
   13951.1
   14088.0
   14286.3
   14390.3
   14396.6
   15211.6
   15442.9
   15488.1
   15526.9
   15841.7
   16087.1
   16573.2
   16832.5
   16877.0
   16937.2
   17140.1
   17413.5
   17553.0
   17555.7
   18631.6
   18649.9
   18691.0
   18699.6
   18982.8
   19149.6
   19366.7
   19372.5
   19518.0
   19641.0
   19727.1
   19823.1
   19851.8
   20007.3
   20128.3
   20574.3
   20708.9
   20878.5
   21080.3
   21217.4
   21529.5
   21589.1
   21715.7
   21877.3
   22071.8
   22160.3
   22209.4
   22483.5
   22763.5
   22889.9
