     202.6
     342.9
     643.1
     764.0
     766.1
     900.4
    1018.1
    1105.6
    1313.4
    1393.7
    1560.8
    1588.1
    1652.1
    1691.4
    1731.1
    1861.6
    1893.0
    2093.9
    2165.6
    2449.7
    2515.6
    2578.1
    2838.3
    2886.8
    3732.7
    3751.4
    3860.8
    4186.7
    4206.9
    4217.8
    4339.1
    4623.2
    4820.4
    4844.1
    5853.9
    5961.1
    6079.0
    6221.1
    6306.3
    6673.7
    6712.0
    7154.6
    8105.5
    8342.4
    8352.6
    8606.2
    9534.5
    9803.4
    9854.1
    9945.2
   10340.1
   10458.3
   10552.3
   10667.3
   10782.7
   10831.9
   10857.1
   11353.1
   11723.9
   11867.7
   11876.6
   12010.1
   12012.8
   12563.3
   12944.1
   13007.0
   13396.8
   13516.5
   13652.2
   13843.5
   14118.5
   14270.4
   14281.7
   14339.5
   14659.0
   15000.2
   15092.0
   15286.5
   15560.7
   15685.5
   16316.5
   16329.9
   16454.0
   16481.1
   16537.2
   16601.5
   16733.6
   16814.9
   16872.8
   16942.0
   17164.0
   17237.1
   17730.8
   17766.5
   17859.1
   18009.2
   18541.7
   18883.3
   19062.3
   19106.7
   19321.8
   19377.2
   20053.8
   20387.4
   20758.6
   21357.8
   21758.3
   21943.5
   22293.7
   22297.7
   22762.6
   22770.8
   22805.1
