      60.2
     183.7
     587.0
     616.8
     852.8
     953.9
    1069.4
    1104.7
    1239.9
    1609.2
    1641.3
    1694.9
    1763.4
    1785.6
    1866.5
    1976.7
    2135.8
    2217.7
    2417.3
    2509.5
    2889.1
    3264.7
    3347.1
    3416.4
    3682.2
    4081.6
    4385.5
    4518.6
    5281.0
    5481.2
    5624.0
    5811.1
    5884.0
    6010.6
    6140.9
    6146.3
    6287.2
    6660.1
    6707.4
    6774.2
    6905.3
    7303.0
    7420.9
    7841.5
    7973.5
    8112.8
    8120.0
    8328.0
    8736.9
    8918.1
    8970.1
    9203.4
    9543.0
    9743.5
    9758.7
    9857.4
    9996.7
   10063.4
   10137.8
   10157.1
   10258.8
   10296.5
   10448.7
   10485.5
   10507.3
   10857.6
   10901.8
   11153.4
   11408.9
   11968.7
   11981.3
   12251.5
   12261.6
   12735.7
   13015.1
   13038.0
   13082.6
   13125.1
   13223.9
   14177.7
   14342.9
   14667.5
   14707.1
   14770.5
   14830.7
   14831.6
   14862.9
   15096.6
   15134.9
   15253.3
   15354.0
   15356.9
   15823.7
   15897.7
   16027.2
   16070.6
   16108.1
   16206.6
   16230.4
   16776.9
   16909.7
   17324.5
   17468.2
   17536.2
   17585.1
   17623.5
   18168.5
   18381.1
   18390.2
   18440.4
   18448.8
   18516.7
   18528.7
   18753.9
   18880.8
   19052.3
   19104.6
   19489.5
   19551.6
   19661.3
   19726.0
   19843.5
   20452.5
   20646.6
   20902.3
   20978.2
   21243.6
   21353.6
   21471.8
   21630.9
   21667.2
   21667.4
   21746.8
   22446.0
   22624.6
