     121.0
     131.7
     160.6
     894.4
     928.0
    1299.4
    1476.0
    1781.0
    1948.2
    2785.8
    3048.7
    3408.3
    3467.4
    3849.7
    3989.7
    4033.6
    4166.1
    4650.6
    4981.0
    5145.2
    5233.9
    5243.8
    5244.0
    5925.8
    6029.1
    6032.4
    6110.4
    6156.7
    6302.3
    6677.3
    7019.8
    7422.6
    8138.7
    8316.5
    8534.4
    9316.2
    9318.9
    9326.6
    9360.8
    9605.6
    9722.6
    9996.8
   10657.4
   10746.6
   10863.5
   10953.8
   11148.4
   11328.3
   11437.4
   11870.4
   12032.5
   12081.6
   12385.2
   13093.5
   13126.8
   13160.2
   13444.7
   13582.1
   14052.7
   14063.3
   14331.9
   14335.5
   14351.6
   14365.7
   14408.0
   14485.5
   14904.7
   15004.3
   15024.2
   15169.5
   15245.0
   15739.9
   15847.3
   16255.0
   16453.6
   16544.6
   16839.9
   16843.8
   16848.2
   17501.0
   17596.0
   18083.7
   18215.8
   19302.8
   19304.4
   19784.5
   19906.1
   20117.6
   20184.3
   20662.3
   20934.6
   21332.9
   21358.9
   21430.3
   21617.3
   21690.9
   21782.0
   21890.5
   22292.0
   22537.9
