     450.2
     570.4
    1055.4
    1215.7
    1268.1
    1881.0
    2115.5
    2382.4
    2547.8
    2829.3
    3038.7
    3269.1
    3998.7
    4001.3
    4100.3
    4168.7
    4469.3
    4882.7
    4907.1
    5186.6
    5513.6
    5760.3
    5779.6
    6010.6
    6184.6
    6195.5
    6245.8
    6529.4
    7028.3
    7188.3
    7324.6
    7345.4
    7631.7
    7674.8
    7939.2
    8038.5
    8178.6
    8179.7
    8470.2
    8592.4
    8665.0
    8972.9
    9255.7
    9453.3
    9635.9
    9908.7
    9956.4
    9985.8
    9989.6
   10197.5
   10808.9
   11154.2
   11216.9
   11249.4
   11298.3
   11440.7
   11463.7
   11571.2
   11591.1
   11686.0
   11687.4
   11699.8
   12287.5
   12382.2
   12388.0
   12608.0
   12742.7
   12807.3
   13099.8
   13564.7
   14200.2
   14240.7
   14450.5
   14791.3
   14797.8
   14834.1
   14961.9
   15093.1
   15404.8
   16040.2
   16040.5
   16262.9
   16610.1
   16694.8
   17048.2
   17119.6
   17300.3
   17472.8
   17512.2
   17821.4
   17942.3
   18126.1
   18322.0
   18404.2
   18958.3
   19149.2
   19162.0
   19290.1
   19294.0
   19339.3
   19475.0
   19593.6
   19881.1
   19970.2
   20233.7
   20316.3
   20427.1
   20739.4
   20930.2
   21190.1
   21412.3
   21976.4
   22061.1
   22204.7
   22610.3
   22864.9
   23043.9
