     190.2
     533.3
     594.0
     901.6
     985.6
    1234.2
    1408.5
    1460.4
    1504.1
    1776.7
    1986.0
    2003.1
    2374.0
    2452.0
    2584.3
    2823.1
    2857.9
    2904.5
    3017.0
    3061.3
    3291.3
    3330.7
    3455.9
    3868.2
    3965.1
    4518.0
    4579.5
    4618.7
    5052.0
    5346.9
    5612.0
    6119.9
    6428.0
    6488.3
    6705.8
    6753.4
    6908.9
    7243.6
    7349.3
    7813.0
    8171.7
    8224.4
    8358.5
    8426.4
    8485.4
    8533.9
    8974.8
    9458.8
    9751.5
    9823.9
    9968.7
   10056.0
   10187.7
   10328.4
   10573.5
   10653.4
   10714.4
   10837.1
   11033.0
   11261.1
   11472.9
   11511.7
   11777.0
   12164.5
   12283.1
   12498.5
   12532.1
   12930.1
   13028.6
   13190.3
   13225.5
   13307.2
   13449.9
   13535.0
   13650.5
   13707.9
   14150.7
   14257.5
   14490.4
   14694.8
   14894.1
   15195.4
   15923.8
   15987.0
   16397.5
   16698.2
   17023.6
   17314.6
   17365.8
   17496.7
   18216.2
   18750.7
   18760.5
   19292.4
   19806.6
   20044.7
   20107.0
   20352.8
   20614.8
   20681.4
   20807.6
   21707.1
   21726.0
   21825.1
   22315.5
   22342.4
   23013.6
   23023.6
