     351.6
     516.2
     544.4
     574.8
     921.1
    1028.4
    1357.6
    1362.7
    1418.4
    1716.8
    1764.7
    1861.1
    1970.4
    2121.7
    2347.5
    2575.2
    2597.7
    2769.6
    2879.7
    2997.9
    3240.3
    3376.7
    3435.4
    3730.0
    3914.1
    4082.7
    4107.4
    4425.9
    4671.6
    4814.4
    5397.8
    5870.5
    6082.2
    6085.9
    6105.5
    6533.5
    6684.7
    6957.1
    7056.0
    7243.0
    7365.5
    7392.9
    7492.6
    7579.7
    7849.9
    8565.0
    8572.1
    8619.2
    8672.9
    8757.3
    9346.7
    9366.3
    9625.1
   10500.3
   10745.9
   10876.3
   10879.0
   11093.1
   11194.6
   11344.9
   11452.4
   11479.9
   11768.1
   11778.8
   11793.8
   11815.9
   12179.3
   12204.7
   12269.1
   12524.1
   12597.5
   12604.5
   12880.3
   13203.4
   13340.5
   13403.0
   13426.2
   13448.9
   13782.5
   14346.5
   14667.1
   14955.2
   15199.2
   15298.6
   15475.6
   15910.3
   16070.0
   16171.1
   16353.0
   16447.7
   16764.6
   16774.2
   17057.4
   17111.0
   17122.2
   17140.2
   17170.2
   17665.4
   18067.4
   18179.4
   18464.8
   18602.4
   18751.8
   18971.7
   19024.4
   19180.9
   20152.9
   20189.4
   20359.0
   20944.0
   21271.7
   21367.8
   21404.4
   21429.0
   21450.3
   21576.1
   21759.6
   22130.9
   22557.5
   22637.8
   22897.2
   23028.4
   23039.6
