     339.9
     673.0
    1207.8
    1504.3
    1653.9
    1729.5
    1865.2
    2063.2
    2398.2
    2862.8
    3160.3
    3583.3
    3590.9
    4059.4
    4106.0
    4328.3
    4437.9
    4912.9
    4973.3
    5124.2
    5328.5
    5572.9
    5757.2
    6195.2
    6292.1
    6352.0
    6486.5
    6522.3
    6695.8
    7080.7
    7181.3
    7323.1
    7586.6
    7622.4
    7850.9
    7967.5
    8172.6
    8280.1
    8304.9
    8365.2
    8416.3
    8515.5
    8533.4
    8586.8
    8634.2
    8881.0
    9232.9
    9366.4
    9534.5
    9556.0
    9612.9
    9615.5
   10040.4
   10312.7
   10410.4
   10579.0
   10925.7
   11073.1
   11090.3
   11228.8
   11316.5
   11399.2
   11409.0
   11491.0
   11595.7
   11783.3
   12103.1
   12295.4
   12531.0
   12680.8
   13023.1
   13220.1
   13500.5
   13585.9
   13711.3
   13879.6
   14304.9
   14361.4
   14589.7
   14612.9
   14924.6
   15038.6
   15397.6
   15442.2
   15664.8
   15772.9
   16077.8
   16383.3
   16404.1
   16611.1
   16772.0
   16913.3
   17089.1
   17281.7
   17411.0
   17531.2
   17742.4
   17827.8
   18033.6
   18054.2
   18086.8
   18146.6
   18167.7
   18345.1
   19024.6
   19293.1
   19543.2
   19552.4
   19760.3
   19821.7
   19837.3
   20086.3
   20148.0
   20257.5
   20329.4
   20540.4
   20701.5
   20714.3
   20972.6
   21045.9
   21277.0
   21438.7
   21479.8
   21631.1
   21739.4
   21858.3
   21997.6
   22342.8
   22379.7
   22622.9
   22993.8
