     161.6
     561.7
     578.1
     904.2
    1213.3
    1455.1
    1665.9
    2223.4
    2757.0
    3319.3
    3562.5
    3646.2
    3871.2
    3883.6
    4257.0
    4393.0
    4578.3
    4792.6
    4889.7
    5176.2
    5906.4
    6309.1
    6381.3
    6915.0
    6974.3
    7262.0
    7267.5
    7357.5
    7389.9
    7431.4
    7569.4
    8039.2
    8094.1
    8360.9
    8506.6
    8617.3
    8785.5
    9734.9
    9815.1
    9835.5
    9870.9
    9888.5
   10362.1
   10399.3
   11101.8
   11199.3
   11454.3
   11697.5
   11873.4
   11982.1
   12188.1
   12315.5
   12488.9
   12802.8
   13095.1
   13246.2
   13593.0
   13615.4
   13803.6
   14063.8
   14587.7
   14734.4
   14754.5
   14843.9
   14909.3
   15227.8
   15240.1
   15252.1
   15272.9
   15670.2
   15699.0
   15843.1
   15957.0
   16068.0
   16308.0
   16547.0
   16598.6
   16645.7
   17219.8
   17310.8
   18374.5
   18430.0
   18605.0
   18651.1
   18930.5
   19173.0
   20087.2
   20136.0
   20312.3
   20331.2
   20681.9
   20841.9
   21230.9
   21335.5
   21376.7
   21384.4
   21697.0
   21890.0
   21942.7
   22159.8
   22389.5
   22511.0
   22524.0
   22551.1
   22624.9
   22714.3
   22754.5
   22839.9
