     170.5
     234.1
     405.0
     505.3
     589.7
     747.7
     967.2
    1005.0
    1434.4
    2066.0
    2150.6
    2452.9
    3533.2
    3647.4
    4115.5
    4298.0
    4673.9
    5559.9
    5696.1
    5699.4
    6194.1
    6268.0
    6403.6
    6455.4
    6459.5
    6593.5
    6816.7
    7356.2
    7738.7
    7999.9
    8063.1
    8466.9
    8516.4
    8708.2
    8828.9
    8831.4
    8952.9
    8980.2
    9045.3
    9122.7
    9152.3
    9188.2
    9242.4
    9327.1
    9470.8
    9593.5
    9686.4
    9884.2
    9885.8
    9938.2
   10055.9
   10178.0
   10224.8
   10259.7
   10410.8
   10509.4
   11755.6
   11971.8
   12011.5
   12147.0
   12202.6
   12429.7
   12462.9
   12473.8
   12521.1
   12652.8
   12794.4
   12869.4
   12931.1
   12959.3
   12995.4
   13002.3
   13317.5
   13364.0
   13526.8
   13792.1
   13881.0
   14642.4
   14655.2
   14778.1
   15131.2
   15563.0
   15704.0
   15743.5
   16194.9
   17058.4
   17367.0
   17415.3
   17611.6
   17838.8
   17901.5
   18004.6
   18005.6
   18138.4
   18271.5
   18323.0
   18521.3
   19894.6
   20274.6
   20467.9
   20688.9
   21151.0
   21438.5
   21506.2
   21540.1
   21560.1
   21845.4
   21938.3
   21956.5
   22313.7
   22578.3
   22696.9
   22807.6
