1021
1028
1030
1031
1035
1036
1039
1139
1143
1145
1146
1149
1150
1151
1152
1154
1160
1161
1165
1166
1169
1171
1174
1263
1264
1265
1269
1270
1277
1282
1286
1288
1289
1291
1292
1293
1297
1298
1300
1302
1304
1384
1385
1386
1387
1393
1394
1395
1396
1397
1398
1402
1412
1414
1415
1416
1419
1421
1422
1423
1424
1427
1512
1515
1517
1519
1521
1522
1523
1527
1529
1533
1537
1542
1543
1544
1545
1546
1547
1648
1649
1652
1654
1656
1658
1660
1661
1666
2898
2899
2903
2905
2913
2915
3017
3018
3019
3021
3022
3023
3025
3028
3029
3030
3031
3032
3035
3038
3040
3041
3043
3141
3143
3145
3146
3150
3151
3154
3155
3158
3159
3162
3164
3168
3171
3278
3281
3282
3285
3286
17651
17652
17654
17655
17656
17662
17664
17769
17781
17782
17789
17790
17791
17792
17794
17894
17898
17901
17903
17906
17907
17908
17910
17911
17914
19270
19271
19272
19276
19281
19282
19286
19287
19291
19292
19388
19389
19392
19398
19399
19401
19403
19404
19405
19407
19408
19411
19412
19414
19416
19418
19419
19424
19512
19513
19515
19517
19519
19524
19527
19529
19530
19531
19533
19534
19535
19536
19539
19542
19543
19545
19546
19550
19641
19643
19645
19649
19651
19652
19656
19658
19662
19668
19669
19672
19673
19675
19767
19769
19771
19775
19776
19778
19781
19782
19783
19788
19789
19790
19793
19794
