1023
1024
1026
1032
1033
1034
1041
1046
1047
1141
1143
1144
1146
1147
1151
1153
1154
1155
1156
1157
1158
1161
1163
1170
1174
1262
1264
1266
1268
1269
1272
1275
1280
1281
1282
1284
1285
1288
1289
1291
1292
1296
1297
1302
1303
1388
1391
1392
1393
1395
1397
1401
1404
1405
1409
1410
1411
1412
1413
1416
1417
1418
1419
1514
1517
1518
1519
1520
1522
1524
1525
1526
1528
1530
1532
1537
1540
1541
1542
1543
1544
1547
1548
1644
1645
1646
1650
1652
1656
1658
1660
1662
1663
1665
7525
7527
7530
7532
7540
7541
7641
7644
7646
7647
7649
7650
7652
7653
7655
7657
7659
7661
7662
7666
7667
7672
7764
7766
7768
7770
7771
7772
7775
7777
7778
7779
7785
7788
7789
7794
7795
7798
7888
7894
7895
7896
7898
7901
7902
7906
7908
7909
7912
7915
7916
7917
7919
7921
7923
7926
8011
8012
8013
8016
8017
8020
8022
8026
8028
8029
8030
8032
8033
8034
8035
8038
8039
8041
8043
8045
8049
8050
8136
8141
8145
8146
8147
8148
8150
8151
8157
8158
8159
8160
8167
8168
8169
8171
8172
8174
8176
8177
8264
8266
8269
8271
8273
8275
8277
8280
8281
8284
8287
8291
8292
8298
8299
8300
8301
8387
8390
8393
8394
8395
8397
8398
8399
8400
8402
8404
8405
8407
8415
8416
8417
8418
8420
8421
8422
8425
8427
8428
8510
8514
8517
8518
8519
8520
8525
8527
8533
8534
8536
8539
8542
8543
8545
8548
8550
8553
8554
8639
8640
8642
8643
8644
8646
8650
8651
8655
8656
8657
8658
8661
8662
8664
8666
8668
8669
8672
8673
8674
8675
8679
8760
8762
8765
8768
8772
8773
8777
8778
8779
8780
8781
8784
8787
8789
8790
8793
8794
8795
8796
8798
8799
8884
8885
8886
8887
8888
8892
8897
8900
8903
8907
8910
8912
8913
8917
8922
8923
8925
9009
9010
9012
9014
9018
9019
9020
9022
9025
9026
9027
9034
9040
9041
9042
9043
9044
9045
9046
9047
9048
9052
9054
9133
9135
9139
9141
9142
9145
9146
9150
9154
9155
9159
9163
9164
9165
9168
9175
9176
9179
9258
9259
9262
9265
9267
9268
9270
9272
9273
9274
9278
9279
9281
9283
9284
9285
9286
9287
9288
9292
9297
9303
9383
9386
9387
9389
9390
9392
9394
9395
9397
9399
9400
9401
9404
9405
9406
9407
9410
9411
9413
9414
9415
9419
9421
9423
9427
9512
9514
9517
9520
9521
9527
9530
9532
9534
9539
9540
9543
9546
9551
9552
9633
9636
9638
9641
9646
9647
9649
9651
9652
9655
9659
9660
9665
9666
9667
9669
9678
9760
9761
9765
9769
9770
9779
9784
9787
9788
9789
9795
9798
9799
9800
9889
9892
9896
9897
9899
9900
9901
9903
9904
9906
9910
9911
9915
9916
9919
9923
9924
9928
9929
10011
10013
10014
10020
10024
10027
10031
10032
10036
10039
10040
10041
10047
10049
10050
10051
10052
10134
10135
10147
10155
10160
10161
10162
10163
10164
10166
10168
10170
10173
10177
10264
10270
10274
10277
10278
10280
10288
10289
10290
10293
10297
10301
10389
10391
10394
10400
10401
10405
10407
10409
10410
10411
10412
10414
10419
10421
10427
10509
10511
10514
10518
10519
10520
10523
10524
10525
10528
10530
10535
10536
10537
10543
10545
10551
10636
10637
10638
10639
10644
10645
10646
10650
10655
10664
10665
10667
10672
10762
10768
10771
10772
10773
10774
10784
10787
10794
10799
10886
10892
10896
10898
10899
10900
10901
10903
10905
10913
10915
10917
10920
10921
10922
10923
10926
11023
11024
11029
11031
11033
11034
11037
11039
11042
11046
11141
11144
11152
11154
11155
11158
11167
11172
11266
11271
11273
11277
11278
11280
11284
11285
11289
11295
11392
11398
11399
11405
11406
11409
11416
11419
11529
11535
11652
11777
11778
11782
11785
11902
11904
11905
11907
11908
14903
14905
14906
14908
14909
14911
15027
15028
15030
15031
15032
15033
15034
15037
15038
15152
15153
15154
15157
20276
20283
20284
20287
20289
20389
20392
20394
20396
20397
20400
20403
20404
20407
20409
20411
20414
20415
20416
20417
20418
20420
20513
20519
20520
20524
20525
20528
20530
20531
20533
20539
20540
20542
20543
20545
20547
