4262
4263
4265
4266
4267
4269
4270
4272
4275
4284
4287
4288
4290
4291
4387
4389
4390
4391
4394
4396
4397
4402
4409
4410
4415
4417
4421
4506
4507
4509
4510
4514
4515
4516
4518
4519
4520
4522
4523
4529
4532
4535
4537
4541
4542
4544
4546
4548
4629
4639
4641
4644
4646
4648
4651
4653
4655
4657
4658
4661
4662
4665
4666
4667
4669
4674
4754
4758
4768
4771
4772
4776
4779
4780
4781
4782
4783
4784
4786
4790
4791
4792
4880
4882
4887
4888
4889
4894
4896
4898
4902
4903
4907
4908
4912
4914
4916
4917
4922
5008
5009
5010
5012
5013
5016
5018
5019
5020
5026
5027
5030
5032
5036
5038
5039
5042
5044
5137
5139
5140
5141
5142
5144
5147
5154
5156
5159
5160
9144
9146
9148
9150
9154
9157
9158
9265
9266
9268
9269
9276
9277
9278
9279
9280
9281
9282
9284
9290
9389
9395
9399
9400
9402
9406
9409
9412
9414
9417
9511
9512
9513
9514
9517
9521
9523
9524
9525
9528
9529
9530
9535
9536
9538
9542
9543
9641
9642
9643
9644
9646
9650
9651
9652
9654
9655
9658
9659
9660
9665
9771
9781
9782
9895
9898
