1895
1901
1903
1905
1906
1908
2016
2019
2021
2022
2027
2031
2032
2036
2138
2141
2143
2150
2159
2160
2161
2264
2268
2270
2271
2279
2280
2282
2391
2392
2393
2394
2396
2399
2401
2402
2404
2405
2408
2524
4771
4773
4775
4777
4781
4886
4887
4891
4899
4900
4907
4916
5009
5010
5014
5015
5016
5019
5021
5022
5023
5024
5026
5027
5028
5029
5033
5034
5037
5039
5042
5043
5131
5133
5139
5142
5146
5148
5149
5150
5153
5154
5156
5157
5158
5159
5163
5165
5167
5168
5169
5170
5171
5257
5258
5264
5265
5270
5276
5277
5279
5280
5283
5284
5287
5288
5289
5290
5292
5294
5298
5380
5382
5383
5385
5386
5387
5390
5395
5401
5403
5404
5405
5410
5411
5412
5416
5418
5420
5422
5505
5512
5513
5516
5520
5521
5522
5524
5525
5527
5529
5533
5534
5536
5537
5538
5540
5541
5543
5548
5630
5631
5633
5636
5638
5640
5641
5642
5643
5648
5649
5650
5654
5655
5656
5657
5659
5660
5665
5763
5764
5766
5768
5769
5771
5772
5773
5780
5781
5783
5787
5788
5789
5791
5792
5793
5794
5887
5888
5889
5890
5891
5897
5898
5903
5904
5905
5906
5907
5908
5911
5915
5916
6022
6023
6024
6025
6027
