415
416
417
421
422
424
427
428
429
430
432
433
434
435
436
438
440
443
444
445
448
541
544
546
547
550
551
552
553
554
556
557
559
560
564
565
566
567
569
570
571
572
660
662
663
665
667
670
672
673
674
675
681
682
683
687
689
691
693
694
696
699
701
702
703
785
786
788
790
792
794
796
797
798
801
802
803
805
806
811
813
814
815
818
820
822
824
825
910
912
914
917
921
922
923
924
927
928
931
933
934
940
941
944
947
948
949
950
1037
1040
1041
1046
1047
1048
1052
1056
1057
1060
1063
1068
1070
1074
1169
1170
1173
1176
1181
1182
1184
1187
1188
1189
1190
1194
1296
1297
5294
5299
5300
5303
5307
5311
5314
5317
5318
5419
5423
5424
5426
5427
5432
5435
5436
5439
5440
5442
5444
5445
5541
5547
5551
5554
5557
5558
5562
5564
5565
5566
5568
5570
5571
5573
5665
5667
5669
5671
5673
5675
5682
5684
5686
5689
5694
5695
5696
5697
5794
5795
5797
5799
5800
5802
5805
5809
5816
5927
5928
5929
5931
12545
12549
12550
12551
12552
12555
12557
12558
12559
12566
12666
12668
12669
12670
12672
12677
12678
12680
12682
12683
12686
12688
12694
12695
12698
12788
12791
12795
12796
12797
12798
12801
12802
12809
12811
12813
12814
12815
12816
12818
12819
12820
12822
12824
12913
12917
12922
12923
12924
12926
12927
12929
12934
12935
12938
12939
12940
12941
12944
12945
12948
12949
13042
13044
13045
13048
13050
13053
13058
13059
13062
13063
13071
13074
13167
13169
13173
13174
13175
13179
13180
13184
13185
13186
13193
13195
13196
13301
13307
13311
