2428
2429
2430
2431
2434
2435
2436
2438
2548
2551
2553
2560
2562
2563
2565
2568
2673
2681
2686
2691
2692
2693
2800
2804
2808
2809
2810
2815
2816
2817
2818
2920
2924
2925
2927
2931
2932
2933
2938
2939
2942
3052
3055
3056
3058
3062
3180
3181
3182
5420
5421
5423
5428
5430
5435
5436
5439
5440
5441
5443
5541
5547
5554
5555
5557
5561
5562
5563
5566
5572
5662
5665
5666
5667
5669
5671
5672
5673
5674
5675
5677
5679
5681
5682
5684
5685
5687
5690
5691
5696
5697
5698
5786
5788
5791
5792
5793
5794
5797
5799
5801
5803
5807
5810
5812
5814
5815
5818
5819
5823
5825
5910
5912
5913
5916
5917
5918
5920
5921
5923
5933
5934
5939
5943
5947
5948
5950
5953
6034
6035
6036
6039
6041
6042
6044
6048
6049
6050
6052
6054
6056
6063
6066
6069
6074
6075
6076
6077
6078
6161
6162
6164
6166
6168
6169
6171
6172
6173
6174
6175
6180
6181
6185
6188
6189
6190
6193
6197
6199
6200
6289
6292
6294
6296
6298
6300
6301
6303
6305
6306
6307
6309
6310
6314
6316
6321
6322
6323
6324
6415
6416
6419
6421
6424
6425
6427
6431
6435
6436
6437
6439
6441
6445
6446
6448
6449
6545
6546
6550
6551
6553
6556
6558
6559
6563
6564
6566
6567
