519
521
522
524
525
527
528
531
534
535
5519
5521
5522
5529
5530
5531
5532
5533
5538
5635
5636
5637
5638
5639
5642
5644
5647
5649
5650
5655
5657
5658
5660
5664
5669
5759
5761
5763
5767
5768
5770
5773
5774
5776
5779
5781
5785
5788
5789
5882
5883
5884
5885
5889
5896
5899
5900
5905
5906
5907
5910
5914
5917
5918
5919
5922
6005
6007
6010
6011
6012
6016
6022
6024
6026
6028
6030
6031
6038
6039
6040
6044
6045
6047
6130
6131
6132
6135
6141
6143
6144
6145
6146
6147
6148
6151
6153
6154
6160
6165
6168
6170
6254
6255
6257
6259
6261
6262
6264
6265
6268
6270
6271
6279
6280
6282
6283
6284
6286
6287
6291
6293
6295
6382
6384
6388
6389
6391
6392
6393
6394
6398
6399
6402
6403
6405
6407
6410
6411
6418
6419
6421
6508
6509
6515
6516
6518
6519
6522
6523
6525
6531
6532
6535
6536
6538
6541
6543
6544
6640
6641
6649
6651
6652
6653
6654
6657
6661
6662
6664
11651
11654
11768
11772
11776
11779
11781
11782
11784
11786
11787
11887
11891
11892
11894
11895
11898
11900
11901
11902
11903
11904
11909
11910
11911
11912
11913
11914
11917
12010
12017
12019
12020
12021
12030
12031
12035
12040
12133
12142
12144
12145
12146
12148
12150
12153
12159
12161
12166
12169
12260
12262
12263
12265
12267
12268
12269
12270
12271
12272
12278
12280
12281
12282
12285
12286
12293
12387
12389
12390
12391
12395
12397
12400
12404
12405
12407
12408
12411
12412
12414
12416
12513
12515
12516
12517
12519
12521
12526
12528
12531
12534
12535
12537
12538
12640
12641
12643
12647
12648
12651
12655
12656
12661
12662
