1524
1526
1645
1647
1655
1772
1776
1778
1780
6013
6023
6028
6029
6030
6031
6039
6134
6135
6137
6140
6141
6142
6144
6148
6154
6157
6158
6161
6162
6163
6165
6168
6171
6255
6256
6258
6262
6263
6264
6266
6268
6272
6273
6279
6280
6284
6285
6288
6289
6291
6294
6295
6380
6384
6386
6387
6390
6392
6393
6395
6397
6398
6399
6402
6403
6407
6411
6412
6413
6417
6422
6423
6505
6508
6509
6511
6513
6519
6524
6527
6530
6531
6536
6537
6538
6544
6632
6634
6635
6637
6639
6640
6641
6643
6644
6645
6647
6649
6650
6651
6656
6658
6660
6664
6666
6667
6670
6671
6672
6761
6762
6767
6774
6775
6776
6788
6789
6790
6791
6888
6892
6895
6896
6905
6907
6909
10893
10898
10903
10906
10907
10909
11013
11016
11017
11022
11023
11024
11026
11027
11028
11029
11030
11032
11037
11038
11137
11140
11145
11149
11151
11157
11158
11163
11167
11260
11262
11265
11267
11272
11274
11277
11282
11283
11284
11287
11288
11289
11293
11386
11389
11392
11395
11396
11400
11403
11405
11406
11408
11409
11410
11414
11517
11521
11522
11526
11527
11528
11531
11532
11536
