2803
2806
2808
2812
2925
2929
2937
2939
2943
3043
3045
3047
3049
3050
3051
3052
3059
3061
3063
3066
3067
3069
3070
3168
3171
3174
3175
3180
3183
3184
3185
3188
3189
3191
3296
3299
3301
3304
3308
3309
3310
3313
3314
3315
3423
3425
3426
3427
3428
3429
3431
3434
3435
3437
5798
5800
5802
5808
5810
5811
5812
5815
5914
5918
5919
5923
5924
5926
5929
5932
5936
5939
5941
5945
5946
5947
6037
6043
6046
6047
6049
6051
6052
6053
6059
6063
6064
6068
6073
6076
6077
6164
6167
6168
6169
6177
6181
6183
6185
6186
6187
6188
6190
6193
6197
6200
6202
6203
6284
6286
6288
6290
6291
6293
6295
6297
6298
6299
6300
6301
6302
6303
6305
6307
6309
6311
6314
6315
6316
6317
6319
6323
6326
6327
6328
6329
6410
6411
6412
6418
6420
6421
6423
6424
6425
6426
6427
6431
6433
6435
6437
6438
6439
6442
6444
6445
6447
6450
6451
6452
6542
6544
6548
6551
6553
6554
6555
6556
6558
6559
6560
6562
6566
6574
6577
6665
6669
6672
6673
6680
6686
6687
6688
6692
6693
6694
6695
6789
6792
6794
6795
6797
6803
6807
6814
6817
6820
6923
6925
6926
6928
6938
6940
