1171
1173
1175
1178
1179
1183
1188
1189
1191
1192
1293
1294
1297
1300
1304
1305
1310
1312
1313
1315
1316
1321
1324
1412
1414
1416
1420
1422
1423
1425
1427
1429
1430
1431
1432
1433
1434
1436
1438
1439
1441
1442
1443
1444
1449
1451
1539
1541
1543
1544
1545
1546
1547
1549
1552
1553
1554
1555
1560
1561
1564
1567
1568
1569
1574
1575
1576
1664
1666
1668
1669
1670
1671
1673
1674
1677
1678
1679
1681
1683
1688
1689
1694
1695
1696
1698
1797
1801
1803
1804
3424
3425
3426
3428
3431
3437
3438
3552
3553
3554
3556
3557
8421
8422
8425
8427
8428
8431
8432
8434
8436
8437
8438
8440
8442
8540
8541
8542
8546
8548
8560
8564
8566
8570
8573
8660
8662
8668
8670
8672
8675
8677
8678
8682
8684
8685
8686
8689
8690
8693
8694
8700
8703
8790
8793
8795
8796
8797
8803
8805
8808
8809
8811
8812
8813
8814
8815
8816
8817
8824
8825
8828
8910
8916
8918
8920
8922
8924
8926
8929
8930
8933
8937
8938
8939
8941
8942
8949
8950
8952
9042
9043
9044
9045
9046
9047
9052
9053
9055
9056
9057
9059
9060
9061
9175
13917
13919
13922
13923
13928
13930
13935
13939
13942
13945
14039
14041
14042
14044
14045
14046
14047
14048
14055
14059
14061
14062
14063
14065
14066
14068
14069
14070
14073
14168
14171
14173
14176
14180
14181
14184
14186
14190
14192
14293
14294
14301
14303
14304
14310
14311
14312
14313
14314
14317
14318
14319
