2018
2021
2023
2026
2030
2031
2037
2041
2042
2134
2135
2136
2143
2147
2149
2152
2153
2156
2157
2158
2160
2161
2256
2258
2261
2264
2266
2267
2269
2272
2273
2274
2275
2278
2279
2280
2287
2288
2289
2290
2292
2293
2294
2297
2383
2384
2388
2392
2393
2395
2396
2397
2398
2399
2402
2404
2405
2407
2408
2409
2411
2415
2416
2509
2510
2516
2519
2520
2521
2522
2528
2530
2536
2537
2540
2642
2643
2645
2647
2648
2649
4150
4152
4156
4157
4270
4273
4275
4276
4277
4283
9267
9268
9269
9281
9282
9283
9284
9285
9289
9290
9291
9384
9385
9386
9389
9391
9392
9393
9394
9396
9397
9400
9401
9402
9406
9407
9408
9409
9410
9412
9413
9415
9417
9421
9422
9505
9506
9511
9512
9513
9516
9517
9518
9520
9521
9522
9523
9526
9527
9529
9531
9534
9540
9542
9544
9545
9546
9629
9630
9631
9636
9638
9640
9641
9642
9645
9650
9651
9652
9654
9656
9657
9658
9662
9663
9664
9666
9668
9671
9756
9760
9764
9766
9767
9770
9772
9780
9784
9785
9786
9787
9789
9793
9794
9795
9885
9889
9890
9891
9892
9895
9897
9898
9900
9901
9902
9904
9912
