505
508
514
516
517
519
521
522
523
529
530
532
533
535
536
539
540
541
636
637
639
642
645
647
649
652
653
655
656
657
658
659
660
662
664
666
767
768
2018
2021
2023
2025
2027
2029
2031
2033
2039
2040
2139
2140
2144
2145
2146
2149
2151
2152
2156
2159
2160
2163
2164
2165
2166
2167
2267
2269
2271
2273
2275
2277
2283
2285
2289
2290
2397
2399
2402
2403
10144
10151
10153
10155
10157
10269
10272
10274
10276
10278
10281
10282
10284
10287
10288
10289
10393
10394
10395
10396
10400
10401
10402
10403
10408
11763
11765
11766
11767
11769
11771
11774
11775
11776
11777
11778
11782
11787
11789
11793
11794
11885
11889
11892
11893
11895
11897
11898
11899
11901
11904
11906
11907
11911
11912
11913
11916
11918
11919
11920
11922
12006
12008
12010
12013
12019
12023
12024
12025
12027
12028
12031
12032
12033
12035
12037
12042
12044
12045
12046
12048
12137
12139
12143
12147
12148
12154
12155
12157
12165
12168
12170
12263
12265
12268
12271
12272
12275
12277
12281
12282
12283
12285
13518
13519
13520
13522
13524
13527
13528
13531
13532
13533
13537
13633
13634
13636
13637
13645
13646
13648
13650
13651
13653
13658
13660
13661
13663
13757
13760
13763
13765
13766
13768
13771
13774
13775
13781
13785
13793
13795
13885
13887
13891
13892
13895
13896
13897
13899
13903
13904
13905
13906
13907
13908
13910
13919
14016
14017
14022
14023
14024
14025
14026
14032
14034
14035
14037
14038
