416
418
420
421
422
426
427
433
434
437
439
440
443
540
542
547
548
550
551
554
555
561
563
564
566
569
572
575
576
577
578
661
664
666
670
673
676
679
682
688
690
691
692
693
694
695
699
702
704
785
787
789
791
792
796
799
800
803
804
806
807
808
809
810
811
812
813
814
816
817
819
820
917
918
919
920
922
924
926
932
934
935
936
937
938
939
940
942
943
946
2294
2295
2298
2302
2304
2305
2310
2312
2313
2314
2315
2317
2318
2420
2421
2428
2430
2435
2436
2437
2438
2441
2442
2541
2546
2547
2551
2554
2557
2558
2559
2563
2566
2568
2678
2681
10423
10425
10426
10429
10432
10434
10435
10437
10441
10442
10444
10543
10545
10549
10551
10556
10557
10559
10560
10562
10564
10566
10678
10679
10681
10682
10688
10689
12039
12044
12047
12051
12052
12053
12054
12055
12057
12058
12059
12068
12074
12164
12165
12166
12167
12168
12169
12170
12172
12174
12176
12177
12178
12179
12182
12183
12185
12188
12192
12195
12196
12199
12201
12202
12284
12287
12292
12293
12296
12297
12298
12299
12300
12302
12303
12304
12306
12308
12313
12317
12318
12320
12321
12322
12324
12325
12327
12328
12415
12417
12419
12420
12422
12424
12425
12426
12428
12429
12430
12431
12433
12436
12437
12438
12439
12440
12442
12443
12444
12449
12543
12548
12552
12553
12554
12555
12557
12559
12561
12563
13793
13795
13798
13800
13802
13803
13808
13809
13812
13814
13816
13818
13819
13912
13918
13920
13921
13924
13925
13927
13929
13931
13934
13936
13939
13943
13945
13947
13949
13951
14037
14041
14043
14045
14047
14048
14049
14050
14051
14056
14057
14058
14062
14063
14064
14066
14067
14073
14165
14170
14171
14172
14173
14175
14176
14178
14179
14180
14181
14186
14187
14190
14192
14194
14195
14196
14296
14298
14299
14303
14305
14313
14314
