522
524
527
530
531
533
535
2652
2653
2654
2659
2661
2662
2762
2763
2767
2768
2769
2770
2771
2775
2777
2781
2786
2788
2791
2792
2883
2887
2892
2894
2896
2899
2900
2902
2907
2908
2909
2912
2913
2914
2915
2918
2919
2920
3006
3017
3023
3024
3026
3027
3028
3031
3037
3038
3041
3043
3044
3130
3131
3135
3139
3141
3142
3143
3144
3145
3147
3151
3153
3156
3157
3158
3159
3160
3161
3162
3168
3169
3170
3173
3256
3257
3260
3261
3264
3265
3266
3267
3269
3270
3271
3272
3274
3278
3281
3283
3285
3289
3290
3293
3294
3381
3382
3384
3385
3389
3391
3392
3396
3398
3402
3405
3407
3409
3410
3416
3417
3420
3512
3514
3525
3528
3529
3531
3534
3543
3645
3648
3649
3650
3653
3656
3659
3661
13519
13521
13522
13523
13524
13525
13526
13527
13530
13531
13533
13639
13640
13641
13642
13643
13646
13649
13654
13657
13658
13661
13759
13761
13764
13766
13768
13769
13771
13773
13774
13776
13777
13778
13780
13781
13783
13785
13788
13793
13794
13795
13880
13883
13884
13885
13888
13890
13891
13895
13897
13901
13902
13903
13904
13905
13909
13910
13911
13912
13913
13917
13919
14005
14007
14014
14015
14022
14024
14025
14027
14028
14038
14043
14045
14049
14132
14135
14136
14141
14144
14147
14149
14152
14153
14154
14157
14158
14160
14162
14164
14169
14170
14172
14173
14255
14258
14259
14267
14268
14269
14270
14274
14275
14276
14277
14278
14281
14283
14293
14386
14390
14391
14393
14394
14395
14397
14400
14403
14404
14405
14407
14408
14409
14411
14415
14416
