1400
1520
1522
1525
1531
1539
1540
1635
1636
1643
1646
1648
1655
1657
1659
1663
1764
1766
1767
1768
1769
1770
1772
1773
1776
1780
1781
1782
1783
1784
1787
1883
1884
1888
1889
1890
1893
1894
1897
1899
1901
1909
1915
2009
2012
2019
2022
2025
2027
2029
2031
2035
2038
2039
2041
2144
2145
2146
2151
2155
2157
2158
3904
3905
3906
3907
4013
4015
4017
4022
4023
4024
4026
4028
4033
4035
4137
4140
4141
4142
4144
4146
4151
4153
4154
4155
4156
4157
4158
4159
4161
4164
4167
4258
4259
4260
4264
4268
4269
4270
4272
4281
4283
4285
4287
4289
4292
4293
4381
4382
4384
4393
4396
4398
4399
4400
4402
4403
4406
4407
4409
4412
4414
4415
4416
4418
4513
4516
4517
4519
4520
4521
4524
4530
4532
4535
4536
4537
4538
4539
4542
4543
4638
4639
4643
4644
4649
4652
4654
4656
4657
4660
4662
4665
4772
4775
4779
4780
4782
4783
6409
6513
6514
6518
6523
6529
6530
6536
6537
6539
6540
6635
6640
6641
6642
6646
6648
6650
6652
6653
6656
6657
6663
6667
6669
6759
6762
6765
6766
6768
6769
6771
6774
6779
6780
6781
6782
6783
6787
6789
6792
6881
6885
6887
6890
6892
6898
6902
6909
6910
6912
6915
6918
6922
7005
7009
7010
7011
7012
7015
7019
7020
7022
7024
7025
7026
7027
7030
7031
7032
7034
7035
7038
7042
7043
7044
7045
7046
7137
7138
7139
7140
7141
7142
7145
7146
7149
7150
7153
7155
7160
7166
7167
7267
7269
7274
7277
7279
7281
7282
7283
7285
7286
9015
9016
9017
9018
9019
9021
9026
9030
9031
9032
9036
9040
9133
9138
9141
9142
9144
9150
9155
9157
9158
9162
9163
9164
9166
9168
9170
9255
9256
9257
9259
9262
9269
9270
9271
9275
9277
9278
9280
9281
9282
9283
9285
9286
9287
9289
9290
9294
9380
9382
9384
9388
9389
9391
9392
9393
9394
9397
9400
9401
9404
9406
9408
9409
9417
9418
9420
9422
9423
9504
9505
9508
9509
9510
9512
9514
9515
9516
9518
9519
9520
9521
9522
9523
9524
9525
9526
9528
9531
9532
9535
9537
9538
9540
9545
9546
9632
9633
9634
9637
9641
9642
9644
9646
9647
9651
9653
9655
9657
9659
9661
9662
9663
9665
9666
9670
9671
9762
9767
9769
9770
9773
9774
9776
9778
9787
9789
9894
9896
9897
9898
11516
11517
11524
11526
11527
11528
11529
11530
11532
11634
11636
11638
11640
11642
11645
11646
11647
11648
11651
11652
11653
11654
11657
11659
11660
11661
11667
11670
11755
11758
11762
11766
11774
11775
11776
11777
11778
11779
11780
11781
11782
11786
11798
11886
11887
11888
11889
11892
11893
11894
11895
11896
11897
11898
11899
11902
11904
11908
11909
11915
11916
11923
12007
12014
12018
12019
12021
12023
12024
12027
12029
12030
12031
12033
12034
12038
12042
12043
12046
12047
12131
12132
12133
12134
12135
12140
12141
12144
12145
12147
12148
12149
12151
12152
12154
12155
12164
12165
12167
12170
12262
12266
12268
12269
12270
12271
12272
12276
12278
12279
12281
12282
12285
12286
12289
12290
12392
14024
14027
14032
14033
14034
14038
14140
14142
14144
14146
14148
14149
14153
14154
14155
14158
14159
14160
14165
14167
14168
14169
14256
14258
14260
14262
14265
14273
14275
14276
14279
14280
14281
14282
14283
14284
14286
14288
14289
14290
14294
14295
14296
14297
14384
14385
14388
14391
14392
14393
14394
14397
14400
14401
14402
14403
14404
14405
14406
14409
14410
14414
14415
