1400
1403
1517
1523
1524
1527
1532
1535
1538
1540
1638
1639
1644
1645
1647
1648
1651
1652
1654
1656
1657
1659
1660
1664
1668
1671
1672
1755
1758
1759
1760
1762
1764
1766
1767
1768
1770
1773
1774
1776
1778
1779
1784
1785
1787
1789
1793
1794
1796
1797
1879
1882
1885
1886
1889
1891
1892
1893
1895
1898
1899
1900
1902
1904
1905
1906
1907
1909
1910
1917
1918
1919
1920
1921
1923
2005
2011
2012
2015
2018
2020
2024
2025
2028
2029
2030
2031
2034
2035
2036
2040
2042
2043
2044
2046
2047
2132
2133
2135
2136
2141
2143
2144
2146
2148
2150
2152
2154
2159
2160
2161
2162
2163
2164
2165
2168
2261
2263
2265
2267
2268
2270
2276
2277
2278
2279
2280
2289
2292
2402
4018
4023
4033
4034
4135
4138
4153
4155
4163
4164
4256
4259
4261
4262
4266
4267
4268
4271
4273
4274
4275
4278
4279
4281
4283
4284
4287
4288
4290
4291
4293
4295
4296
4380
4383
4384
4385
4387
4390
4393
4394
4395
4397
4398
4401
4403
4416
4418
4422
4423
4506
4507
4508
4511
4512
4515
4516
4518
4519
4522
4523
4525
4527
4531
4532
4534
4535
4536
4537
4541
4543
4544
4545
4546
4547
4633
4636
4637
4640
4641
4642
4647
4649
4650
4651
4652
4653
4656
4657
4660
4662
4665
4667
4669
4761
4765
4766
4768
4772
4773
4774
4775
4776
4777
4783
4785
4786
4790
4902
4903
4904
6637
6642
6644
6647
6648
6649
6651
6653
6654
6656
6662
6663
6664
6758
6760
6763
6766
6767
6771
6774
6779
6784
6881
6884
6885
6886
6888
6890
6891
6893
6894
6897
6898
6902
6904
6906
6907
6908
6912
6915
6917
6919
6921
7015
7017
7021
7027
7030
7031
7032
7034
7035
7040
7041
7042
7044
7135
7140
7142
7143
7145
7146
7147
7150
7151
7152
7156
7157
7161
7164
7165
7169
7170
7262
7263
7266
7269
7271
7273
7274
7275
7278
7280
7281
7283
7287
7288
9148
9149
9150
9152
9155
9161
9162
9263
9266
9269
9271
9272
9276
9277
9278
9280
9281
9283
9285
9286
9287
9293
9384
9386
9388
9389
9394
9395
9398
9399
9401
9402
9405
9407
9410
9412
9415
9416
9419
9420
9509
9510
9512
9515
9517
9518
9519
9521
9522
9523
9526
9529
9530
9531
9532
9533
9534
9537
9538
9543
9544
9641
9643
9645
9658
9660
9661
9662
9664
9667
9668
9763
9767
9768
9773
9775
9776
9779
9782
9784
9785
9786
9788
9789
9893
9896
11769
11771
11774
11775
11777
11779
11782
11888
11889
11890
11892
11893
11896
11900
11901
11903
11904
11906
11908
11912
11913
11915
11916
12016
12017
12018
12024
12026
12030
12031
12036
12137
12139
12141
12143
12146
12147
12148
12159
12161
12164
12165
12273
12274
12284
12285
14394
14402
14405
14407
