1179
1180
1183
1185
1295
1296
1301
1303
1304
1306
1308
1312
1314
1316
1320
1414
1418
1419
1420
1422
1426
1427
1429
1432
1433
1438
1446
1449
1540
1543
1544
1546
1547
1548
1550
1551
1554
1558
1559
1560
1561
1562
1563
1565
1566
1567
1568
1578
1659
1660
1661
1662
1665
1666
1667
1668
1670
1671
1673
1675
1677
1683
1686
1687
1688
1690
1691
1696
1698
1699
1700
1702
1703
1784
1787
1788
1794
1796
1802
1803
1808
1809
1811
1813
1814
1816
1819
1820
1821
1822
1825
1909
1911
1912
1913
1914
1927
1928
1929
1931
1934
1935
1937
1939
1940
1941
1942
1943
1951
1953
2036
2038
2039
2046
2047
2048
2051
2054
2056
2057
2058
2059
2060
2061
2063
2065
2068
2070
2075
2162
2164
2166
2168
2170
2172
2173
2175
2178
2179
2180
2182
2184
2187
2190
2191
2192
2200
2294
2295
2296
2297
2298
2300
2302
2304
2307
2314
2316
2320
2434
2435
2436
13682
