507
514
515
519
520
521
523
524
525
526
527
528
530
532
534
539
540
541
544
547
631
637
643
646
647
650
651
654
655
656
657
658
659
661
663
664
667
671
673
759
762
767
768
772
777
778
782
784
785
786
788
791
792
793
796
884
885
889
892
896
897
898
899
900
901
902
904
906
909
913
914
915
916
918
919
1012
1013
1017
1018
1020
1023
1024
1026
1028
1029
1031
1033
1035
1036
1038
1039
1042
1141
1145
1149
1151
1152
1155
1156
1160
6143
6144
6145
6146
6149
6264
6265
6266
6268
6269
6271
6274
6276
6280
6282
6285
6287
6288
6289
6291
6386
6390
6391
6394
6398
6402
6406
6407
6413
6417
6510
6513
6521
6527
6529
6531
6533
6536
6538
6544
6633
6634
6635
6637
6642
6643
6644
6645
6646
6647
6648
6650
6651
6653
6657
6662
6663
6664
6669
6759
6762
6764
6765
6766
6767
6768
6769
6770
6775
6776
6777
6779
6781
6783
6785
6790
6791
6793
6885
6886
6890
6891
6895
6898
6899
6901
6902
6903
6905
6906
6907
6909
6912
6914
6916
7017
7018
7020
7021
7023
7025
7028
7029
7030
7035
7037
7038
7146
7147
7149
7150
7152
7156
