3521
3522
3523
3525
3526
3528
3529
3533
3534
3535
3637
3639
3642
3643
3644
3645
3650
3653
3655
3661
3662
3760
3761
3762
3763
3766
3767
3768
3774
3778
3779
3781
3782
3783
3787
3788
3789
3790
3794
3795
3881
3882
3885
3886
3887
3888
3891
3894
3895
3896
3897
3898
3899
3900
3903
3904
3905
3906
3910
3911
3915
3921
3922
3923
4004
4006
4007
4008
4009
4010
4012
4016
4017
4021
4022
4028
4029
4030
4034
4036
4037
4043
4045
4046
4048
4132
4133
4141
4142
4143
4144
4147
4149
4152
4153
4155
4157
4165
4171
4259
4261
4268
4269
4274
4275
4276
4277
4280
4283
4284
4286
4287
4288
4289
4290
4292
4294
4295
4386
4392
4393
4396
4397
4401
4402
4405
4406
4408
4410
4411
4416
4517
4518
4520
4521
4522
4527
8521
8523
8524
8530
8531
8533
8538
8643
8644
8647
8648
8650
8654
8655
8659
8661
8663
8664
8665
8667
8760
8763
8764
8766
8767
8770
8776
8778
8779
8780
8783
8784
8785
8787
8788
8789
8885
8887
8888
8889
8892
8894
8900
8906
8907
8909
8910
8913
8914
8915
9018
9019
9020
9026
9027
9033
9037
9040
9146
9147
9149
9150
9151
9152
9155
