422
424
425
426
427
429
434
439
440
545
550
552
555
557
561
562
564
567
668
669
671
672
673
674
675
676
677
678
682
689
691
795
801
802
806
808
813
817
818
921
922
924
926
928
930
933
934
936
937
938
939
942
1055
3301
3306
3307
3308
3417
3424
3425
3428
3430
3432
3433
3434
3437
3439
3440
3444
3547
3549
3551
3552
3553
3554
3555
3556
3559
3561
3562
3563
3565
3570
3572
3573
3574
3575
3665
3666
3668
3670
3673
3675
3677
3679
3681
3682
3683
3686
3689
3690
3693
3695
3696
3697
3699
3701
3785
3786
3789
3793
3794
3797
3798
3799
3800
3801
3803
3804
3805
3808
3809
3811
3812
3814
3815
3817
3818
3820
3822
3823
3826
3827
3828
3829
3910
3911
3915
3916
3920
3923
3928
3937
3940
3942
3944
3948
3949
3950
3952
3953
4038
4039
4040
4041
4049
4050
4052
4053
4054
4056
4062
4065
4070
4071
4164
4171
4172
4174
4179
4180
4181
4183
4185
4186
4187
4188
4189
4191
4192
4194
4196
4198
4200
4202
4288
4289
4292
4295
4297
4299
4300
4302
4307
4310
4311
4316
4417
4426
4428
4429
4431
4435
4438
4439
4440
4441
4442
4443
4551
4555
4561
