3521
3522
3523
3529
3530
3534
3535
3536
3539
3643
3651
3654
3655
3664
3665
3668
3768
3773
3774
3778
3784
3788
3794
3898
3901
3902
3903
3910
3913
4023
4024
4027
4029
4031
4032
4033
4037
4042
4156
4157
4158
7527
7528
7532
7533
7534
7648
7649
7651
7652
7653
7654
7655
7656
7657
7660
7661
7662
7663
7664
7665
7767
7768
7769
7770
7774
7782
7783
7788
7793
7795
7889
7890
7891
7894
7901
7904
7905
7907
7909
7911
7912
7914
7915
7916
7917
7919
7922
8012
8017
8019
8024
8031
8034
8036
8039
8040
8042
8043
8045
8050
8140
8141
8145
8150
8151
8153
8154
8158
8159
8161
8162
8166
8170
8173
8174
8263
8264
8267
8269
8270
8272
8275
8276
8280
8283
8287
8294
8295
8296
8297
8298
8300
8387
8388
8392
8395
8405
8407
8408
8409
8410
8411
8412
8414
8415
8417
8421
8513
8514
8519
8523
8525
8527
8528
8529
8530
8532
8533
8534
8535
8537
8538
8543
8547
8548
8550
8642
8647
8648
8649
8651
8652
8654
8655
8661
8663
8664
8667
8670
8672
8673
8761
8763
8764
8767
8772
8776
8780
8782
8790
8794
8795
8796
8797
8799
8886
8887
8889
8890
8892
8901
8903
8907
8908
8910
8911
8912
8915
8918
8920
9013
9027
9028
9032
9033
9035
9037
9042
9043
9045
9050
9137
9139
9142
9144
9145
9148
9149
9152
9154
9158
9160
9164
9166
9168
9171
9177
9263
9265
9266
9268
9270
9271
9273
9276
9280
9281
9282
9284
9286
9287
9289
9290
9292
9298
9300
9385
9386
9388
9394
9396
9398
9404
9405
9406
9407
9410
9411
9413
9415
9416
9418
9424
9511
9520
9521
9522
9523
9525
9526
9534
9535
9539
9540
9545
9547
9548
9549
9550
9552
9635
9637
9641
9642
9644
9645
9646
9649
9654
9658
9659
9660
9668
9670
9678
9762
9765
9767
9769
9775
9779
9781
9782
9785
9788
9791
9792
9796
9801
9802
9803
9889
9890
9893
9895
9896
9898
9899
9903
9904
9906
9908
9909
9912
9916
9917
9918
10011
10013
10014
10016
10017
10018
10021
10023
10025
10027
10028
10029
10030
10032
10033
10034
10037
10038
10040
10043
10044
10045
10052
10136
10138
10139
10143
10147
10149
10150
10153
10154
10155
10156
10157
10158
10161
10165
10166
10168
10169
10170
10172
10174
10177
10260
10262
10263
10267
10268
10269
10270
10272
10274
10276
10277
10279
10280
10284
10287
10292
10294
10295
10297
10302
10386
10387
10388
10394
10396
10401
10403
10408
10410
10412
10414
10415
10417
10418
10421
10422
10425
10427
10512
10514
10515
10518
10519
10522
10524
10528
10534
10535
10536
10541
10542
10544
10545
10546
10638
10640
10642
10647
10648
10653
10654
10657
10660
10661
10662
10663
10664
10665
10666
10670
10674
10675
10676
10763
10771
10774
10776
10777
10779
10781
10782
10783
10784
10786
10790
10791
10792
10793
10797
10798
10800
10887
10889
10891
10896
10897
10899
10900
10901
10902
10907
10909
10914
10915
10917
10921
10925
11016
11018
11021
11022
11023
11024
11025
11026
11027
11028
11030
11031
11036
11040
11042
11043
11044
11047
11138
11143
11145
11147
11150
11151
11153
11154
11157
11158
11161
11163
11165
11168
11169
11172
11174
11263
11267
11271
11273
11274
11277
11278
11279
11281
11284
11286
11287
11288
11290
11292
11294
11295
11296
11389
11391
11392
11394
11397
11399
11400
11401
11402
11409
11410
11411
11413
11415
11420
11421
11516
11518
11524
11526
11528
11532
11534
11539
11540
11541
11542
11544
11545
11642
11643
11650
11651
11652
11654
11655
11657
11658
11660
11662
11664
11665
11666
11667
11668
11669
11672
11766
11767
11769
11770
11772
11773
11779
11781
11790
11791
11792
11793
11796
11891
11892
11894
11897
11899
11900
11901
11904
11905
11907
11909
11911
11913
11917
11918
11920
12020
12021
12025
12027
12028
12030
12031
12032
12034
12035
12036
12037
12039
12041
12145
12146
12147
12148
12150
12151
12153
12155
12156
12158
12159
12160
12161
12162
12163
12166
12167
12270
12271
12272
12275
12276
12277
12278
12280
12281
12282
12284
12285
12286
12287
12290
12395
12396
12397
12399
12401
12409
12411
12416
12417
12528
12530
12532
12533
