3046
3049
3050
3051
3052
3053
3055
3056
3057
3059
3060
3062
3063
3176
3178
3182
3185
3187
3192
3296
3302
3307
3312
3313
4671
4673
4675
4676
4678
4679
4685
4692
4693
4694
4789
4791
4797
4798
4799
4802
4805
4810
4811
4812
4814
4816
4817
4819
4821
4825
4826
4910
4912
4913
4914
4919
4920
4921
4923
4924
4925
4927
4928
4932
4935
4936
4938
4940
4944
4945
4947
5037
5038
5043
5044
5045
5046
5047
5048
5053
5055
5056
5057
5060
5061
5067
5068
5070
5164
5166
5167
5169
5170
5172
5174
5182
5183
5185
5186
5189
5192
5193
5195
5294
5299
5303
5306
5311
5314
5315
5317
5318
7300
7301
7304
7306
7308
7310
7314
7418
7419
7422
7423
7428
7430
7437
7440
7441
7542
7543
7544
7549
7550
7551
7554
7556
7560
7561
7564
7566
7567
7574
7661
7663
7664
7665
7667
7668
7670
7673
7674
7675
7676
7677
7680
7681
7685
7687
7688
7692
7694
7698
7787
7788
7789
7791
7792
7795
7796
7797
7798
7799
7802
7803
7804
7806
7808
7810
7813
7814
7815
7820
7821
7825
7826
7912
7914
7919
7921
7924
7926
7928
7932
7934
7938
7939
7941
7942
7943
7949
7950
7952
8039
8045
8047
8048
8050
8051
8052
8054
8056
8061
8062
8063
8066
8067
8070
8072
8165
8170
8172
8177
8183
8184
8186
8191
8192
8193
8197
8298
8300
8301
8302
8305
8309
8310
8315
