521
522
524
526
531
532
652
653
654
773
774
4894
4896
4899
4903
4908
4909
5014
5017
5022
5023
5025
5026
5030
5033
5034
5035
5036
5037
5038
5042
5044
5138
5139
5141
5143
5147
5149
5150
5152
5154
5162
5163
5164
5165
5167
5168
5170
5171
5256
5259
5262
5263
5265
5268
5269
5271
5272
5274
5275
5276
5278
5280
5283
5284
5285
5288
5293
5294
5298
5383
5385
5387
5388
5390
5398
5399
5402
5403
5407
5411
5412
5413
5416
5418
5423
5424
5504
5508
5510
5517
5522
5523
5526
5527
5528
5529
5533
5534
5535
5536
5537
5540
5545
5547
5631
5635
5636
5637
5638
5645
5646
5647
5648
5649
5650
5651
5655
5656
5660
5661
5662
5667
5671
5673
5755
5756
5760
5761
5763
5765
5767
5769
5771
5773
5774
5775
5776
5778
5779
5781
5782
5784
5787
5788
5790
5791
5793
5794
5795
5884
5888
5891
5893
5895
5896
5898
5899
5901
5902
5905
5907
5908
5909
5910
5911
5915
5917
5918
5919
5920
5921
6009
6010
6011
6013
6017
6018
6021
6024
6025
6029
6034
6035
6036
6037
6040
6042
6140
6141
6143
6145
6146
6152
6153
6157
6159
6164
6267
6269
6272
6273
6280
6281
6283
16518
16519
16521
16526
16527
16529
16530
16531
16533
16534
16535
16640
16642
16644
16645
16647
16652
16653
16656
16658
16660
16664
16760
16765
16776
16777
16778
16780
16784
16787
16792
16793
16887
16889
16892
16894
16899
16900
16903
16907
16909
16914
16917
17021
17022
17026
17029
17030
17031
17033
17035
17146
17148
17150
17151
17153
