778
897
903
906
1021
1022
1028
1031
1033
5267
5272
5273
5278
5280
5285
5394
5395
5398
5402
5403
5404
5409
5411
5412
5414
5511
5515
5517
5519
5520
5523
5525
5528
5532
5533
5534
5537
5540
5542
5544
5546
5636
5642
5643
5646
5647
5648
5649
5650
5652
5653
5656
5657
5658
5663
5667
5668
5669
5671
5755
5756
5759
5760
5762
5763
5764
5765
5766
5768
5770
5772
5774
5776
5778
5779
5780
5782
5783
5788
5790
5791
5792
5794
5796
5882
5883
5884
5886
5891
5892
5893
5896
5900
5901
5903
5904
5905
5908
5909
5910
5913
5919
5921
6014
6015
6018
6019
6021
6023
6025
6027
6029
6034
6036
6130
6132
6141
6142
6143
6147
6151
6154
6158
6160
6161
6164
6168
6169
6170
6257
6258
6260
6261
6264
6266
6267
6268
6271
6278
6280
6281
6283
6287
6288
6290
6293
6294
6295
6296
6384
6391
6392
6393
6395
6396
6397
6402
6405
6406
6407
6410
6411
6412
6418
6419
6420
6422
6508
6510
6514
6516
6521
6522
6523
6525
6526
6528
6529
6530
6534
6536
6537
6539
6541
6543
6546
6643
6644
6645
6646
6649
6650
6655
6657
6658
6659
6665
6764
6770
6771
6774
6776
6783
6787
6789
6790
6891
6893
6906
6909
6910
16892
16899
16902
16903
16911
16912
17015
17020
17021
17022
17034
17036
17037
17040
17042
17138
17140
17144
17145
17146
17148
17157
17160
17163
17164
17262
17264
17265
17266
17268
17270
17274
17276
17278
17279
17280
17283
17285
17286
17291
17388
17390
17391
17395
17397
17398
17404
17410
17414
17415
17524
17526
17528
17529
17531
17532
