3641
3643
3644
3648
3649
3650
3651
3652
3653
3654
3658
3763
3765
3767
3770
3773
3778
3784
3788
3891
3892
3895
3896
3900
3901
3902
3903
3904
3910
3912
3913
3915
4017
4019
4021
4022
4023
4025
4029
4031
4032
4034
4035
4037
4141
4143
4146
4151
4155
4159
4161
4162
7399
7401
7403
7405
7521
7525
7528
7529
7532
7534
7637
7645
7647
7648
7651
7653
7658
7662
7665
7666
7759
7766
7768
7771
7772
7775
7777
7778
7780
7784
7792
7883
7886
7888
7889
7890
7896
7898
7902
7903
7905
7907
7909
7910
7911
7913
7914
7918
8007
8009
8011
8014
8015
8019
8020
8026
8028
8029
8031
8034
8035
8037
8039
8042
8046
8047
8131
8133
8134
8137
8138
8142
8146
8148
8151
8152
8153
8157
8159
8162
8165
8166
8168
8169
8172
8173
8255
8257
8258
8264
8265
8267
8268
8271
8272
8274
8275
8277
8283
8285
8287
8290
8291
8295
8296
8382
8387
8388
8391
8393
8394
8395
8396
8398
8405
8406
8409
8411
8418
8422
8424
8507
8509
8511
8514
8515
8516
8519
8522
8523
8525
8527
8528
8529
8531
8533
8537
8538
8539
8540
8542
8629
8634
8636
8639
8643
8644
8645
8648
8650
8652
8653
8655
8656
8658
8659
8666
8667
8669
8671
8673
8754
8755
8756
8763
8765
8768
8771
8774
8777
8779
8780
8781
8782
8784
8785
8792
8796
8799
8883
8885
8887
8888
8890
8891
8893
8895
8898
8899
8901
8902
8905
8911
8912
8915
8919
8920
8921
8922
8923
9004
9010
9012
9014
9016
9022
9023
9027
9028
9033
9035
9038
9042
9044
9046
9130
9132
9133
9134
9135
9140
9141
9142
9143
9145
9146
9148
9150
9152
9154
9158
9159
9162
9163
9165
9168
9173
9255
9257
9259
9262
9264
9267
9268
9270
9274
9279
9280
9281
9284
9286
9288
9291
9294
9295
9296
9391
9393
9395
9396
9399
9401
9403
9404
9405
9406
9407
9413
9414
9417
9418
9420
9423
9507
9509
9510
9511
9516
9518
9519
9521
9523
9524
9527
9531
9532
9533
9535
9541
9543
9546
9630
9632
9633
9635
9637
9640
9646
9647
9650
9652
9654
9655
9656
9657
9658
9659
9660
9661
9662
9664
9669
9673
9755
9757
9759
9768
9773
9774
9776
9781
9782
9785
9787
9789
9796
9798
9880
9882
9884
9895
9896
9897
9905
9906
9907
9908
9909
9912
9915
9916
9921
9922
9923
10008
10009
10010
10018
10020
10023
10025
10026
10028
10029
10030
10031
10032
10033
10035
10037
10041
10042
10045
10133
10135
10136
10137
10139
10140
10142
10145
10149
10152
10154
10155
10156
10157
10158
10159
10161
10164
10167
10168
10169
10170
10171
10172
10258
10259
10265
10267
10268
10269
10270
10271
10272
10274
10276
10277
10279
10280
10282
10283
10289
10293
10294
10381
10384
10385
10386
10391
10392
10394
10397
10400
10401
10404
10405
10409
10411
10412
10414
10415
10417
10420
10421
10507
10509
10511
10513
10515
10517
10518
10522
10526
10528
10529
10532
10534
10537
10540
10542
10633
10635
10646
10647
10650
10654
10655
10656
10657
10658
10663
10664
10670
10758
10759
10760
10762
10764
10766
10769
10771
10773
10774
10775
10777
10778
10779
10781
10783
10785
10788
10789
10792
10793
10795
10887
10888
10890
10891
10892
10893
10894
10895
10896
10897
10898
10901
10902
10903
10905
10907
10909
10913
10915
10918
11010
11016
11018
11021
11022
11024
11025
11029
11034
11035
11036
11041
11042
11135
11136
11141
11145
11147
11148
11154
11156
11157
11161
11162
11165
11167
11260
11261
11262
11269
11271
11272
11275
11277
11278
11280
11281
11282
11283
11285
11292
11390
11391
11392
11393
11394
11395
11398
11399
11404
11405
11409
11410
11416
11417
11516
11519
11523
11524
11525
11528
11531
11533
11536
11537
11643
11644
11650
11652
11655
11658
11659
11661
11662
11767
11768
11770
11772
11775
11778
11779
11781
11784
11788
11891
11892
11896
11898
11899
11901
11903
11904
11905
11908
