1522
1523
1524
1526
1529
1531
1645
1650
1651
1654
1660
1666
1764
1767
1771
1773
1774
1780
1781
1782
1783
1793
1884
1890
1892
1897
1900
1901
1902
1903
1907
1909
1912
1914
2016
2017
2018
2020
2024
2025
2028
2030
2034
2035
2036
2039
2144
2146
2147
2153
2154
11017
11021
11022
11024
11026
11027
11029
11031
11033
11034
11142
11143
11146
11147
11148
11150
11151
11152
11156
11157
11158
11160
11268
11269
11279
11282
11285
11395
11397
11402
11404
11406
11515
11517
11519
11522
11530
11531
11532
11534
11538
11645
11646
11648
11650
11651
11652
11654
11660
11662
11765
11766
11769
11773
11777
11782
11784
11785
11787
11894
11895
11896
11898
11900
11901
11903
11909
11910
11911
11913
12023
12027
12028
12142
12143
12146
12148
12149
12150
12151
12152
12159
12161
12162
12163
12264
12267
12273
12275
12277
12280
12282
12285
12286
12287
12288
12389
12393
12396
12400
12402
12404
12409
12413
12517
12518
12525
12527
12528
12529
12530
12534
12537
12640
12642
12644
12654
12655
12657
12661
12662
12766
12767
12773
12776
12778
12782
12786
12898
12899
12900
12905
12907
12908
12911
13017
13018
13021
13022
13023
13024
13027
13029
13030
13031
13035
13036
13145
13147
13148
13150
13152
13153
13154
13155
13156
13158
13159
13268
13271
13274
13277
13278
13280
13281
13282
13286
13391
13393
13394
13397
13399
13403
13404
13408
13409
13412
13514
13516
13517
13518
13519
13520
13524
13525
13526
13528
13529
13530
13532
13533
13645
13646
13649
13651
13653
13656
13660
13663
13767
13772
13775
13776
13778
13779
13783
13785
13786
13893
13896
20144
20146
20148
20149
20151
20162
20165
20166
20258
20260
20261
20262
20265
20266
20270
20272
20274
20275
20276
20280
20282
20283
20286
20292
20294
20384
20385
20386
20387
20388
20389
20392
20397
20399
20400
20404
20405
20407
20408
20409
20411
20415
20418
20419
20509
20510
20511
20512
20513
20516
20517
20521
20522
20524
20526
20528
20529
20532
20533
20536
20537
20543
20544
20546
20547
20633
20634
20642
20643
20645
20646
20647
20648
20649
20650
20651
20653
20654
20656
20657
20659
20660
20663
20670
20760
20768
20770
20779
20780
20783
20784
20786
20790
20897
20898
20899
20902
20903
20904
20906
