1171
1174
1176
1181
1183
1184
1186
1188
1190
1192
1292
1301
1303
1306
1307
1308
1310
1313
1315
1317
1319
1320
1321
1322
1324
1416
1417
1420
1422
1424
1425
1426
1427
1429
1431
1432
1434
1435
1436
1437
1439
1442
1443
1452
1536
1537
1541
1542
1544
1547
1550
1551
1555
1557
1559
1560
1561
1562
1564
1565
1568
1570
1574
1576
1668
1669
1673
1678
1679
1681
1682
1683
1684
1685
1686
1688
1690
1691
1692
1695
1696
1697
1791
1807
1814
1815
3426
3429
3430
3431
3434
3435
3439
3555
3556
3558
3559
3560
14308
14312
14317
14428
14436
14440
14444
14445
14446
14541
14542
14545
14547
14548
14550
14552
14553
14558
14559
14562
14564
14569
14573
14662
14669
14670
14672
14674
14675
14678
14679
14680
14682
14683
14687
14688
14689
14692
14693
14694
14697
14698
14702
14785
14787
14793
14794
14796
14799
14801
14802
14803
14805
14806
14808
14809
14819
14820
14824
14825
14828
14909
14915
14918
14919
14921
14925
14931
14933
14934
14935
14936
14938
14939
14943
14944
14945
14946
14947
14949
14952
14953
15035
15037
15040
15042
15044
15045
15048
15049
15053
15054
15056
15057
15058
15059
15061
15062
15063
15064
15065
15066
15068
15072
15076
15077
15078
15162
15163
15164
15165
15168
15171
15172
15174
15175
15177
15178
15179
15180
15185
15186
15189
15190
15191
15199
15200
15202
15289
15294
15295
15298
15299
15300
15303
15304
15305
15306
15312
15314
15317
15319
15321
15322
15419
15422
15426
15428
15436
15440
15441
15442
15447
15548
15550
15553
15561
20545
20550
20552
20553
20554
20560
20562
20564
20566
20569
20570
20665
20667
20672
20675
20680
20683
20684
20686
20687
20688
20689
20694
20697
20699
20700
20788
20789
20790
20793
20794
20795
20797
20799
20800
20801
20802
20804
20806
20808
20809
20813
20814
20817
20818
20918
20922
20924
20928
20932
20939
20944
