640
642
643
644
646
647
648
651
654
656
659
660
662
766
772
775
779
780
787
788
883
885
890
891
893
896
897
900
903
905
908
912
913
914
916
917
1014
1016
1017
1018
1022
1024
1027
1028
1030
1031
1032
1033
1034
1036
1039
1042
1045
1046
1048
1129
1135
1137
1140
1145
1146
1147
1148
1150
1151
1152
1153
1155
1156
1158
1159
1160
1161
1164
1166
1167
1168
1169
1170
1171
1172
1174
1255
1259
1262
1266
1268
1270
1271
1272
1276
1277
1278
1279
1280
1281
1286
1287
1288
1289
1291
1293
1295
1297
1298
1299
1379
1380
1381
1382
1384
1385
1388
1389
1395
1396
1397
1400
1401
1403
1404
1406
1407
1408
1409
1410
1413
1414
1416
1420
1510
1511
1514
1517
1520
1521
1522
1523
1528
1529
1531
1533
1535
1536
1537
1539
1540
1542
1638
1642
1643
1645
1646
1648
1649
1650
1651
1654
1659
1660
1665
1666
1667
1669
1765
1768
1769
1771
1774
1781
1782
1783
1785
