17016
17019
17023
17027
17028
17029
17031
17035
17036
17037
17138
17141
17144
17145
17147
17156
17158
17160
17161
17162
17164
17166
17169
17258
17259
17262
17264
17265
17277
17279
17284
17285
17286
17288
17289
17290
17291
17293
17294
17296
17381
17382
17383
17384
17386
17392
17395
17398
17400
17403
17406
17411
17418
17419
17420
17421
17423
17507
17511
17512
17513
17514
17516
17520
17521
17524
17525
17526
17527
17531
17534
17535
17536
17537
17538
17542
17543
17547
17630
17632
17633
17639
17640
17641
17642
17645
17646
17648
17649
17652
17653
17655
17656
17659
17662
17666
17669
17670
17673
17756
17758
17761
17762
17765
17767
17771
17777
17778
17779
17780
17783
17784
17785
17788
17793
17794
17795
17797
17884
17890
17891
17893
17894
17898
17899
17901
17902
17904
17905
17906
17907
17908
17909
17910
17912
17913
17914
17916
17919
17920
18010
18011
18012
18013
18014
18016
18018
18020
18022
18023
18030
18034
18036
18039
18040
18041
18043
18140
18143
18147
18148
18149
18150
18151
18152
18153
18155
18160
18163
