1047
1049
1054
1055
1056
1057
1063
1065
1071
1165
1173
1176
1178
1179
1180
1181
1182
1184
1190
1193
1194
1195
1196
1199
1285
1286
1289
1292
1295
1296
1297
1299
1302
1304
1308
1311
1312
1314
1320
1323
1324
1325
1326
1328
1409
1410
1411
1413
1414
1416
1417
1421
1422
1423
1425
1426
1427
1432
1434
1435
1436
1438
1439
1442
1445
1446
1450
1451
1453
1454
1537
1539
1541
1544
1545
1546
1548
1549
1550
1553
1555
1557
1558
1561
1563
1564
1565
1566
1568
1569
1572
1573
1574
1577
1578
1663
1672
1674
1679
1681
1684
1685
1686
1687
1688
1689
1690
1692
1697
1698
1699
1701
1787
1793
1804
1806
1812
1813
1823
1917
1925
1932
1936
1941
6427
6431
6435
6436
6438
6439
6440
6549
6552
6554
6555
6558
6559
6561
6562
6563
6564
6566
6567
6671
6673
6679
6682
6691
6693
6791
6792
6794
6801
6803
6808
6810
6811
6812
6816
6817
6821
6822
6919
6920
6922
6923
6924
6929
6934
6941
6943
6944
6945
7041
7046
7048
7049
7056
7058
7059
7060
7064
7065
7070
7165
7171
7172
7179
7182
7183
7184
7185
7188
7189
7190
7191
7196
7291
7296
7305
7307
7309
7312
7316
7317
7318
7320
7418
7419
7420
7421
7424
7426
7427
7428
7432
7437
7445
7550
7555
7557
7558
7564
7685
19800
19804
19808
19812
19916
19918
19925
19929
19934
19936
19937
19940
19941
19943
19944
20044
20052
20054
20060
20061
20063
20066
20068
20070
20072
20074
20163
20164
20165
20166
20167
20172
20173
20175
20181
20182
20185
20186
20190
20191
20192
20193
20194
20197
20198
20288
20291
20292
20293
20294
20301
20302
20304
20305
20312
20322
20421
20423
20424
20425
20426
20428
20430
20432
20434
20438
20439
20547
20551
20555
20556
20557
20560
20563
20566
