3171
3172
3174
3175
3176
3177
3187
3190
3194
3291
3293
3297
3298
3299
3304
3306
3308
3314
3320
3321
3322
3414
3417
3419
3420
3423
3424
3426
3428
3436
3438
3441
3442
3445
3446
3447
3544
3546
3552
3553
3554
3561
3564
3566
3567
3568
3569
3680
3683
3684
3687
8302
8306
8307
8309
8311
8424
8425
8427
8430
8433
8434
8435
8436
8442
8545
8548
8549
8551
8552
8553
8554
8559
8563
8565
8566
8567
8673
8677
8679
8680
8688
8689
8690
8795
8798
8799
8803
8804
8805
8812
8814
8917
8922
8923
8925
8927
8931
8934
8939
8943
8946
9044
9050
9051
9052
9057
9058
9060
9064
9067
9069
9070
9171
9172
9174
9177
9179
9180
9184
9185
9186
9188
9191
9194
9195
9292
9295
9296
9301
9303
9305
9306
9313
9317
9319
9320
9418
9420
9423
9424
9425
9426
9429
9430
9431
9432
9434
9435
9437
9439
9441
9442
9443
9444
9445
9447
9543
9544
9546
9548
9553
9555
9557
9558
9559
9560
9561
9567
9570
9666
9667
9668
9669
9672
9675
9677
9678
9679
9683
9686
9687
9688
9690
9692
9695
9696
9793
9796
9799
9806
9808
9815
9817
9818
9821
9822
9917
9927
9930
9931
9932
9933
9936
9943
9945
10040
10041
10043
10048
10049
10050
10052
10053
10054
10055
10061
10063
10064
10066
10070
10072
10167
10173
10175
10176
10177
10178
10186
10189
10192
10193
10196
10291
10293
10295
10298
10301
10302
10303
10305
10311
10312
10417
10422
10424
10426
10430
10434
10435
10436
10440
10444
10543
10544
10545
10547
10550
10561
10568
10572
10667
10668
10669
10673
10675
10678
10682
10683
10685
10688
10690
10694
10695
10697
10791
10793
10794
10795
10796
10799
10810
10811
10814
10818
10921
10924
10925
10927
10928
10931
10937
10938
10939
10940
10943
10944
11043
11050
11051
11053
11055
11058
11059
11060
11061
11063
11065
11068
11170
11173
11174
11175
11177
11182
11184
11187
11189
11194
11294
11295
11298
11302
11303
11306
11307
11313
11315
11319
11424
11430
11432
11433
11434
11435
11438
11549
11551
11555
11558
11563
11564
11674
11675
11680
11683
11684
11685
11687
11688
11689
11799
11801
11803
11804
11810
11813
11814
19553
19554
19555
19562
19565
19567
19570
19665
19669
19674
19676
19678
19681
19682
19684
19687
19690
19694
19696
19698
19785
19786
19787
19790
19791
19793
19794
19795
19797
19799
19801
19802
19803
19805
19807
19808
19810
19811
19813
19814
19818
19819
19827
19828
19909
19915
19916
19922
19923
19924
19926
19927
19928
19930
19931
19933
19935
19936
19937
19938
19939
19940
19943
19944
19947
19950
19952
20034
20036
20037
20038
20039
20045
20048
20049
20050
20057
20058
20060
20061
20064
20066
20073
20076
20078
20162
20167
20170
20175
20179
20180
20182
20183
20185
20186
20188
20190
20191
20192
20193
20194
20197
20295
20296
20299
20301
20303
20306
20307
20310
20316
20317
20320
