2023
2025
2144
2147
2150
2268
2272
2278
2280
2281
2283
2284
2395
2397
2399
2401
13517
13518
13520
13521
13522
13525
13526
13527
13529
13531
13534
13536
13644
13648
13650
13654
13655
13658
13660
13666
13765
13766
13767
13771
13773
13775
13779
13780
13781
13782
13783
13785
13786
13787
13788
13794
13887
13888
13891
13892
13895
13897
13898
13899
13900
13901
13902
13903
13904
13905
13909
13910
13912
13913
13914
13915
13917
13920
14007
14012
14014
14016
14018
14019
14020
14021
14022
14024
14025
14026
14028
14030
14032
14033
14034
14035
14036
14037
14039
14040
14041
14042
14044
14046
14134
14136
14140
14141
14145
14146
14147
14149
14152
14153
14154
14155
14156
14159
14160
14161
14162
14172
14257
14259
14261
14262
14263
14264
14267
14268
14269
14271
14275
14280
14281
14287
14288
14291
14292
14296
14389
14390
14392
14393
14397
14398
14399
14401
14402
14403
14405
14409
14410
14411
14416
14417
14419
14508
14511
14514
14515
14517
14522
14523
14524
14525
14526
14529
14530
14536
14537
14538
14542
14544
14545
14633
14637
14638
14639
14640
14641
14643
14644
14645
14646
14647
14649
14650
14651
14653
14759
14760
14763
14765
14767
14768
14770
14775
14779
14782
14787
14886
14887
14896
14897
14899
14901
14905
14906
14912
14913
14915
15013
15014
15016
15020
15021
15026
15030
15032
15035
15148
15150
15151
15153
15154
15155
20515
20516
20519
20524
20525
20528
20529
20534
20540
20633
20634
20636
20637
20638
20639
20646
20649
20652
20655
20659
20664
20667
20760
20762
20763
20766
20768
20769
20772
20774
20776
20779
20780
20781
20782
20783
20784
20785
20787
20790
20791
20793
20794
20795
20797
20884
20886
20887
20888
20890
20891
20892
20894
20895
20899
20901
20902
20903
20908
20913
20915
20916
20918
20920
20921
20922
21005
21006
21007
21016
21017
21018
21020
21021
21023
21024
21025
21027
21029
21031
21034
21035
21036
21037
21039
21040
21044
21047
21049
