2167
2168
2170
2173
2177
2180
2181
2184
2185
2186
2194
2290
2293
2296
2299
2302
2303
2304
2305
2308
2311
2312
2313
2317
2318
2319
2320
2323
2324
2416
2419
2424
2428
2433
2436
2437
2438
2439
2441
2444
2445
2449
2534
2538
2539
2540
2543
2544
2546
2547
2549
2551
2552
2555
2556
2558
2560
2563
2565
2567
2571
2575
2660
2662
2663
2664
2665
2668
2669
2675
2676
2677
2678
2680
2681
2682
2683
2684
2685
2686
2690
2691
2693
2694
2698
2699
2700
2701
2791
2792
2795
2803
2805
2808
2810
2813
2819
2931
2933
2936
13804
13807
13809
13811
13926
13927
13932
13933
13934
13935
13937
13940
13942
13943
13945
14042
14044
14045
14049
14050
14053
14054
14063
14064
14069
14070
14073
14074
14165
14169
14170
14171
14172
14174
14180
14181
14184
14187
14290
14292
14297
14298
14299
14300
14301
14305
14306
14307
14308
14310
14312
14313
14314
14319
14321
14322
14323
14324
14325
14411
14412
14413
14414
14417
14423
14424
14426
14430
14431
14432
14434
14435
14436
14440
14442
14449
14535
14536
14540
14544
14546
14547
14548
14550
14552
14553
14555
14557
14558
14560
14562
14567
14570
14573
14663
14664
14667
14669
14672
14676
14677
14679
14684
14685
14692
14694
14695
14699
14787
14788
14791
14792
14798
14799
14801
14805
14808
14809
14810
14814
14816
14817
14821
14822
14913
14918
14919
14920
14921
14926
14931
14932
14937
14940
14943
14944
14948
15044
15045
15047
15050
15052
15053
15056
15058
15062
15069
15174
15176
15178
15187
19059
