2792
2794
2798
2799
2801
2803
2804
2809
2810
2811
2812
2814
2816
2817
2819
2820
2821
2913
2916
2917
2918
2922
2925
2926
2927
2931
2932
2935
2937
2941
2942
2943
2945
2946
2947
2950
3035
3036
3037
3038
3040
3044
3047
3048
3049
3051
3059
3062
3064
3065
3067
3068
3070
3076
3078
3159
3160
3163
3164
3165
3167
3168
3169
3171
3173
3174
3176
3180
3182
3185
3187
3191
3192
3193
3198
3204
3285
3286
3289
3291
3294
3295
3296
3297
3298
3299
3300
3301
3302
3305
3306
3309
3310
3313
3314
3316
3319
3320
3323
3325
3328
3411
3414
3416
3425
3429
3431
3432
3433
3436
3437
3439
3440
3441
3442
3443
3444
3447
3541
3543
3545
3546
3549
3550
3551
3559
3564
3565
3566
3567
3570
3574
3676
3677
3678
3679
3680
3682
3685
3688
13431
13432
13433
13549
13552
13553
13558
13560
13562
13563
13565
13566
13672
13674
13675
13678
13680
13681
13684
13687
13689
13690
13794
13796
13799
13800
13801
13804
13813
13814
13816
13918
13919
13923
13924
13925
13927
13932
13936
13938
13939
13940
13944
14047
14050
14053
14055
14061
14064
14065
14172
14174
14179
14180
14183
14184
14185
14187
14304
14306
