3406
3408
3409
3410
3411
3415
3525
3527
3528
3531
3532
3533
3534
3539
3540
3543
3545
3641
3642
3643
3644
3646
3647
3652
3653
3654
3655
3666
3669
3670
3671
3673
3766
3767
3769
3774
3776
3777
3779
3781
3782
3783
3790
3791
3801
3886
3888
3892
3894
3897
3898
3899
3901
3902
3903
3904
3906
3908
3912
3913
3914
3915
3917
3924
3927
4011
4019
4022
4028
4031
4032
4033
4036
4042
4043
4044
4047
4052
4136
4137
4138
4139
4141
4143
4146
4147
4153
4154
4155
4160
4164
4168
4169
4170
4171
4172
4174
4176
4262
4266
4267
4269
4270
4271
4273
4274
4276
4280
4281
4283
4286
4287
4290
4293
4299
4300
4390
4394
4397
4403
4408
4412
4414
4421
4422
4517
4518
4521
4523
4524
4526
4527
4529
4531
4533
4537
4539
4542
4656
4661
9521
9523
9527
9528
9529
9534
9536
9540
9541
9542
9640
9642
9644
9646
9649
9650
9655
9657
9658
9659
9661
9662
9666
9667
9668
9669
9670
9672
9765
9768
9770
9771
9772
9775
9778
9779
9783
9786
9788
9789
9792
9793
9794
9796
9797
9798
9799
9801
9886
9889
9891
9894
9895
9899
9906
9919
9920
9921
9924
9925
10012
10013
10014
10016
10018
10019
10020
10021
10023
10024
10026
10027
10028
10031
10032
10038
10039
10041
10042
10043
10044
10046
10134
10137
10143
10147
10148
10150
10152
10154
10159
10160
10161
10163
10167
10169
10170
10172
10173
10175
10177
10260
10263
10267
10268
10269
10272
10273
10275
10285
10286
10287
10288
10289
10291
10293
10294
10296
10297
10300
10301
10389
10390
10393
10394
10397
10402
10405
10406
10410
10411
10415
10416
10417
10418
10423
10517
10519
10520
10522
10524
10529
10536
10537
10540
10541
10543
10544
10546
10549
10642
10647
10648
10649
10651
10652
10657
10658
10661
10662
10665
10670
10777
10778
10779
10783
10784
10791
