1024
1032
1035
1037
1039
1145
1151
1155
1157
1158
1159
1160
1162
1164
1165
1169
1170
1263
1264
1265
1266
1267
1268
1269
1270
1271
1273
1278
1279
1280
1281
1282
1283
1287
1288
1290
1291
1292
1294
1295
1296
1297
1300
1389
1390
1393
1394
1398
1399
1400
1401
1402
1405
1407
1411
1414
1417
1418
1419
1420
1421
1422
1512
1513
1514
1519
1521
1522
1523
1524
1526
1532
1534
1535
1537
1539
1540
1542
1543
1544
1545
1546
1549
1636
1643
1645
1647
1648
1649
1651
1652
1654
1655
1656
1658
1660
1661
1662
1664
1668
1670
1671
1673
1762
1763
1766
1767
1768
1770
1771
1772
1773
1774
1776
1778
1779
1785
1787
1788
1789
1790
1792
1796
1888
1890
1894
1899
1900
1902
1905
1912
1913
1914
1916
1919
1921
2018
2019
2022
2023
2024
2025
2026
2027
2029
2030
2032
2033
2035
2038
2040
2148
2149
2150
2151
2153
2154
2155
2157
2159
2160
2162
2163
2164
2166
12782
12783
12786
12787
12900
12902
12903
12907
12911
12915
12916
13021
13022
13024
13026
13027
13028
13030
13032
13033
13036
13042
13141
13143
13146
13147
13148
13150
13152
13153
13155
13156
13157
13159
13160
13161
13163
13166
13168
13169
13264
13266
13269
13288
13289
13290
13291
13292
13294
13295
13296
13297
13387
13388
13392
13393
13395
13400
13401
13402
13403
13404
13405
13406
13407
13409
13410
13411
13412
13415
13418
13420
13424
13425
13512
13513
13514
13516
13518
13519
13520
13521
13523
13524
13525
13526
13527
13529
13530
13532
13535
13536
13537
13541
13543
13549
13551
13637
13638
13639
13640
13643
13644
13645
13646
13647
13648
13649
13651
13652
13655
13660
13663
13664
13665
13667
13669
13670
13672
13675
13677
13761
13762
13763
13770
13771
13772
13773
13774
13775
13778
13779
13780
13781
13795
13797
13798
13800
13886
13889
13897
13898
13900
13901
13903
13904
13905
13908
13909
13912
13913
13914
13915
13919
13920
13923
13926
14012
14016
14023
14024
14025
14027
14028
14029
14030
14032
14033
14034
14035
14038
14045
14046
14047
14049
14050
14051
14138
14142
14145
14147
14150
14151
14152
14156
14158
14164
14165
14166
14167
14168
14173
14265
14267
14269
14273
14276
14278
14282
14286
14287
14290
14292
14294
14297
14393
14399
14408
14411
14415
14417
14418
14524
14525
14529
14534
14538
19904
20022
20023
20025
20026
20033
20034
20035
20037
20038
20040
20142
20144
20146
20147
20148
20152
20155
20156
20157
20158
20159
20160
20161
20166
20168
20171
20265
20277
20281
20283
20284
20285
20289
20293
20393
20394
20397
20398
20401
20402
20403
20410
20412
20420
20422
20423
20514
20517
20519
20520
20522
20524
20532
20533
20535
20538
20539
20541
20543
20548
