2897
2901
2902
2903
2904
2905
2907
2909
2911
2912
2914
2917
3019
3021
3022
3024
3026
3027
3032
3033
3036
3040
3046
3049
3141
3145
3146
3147
3148
3150
3153
3161
3162
3163
3165
3169
3170
3172
3174
3175
3270
3272
3275
3277
3278
3279
3281
3286
3287
3290
3291
3293
3295
3296
3297
3298
3301
3392
3398
3399
3401
3404
3405
3407
3408
3410
3412
3415
3524
3525
3528
3531
3532
3536
3541
5026
5031
5033
5036
5155
5159
5161
5277
5281
5284
10147
10148
10150
10153
10155
10157
10158
10160
10167
10169
10170
10171
10262
10264
10270
10279
10280
10281
10283
10287
10288
10291
10292
10296
10388
10392
10394
10395
10401
10402
10404
10406
10408
10410
10411
10412
10414
10416
10418
10419
10420
10421
10423
10424
10510
10511
10515
10516
10517
10519
10520
10525
10526
10527
10530
10534
10538
10542
10543
10544
10545
10546
10547
10553
10639
10640
10641
10646
10649
10651
10657
10658
10660
10668
10670
10674
10766
10767
10772
10774
10777
10778
10779
10784
10788
10789
10793
10794
