7148
7150
7152
7153
7160
7164
7265
7267
7271
7275
7276
7277
7279
7280
7282
7283
7284
7291
7293
7296
7387
7389
7391
7397
7399
7400
7401
7403
7404
7405
7407
7408
7410
7413
7414
7417
7419
7420
7424
7511
7515
7517
7518
7519
7520
7522
7523
7524
7525
7527
7528
7529
7530
7533
7534
7535
7537
7538
7540
7545
7546
7547
7548
7551
7552
7635
7637
7638
7640
7641
7643
7650
7651
7652
7653
7654
7655
7656
7659
7668
7675
7678
7760
7761
7762
7764
7765
7766
7767
7768
7772
7773
7774
7775
7776
7778
7786
7787
7788
7791
7793
7794
7795
7797
7802
7886
7887
7889
7890
7894
7895
7900
7902
7903
7904
7906
7911
7914
7915
7916
7926
8014
8015
8018
8020
8026
8028
8029
8031
8032
8033
8035
8036
8045
8143
8150
8151
8152
8158
8162
8163
8168
8277
8278
8279
8280
8284
8285
10531
10532
10656
10783
