12
14
15
16
20
21
22
23
28
29
32
33
35
36
37
42
43
44
45
46
48
50
51
135
136
137
139
145
146
149
151
153
158
161
165
166
167
168
169
172
176
178
259
261
263
271
278
280
284
286
288
289
290
291
296
298
301
385
386
393
394
396
398
399
400
401
403
406
407
408
410
411
412
414
415
417
419
421
422
425
426
428
513
516
520
522
523
529
530
538
539
540
541
543
545
548
646
651
656
657
662
664
667
668
669
670
2395
2400
2401
2405
2409
2410
2414
2416
2417
2418
2422
2513
2515
2516
2519
2521
2527
2531
2533
2534
2536
2538
2540
2542
2543
2545
2546
2548
2550
2635
2636
2648
2651
2652
2654
2655
2657
2658
2661
2662
2664
2666
2669
2670
2672
2759
2766
2768
2770
2771
2776
2777
2778
2779
2781
2784
2785
2786
2797
2804
2885
2886
2888
2889
2890
2892
2893
2895
2898
2900
2901
2902
2904
2905
2909
2913
2914
2917
2920
2921
2922
2924
3012
3013
3016
3018
3019
3025
3026
3028
3031
3032
3033
3034
3036
3037
3039
3040
3042
3045
3047
3048
3140
3145
3146
3149
3150
3157
3158
3159
3163
3165
3167
3170
3171
3281
3283
4897
4899
4901
4902
4904
4905
4907
4910
4919
5014
5015
5016
5021
5023
5025
5029
5033
5036
5041
5044
5048
5143
5147
5149
5152
5156
5157
5158
5160
5162
5164
5168
5171
5172
5176
5263
5264
5268
5272
5273
5275
5278
5279
5281
5282
5283
5284
5285
5288
5289
5290
5291
5295
5301
5303
5388
5392
5394
5396
5397
5401
5404
5407
5409
5410
5413
5416
5418
5419
5421
5424
5425
5512
5517
5520
5522
5524
5525
5528
5531
5532
5537
5538
5543
5544
5642
5643
5647
5650
5651
5655
5660
5663
5665
5667
5668
5669
5671
5672
5778
5780
5782
7520
7522
7523
7524
7527
7529
7531
7532
7533
7534
7537
7538
7539
7541
7545
7637
7639
7643
7646
7649
7653
7655
7656
7657
7659
7661
7662
7664
7669
7670
7761
7764
7765
7769
7771
7777
7778
7779
7780
7784
7785
7786
7787
7788
7789
7790
7794
7797
7798
7802
7886
7891
7894
7895
7896
7897
7902
7906
7908
7911
7912
7913
7916
7918
7919
7924
7925
8012
8015
8018
8019
8020
8021
8029
8031
8032
8033
8034
8035
8036
8039
8040
8041
8042
8049
8141
8143
8144
8145
8146
8149
8152
8153
8157
8161
8162
8163
8168
10022
10026
10030
10033
10038
10142
10145
10147
10151
10153
10155
10158
10159
10161
10162
10165
10166
10167
10169
10170
10171
10172
10265
10267
10268
10274
10277
10279
10280
10282
10285
10286
10288
10289
10290
10291
10293
10295
10298
10300
10391
10393
10394
10396
10397
10398
10402
10403
10405
10406
10407
10409
10411
10412
10415
10424
10515
10516
10517
10518
10520
10524
10527
10528
10530
10531
10533
10537
10538
10539
10542
10543
10545
10548
10644
10648
10650
10652
10653
10656
10659
10661
10663
10664
10665
10666
12655
12656
12657
12658
12660
12664
12769
12771
12777
12781
12783
12792
12797
12896
12898
12905
12906
12907
12908
12910
12911
12917
13019
13022
13023
13024
13026
13028
13029
13030
13034
13038
13039
13042
13044
13149
13150
13153
13158
