5281
5282
5287
5397
5400
5402
5405
5409
5413
5415
5518
5524
5526
5527
5529
5530
5531
5533
5534
5537
5539
5540
5542
5544
5658
5660
5661
5664
5667
5668
5774
5777
5782
5783
5785
5786
5787
5788
5789
8524
8526
8527
8532
8533
8536
8537
8539
8540
8541
8544
8645
8647
8650
8652
8656
8661
8662
8669
8769
8770
8772
8774
8779
8780
8782
8783
8784
8787
8793
8794
8895
8896
8897
8902
8905
8908
8909
8911
8915
9017
9019
9025
9026
9030
9031
9033
9035
9039
9040
9042
9043
9045
9046
9139
9143
9146
9147
9148
9149
9150
9151
9153
9155
9158
9159
9161
9162
9164
9165
9166
9168
9170
9265
9266
9268
9269
9270
9271
9273
9274
9276
9277
9280
9286
9287
9289
9292
9294
9297
9390
9392
9394
9397
9398
9399
9402
9405
9406
9408
9409
9411
9413
9414
9415
9416
9417
9420
9422
9515
9516
9518
9519
9520
9522
9525
9527
9528
9529
9530
9531
9532
9534
9535
9537
9545
9547
9548
9550
9639
9641
9643
9644
9649
9650
9651
9652
9653
9655
9656
9657
9659
9660
9663
9665
9667
9670
9671
9675
9763
9769
9771
9772
9775
9776
9777
9780
9781
9782
9783
9788
9789
9792
9793
9797
9799
9887
9891
9898
9899
9900
9901
9902
9905
9906
9907
9908
9909
9910
9911
9913
9917
9919
9921
9922
10011
10014
10018
10019
10020
10022
10024
10025
10026
10029
10030
10033
10035
10036
10041
10043
10044
10045
10048
10050
10051
10140
10141
10142
10147
10150
10153
10154
10158
10160
10163
10165
10169
10170
10173
10177
10266
10268
10269
10270
10272
10274
10277
10278
10281
10282
10285
10288
10295
10296
10299
10300
10386
10389
10392
10398
10399
10401
10402
10404
10406
10407
10408
10409
10411
10413
10414
10415
10416
10419
10422
10423
10513
10514
10518
10522
10524
10526
10527
10529
10530
10531
10532
10533
10536
10537
10541
10544
10545
10546
10637
10638
10640
10642
10643
10645
10646
10647
10649
10650
10651
10655
10656
10658
10660
10665
10668
10669
10671
10672
10673
10675
10767
10769
10770
10771
10774
10775
10776
10778
10780
10781
10783
10784
10786
10788
10789
10791
10792
10794
10797
10799
10887
10895
10902
10903
10904
10906
10909
10910
10911
10918
10919
10923
11014
11018
11024
11032
11035
11037
11039
11040
11043
11045
11047
11048
11140
11141
11142
11144
11145
11146
11148
11149
11152
11154
11156
11158
11160
11164
11166
11168
11169
11171
11172
11174
11266
11267
11269
11270
11273
11274
11275
11276
11277
11278
11279
11280
11290
11292
11293
11389
11390
11392
11393
11398
11399
11400
11402
11404
11406
11409
11411
11412
11416
11417
11418
11420
11421
11514
11518
11519
11521
11524
11525
11530
11531
11533
11534
11536
11539
11541
11544
11643
11644
11646
11651
11654
11658
11660
11664
11665
11668
11669
11768
11770
11772
11773
11774
11778
11779
11782
11786
11787
11788
11792
11794
11893
11897
11898
11900
11901
11908
11909
11910
11912
11913
11914
11915
11916
11917
11918
11919
14774
14775
14781
14785
14786
14792
14794
14795
14894
14897
14899
14901
14906
14916
14923
15017
15020
15022
15024
15025
15027
15030
15031
15033
15037
15038
15042
15043
15047
15048
15049
15050
15136
15137
15141
15145
15146
15150
15152
15156
15160
15162
15164
15166
15168
15170
15172
15173
15263
15267
15272
15275
15277
15278
15281
15282
15283
15285
15288
15290
15291
15299
15302
15388
15390
15394
15395
15398
15400
15402
15403
15405
15407
15409
15410
15415
15417
15418
15419
15421
15423
15425
15515
15519
15521
15522
15524
15527
15528
15529
15532
15533
15534
15537
15541
15542
15545
15547
15651
15658
15662
15664
15665
15666
15668
