8899
8901
8903
8911
8913
9019
9023
9024
9025
9028
9030
9032
9043
9047
9137
9138
9140
9143
9145
9148
9151
9153
9154
9155
9157
9158
9159
9160
9165
9166
9262
9266
9267
9269
9277
9280
9282
9283
9284
9285
9286
9287
9289
9290
9291
9293
9294
9295
9298
9303
9385
9391
9392
9395
9396
9399
9400
9401
9405
9407
9411
9413
9415
9416
9420
9423
9425
9427
9511
9512
9513
9515
9516
9517
9519
9521
9524
9525
9528
9529
9531
9532
9533
9539
9540
9543
9544
9545
9548
9552
9636
9637
9638
9644
9648
9654
9658
9659
9661
9664
9667
9670
9671
9675
9766
9767
9770
9773
9775
9776
9779
9780
9785
9786
9787
9790
9794
9795
9796
9893
9895
9899
9900
9901
9902
9903
9907
9908
9910
9914
9916
9918
9919
12403
12404
12405
12408
12410
