10528
10532
10533
10536
10652
10654
10658
10661
10777
10778
10782
10902
10908
10909
10910
10911
11022
11023
11024
11026
11030
11037
11040
11043
11144
11154
11155
11158
11159
11161
11165
11168
11275
11277
11278
11281
11283
11286
11293
11396
11397
11399
11401
11402
11403
11405
11406
11408
11414
11415
11417
11520
11525
11527
11528
11535
11539
11540
11541
11644
11647
11648
11652
11653
11655
11659
11664
11665
11772
11778
11786
11789
11790
11793
11795
11796
11891
11893
11894
11899
11901
11903
11906
11907
11908
11911
11914
12020
12022
12025
12028
12029
12033
12037
12039
12044
12143
12144
12149
12154
12158
12161
12162
12163
12170
12171
12280
12281
12284
12285
12289
12290
12294
12296
12390
12393
12395
12396
12400
12401
12402
12405
12406
12408
12411
12412
12413
12414
12415
12421
12521
12523
12525
12526
12528
12530
12535
12540
12542
12546
12547
12548
12646
12648
12649
12651
12657
12658
12659
12660
12664
12669
12766
12767
12770
12772
12778
12783
12791
12792
12795
12797
12894
12895
12900
12901
12909
12910
12911
12913
12917
12918
12921
13018
13019
13020
13023
13024
13025
13027
13028
13030
13031
13038
13042
13043
13046
13149
13152
13153
13159
13160
13163
13167
13169
13170
13267
13269
13272
13276
13277
13278
13283
13288
13289
13290
13292
13294
13393
13395
13400
13402
13403
13406
13412
13417
13520
13522
13527
13528
13530
13531
13535
13536
13538
13539
13646
13647
13650
13658
13660
13662
13775
13776
13778
13780
13781
13783
13904
13906
16784
16786
16898
16899
16907
16912
17014
17016
17017
17018
17022
17025
17029
17031
17032
17034
17038
17039
17042
17048
17049
17137
17141
17142
17143
17144
17145
17147
17148
17151
17155
17157
17159
17160
17161
17169
17172
17173
17174
17175
17176
17260
17265
17267
17268
17270
17273
17274
17280
17281
17283
17285
17287
17289
17290
17293
17294
17297
17384
17386
17389
17390
17393
17395
17397
17399
17400
17402
17403
17405
17406
17408
17411
17418
17420
17421
17422
17424
17425
17426
17514
17519
17521
17522
17525
17527
17529
17532
17533
17534
17536
17537
17538
17540
17541
17547
17554
17636
17637
17638
17642
17644
17647
17648
17650
17657
17659
17663
17664
17665
17666
17667
17669
17672
17674
17675
17761
17764
17765
17767
17774
17776
17782
17784
17786
17789
17792
17793
17794
17799
17800
17890
17891
17900
17901
17907
17908
17910
17911
17914
17915
17918
17920
18024
18026
18033
18037
18039
18043
