4775
4776
4779
4780
4781
4787
4790
4791
4898
4902
4905
4907
4910
4911
4913
4914
4918
5019
5029
5034
5035
5042
5144
5153
5158
5160
5162
5164
5276
5279
7518
7521
7526
7534
7640
7643
7644
7648
7650
7653
7654
7655
7657
7659
7661
7662
7665
7666
7670
7671
7673
7763
7768
7771
7774
7776
7777
7778
7779
7780
7781
7785
7786
7790
7791
7793
7797
7800
7886
7887
7888
7889
7890
7892
7893
7895
7897
7899
7900
7902
7903
7906
7907
7908
7910
7911
7912
7914
7915
7918
7919
7921
7923
7924
7927
8009
8013
8015
8019
8020
8021
8023
8025
8027
8029
8032
8034
8037
8038
8039
8043
8045
8046
8051
8055
8133
8134
8137
8138
8139
8142
8143
8144
8149
8150
8153
8155
8157
8158
8159
8162
8163
8164
8166
8167
8168
8169
8172
8175
8176
8180
8261
8267
8277
8279
8280
8281
8283
8284
8289
8290
8291
8292
8293
8296
8300
8305
8383
8386
8387
8388
8391
8395
8396
8401
8402
8403
8405
8406
8408
8409
8413
8421
8423
8425
8426
8429
8508
8510
8511
8515
8516
8517
8519
8521
8524
8526
8528
8529
8530
8531
8532
8534
8535
8536
8538
8539
8541
8549
8553
8635
8636
8638
8641
8642
8643
8646
8647
8648
8649
8650
8652
8656
8657
8658
8662
8663
8670
8671
8673
8674
8761
8762
8764
8765
8766
8769
8771
8772
8776
8778
8779
8780
8783
8784
8785
8786
8790
8794
8801
8804
8882
8886
8891
8892
8893
8897
8898
8899
8900
8901
8904
8905
8906
8908
8910
8916
8918
8920
8925
8926
9008
9009
9011
9012
9014
9015
9018
9019
9023
9024
9026
9028
9032
9033
9034
9035
9038
9039
9040
9042
9046
9047
9048
9050
9051
9052
9055
9134
9135
9137
9138
9140
9142
9143
9145
9146
9147
9149
9150
9151
9155
9157
9159
9160
9163
9164
9165
9168
9173
9175
9178
9179
9258
9260
9263
9264
9265
9268
9270
9271
9272
9274
9275
9276
9285
9287
9288
9290
9291
9292
9294
9295
9298
9385
9388
9391
9392
9397
9400
9401
9402
9404
9405
9406
9407
9411
9413
9415
9418
9422
9423
9425
9427
9430
9512
9513
9516
9519
9523
9525
9526
9532
9534
9535
9536
9538
9539
9544
9545
9548
9550
9552
9554
9633
9635
9640
9644
9653
9655
9656
9662
9664
9666
9668
9669
9673
9674
9678
9679
9759
9762
9763
9764
9765
9766
9767
9769
9770
9771
9774
9778
9779
9780
9781
9788
9789
9790
9792
9793
9797
9800
9802
9884
9885
9887
9896
9897
9898
9900
9902
9903
9906
9908
9909
9910
9911
9913
9914
9916
9918
9924
9928
10009
10011
10016
10029
10030
10031
10033
10034
10038
10042
10046
10048
10138
10139
10141
10142
10145
10146
10148
10150
10151
10158
10159
10160
10163
10166
10169
10170
10263
10264
10269
10271
10277
10280
10281
10285
10289
10291
10292
10293
10386
10387
10391
10392
10396
10398
10401
10402
10403
10404
10407
10409
10411
10413
10414
10416
10418
10419
10420
10424
10517
10519
10521
10525
10532
10533
10535
10542
10543
10641
10642
10646
10647
10651
10652
10653
10655
10657
10662
10667
10668
10671
10769
10771
10777
10778
10779
10780
10782
10788
10789
10792
10889
10890
10891
10893
10899
10905
10910
10912
10913
11024
11025
11026
11029
11030
11031
11032
11033
11149
11151
11152
11154
11155
11156
11274
11278
11280
11281
11282
11399
11402
11406
11411
11413
14154
14158
14161
14162
14163
14164
14271
14272
14277
14278
14279
14285
14286
14288
14290
14291
14293
14294
14296
14391
14392
14395
14398
14399
14402
14405
14406
14407
14409
14414
14415
14418
14424
14425
14426
14511
14515
14517
14518
14519
14520
14521
14522
14523
14524
14528
14529
14533
14534
14536
14540
14541
14543
14544
14546
14547
14550
14551
14552
14638
14639
14641
14646
14647
14651
14652
14653
14654
14656
14658
14659
14660
14667
14668
14670
14676
14677
14763
14767
14768
14772
14774
14777
14779
14780
14781
14782
14783
14784
14790
14792
14793
14794
14796
14799
14800
14888
14889
14892
14893
14896
14898
14903
14904
14905
14912
14914
14917
14918
14919
14923
15015
15021
15026
15027
15031
15032
15033
15034
15037
15041
15043
