30
34
5024
5027
5029
5031
5034
5036
5037
5038
5040
5041
5042
5140
5143
5144
5147
5149
5152
5158
5162
5166
5168
5169
5170
5262
5267
5269
5270
5271
5275
5277
5281
5282
5284
5286
5288
5290
5292
5295
5388
5392
5394
5397
5398
5400
5402
5405
5406
5407
5409
5411
5416
5417
5419
5422
5426
5509
5512
5513
5514
5516
5517
5518
5520
5525
5526
5529
5530
5535
5537
5538
5540
5541
5544
5547
5549
5551
5634
5642
5644
5645
5646
5647
5649
5651
5653
5656
5657
5658
5659
5661
5664
5665
5666
5671
5672
5674
5675
5676
5678
5761
5763
5764
5769
5772
5776
5778
5779
5780
5782
5783
5784
5787
5788
5792
5794
5797
5800
5888
5890
5891
5899
5900
5904
5906
5909
5910
5911
5912
5914
5916
5918
6016
6019
6025
6028
6030
6031
6035
6036
6039
6041
6043
6044
6045
6047
6146
6147
6150
6152
6153
6154
6158
6162
6166
17020
17021
17022
17029
17035
17039
17041
17043
17140
17141
17145
17148
17151
17153
17155
17157
17162
17164
17166
17167
17169
17170
17174
17264
17265
17266
17268
17269
17270
17271
17272
17275
17276
17277
17283
17289
17291
17293
17299
17300
17394
17397
17401
17402
17410
17413
17414
17415
17416
17420
17520
17521
17525
17526
17529
17531
17533
17536
19022
19024
19027
19030
19033
19035
19036
19037
19038
19040
19142
19147
19154
19156
19158
19164
19168
19268
19271
19272
19273
19275
19276
19277
19278
19280
19281
19283
19284
19286
19288
19293
19397
19400
19404
19405
19409
19411
