3922
3928
3931
3937
3938
3939
4044
4045
4046
4050
4052
4053
4055
4059
4063
4066
4069
4165
4171
4172
4176
4177
4183
4188
4189
4191
4192
4193
4198
4286
4287
4291
4293
4294
4295
4297
4298
4300
4301
4303
4304
4305
4307
4308
4316
4323
4325
4327
4410
4412
4413
4414
4415
4416
4417
4420
4423
4426
4428
4432
4433
4434
4435
4436
4437
4438
4441
4443
4446
4534
4537
4539
4541
4543
4545
4546
4548
4552
4553
4555
4560
4562
4569
4571
4572
4573
4578
4661
4662
4663
4667
4669
4670
4671
4672
4673
4674
4677
4678
4682
4684
4686
4687
4689
4690
4692
4697
4699
4700
4786
4787
4788
4790
4794
4795
4797
4800
4801
4804
4805
4807
4809
4810
4811
4815
4818
4820
4823
4824
4826
4827
4913
4914
4916
4923
4924
4925
4926
4929
4931
4940
4941
4942
4943
4945
5042
5044
5045
5046
5048
5050
5055
5056
5058
5059
5060
5061
5062
5064
5065
5066
5068
5071
5072
5171
5173
5176
5177
5178
5182
5183
5186
5187
5189
5191
10173
10177
10184
10185
10188
10298
10299
10301
10303
10305
10310
10314
10315
10318
10415
10416
10417
10423
10424
10426
10427
10429
10430
10433
10434
10438
10439
10440
10441
10446
10539
10541
10545
10546
10547
10548
10549
10551
10552
10555
10557
10560
10561
10565
10567
10568
10570
10571
10574
10663
10669
10671
10672
10673
10674
10675
10676
10677
10678
10679
10680
10685
10688
10689
10691
10696
10699
10788
10791
10799
10806
10807
10808
10809
10810
10812
10813
10814
10816
10817
10818
10819
10820
10821
10822
10823
10916
10923
10925
10926
10928
10929
10937
10939
10940
10942
10943
10945
10946
11047
11048
11049
11050
11052
11054
11056
11060
11061
11069
11174
11176
11177
11178
11183
11184
11186
11187
