1522
1526
1527
1528
1639
1641
1650
1652
1655
1663
1763
1765
1769
1771
1774
1775
1776
1777
1780
1782
1787
1788
1889
1890
1891
1896
1899
1903
1904
1908
1910
1912
1914
2016
2019
2020
2022
2025
2026
2028
2031
2036
2037
2146
2147
2151
2152
2155
2157
4396
4399
4400
4404
4512
4515
4518
4519
4521
4523
4527
4533
4534
4538
4634
4635
4636
4638
4639
4646
4647
4648
4649
4652
4655
4657
4658
4660
4662
4663
4664
4670
4756
4757
4762
4763
4765
4767
4768
4769
4772
4775
4777
4782
4784
4785
4787
4788
4789
4790
4791
4793
4795
4796
4798
4879
4881
4883
4885
4886
4887
4892
4893
4895
4897
4899
4901
4903
4905
4907
4909
4910
4911
4913
4918
4920
4921
4922
5004
5006
5007
5008
5009
5010
5011
5012
5014
5015
5018
5019
5021
5024
5025
5026
5029
5033
5034
5035
5036
5037
5038
5041
5042
5043
5044
5046
5048
5131
5132
5134
5136
5137
5142
5145
5146
5148
5150
5151
5153
5154
5158
5161
5162
5166
5167
5169
5255
5259
5267
5270
5274
5277
5278
5284
5285
5286
5287
5288
5289
5290
5292
5294
5295
5297
5383
5386
5387
5388
5390
5396
5397
5399
5404
5405
5406
5408
5411
5415
5417
5418
5419
5513
5514
5515
5518
5519
5528
5533
5540
5541
5650
5651
5652
