5016
5022
5023
5025
5027
5030
5035
5037
5138
5139
5141
5142
5144
5146
5150
5152
5153
5154
5156
5160
5162
5163
5169
5255
5257
5259
5261
5262
5264
5269
5270
5273
5275
5277
5279
5280
5283
5287
5288
5384
5386
5388
5390
5391
5394
5395
5396
5397
5398
5408
5409
5410
5412
5414
5415
5416
5417
5418
5419
5506
5508
5511
5513
5515
5517
5520
5521
5523
5524
5525
5534
5536
5540
5545
5635
5644
5645
5649
5652
5653
5657
5658
5659
5662
5663
5664
5667
10405
10407
10408
10409
10410
10411
10412
10516
10518
10519
10523
10525
10527
10529
10530
10532
10533
10539
10633
10634
10635
10637
10640
10643
10649
10652
10654
10655
10656
10662
10663
10664
10666
10667
10669
10761
10764
10765
10766
10767
10769
10770
10771
10772
10773
10774
10776
10778
10781
10783
10788
10792
10885
10888
10889
10894
10895
10896
10901
10902
10904
10905
10910
10912
11020
11021
11026
11029
11031
12517
12523
12527
12529
12531
12532
12534
12641
12649
12653
12654
12656
12657
12664
12665
12766
12767
12768
12769
12774
12775
12776
12784
12900
