509
516
519
520
527
528
531
532
534
535
538
544
634
636
639
642
649
650
653
656
657
660
663
665
668
755
760
762
764
767
769
770
771
773
776
779
780
783
788
879
881
887
888
891
893
894
896
897
898
900
901
903
904
905
907
908
910
912
914
915
916
917
922
1012
1013
1016
1017
1021
1022
1024
1025
1027
1028
1031
1032
1033
1035
1043
1046
1048
1138
1142
1143
1144
1145
1147
1149
1151
1155
1156
1157
1158
1159
1162
1164
1166
1262
1263
1266
1268
1270
1272
1276
1279
1282
1283
1286
1287
1288
1289
1392
1395
5269
5272
5273
5274
5275
5276
5279
5280
5282
5283
5284
5285
5392
5395
5398
5400
5401
5404
5405
5407
5411
5412
5511
5512
5513
5520
5521
5523
5524
5526
5530
5535
5536
5540
5636
5637
5638
5639
5640
5641
5642
5645
5646
5650
5651
5653
5657
5658
5659
5664
5667
5668
5761
5762
5767
5770
5772
5773
5776
5777
5778
5779
5781
5782
5783
5785
5787
5788
5892
5898
5899
5900
5903
5909
5910
6020
6021
6022
6025
6026
6027
6029
6030
6032
12519
12525
12526
12531
12640
12641
12643
12644
12645
12646
12649
12655
12665
12760
12762
12763
12765
12766
12767
12768
12771
12774
12777
12779
12781
12783
12787
12791
12883
12884
12885
12886
12888
12892
12895
12897
12898
12900
12904
12905
12916
13011
13012
13021
13022
13028
13029
13043
13044
13140
13142
13143
13148
13150
13152
13157
13161
13164
13165
13271
13275
13279
13286
