4518
4520
4523
4524
4525
4526
4529
4532
4639
4640
4641
4642
4645
4648
4651
4656
4660
4664
4765
4770
4771
4774
4775
4777
4779
4781
6142
6144
6149
6151
6152
6153
6156
6160
6162
6259
6260
6261
6264
6265
6267
6268
6270
6272
6274
6278
6279
6281
6282
6283
6286
6287
6288
6289
6290
6291
6293
6297
6380
6381
6383
6384
6386
6389
6393
6394
6395
6396
6398
6408
6409
6410
6411
6412
6413
6414
6415
6416
6420
6421
6423
6505
6509
6511
6512
6519
6520
6525
6526
6527
6530
6532
6533
6537
6538
6539
6540
6542
6543
6545
6642
6645
6647
6651
6656
6657
6660
7902
7907
7908
7914
7916
8009
8010
8012
8015
8016
8022
8031
8035
8037
8044
8133
8135
8137
8138
8141
8142
8144
8147
8148
8149
8150
8154
8155
8158
8164
8165
8169
8171
8260
8263
8267
8268
8269
8270
8271
8272
8276
8278
8279
8282
8283
8285
8286
8287
8289
8290
8292
8293
8295
8388
8393
8394
8395
8398
8399
8405
8410
8412
