1021
1022
1024
1025
1030
1031
1144
1149
1150
1151
1156
6136
6137
6138
6139
6140
6143
6146
6149
6151
6152
6155
6159
6160
6163
6166
6167
6256
6261
6262
6263
6267
6269
6270
6271
6273
6274
6276
6277
6278
6286
6289
6290
6292
6297
6379
6381
6383
6384
6386
6389
6394
6395
6397
6400
6402
6406
6409
6410
6411
6413
6414
6416
6419
6422
6505
6506
6511
6512
6515
6516
6517
6519
6520
6523
6524
6526
6529
6532
6533
6534
6535
6536
6540
6542
6545
6546
6547
6632
6639
6643
6645
6650
6652
6655
6656
6657
6659
6664
6665
6768
6769
6770
6774
6777
6778
6779
6781
6783
11519
11522
11523
11524
11526
11528
11531
11533
11534
11535
11540
11541
11636
11639
11642
11645
11648
11649
11650
11653
11660
11661
11663
11664
11669
11758
11761
11762
11769
11771
11772
11773
11776
11777
11778
11779
11782
11783
11785
11788
11789
11889
11892
11893
11896
11900
11903
11905
11908
11909
11911
11912
12021
12023
12025
12030
13523
13530
13532
13533
13535
13538
13638
13639
13645
13650
13651
13654
13655
13656
13657
13664
13764
13765
13766
13767
13770
13772
13773
13775
13778
13782
13783
13785
13786
13789
13899
13900
13901
13904
