415
416
419
420
421
423
424
427
428
431
432
434
436
438
440
442
444
445
448
541
542
546
547
553
554
555
557
558
559
562
565
566
567
568
673
674
5925
5926
5928
5929
5930
5931
5932
5934
5935
5945
6043
6046
6047
6048
6049
6050
6052
6054
6058
6060
6061
6065
6074
6162
6163
6165
6167
6168
6170
6172
6173
6174
6178
6179
6180
6181
6184
6185
6187
6188
6189
6190
6192
6193
6194
6199
6200
6202
6285
6286
6292
6294
6295
6296
6297
6299
6301
6304
6305
6308
6310
6312
6314
6325
6326
6327
6412
6416
6418
6419
6421
6427
6429
6431
6432
6434
6436
6438
6439
6440
6441
6444
6450
6452
6453
6544
6546
6548
6551
6554
6556
6558
6563
6567
6570
6571
6573
6667
6670
6674
6675
6676
6678
6679
6680
6683
6686
6692
11924
11926
11929
11930
11931
11932
11933
11938
11939
12045
12046
12047
12051
12053
12055
12056
12058
12060
12062
12063
12064
12065
12067
12069
12071
12074
12163
12166
12168
12169
12170
12172
12174
12176
12180
12181
12182
12185
12187
12189
12195
12196
12197
12199
12201
12289
12292
12294
12295
12297
12298
12299
12302
12303
12306
12308
12309
12310
12311
12313
12314
12317
12319
12321
12322
12323
12327
12411
12412
12414
12415
12416
12420
12425
12426
12428
12433
12434
12435
12437
12440
12441
12444
12448
12452
12539
12542
12543
12546
12547
12550
12551
12552
12557
12567
12568
12675
12676
12683
12685
