1676
1677
1678
1680
1683
1685
1687
1804
1805
1806
1807
6673
6675
6677
6683
6684
6687
6690
6787
6789
6793
6795
6796
6798
6799
6801
6806
6811
6812
6814
6816
6817
6821
6909
6914
6916
6917
6920
6921
6922
6927
6928
6933
6935
6938
6939
6940
6941
6942
6946
6947
6949
6950
6952
7035
7037
7038
7041
7042
7043
7044
7045
7046
7048
7049
7050
7051
7052
7053
7054
7058
7059
7062
7063
7065
7066
7068
7069
7073
7076
7077
7078
7161
7162
7164
7165
7168
7170
7175
7176
7177
7179
7182
7185
7186
7187
7190
7191
7193
7196
7197
7200
7290
7291
7292
7293
7297
7300
7301
7302
7304
7306
7308
7309
7312
7315
7317
7318
12051
12052
12055
12056
12059
12060
12061
12063
12066
12169
12171
12173
12175
12181
12184
12188
12190
12191
12193
12194
12197
12198
12291
12293
12294
12295
12297
12305
12313
12316
12318
12319
12321
12418
12419
12422
12425
12426
12428
12430
12436
12441
12443
12445
12446
12447
12546
12548
12549
12552
12557
12560
12566
12567
12568
12569
14051
14054
14058
14062
14063
14171
14172
14178
14179
14180
14181
14182
14184
14185
14189
14191
