1531
1641
1644
1645
1646
1649
1651
1653
1655
1656
1659
1663
1759
1763
1765
1768
1770
1773
1774
1778
1783
1784
1786
1787
1789
1791
1793
1885
1887
1888
1891
1892
1897
1898
1899
1901
1902
1903
1905
1906
1909
1910
1911
1912
1913
1914
1916
2017
2018
2020
2024
2025
2029
2031
2034
2036
2144
2148
2150
2154
2156
7394
7397
7398
7399
7405
7407
7408
7409
7509
7514
7515
7517
7520
7521
7526
7530
7534
7536
7537
7540
7541
7542
7544
7632
7634
7636
7637
7640
7641
7644
7645
7648
7650
7653
7655
7656
7658
7659
7660
7663
7664
7755
7757
7758
7759
7761
7768
7769
7770
7775
7779
7780
7781
7782
7787
7788
7789
7796
7797
7799
7881
7882
7889
7890
7891
7892
7893
7894
7896
7897
7898
7899
7901
7904
7906
7907
7909
7913
7915
7916
7917
7918
7920
7922
8007
8009
8010
8012
8016
8025
8026
8027
8030
8031
8033
8038
8042
8044
8138
8139
8140
8142
8143
8148
8149
8150
8151
8152
8154
8156
13392
13400
13402
13404
13405
13406
13409
13410
13511
13517
13519
13520
13527
13528
13529
13530
13534
13535
13536
13537
13539
13541
13544
13636
13637
13638
13651
13652
13654
13655
13659
13661
13664
13668
13669
13672
13757
13760
13765
13766
13767
13770
13772
13773
13774
13775
13776
13781
13783
13784
13785
13788
13789
13792
13793
13794
13795
13887
13891
13895
13899
13901
13902
13903
13906
13910
13912
13915
13917
13919
13922
14012
14013
14014
14020
14024
14025
14026
14028
14029
14030
14033
14035
14038
14039
14041
14043
14138
14139
14140
14143
14147
14152
14155
14158
