3435
3437
3438
3549
3551
3562
3571
3666
3667
3668
3669
3672
3673
3675
3676
3678
3682
3683
3689
3690
3695
3790
3791
3792
3793
3794
3796
3798
3801
3803
3806
3807
3812
3824
3825
3911
3912
3914
3915
3916
3918
3920
3921
3922
3925
3927
3930
3931
3935
3936
3938
3939
3942
3944
3948
4038
4042
4044
4048
4049
4050
4051
4052
4053
4058
4060
4063
4075
4076
4162
4163
4165
4168
4169
4176
4177
4180
4181
4187
4188
4190
4191
4194
4201
4289
4291
4294
4295
4296
4303
4304
4305
4308
4309
4311
4316
4319
4417
4419
4420
4425
4426
4435
4436
4437
4443
4447
4547
4549
4553
4557
4558
4562
4567
4677
9549
9551
9558
9559
9562
9669
9673
9675
9676
9677
9680
9681
9683
9685
9687
9688
9692
9698
9788
9789
9796
9798
9799
9806
9809
9810
9814
9815
9816
9817
9818
9819
9820
9913
9914
9916
9917
9918
9921
9923
9926
9928
9932
9934
9935
9937
9938
9939
9945
9946
9947
9949
9951
10035
10037
10038
10040
10043
10044
10045
10046
10048
10050
10054
10056
10057
10060
10062
10063
10065
10066
10074
10076
10078
10079
10162
10163
10166
10170
10171
10172
10176
10179
10180
10182
10184
10191
10193
10197
10285
10287
10289
10293
10294
10295
10296
10297
10298
10299
10307
10308
10309
10310
10311
10313
10317
10318
10320
10323
10325
10326
10328
10415
10416
10420
10424
10425
10435
10436
10442
10443
10445
10446
10449
10450
10543
10544
10547
10549
10550
10554
10556
10558
10560
10565
10571
10573
10574
10668
10669
10670
10671
10672
10673
10675
10678
10679
10681
10687
10688
10691
10797
10798
