4544
4548
4549
4552
4553
4559
4560
4567
4568
4666
4667
4668
4670
4673
4674
4676
4679
4682
4683
4685
4687
4688
4690
4691
4692
4695
4697
4698
4788
4790
4792
4795
4798
4804
4806
4808
4809
4816
4822
4823
4825
4826
4912
4918
4921
4922
4925
4926
4927
4929
4931
4936
4938
4940
4941
4942
4947
4949
4950
5038
5042
5045
5046
5050
5051
5053
5056
5057
5060
5061
5063
5066
5067
5068
5071
5075
5076
5077
5161
5163
5167
5168
5174
5176
5182
5186
5187
5189
5192
5194
5290
5293
5294
5295
5300
5305
5306
5307
5311
5312
5313
5315
5316
5318
5324
5325
5414
5417
5418
5419
5423
5430
5432
5434
5437
5438
5444
5447
5449
5545
5555
5557
5560
5566
5570
5684
5685
10546
10549
10550
10559
10560
10563
10565
10668
10674
10676
10678
10680
10681
10684
10688
10689
10695
10697
10792
10796
10797
10799
10800
10806
10807
10811
10815
10818
10822
10825
10826
10911
10918
10920
10921
10922
10924
10925
10926
10927
10928
10929
10930
10932
10933
10937
10938
10940
10943
10945
10946
10950
11036
11039
11040
11041
11045
11047
11054
11057
11059
11060
11063
11069
11073
11076
11168
11171
11173
11174
11175
11176
11177
11178
11179
11183
11186
11187
11188
11190
11192
11194
11195
11197
11198
11199
11287
11291
11293
11297
11300
11303
11304
11306
11307
11308
11309
11311
11314
11316
11318
11322
11323
11324
11327
11413
11414
11417
11418
11419
11420
11422
11427
11429
11430
11431
11433
11435
11436
11437
11439
11440
11442
11444
11446
11448
11449
11451
11452
11539
11540
11543
11545
11549
11550
11551
11552
11553
11557
11560
11563
11565
11568
11571
11574
11665
11666
11670
11677
11678
11682
11683
11685
11686
11690
11692
11696
11697
11698
11798
11802
11803
11808
11813
11816
