508
514
516
517
520
521
522
523
524
525
530
533
535
537
539
541
542
543
635
637
638
639
641
645
651
654
655
768
771
772
7399
7402
7403
7521
7524
7528
7529
7531
7532
7649
7651
7654
7655
11893
11899
11903
11914
11916
12008
12009
12014
12016
12017
12020
12022
12025
12026
12028
12029
12032
12033
12035
12036
12038
12039
12040
12043
12044
12137
12141
12142
12143
12146
12148
12152
12154
12156
12157
12158
12161
12164
12165
12166
12169
12171
12254
12255
12256
12259
12260
12264
12265
12267
12268
12270
12274
12275
12276
12278
12279
12282
12283
12284
12285
12287
12290
12292
12296
12298
12379
12380
12384
12390
12397
12398
12399
12400
12401
12406
12408
12412
12415
12417
12423
12505
12507
12508
12509
12510
12515
12521
12522
12526
12530
12531
12533
12536
12539
12542
12543
12636
12637
12641
12642
12643
12645
12647
12650
12654
12659
12665
12766
12769
12770
12771
12773
12774
12775
12776
12779
12780
12781
12783
