514
515
516
523
527
529
531
532
534
536
538
539
638
641
642
643
644
645
648
651
654
656
659
660
661
662
663
664
666
669
758
763
764
773
775
777
781
783
784
785
786
787
788
789
792
793
795
797
881
882
883
885
887
890
891
892
895
896
898
899
900
902
903
904
907
908
910
912
913
914
915
919
920
923
1005
1006
1009
1010
1012
1013
1015
1016
1019
1020
1021
1024
1026
1031
1033
1034
1036
1037
1039
1041
1043
1044
1047
1138
1140
1141
1142
1146
1149
1151
1153
1154
1155
1156
1157
1160
1161
1162
1163
1165
1171
1260
1261
1262
1266
1270
1271
1274
1279
1280
1281
1282
1283
1290
1291
1388
1389
1390
1394
1395
1403
1405
1409
8146
8147
8150
8151
8152
8154
8155
8270
8277
8280
12517
12518
12520
12521
12525
12526
12530
12532
12533
12535
12640
12642
12645
12647
12649
12652
12656
12657
12658
12660
12661
12662
12664
12665
12758
12761
12762
12763
12766
12767
12768
12769
12770
12771
12773
12775
12776
12777
12780
12781
12782
12785
12786
12787
12788
12792
12886
12888
12891
12895
12896
12897
12899
12902
12904
12908
12911
12915
12916
12923
13005
13006
13010
13011
13012
13018
13019
13022
13025
13027
13029
13030
13034
13036
13037
13040
13045
13047
13048
13130
13133
13135
13141
13142
13143
13149
13153
13157
13159
13161
13162
13163
13167
13168
13170
13171
13259
13261
13268
13269
13273
13274
13278
13280
13284
13285
13287
13290
13292
13385
13387
13388
13390
13394
13396
13399
13401
13404
13405
13407
13408
13411
13412
13413
13517
13521
13522
