551
552
553
561
673
676
677
679
684
685
687
689
690
798
800
801
803
804
805
806
812
813
814
927
931
936
6293
6294
6296
6299
6300
6303
6305
6309
6311
6312
6313
6314
6316
6417
6418
6422
6426
6428
6429
6430
6432
6433
6434
6435
6438
6439
6441
6443
6445
6539
6540
6541
6542
6544
6547
6548
6549
6551
6552
6554
6558
6561
6566
6567
6568
6571
6573
6574
6662
6665
6668
6670
6672
6674
6677
6678
6680
6681
6682
6689
6690
6691
6692
6693
6694
6696
6697
6700
6701
6702
6786
6792
6794
6796
6797
6799
6801
6802
6803
6808
6809
6810
6811
6813
6814
6816
6817
6819
6822
6914
6915
6916
6917
6918
6920
6921
6924
6928
6930
6933
6935
6936
6939
6940
6941
6942
6948
7037
7039
7040
7041
7042
7043
7044
7045
7048
7050
7056
7059
7060
7064
7066
7067
7068
7072
7074
7164
7169
7172
7173
7176
7177
7178
7179
7180
7181
7182
7185
7187
7188
7190
7194
7196
7197
7293
7294
7300
7301
7302
7303
7305
7306
7307
7308
7311
7314
7316
7319
7320
7427
7428
7431
7432
7434
7436
12296
12302
12303
12306
12310
12311
12312
12315
12415
12416
12420
12422
12428
12429
12432
12433
12440
12444
12538
12543
12544
12545
12546
12547
12550
12551
12554
12555
12556
12557
12558
12560
12567
12568
12576
12663
12668
12669
12671
12676
12677
12681
12682
12686
12689
12690
12694
12701
12788
12790
12794
12795
12798
12799
12800
12802
12805
12806
12809
12810
12814
12819
12820
12824
12828
12909
12911
12913
12916
12921
12923
12927
12929
12930
12931
12935
12936
12938
12939
12940
12941
12942
12944
12945
12947
12950
12951
12953
13036
13040
13042
13044
13045
13049
13051
13052
13054
13055
13057
13059
13062
13063
13067
13068
13072
13074
13078
13161
13166
13169
13171
13173
13174
13175
13180
13181
13182
13185
13188
13190
13193
13194
13197
13199
13201
13291
13295
13299
13301
13306
13307
13310
13311
13313
13314
13316
13318
13322
13323
13415
13416
13418
13420
13422
13423
13427
13432
13433
13546
13548
13550
13557
13559
13560
13562
13565
13566
