1180
1181
1182
1184
1310
1423
1424
1426
1430
1432
1434
1437
1549
1552
1555
1556
1557
1558
1562
1681
1682
1683
6926
6929
6931
6932
6934
6936
6937
6938
7045
7046
7047
7048
7049
7050
7052
7057
7059
7065
7066
7067
7071
7072
7165
7166
7169
7170
7172
7173
7176
7178
7179
7182
7183
7184
7186
7187
7198
7199
7287
7290
7291
7294
7295
7297
7298
7299
7300
7301
7302
7309
7310
7314
7320
7321
7322
7415
7416
7418
7426
7427
7428
7429
7430
7434
7437
7438
7441
7443
7444
7449
7450
7538
7544
7546
7547
7550
7553
7555
7556
7557
7559
7560
7561
7562
7574
7577
7664
7671
7672
7673
7674
7675
7676
7681
7683
7684
7685
7686
7687
7689
7691
7695
7697
7698
7790
7792
7794
7795
7797
7801
7803
7805
7807
7811
7813
7816
7818
7824
7918
7921
7923
7924
7925
7928
7930
7936
7937
7939
7940
7943
7944
7946
8045
8049
8051
8053
8060
8062
8066
13043
13044
13046
13050
13051
13054
13055
13058
13059
13060
13062
13067
13070
13164
13165
13167
13168
13169
13172
13175
13176
13177
13178
13179
13180
13186
13188
13190
13195
13196
13197
13199
13289
13291
13295
13297
13298
13301
13302
13304
13305
13306
13309
13311
13316
13318
13320
13322
13324
13327
13412
13415
13421
13423
13425
13426
13427
13429
13431
13433
13434
13435
13437
13438
13439
13440
13442
13444
13446
13452
13534
13535
13537
13539
13543
13545
13546
13547
13549
13550
13552
13553
13556
13558
13559
13563
13567
13571
13573
13576
13578
13579
13659
13660
13666
13669
13672
13675
13676
13677
13678
13682
13683
13685
13687
13688
13689
13690
13691
13692
13694
13695
13699
13785
13786
13788
13790
13792
13795
13797
13798
13800
13801
13803
13804
13808
13809
13811
13812
13813
13814
13816
13817
13819
13820
13822
13824
13825
13828
13914
13917
13919
13921
13922
13926
13927
13929
13932
13933
13934
13935
13938
13943
13944
13945
13947
13949
13950
14038
14040
14042
14053
14054
14055
14059
14062
14064
14065
14168
14170
14175
14178
14180
