1398
1405
1515
1520
1521
1525
1526
1527
1533
1536
1541
1637
1638
1639
1646
1649
1655
1656
1657
1660
1661
1662
1663
1664
1665
1668
1669
1761
1765
1766
1767
1770
1771
1772
1776
1780
1784
1785
1786
1788
1792
1795
1796
1797
1881
1883
1884
1886
1892
1893
1896
1898
1899
1900
1901
1904
1907
1910
1911
1916
1920
1921
1923
1924
2006
2008
2009
2010
2011
2012
2015
2018
2019
2020
2021
2022
2023
2034
2040
2041
2045
2046
2047
2048
2132
2135
2138
2142
2144
2145
2149
2150
2151
2152
2154
2156
2157
2159
2166
2167
2170
2260
2261
2264
2266
2268
2270
2271
2272
2278
2279
2280
2281
2282
2284
2286
2287
2291
2398
2401
2404
4012
4017
4021
4022
4023
4025
4026
4028
4029
4030
4040
4134
4142
4148
4151
4153
4157
4164
4165
4166
4168
4169
4170
4257
4259
4261
4263
4264
4265
4266
4269
4271
4272
4277
4278
4280
4285
4288
4295
4297
4382
4383
4386
4392
4394
4396
4399
4401
4402
4404
4406
4409
4410
4412
4413
4414
4415
4416
4417
4419
4506
4509
4514
4517
4518
4519
4520
4522
4526
4527
4528
4529
4532
4533
4534
4536
4539
4544
4632
4634
4636
4641
4646
4652
4655
4659
4661
4662
4663
4664
4667
4761
4764
4766
4768
4769
4773
4775
4776
4777
4779
4782
4784
4786
4788
4900
4902
4904
6527
6529
6531
6537
6638
6643
6647
6648
6649
6653
6656
6659
6663
6665
6757
6760
6764
6765
6767
6768
6771
6773
6775
6776
6777
6780
6781
6782
6785
6882
6883
6885
6889
6891
6901
6902
6905
6906
6908
6909
6910
6912
6914
6917
6918
6921
7007
7008
7010
7011
7015
7016
7018
7019
7020
7021
7023
7026
7031
7035
7036
7037
7038
7040
7041
7043
7044
7045
7133
7134
7135
7139
7140
7141
7143
7144
7147
7148
7152
7154
7156
7157
7160
7161
7166
7266
7269
7271
7273
7275
7276
7279
7282
9025
9028
9148
9149
9150
9154
9156
9157
9159
9161
9162
9163
9264
9266
9267
9268
9269
9277
9280
9286
9292
9388
9389
9390
9391
9392
9393
9396
9397
9399
9400
9401
9402
9405
9407
9408
9410
9414
9415
9510
9512
9513
9514
9515
9516
9518
9520
9523
9524
9528
9532
9534
9536
9538
9540
9542
9543
9635
9636
9644
9647
9650
9652
9653
9654
9655
9656
9659
9660
9667
9763
9765
9767
9769
9773
9775
9776
9780
9784
11656
11657
11658
11767
11768
11771
11778
11779
11782
11785
11786
11787
11788
11891
11893
11896
11901
11905
11908
11909
11910
11911
11913
11915
11916
11917
12012
12014
12016
12022
12028
12032
12033
12036
12037
12038
12039
12139
12147
12148
12149
12153
12155
12160
12163
12267
12269
12271
12275
12279
12281
14275
14277
