1300
1302
1307
1309
1310
1313
1314
1317
1318
1415
1416
1417
1418
1420
1421
1422
1424
1425
1428
1429
1431
1439
1441
1443
1445
1450
1536
1537
1540
1546
1559
1560
1563
1564
1566
1571
1572
1576
1659
1660
1666
1670
1671
1673
1674
1675
1678
1680
1681
1682
1684
1685
1687
1689
1690
1691
1694
1696
1699
1784
1791
1792
1794
1797
1798
1800
1803
1804
1805
1806
1807
1808
1809
1810
1811
1812
1813
1820
1821
1823
1824
1827
1829
1909
1913
1914
1918
1919
1923
1924
1925
1927
1931
1932
1933
1934
1936
1938
1940
1944
1945
1950
1951
2039
2040
2041
2042
2043
2044
2046
2047
2048
2049
2051
2052
2053
2056
2057
2061
2064
2067
2068
2071
2074
2165
2170
2171
2175
2176
2179
2181
2182
2184
2188
2190
2194
2196
2293
2294
2300
2301
2303
2305
2307
2309
2311
2314
2316
2318
4680
4681
4684
4685
4803
4808
4809
12300
12301
12307
12308
12311
12418
12419
12423
12426
12427
12429
12430
12431
12434
12437
12443
12446
12539
12541
12545
12546
12548
12549
12552
12554
12555
12556
12557
12560
12564
12566
12568
12569
12570
12572
12574
12663
12666
12671
12673
12675
12678
12679
12680
12686
12688
12692
12694
12697
12791
12792
12797
12801
12802
12804
12806
12807
12812
12814
12815
12817
12819
12820
12823
12915
12919
12926
12928
12930
12931
12933
12934
12935
12936
12937
12939
12940
13051
13058
13065
13069
