1301
1308
1313
1314
1315
1431
1432
1433
1434
1435
1437
1438
1439
1442
1544
1545
1551
1554
1555
1556
1557
1558
1561
1567
1568
2919
2923
2925
2927
2928
2931
2939
2940
3037
3042
3046
3049
3051
3052
3054
3055
3056
3059
3062
3063
3065
3066
3069
3070
3071
3074
3076
3077
3162
3168
3169
3172
3173
3174
3175
3181
3183
3184
3185
3188
3192
3195
3196
3201
3202
3290
3292
3294
3295
3296
3298
3299
3302
3307
3310
3317
3318
3321
3322
3323
3325
3413
3414
3417
3421
3426
3427
3428
3430
3435
3436
3440
3441
3442
4675
4680
4683
4684
4685
4689
4690
4791
4793
4794
4795
4796
4798
4800
4808
4809
4811
4812
4813
4817
4821
4823
4913
4914
4915
4919
4920
4922
4923
4926
4927
4928
4929
4933
4934
4935
4936
4937
4939
4940
4942
4945
4947
4948
4951
4952
5045
5046
5047
5049
5051
5052
5054
5056
5058
5059
5061
5062
5067
5069
5071
5072
5075
5166
5170
5172
5173
5174
5175
5176
5177
5181
5187
5189
