3167
3175
3176
3179
3184
3185
3189
3195
3289
3290
3291
3292
3298
3299
3302
3303
3304
3305
3314
3315
3316
3319
3324
3325
3410
3412
3414
3415
3420
3422
3427
3428
3429
3430
3431
3432
3433
3435
3436
3438
3439
3440
3441
3442
3445
3448
3535
3536
3538
3539
3540
3541
3542
3543
3547
3549
3550
3552
3553
3558
3560
3562
3566
3568
3570
3572
3573
3574
3575
3576
3663
3666
3667
3668
3669
3671
3676
3681
3682
3684
3686
3689
3695
3697
3699
3700
3701
3703
3789
3791
3792
3798
3800
3801
3804
3805
3806
3810
3811
3813
3814
3820
3928
3929
3931
3932
3935
9178
9179
9181
9184
9188
9289
9292
9296
9302
9304
9308
9311
9312
9321
9324
9411
9412
9413
9415
9416
9419
9422
9423
9427
9433
9434
9435
9436
9437
9441
9442
9443
9444
9446
9448
9450
9451
9539
9540
9542
9543
9544
9547
9548
9550
9552
9554
9555
9556
9558
9562
9564
9565
9566
9571
9574
9575
9661
9663
9664
9668
9669
9670
9673
9674
9678
9680
9682
9683
9684
9685
9688
9689
9690
9691
9694
9699
9789
9797
9799
9800
9804
9807
9808
9811
9812
9813
9818
9925
9927
9928
9929
9931
9932
9933
9934
9937
9938
13430
13432
