3547
3550
3553
3554
3558
3562
3564
3567
3571
3662
3663
3665
3668
3672
3673
3674
3676
3677
3678
3680
3681
3683
3686
3689
3690
3694
3695
3700
3784
3786
3788
3792
3793
3797
3802
3803
3804
3809
3810
3811
3814
3818
3820
3821
3824
3825
3826
3827
3912
3915
3916
3920
3921
3923
3924
3931
3933
3935
3938
3941
3945
3951
3953
4035
4038
4041
4042
4043
4044
4045
4046
4048
4052
4053
4054
4056
4061
4062
4064
4065
4067
4068
4071
4072
4074
4167
4168
4175
4176
4177
4178
4182
4186
4188
4190
4194
4197
8932
8933
8934
8938
8939
8940
8942
9044
9046
9049
9054
9055
9056
9058
9059
9062
9067
9073
9163
9166
9171
9172
9173
9177
9180
9181
9183
9191
9195
9197
9200
9292
9294
9295
9297
9299
9301
9302
9307
9308
9309
9310
9316
9317
9324
9420
9421
9422
9425
9435
9440
9443
10940
10941
11048
11049
11050
11053
11058
11064
11167
11168
11169
11172
11173
11183
11185
11187
11190
11195
11298
11300
11307
11313
11316
