3676
3678
3680
3682
3685
3689
3791
3794
3796
3798
3803
3804
3809
3811
3814
3816
3818
3821
3914
3915
3917
3918
3922
3926
3928
3930
3932
3934
3939
3941
3943
3945
3950
4044
4046
4049
4051
4052
4053
4054
4056
4057
4058
4059
4060
4066
4068
4069
4070
4071
4073
4074
4076
4161
4162
4165
4169
4173
4174
4175
4178
4182
4185
4187
4188
4190
4192
4194
4195
4198
4201
4202
4204
4285
4287
4291
4292
4294
4295
4296
4301
4302
4304
4305
4306
4315
4316
4317
4323
4325
4326
4328
4329
4411
4414
4417
4419
4421
4422
4423
4425
4429
4431
4436
4437
4438
4446
4447
4448
4452
4540
4550
4551
4554
4555
4560
4562
4569
4570
4573
4575
4667
4670
4672
4673
4677
4678
4679
4680
4682
4683
4685
4690
4802
4804
4806
4809
4813
7054
7055
7056
7177
7178
7180
7182
7183
7308
