2777
2783
2892
2893
2894
2895
2898
2899
2901
2906
2909
2910
2911
2912
3015
3017
3023
3024
3029
3032
3033
3037
4389
4390
4394
4395
4396
4398
4400
4401
4405
4407
4412
4413
4414
4506
4507
4510
4514
4515
4517
4520
4521
4522
4523
4524
4527
4529
4531
4533
4534
4535
4537
4538
4540
4544
4632
4634
4636
4637
4639
4641
4643
4644
4645
4646
4649
4650
4652
4653
4658
4660
4661
4662
4663
4666
4668
4670
4671
4755
4759
4760
4762
4765
4767
4768
4769
4772
4775
4777
4778
4782
4785
4786
4787
4794
4796
4797
4883
4884
4886
4890
4892
4893
4898
4900
4901
4904
4911
4912
4913
4916
4918
6148
6149
6151
6152
6154
6155
6263
6266
6267
6268
6270
6272
6276
6278
6283
6284
6285
6287
6290
6381
6383
6387
6390
6392
6393
6395
6396
6398
6401
6402
6404
6405
6407
6408
6414
6416
6421
6508
6513
6517
6519
6520
6526
6530
6534
6535
6537
6538
6541
6635
6639
6642
6643
6647
6648
6649
6650
6651
6652
6653
6655
6657
6661
6663
