16649
16652
16656
16657
16658
16774
16775
16776
16778
16779
16780
16782
16783
16784
16790
16791
16896
16899
16900
16901
16902
16903
16906
16909
16914
16915
16916
17019
17020
17024
17028
17029
17032
17033
17034
17035
17039
17040
17041
17042
17043
17044
17156
17165
17168
17271
17272
17273
17275
17277
17278
17279
17281
17282
17284
17285
17288
17405
17406
19650
19652
19653
19656
19657
19659
19662
19665
19766
19768
19771
19772
19773
19774
19775
19776
19782
19784
19785
19786
19788
19789
19790
19793
19887
19894
19898
19900
19903
19904
19906
19908
19909
19911
19915
19916
19917
19924
20011
20013
20017
20018
20019
20020
20021
20023
20024
20025
20028
20032
20034
20035
20036
20037
20039
20040
20041
20042
20046
20049
20050
20052
20134
20138
20143
20145
20148
20149
20150
20151
20152
20153
20155
20156
20157
20158
20160
20161
20164
20165
20168
20172
20176
20262
20265
20266
20270
20274
20276
20281
20283
20284
20285
20288
20292
20294
20297
20386
20387
20395
20399
20405
20412
20415
20419
20421
20422
20423
20426
20427
20512
20514
20515
20516
20519
20520
20522
20523
20530
20533
20537
20540
20541
20543
20544
20549
20550
