14
15
16
22
23
24
28
29
31
32
34
35
49
136
138
139
142
143
151
153
155
158
160
162
163
165
168
171
174
176
259
262
267
268
269
270
271
273
274
276
281
282
283
285
287
289
296
297
302
391
395
396
397
398
400
402
403
405
407
409
411
413
414
416
417
422
424
428
512
516
520
523
526
527
529
531
534
540
545
548
551
552
636
652
656
657
658
659
660
661
662
663
665
666
667
671
673
764
772
775
776
781
782
783
784
785
790
791
793
796
797
893
894
902
907
908
910
912
3282
3407
17527
17529
17536
17537
17540
17541
17643
17645
17648
17649
17650
17653
17656
17658
17660
17661
17662
17665
17667
17668
17671
17764
17767
17774
17775
17777
17779
17781
17791
17794
17797
17798
17889
17891
17896
17897
17899
17907
17908
17909
17910
17912
17913
17918
17920
17921
17924
17925
18017
18021
18037
18038
18039
18040
18044
18046
18138
18143
18148
18149
18152
18154
18155
18159
18165
18169
18172
18173
18271
18274
18276
18278
18282
18284
18285
18292
18398
18399
18402
18404
18406
18408
18414
18415
18416
20523
20524
20525
20526
20527
20528
20529
20531
20534
20539
20542
20543
