413
517
519
521
523
526
528
531
533
539
541
543
544
640
641
643
647
648
650
653
654
658
659
660
661
665
667
669
671
672
774
778
784
785
788
8533
8645
8646
8648
8649
8650
8652
8653
8654
8656
8659
8661
8662
8668
8777
8784
8787
8789
8790
8899
8900
8904
8906
8908
10166
10264
10265
10267
10271
10272
10277
10282
10284
10285
10292
10293
10296
10297
10298
10385
10386
10388
10391
10392
10395
10397
10404
10405
10406
10409
10412
10413
10414
10415
10416
10417
10418
10419
10420
10421
10422
10423
10424
10426
10514
10515
10518
10520
10522
10524
10528
10531
10532
10535
10536
10537
10541
10545
10546
10548
10549
10550
10552
10636
10637
10638
10639
10640
10641
10642
10646
10649
10651
10656
10658
10659
10661
10666
10671
10770
10772
10776
10777
10779
10781
10782
10784
10788
10790
10791
10793
11904
11906
11908
11909
11911
11913
12021
12023
12028
12029
12030
12031
12033
12034
12036
12039
12138
12140
12141
12142
12144
12148
12149
12154
12160
12161
12162
12164
12165
12167
12168
12170
12171
12261
12262
12263
12270
12273
12276
12277
12281
12282
12283
12286
12288
12295
12297
12299
12300
12387
12390
12392
12393
12396
12397
12398
12400
12401
12406
12408
12410
12413
12414
12417
12418
12421
12422
12521
12522
12523
12526
12529
12535
12537
