26
29
31
35
37
38
40
145
147
148
149
150
151
159
165
166
167
168
268
274
275
292
294
295
399
404
407
414
415
522
527
529
530
531
532
533
534
539
542
655
656
658
2904
2909
2910
2911
3020
3024
3025
3029
3030
3031
3037
3038
3039
3040
3041
3042
3043
3137
3138
3144
3146
3148
3151
3152
3154
3155
3161
3163
3167
3168
3172
3261
3262
3265
3266
3268
3271
3273
3278
3281
3284
3286
3287
3289
3291
3292
3295
3296
3297
3298
3299
3387
3390
3391
3398
3400
3404
3405
3406
3409
3412
3419
3421
3422
3423
3424
3427
3428
3509
3512
3519
3521
3522
3523
3524
3525
3528
3529
3532
3533
3534
3540
3541
3543
3550
3551
3552
3553
3636
3642
3647
3648
3649
3650
3651
3652
3654
3656
3657
3659
3661
3663
3664
3666
3671
3672
3673
3678
3760
3762
3766
3771
3774
3777
3779
3784
3790
3791
3792
3793
3795
3796
3801
3891
3892
3894
3895
3900
3902
3906
3908
3911
3912
3914
3915
3916
3918
3923
4018
4019
4024
4026
4027
4031
4032
4040
4041
4042
4045
4151
4154
4155
4156
4157
4161
8030
8033
8152
8153
8154
8155
8156
8283
8284
8285
8405
8410
8529
8534
8536
8539
8540
8648
8649
8650
8651
8654
8656
8658
8661
8662
8663
8775
8777
8778
8779
8780
8785
8788
8898
8899
8900
8907
8909
8910
8914
8915
9024
9026
9029
9030
9034
9035
9036
9041
9145
9147
9148
9150
9152
9162
9165
9167
9271
9275
9277
9281
9288
9289
9290
9398
9399
9402
9403
9405
9407
9410
9411
9414
9416
9518
9520
9521
9523
9527
9528
9529
9531
9537
9538
9542
9646
9650
9651
9652
9653
9657
9659
9660
9662
9771
9780
9782
9783
9786
9788
9896
9897
9898
9902
9905
9915
9916
9919
10017
10020
10024
10029
10031
10033
10035
10036
10041
10043
10148
10150
10152
10153
10155
10160
10164
10166
10169
10170
10267
10277
10283
10284
10291
10392
10397
10402
10403
10404
10411
10416
10420
10520
10525
10526
10537
10538
10543
10644
10645
10647
10649
10651
10653
10655
10656
10658
10659
10661
10663
10669
10767
10769
10771
10774
10777
10779
10783
10785
10787
10790
10793
10794
10893
10896
10909
10916
11021
11022
11023
11025
11028
11029
11033
11039
11041
11044
11146
11147
11149
11155
11158
11159
11163
11275
11276
11277
11285
11287
11291
11292
11293
11294
11395
11398
11399
11402
11403
11408
11409
11410
11411
11415
11417
11523
11529
11535
11536
11651
11653
11654
11656
11657
11664
11776
11777
11782
11787
11790
11897
11901
11909
11910
11912
