1896
1898
1901
1904
1918
1919
2020
2021
2022
2024
2027
2028
2029
2030
2031
2032
2033
2037
2041
2047
2049
2137
2138
2142
2143
2144
2150
2154
2160
2164
2165
2167
2174
2177
2262
2263
2267
2268
2273
2277
2280
2281
2282
2284
2285
2292
2297
2299
2302
2388
2390
2392
2393
2395
2396
2398
2399
2404
2405
2407
2411
2414
2416
2417
2418
2422
2423
2424
2425
2428
2429
2515
2518
2519
2521
2522
2523
2526
2528
2531
2532
2535
2539
2542
2544
2546
2547
2549
2552
2553
2554
2634
2638
2641
2644
2647
2649
2650
2653
2655
2662
2663
2665
2666
2668
2670
2673
2675
2762
2764
2767
2769
2771
2772
2774
2775
2777
2778
2782
2785
2786
2788
2791
2794
2796
2799
2800
2801
2802
2888
2889
2890
2891
2895
2899
2900
2901
2902
2903
2904
2905
2906
2908
2912
2914
2915
2917
2919
2920
2923
3019
3020
3021
3029
3033
3035
3036
3037
3041
3148
3149
14031
14033
14147
14150
14154
14157
14158
14162
14163
14164
14269
14270
14278
14282
14285
14288
14294
14394
14396
14397
14398
14400
14402
14404
14405
14408
14410
14411
14413
14416
14417
14418
14419
14519
14520
14523
14525
14526
14527
14528
14533
14536
14541
14543
14545
14639
14640
14641
14642
14647
14656
14657
14660
14662
14663
14670
14673
14765
14772
14774
14776
14780
14782
14783
14784
14788
14789
14790
14792
14796
14889
14891
14894
14896
14900
14903
14904
14907
14908
14909
14911
14914
14916
14918
14921
15013
15018
15022
15025
15027
15028
15029
15032
15033
15036
15041
15042
15043
15047
15048
15142
15144
15146
15148
15149
15150
15152
15155
15157
15162
15164
15172
15173
15174
15270
15271
15272
15274
15283
15286
15287
15289
15292
15295
15296
15297
15392
15395
15396
15398
15399
15402
15410
15411
15413
15420
15521
15522
15524
15525
15528
15530
15531
15536
15541
15542
15544
15545
15645
15652
15653
15655
15658
15659
15663
15664
15667
