525
526
528
530
534
650
651
653
660
663
665
781
782
784
786
787
788
789
907
908
6268
6271
6276
6279
6280
6281
6282
6286
6289
6290
6294
6391
6392
6401
6409
6411
6412
6414
6417
6418
6419
6421
6422
6516
6521
6522
6525
6527
6529
6530
6531
6532
6534
6535
6538
6546
6549
6551
6638
6642
6644
6649
6650
6651
6652
6653
6654
6658
6662
6663
6665
6667
6670
6675
6764
6765
6767
6769
6770
6772
6773
6774
6781
6783
6788
6792
6798
6886
6888
6892
6893
6894
6895
6896
6897
6900
6901
6911
6913
6920
6921
6922
6924
6925
6927
7012
7013
7017
7019
7020
7021
7022
7023
7024
7025
7027
7031
7035
7036
7038
7042
7043
7044
7047
7048
7142
7146
7150
7151
7152
7156
7158
7162
7164
7165
7166
7167
7172
7173
7267
7269
7271
7272
7273
7274
7277
7279
7280
7283
7290
7291
7401
7404
7405
7407
7408
7409
12275
12396
12397
12401
12404
12409
12411
12415
12418
12513
12515
12517
12520
12522
12523
12525
12526
12527
12530
12531
12535
12538
12543
12544
12546
12547
12548
12550
12639
12640
12642
12646
12647
12650
12651
12653
12654
12656
12658
12660
12663
12671
12673
12674
12675
12761
12765
12766
12768
12770
12772
12774
12775
12777
12778
12779
12780
12781
12782
12783
12784
12785
12788
12789
12791
12795
12798
12799
12800
12801
12802
12884
12890
12891
12893
12894
12899
12900
12901
12902
12903
12905
12906
12911
12912
12913
12915
12917
12920
12921
12923
12926
12928
13011
13014
13019
13020
13021
13023
13024
13029
13030
13034
13035
13036
13039
13040
13041
13044
13045
13046
13047
13048
13053
13137
13140
13142
13147
13148
13150
13151
13152
13153
13154
13156
13157
13160
13161
13162
13164
13165
13166
13167
13169
13170
13171
13173
13177
13262
13263
13264
13265
13267
13268
13271
13272
13279
13280
13282
13284
13287
13288
13290
13295
13296
13297
13298
13299
13301
13390
13391
13392
13393
13398
13401
13402
13404
13405
13409
13413
13415
13416
13417
13419
13527
13529
13531
13532
13533
13534
13539
13541
