2277
2282
2400
2402
2403
2406
7643
7644
7647
7650
7651
7653
7654
7655
7656
7657
7658
7659
7660
7762
7765
7766
7769
7773
7776
7785
7786
7788
7789
7791
7888
7892
7894
7899
7903
7906
7908
7909
7912
7913
7915
8009
8012
8017
8018
8019
8021
8022
8025
8026
8032
8033
8038
8040
8044
8045
8134
8135
8136
8140
8141
8143
8144
8147
8151
8156
8162
8163
8167
8170
8255
8260
8263
8264
8265
8268
8269
8270
8271
8272
8273
8274
8277
8280
8283
8284
8286
8287
8289
8290
8291
8296
8380
8389
8391
8392
8393
8394
8395
8397
8398
8399
8400
8401
8403
8404
8406
8407
8410
8413
8414
8416
8417
8418
8419
8421
8422
8423
8505
8508
8510
8512
8513
8516
8518
8522
8523
8524
8525
8527
8533
8534
8535
8537
8539
8540
8542
8546
8548
8629
8630
8631
8633
8641
8647
8648
8652
8653
8656
8660
8661
8663
8665
8667
8668
8669
8674
8757
8760
8762
8763
8764
8766
8773
8775
8776
8779
8781
8784
8785
8788
8790
8791
8794
8795
8880
8881
8884
8885
8888
8890
8891
8893
8895
8900
8902
8903
8904
8906
8908
8909
8913
8918
8920
8924
9014
9016
9017
9018
9020
9021
9022
9023
9024
9026
9027
9028
9029
9030
9032
9034
9035
9037
9046
9047
9132
9133
9140
9143
9144
9145
9147
9148
9150
9152
9154
9157
9158
9159
9163
9164
9166
9167
9255
9257
9258
9259
9261
9262
9264
9265
9266
9267
9268
9269
9271
9276
9278
9280
9282
9283
9284
9286
9287
9293
9297
9298
9379
9382
9390
9391
9392
9393
9395
9396
9397
9398
9399
9401
9404
9405
9406
9407
9408
9411
9413
9415
9416
9418
9423
9504
9508
9511
9512
9513
9517
9518
9520
9522
9523
9528
9529
9531
9532
9533
9534
9535
9536
9537
9540
9541
9542
9543
9544
9545
9548
9630
9631
9632
9636
9639
9643
9648
9652
9654
9657
9659
9665
9666
9667
9668
9672
9673
9756
9757
9759
9761
9763
9765
9768
9769
9770
9772
9776
9780
9781
9783
9786
9788
9791
9792
9797
9880
9881
9886
9888
9889
9893
9895
9896
9898
9899
9900
9901
9902
9903
9907
9908
9910
9915
9916
9917
9918
10008
10012
10013
10017
10021
10025
10028
10029
10031
10034
10035
10040
10041
10043
10044
10131
10135
10144
10146
10147
10149
10150
10151
10153
10156
10157
10158
10162
10165
10168
10169
10258
10262
10264
10267
10268
10270
10273
10277
10278
10282
10283
10294
10295
10296
10389
10394
10398
10399
10401
10402
10403
10405
10407
10412
10413
10415
10416
10419
10420
10421
10508
10511
10513
10515
10517
10519
10521
10524
10527
10530
10531
10533
10536
10538
10539
10540
10541
10544
10633
10640
10641
10643
10644
10645
10648
10649
10650
10651
10653
10655
10658
10660
10662
10664
10666
10667
10759
10760
10768
10771
10772
10778
10779
10780
10781
10782
10783
10784
10787
10789
10792
10794
10887
10888
10889
10890
10894
10896
10897
10905
10906
10907
10908
10914
10915
10916
10918
11009
11011
11013
11015
11016
11018
11022
11024
11026
11027
11028
11030
11031
11032
11036
11039
11137
11138
11140
11141
11142
11144
11146
11147
11149
11150
11155
11156
11157
11159
11160
11163
11164
11165
11263
11268
11269
11270
11272
11273
11275
11282
11283
11284
11286
11288
11289
11387
11389
11390
11392
11396
11397
11398
11401
11406
11408
11409
11410
11414
11415
11515
11516
11519
11522
11523
11524
11525
11527
11528
11530
11648
11652
11655
11657
11775
11779
11781
11895
11896
11903
11907
12020
12022
12023
18269
18271
18275
18282
18284
18285
18388
18390
18392
18393
18395
18398
18399
18400
18403
18405
18408
18409
18411
18413
18414
18415
18510
18519
18521
18522
18523
18525
18528
18529
18531
18536
18537
18636
18641
18643
18644
18648
18653
18654
18655
18658
18663
18664
18665
18666
18667
18762
18763
18766
18767
18770
18772
18774
18775
18776
18781
18782
18783
18786
18890
18893
18902
18904
18905
18912
