414
418
419
423
425
426
428
436
442
449
452
539
542
544
547
550
555
556
560
566
568
570
576
664
665
667
669
671
673
674
675
677
679
680
682
683
684
685
687
689
690
692
693
695
696
802
803
806
810
2301
2303
2309
2310
2424
2425
2426
2428
2435
2438
2439
2554
2555
2556
2557
10930
11055
11056
11180
11181
11307
11430
11432
11435
11437
11438
11440
11550
11554
11555
11559
11673
11674
11678
11680
11681
11686
11688
11689
11797
11800
11807
11808
11809
11814
11928
11931
11932
11935
11937
11939
12046
12049
12051
12057
12061
12063
12064
12065
12066
12177
12179
12181
12182
12185
12186
12187
12296
12298
12299
12301
12302
12303
12305
12307
12310
12312
12313
12421
12424
12427
12428
12429
12431
12437
12440
12547
12549
12552
12553
12554
12559
12560
12562
12565
12672
12675
12677
12679
12681
12684
12689
12692
12796
12797
12799
12807
12810
12811
12812
12813
12816
12923
12927
12929
12931
12932
12933
12935
12941
13049
13050
13052
13053
13055
13056
13058
13059
13065
13172
13173
13174
13176
13177
13178
13179
13180
13182
13183
13186
13188
13190
13191
13298
13299
13300
13301
13306
13309
13310
13422
13423
13425
13426
13427
13429
13435
13439
13441
13550
13554
13555
13557
13558
13564
13566
13567
13673
13679
13680
13681
13682
13686
13687
13688
13689
13690
13805
19542
19548
19555
19556
19557
19558
19561
19562
19563
19565
19570
19571
19666
19668
19669
19671
19673
19676
19679
19683
19687
19689
19691
19694
19695
19696
19697
19698
19788
19792
19797
19798
19801
19803
19805
19806
19810
19811
19812
19816
19817
19818
19819
19823
19824
19919
19920
19930
19932
19937
19938
19940
19943
19945
20051
20054
20055
