1142
1143
1146
1147
1151
1154
1160
1265
1269
1271
1274
1275
1278
1279
1280
1281
1282
1284
1287
1289
1292
1385
1387
1389
1395
1399
1402
1403
1412
1414
1417
1418
1419
1420
1507
1509
1512
1518
1522
1524
1525
1527
1528
1535
1538
1539
1543
1632
1634
1635
1636
1637
1638
1640
1642
1646
1647
1650
1652
1655
1656
1657
1658
1659
1662
1663
1666
1667
1668
1756
1762
1763
1766
1767
1769
1771
1772
1776
1780
1781
1785
1786
1787
1790
1792
1795
1796
1797
1884
1886
1888
1894
1895
1897
1898
1900
1901
1905
1906
1907
1909
1911
1920
1921
2008
2016
2017
2018
2022
2026
2027
2032
2033
2034
2035
2044
2135
2136
2137
2140
2141
2142
2145
2146
2147
2148
2154
2156
2161
2166
2265
2267
2269
2270
2272
2273
2281
2282
2283
2285
2286
2287
9028
9029
9033
9036
9145
9146
9151
9152
9155
9156
9159
9160
9267
9269
9275
9276
9279
9283
9394
9398
9402
9403
9410
9517
9519
9520
9522
9527
9530
9534
9639
9640
9641
9642
9643
9649
9650
9651
9653
9654
9655
9657
9659
9661
9662
9663
9664
9764
9768
9771
9776
9777
9778
9780
9781
9783
9784
9786
9788
9891
9901
9904
9908
9909
9912
10014
10016
10017
10020
10021
10022
10025
10027
10029
10031
10032
10036
10041
10139
10144
10149
10151
10156
10161
10165
10261
10262
10263
10266
10267
10268
10269
10271
10275
10277
10282
10283
10285
10286
10287
10288
10292
10388
10390
10392
10393
10395
10400
10401
10404
10405
10407
10408
10409
10410
10415
10417
10512
10513
10517
10520
10521
10530
10535
10537
10539
10540
10541
10635
10637
10638
10645
10653
10654
10656
10657
10663
10665
10668
10761
10762
10766
10770
10774
10780
10781
10782
10783
10785
10787
10790
10791
10792
10885
10886
10893
10894
10898
10904
10905
10907
10908
10909
10910
10911
10913
10914
10916
10918
11020
11022
11023
11025
11026
11027
11028
11031
11034
11041
11042
11043
11136
11137
11138
11140
11144
11145
11147
11149
11150
11152
11153
11154
11155
11161
11164
11165
11166
11260
11262
11264
11266
11268
11271
11272
11273
11274
11276
11278
11281
11284
11285
11286
11288
11291
11385
11387
11389
11390
11391
11393
11396
11397
11398
11400
11401
11404
11405
11406
11410
11412
11413
11415
11417
11418
11513
11515
11518
11522
11523
11527
11528
11532
11537
11540
11541
11542
11635
11639
11641
11644
11645
11646
11648
11651
11655
11657
11662
11664
11665
11666
11761
11771
11772
11773
11775
11776
11778
11779
11780
11786
11788
11789
11790
11791
11792
11887
11888
11889
11890
11892
11894
11897
11900
11901
11902
11904
11906
11907
11908
11909
11910
11913
11914
12010
12011
12012
12013
12014
12017
12019
12020
12022
12025
12026
12027
12028
12029
12030
12032
12033
12034
12037
12038
12040
12137
12138
12140
12141
12143
12144
12147
12149
12153
12154
12155
12156
12157
12159
12161
12163
12165
12166
12262
12263
12264
12265
12267
12268
12278
12285
12288
12289
12388
12390
12392
12394
12397
12401
12402
12405
12406
12410
12412
12413
12416
12514
12518
12520
12524
12528
12529
12532
12534
12535
12537
12539
12639
12641
12643
12651
12652
12653
12654
12656
12658
12659
12660
12663
12664
12765
12766
12767
12768
12773
12778
12779
12780
12782
12784
12785
12786
12889
12891
12892
12893
12894
12898
12900
12901
12903
12904
12905
12906
12907
12908
12912
12913
12914
13017
13018
13022
13023
13024
13028
13030
13031
13032
13033
13034
13037
13145
13146
13149
13151
13153
13154
13155
13156
13157
13158
13159
13160
13267
13268
13270
13272
13276
13277
13278
13282
13283
13284
13286
13392
13395
13399
13400
13401
13407
13408
13409
13410
13414
13515
13518
13521
13522
13527
13529
13531
13533
13537
13538
13539
13643
13646
13650
13655
13656
13658
13660
13661
13663
13666
13760
13763
13765
13767
13768
13769
13770
13771
13778
13779
13780
13781
13782
13784
13785
13786
13791
13792
13886
13891
13898
13902
13904
13909
13910
13913
13914
13916
13918
14010
14011
14012
14016
14017
14020
14021
14026
14029
14033
14035
14039
14040
14136
14141
14142
14143
14148
14150
14151
14152
14153
14157
14158
14167
14263
14265
14266
14269
14271
14276
14277
14278
14279
14280
14281
14283
14286
14288
14289
14396
14401
14403
14404
14408
14411
20142
20144
20145
20153
20156
20157
20158
20268
20269
20271
20272
20276
20278
20280
20281
20283
20289
20386
20388
20389
20393
20398
20400
20402
20403
20404
20405
20409
20410
20414
20415
20416
20417
20418
20509
20510
20511
20515
20519
20520
20522
20524
20525
20532
20533
20534
20535
20537
20539
20541
20638
20640
20641
20642
20643
20647
20648
20655
20656
20659
20662
20664
20665
20764
20765
20771
20772
20775
20783
20784
20788
20789
20794
20886
20893
20894
20896
20903
20904
20908
20911
20912
21014
21015
21016
21017
21018
21022
21030
21031
21032
21033
21034
