3179
3182
3183
3302
3303
3307
3310
3311
3312
3313
3430
3434
3435
13421
13422
13423
13428
13432
13434
13438
13440
13441
13543
13547
13549
13553
13555
13556
13557
13560
13561
13562
13563
13564
13569
13570
13663
13666
13667
13668
13673
13674
13675
13678
13680
13683
13684
13693
13695
13696
13697
13699
13789
13790
13793
13794
13795
13797
13800
13804
13806
13807
13808
13811
13813
13815
13817
13820
13821
13824
13826
13915
13919
13920
13923
13924
13926
13927
13928
13932
13935
13936
13937
13938
13940
13946
13947
13950
13951
13952
14035
14036
14042
14043
14044
14045
14048
14050
14052
14054
14058
14060
14061
14063
14065
14066
14067
14073
14163
14170
14171
14173
14174
14175
14176
14179
14182
14185
14187
14188
14190
14191
14192
14193
14195
14196
14197
14201
14202
14289
14290
14294
14296
14298
14300
14301
14304
14305
14308
14310
14312
14313
14315
14319
14320
14321
14325
14414
14416
14420
14422
14424
14425
14428
14434
14435
14442
14445
14449
14542
14545
14548
14549
14552
14553
14554
14558
14559
14563
14564
14565
14571
14673
14674
14676
14677
14684
14685
14687
14689
14690
14691
19187
19300
19303
19305
19306
19310
19311
19317
19416
19418
19419
19424
19432
19437
19439
19442
19447
19540
19541
19544
19547
19548
19550
19551
19553
19557
19559
19560
19561
19565
19567
19568
19569
19572
19666
19671
19672
19674
19676
19685
19688
19689
19691
19695
19796
19799
19801
19806
19808
19813
19815
19817
19927
19930
19932
19935
19936
