1638
1640
1645
1646
1647
1651
1654
1655
1657
1658
1660
1662
1758
1762
1765
1767
1768
1772
1776
1778
1779
1781
1782
1784
1785
1786
1789
1791
1793
1882
1885
1889
1891
1892
1894
1896
1898
1899
1900
1902
1907
1910
1911
1913
1914
1915
2009
2011
2020
2022
2025
2027
2029
2031
2034
2035
2037
2038
2042
2043
2045
2046
2048
2131
2132
2133
2138
2142
2144
2146
2149
2150
2154
2157
2158
2159
2161
2163
2165
2263
2266
2267
2268
2269
2274
2275
2276
2279
2281
2285
2286
2290
2292
2294
2393
2400
2402
2403
2408
4146
4148
4149
4154
4155
4156
4157
4160
4161
4163
4265
4266
4267
4276
4280
4286
4288
4294
4381
4382
4383
4384
4385
4391
4395
4396
4399
4400
4402
4403
4412
4416
4423
4504
4505
4512
4513
4518
4519
4521
4522
4524
4526
4527
4530
4531
4535
4537
4545
4547
4629
4630
4633
4635
4636
4641
4642
4644
4646
4647
4650
4651
4653
4654
4662
4663
4666
4667
4669
4671
4758
4760
4761
4763
4768
4769
4770
4773
4774
4775
4779
4781
4782
4785
4786
4787
4790
4794
4884
4886
4889
4893
4895
4897
4901
4903
4905
4906
4907
4908
4910
4912
4914
5018
5021
5024
5028
5030
5031
5032
5034
5035
7524
7526
7527
7638
7639
7640
7641
7643
7644
7646
7658
7659
7665
7762
7763
7764
7767
7769
7770
7773
7775
7779
7781
7783
7784
7786
7788
7791
7883
7886
7888
7890
7892
7894
7896
7897
7900
7901
7903
7904
7905
7908
7912
7920
7921
8008
8009
8014
8018
8020
8022
8023
8026
8027
8028
8029
8030
8033
8035
8037
8044
8046
8135
8137
8139
8140
8146
8147
8148
8149
8150
8154
8155
8156
8157
8158
8159
8160
8161
8163
8165
8167
8168
8172
8260
8262
8264
8265
8271
8272
8276
8277
8281
8282
8284
8285
8286
8290
8291
8294
8296
8297
8379
8385
8388
8394
8396
8398
8399
8400
8401
8402
8405
8407
8408
8413
8417
8419
8504
8509
8510
8511
8515
8517
8519
8520
8522
8525
8529
8531
8532
8533
8535
8536
8543
8544
8545
8630
8631
8632
8634
8635
8638
8641
8642
8644
8645
8646
8647
8648
8649
8650
8651
8655
8656
8658
8664
8666
8673
8754
8755
8758
8759
8761
8763
8764
8765
8766
8768
8771
8772
8773
8776
8777
8782
8784
8785
8787
8788
8789
8793
8795
8884
8887
8889
8890
8891
8892
8893
8894
8895
8896
8897
8899
8902
8904
8905
8909
8910
8913
8915
8922
9013
9024
9026
9027
9028
9029
9030
9032
9035
9036
9038
9041
9045
9047
9131
9133
9136
9137
9138
9142
9144
9146
9149
9150
9152
9153
9154
9155
9161
9165
9166
9170
9172
9173
9258
9262
9263
9266
9269
9270
9271
9275
9276
9277
9278
9279
9282
9283
9285
9286
9288
9296
9298
9386
9394
9396
9397
9398
9402
9403
9404
9405
9409
9413
9414
9417
9418
9420
9421
9422
9506
9511
9513
9514
9515
9516
9517
9518
9522
9524
9526
9529
9530
9532
9533
9534
9535
9536
9537
9538
9540
9545
9546
9635
9638
9646
9647
9649
9650
9654
9657
9658
9661
9667
9668
9670
9671
9756
9757
9759
9760
9761
9762
9763
9764
9765
9767
9768
9773
9774
9777
9778
9779
9781
9784
9788
9789
9793
9795
9882
9883
9884
9885
9886
9890
9892
9894
9899
9902
9903
9905
9906
9908
9910
9912
9915
9916
9917
9918
9919
9920
10006
10007
10008
10012
10013
10022
10025
10027
10032
10035
10036
10037
10038
10039
10135
10137
10139
10141
10143
10147
10148
10149
10151
10154
10155
10156
10157
10158
10159
10259
10260
10261
10265
10268
10272
10275
10277
10280
10281
10283
10285
10289
10290
10292
10384
10385
10386
10388
10391
10394
10396
10397
10398
10400
10401
10402
10403
10406
10407
10410
10411
10412
10418
10510
10512
10514
10516
10517
10518
10519
10520
10522
10524
10526
10527
10529
10530
10533
10537
10539
10540
10640
10643
10644
10646
10647
10649
10651
10652
10654
10658
10660
10763
10765
10766
10768
10771
10772
10773
10776
10779
10781
10786
10888
10889
10890
10893
10894
10899
10901
10905
10907
10908
10911
10913
10914
11018
11021
11026
11028
11030
11149
11150
11274
11277
11279
11400
11402
11404
11522
15521
15522
15523
15524
15525
15528
15530
15531
15533
15536
15637
15639
15640
15643
15645
15648
15651
15653
15656
15657
15658
15660
15662
15663
15760
15761
15762
15766
15769
15770
15771
15772
15773
15774
15776
15777
15780
15781
15786
15789
15792
15794
15882
15884
15886
15889
15890
15891
15894
15895
15900
15902
15903
15904
15908
15909
15911
15914
15918
15922
16005
16008
16010
16013
16014
16015
16019
16021
16022
16024
16026
16029
16031
16032
16033
16035
16036
16046
16129
16130
16133
16135
16138
16140
16141
16144
16145
16148
16151
16152
16155
16157
16159
16160
16163
16165
16167
16172
16254
16257
16261
16263
16265
16266
16268
16269
16271
16272
16276
16281
16284
16285
16286
16288
16289
16294
16295
16296
16297
16384
16385
16386
16388
16389
16390
16391
16392
16393
16396
16397
16398
16400
16401
16403
16404
16407
16410
16411
16413
16414
16415
16416
16417
16418
16421
16510
16511
16513
16520
16521
16522
16523
16524
16525
16528
16529
16531
16533
16534
16535
16536
16540
16542
16639
16646
16651
16652
16654
16655
16658
16660
16662
16663
18387
18388
18391
18392
18398
18399
18403
18405
18406
18408
18409
18413
18414
18515
18516
18519
18521
18526
18527
18528
18529
18530
18534
18535
18538
18541
18634
18637
18638
18639
18641
18642
18644
18645
18646
18647
18650
18653
18657
18659
18661
18663
18671
18756
18757
18758
18759
18760
18761
18765
18770
18772
18773
18775
18777
18778
18780
18781
18785
18787
18788
18791
18792
18794
18795
18881
18882
18889
18892
18893
18895
18897
18898
18900
18905
18906
18907
18909
18911
18914
18915
18917
18922
19016
19017
19018
19019
19022
19028
19031
19033
19040
19041
19044
19140
19141
19147
19153
19156
19159
19160
19273
19275
19276
20894
20895
20896
20899
20905
20906
20908
20909
20910
20911
21012
21017
21019
21021
21024
21025
21027
21033
21034
21041
21042
21044
