1046
1047
1054
1055
1056
1057
1059
1060
1062
1064
1066
1067
1070
1168
1173
1175
1176
1178
1180
1186
1188
1201
1287
1291
1293
1294
1302
1303
1306
1308
1309
1310
1314
1317
1319
1320
1328
1409
1415
1416
1417
1418
1420
1421
1423
1425
1429
1430
1431
1433
1434
1437
1439
1441
1443
1444
1445
1449
1451
1536
1543
1545
1547
1548
1550
1551
1552
1553
1569
1570
1572
1576
1578
1661
1667
1670
1671
1675
1677
1678
1679
1680
1685
1687
1688
1689
1692
1693
1696
1702
1787
1790
1792
1793
1796
1798
1800
1801
1804
1805
1807
1808
1809
1816
1817
1818
1822
1918
1919
1922
1924
1926
1928
1931
1935
1940
1941
6424
6426
6428
6429
6430
6431
6435
6437
6438
6439
6440
6546
6548
6549
6553
6555
6558
6560
6564
6565
6667
6673
6674
6676
6678
6682
6686
6688
6689
6693
6791
6792
6793
6794
6797
6801
6811
6812
6814
6817
6818
6819
6917
6918
6919
6920
6922
6923
6928
6929
6932
6935
6939
6942
6943
7044
7047
7048
7049
7051
7052
7053
7056
7058
7059
7060
7062
7065
7066
7072
7073
7165
7166
7168
7169
7172
7173
7174
7175
7180
7181
7183
7184
7186
7191
7192
7193
7196
7294
7295
7297
7299
7301
7304
7306
7308
7311
7313
7320
7421
7423
7424
7426
7431
7432
7435
7439
7441
7442
7443
7445
7545
7549
7550
7553
7555
7557
7561
7563
7565
7566
7678
7679
7682
7687
19920
19921
19929
19935
19938
19939
19943
20042
20047
20054
20056
20057
20059
20061
20063
20067
20070
20167
20168
20173
20175
20176
20181
20184
20186
20191
20194
20196
20198
20199
20289
20290
20293
20298
20299
20301
20304
20307
20316
20318
20322
20323
20414
20415
20418
20420
20423
20424
20427
20428
20429
20430
20431
20437
20438
20443
20444
20448
20552
20553
20555
20559
20564
20565
20566
20680
20683
20687
