3266
3267
3269
3272
3277
3279
3280
3282
3284
3285
3386
3387
3389
3392
3393
3396
3397
3398
3399
3402
3403
3405
3410
3411
3412
3415
3510
3511
3515
3522
3523
3524
3525
3526
3528
3529
3530
3531
3532
3536
3537
3539
3543
3635
3648
3650
3651
3654
3655
3656
3661
3769
3772
3777
3780
3781
3785
3789
8522
8526
8527
8528
8531
8532
8533
8535
8536
8537
8641
8643
8644
8646
8647
8648
8649
8651
8653
8657
8658
8660
8662
8765
8766
8768
8769
8779
8785
8786
8891
8892
8893
8895
8896
8897
8901
8902
8905
8906
8907
8908
8909
8910
9017
9021
9022
9023
9024
9025
9026
9028
9029
9031
9032
9034
9037
9038
9039
9138
9140
9144
9145
9148
9152
9153
9164
9267
9269
9270
9271
9274
9276
9279
9280
9282
9390
9391
9393
9399
9400
9402
9406
9407
9409
9410
9413
9414
9416
9514
9517
9518
9520
9523
9524
9527
9528
9534
9538
9636
9637
9642
9643
9645
9646
9647
9650
9652
9656
9657
9662
9663
9666
9760
9761
9763
9764
9767
9768
9769
9773
9775
9777
9778
9780
9781
9784
9786
9788
9791
9792
9885
9892
9893
9895
9899
9902
9903
9904
9905
9911
9913
9914
10011
10015
10016
10024
10025
10027
10028
10029
10035
10039
10040
10140
10142
10147
10152
10154
10157
10163
10166
10263
10266
10269
10270
10272
10275
10276
10278
10279
10280
10286
10290
10292
10388
10389
10391
10394
10400
10401
10403
10404
10405
10406
10415
10510
10511
10517
10519
10520
10523
10524
10526
10527
10529
10531
10533
10537
10539
10541
10636
10637
10638
10640
10643
10644
10645
10647
10651
10652
10653
10654
10655
10656
10659
10663
10664
10665
10762
10766
10768
10771
10772
10778
10780
10781
10783
10787
10790
10791
10886
10890
10893
10895
10896
10898
10901
10902
10904
10906
10907
10908
10913
10915
10916
10917
11011
11012
11014
11015
11018
11020
11021
11023
11024
11025
11026
11028
11030
11031
11033
11035
11036
11138
11143
11147
11148
11149
11155
11156
11157
11266
11267
11268
11270
11275
11277
11278
11279
11281
11285
11286
11388
11390
11391
11394
11396
11400
11402
11405
11406
11410
11411
11513
11518
11520
11521
11522
11523
11524
11525
11527
11528
11529
11532
11533
11534
11645
11646
11648
11653
11654
11655
11657
11769
11773
11775
11777
11783
11784
11894
11895
11899
11902
12023
19647
19652
19655
19656
19657
19659
19763
19765
19767
19769
19770
19774
19776
19778
19779
19782
19784
19788
19789
19791
19887
19896
19899
19900
19907
19908
19911
19913
19916
19917
19918
19919
19923
20007
20013
20015
20017
20018
20019
20020
20026
20030
20031
20032
20034
20036
20037
20041
20045
20046
20047
20048
20049
20140
20141
20142
20143
20144
20148
20149
20152
20153
20154
20155
20157
20159
20160
20161
20166
20168
20169
20256
20257
20258
20259
20261
20262
20266
20268
20269
20273
20274
20275
20276
20277
20280
20283
20284
20285
20286
20287
20289
20291
20294
20296
20385
20386
20387
20388
20389
20395
20396
20398
20402
20414
20415
20520
20523
20524
20531
