3171
3172
3174
3177
3182
3184
3185
3187
3189
3190
3291
3292
3294
3297
3298
3301
3302
3303
3304
3307
3308
3310
3315
3316
3317
3320
3415
3416
3420
3427
3428
3429
3430
3431
3433
3434
3435
3436
3437
3441
3442
3444
3448
3540
3553
3555
3556
3559
3560
3561
3566
3674
3677
3682
3685
3686
3690
3694
8427
8431
8432
8433
8436
8437
8438
8440
8441
8442
8546
8548
8549
8551
8552
8553
8554
8556
8558
8562
8563
8565
8567
8670
8671
8673
8674
8684
8690
8691
8796
8797
8798
8800
8801
8802
8806
8807
8810
8811
8812
8813
8814
8815
8922
8926
8927
8928
8929
8930
8931
8933
8934
8936
8937
8939
8942
8943
8944
9043
9045
9049
9050
9053
9057
9058
9069
9172
9174
9175
9176
9179
9181
9184
9185
9187
9295
9296
9298
9304
9305
9307
9311
9312
9314
9315
9318
9319
9321
9419
9422
9423
9425
9428
9429
9432
9433
9439
9443
9541
9542
9547
9548
9550
9551
9552
9555
9557
9561
9562
9567
9568
9571
9665
9666
9668
9669
9672
9673
9674
9678
9680
9682
9683
9685
9686
9689
9691
9693
9696
9697
9790
9797
9798
9800
9804
9807
9808
9809
9810
9816
9818
9819
9916
9920
9921
9929
9930
9932
9933
9934
9940
9944
9945
10045
10047
10052
10057
10059
10062
10068
10071
10168
10171
10174
10175
10177
10180
10181
10183
10184
10185
10191
10195
10197
10293
10294
10296
10299
10305
10306
10308
10309
10310
10311
10320
10415
10416
10422
10424
10425
10428
10429
10431
10432
10434
10436
10438
10442
10444
10446
10541
10542
10543
10545
10548
10549
10550
10552
10556
10557
10558
10559
10560
10561
10564
10568
10569
10570
10667
10671
10673
10676
10677
10683
10685
10686
10688
10692
10695
10696
10791
10795
10798
10800
10801
10803
10806
10807
10809
10811
10812
10813
10818
10820
10821
10822
10916
10917
10919
10920
10923
10925
10926
10928
10929
10930
10931
10933
10935
10936
10938
10940
10941
11043
11048
11052
11053
11054
11060
11061
11062
11171
11172
11173
11175
11180
11182
11183
11184
11186
11190
11191
11293
11295
11296
11299
11301
11305
11307
11310
11311
11315
11316
11418
11423
11425
11426
11427
11428
11429
11430
11432
11433
11434
11437
11438
11439
11550
11551
11553
11558
11559
11560
11562
11674
11678
11680
11682
11688
11689
11799
11800
11804
11807
11928
19552
19557
19560
19561
19562
19564
19668
19670
19672
19674
19675
19679
19681
19683
19684
19687
19689
19693
19694
19696
19792
19801
19804
19805
19812
19813
19816
19818
19821
19822
19823
19824
19828
19912
19918
19920
19922
19923
19924
19925
19931
19935
19936
19937
19939
19941
19942
19946
19950
19951
19952
19953
19954
20045
20046
20047
20048
20049
20053
20054
20057
20058
20059
20060
20062
20064
20065
20066
20071
20073
20074
20161
20162
20163
20164
20166
20167
20171
20173
20174
20178
20179
20180
20181
20182
20185
20188
20189
20190
20191
20192
20194
20196
20199
20201
20290
20291
20292
20293
20294
20300
20301
20303
20307
20319
20320
20425
20428
20429
20436
