2298
2299
2300
2301
2302
2305
2307
2318
2424
2429
2430
2434
2438
2440
2441
2539
2540
2544
2545
2546
2549
2554
2556
2559
2560
2561
2570
2572
2573
2660
2663
2664
2669
2670
2671
2673
2677
2678
2681
2684
2693
2695
2696
2700
2786
2795
2796
2797
2798
2799
2801
2807
2810
2813
2814
2816
2818
2819
2820
2822
2825
2827
2912
2916
2923
2924
2925
2926
2928
2929
2931
2932
2934
2935
2937
2939
2941
2942
2943
2947
2950
3041
3043
3045
3050
3051
3053
3055
3056
3058
3061
3062
3065
3067
3068
3072
3166
3167
3168
3170
3171
3172
3174
3178
3186
3187
3195
3196
3305
3306
3307
3309
3310
19799
19800
19801
19803
19806
19807
19808
19810
19811
19814
19815
19817
19924
19925
19927
19931
19934
19944
20039
20042
20043
20044
20046
20048
20050
20051
20052
20053
20055
20057
20059
20060
20061
20062
20065
20066
20070
20071
20072
20073
20076
20160
20161
20166
20167
20173
20175
20176
20179
20182
20184
20185
20187
20188
20190
20191
20192
20194
20195
20196
20197
20200
20285
20287
20288
20289
20291
20293
20294
20298
20299
20300
20301
20303
20304
20306
20307
20308
20309
20312
20313
20314
20315
20320
20321
20322
20323
20324
20325
20327
20328
20329
20412
20414
20417
20418
20420
20424
20425
20430
20432
20435
20441
20447
20449
20450
20451
20537
20542
20543
20544
20547
20549
20551
20553
20555
20559
20560
20561
20562
20565
20566
20567
20568
20570
20577
20663
20668
20671
20672
20674
20678
20681
20686
20687
20690
20691
20693
20694
20699
20700
20791
20798
20799
20802
20805
20810
20813
20818
20819
20923
20926
20929
20930
