4015
4018
4019
4022
4023
4027
4031
4032
4034
4036
4038
4142
4146
4152
4156
4157
4158
4162
4168
4261
4262
4267
4268
4269
4273
4274
4275
4282
4284
4287
4290
4292
4386
4387
4390
4396
4400
4402
4404
4405
4407
4409
4410
4413
4414
4416
4520
4521
4522
4528
4530
13649
13651
13654
13656
13767
13773
13774
13775
13777
13779
13782
13783
13784
13787
13891
13900
13904
13913
13914
14014
14015
14020
14021
14025
14031
14032
14034
14039
14140
14144
14145
14146
14150
14151
14269
14270
14271
14272
14276
14277
14281
14283
20392
20393
20394
20395
20401
20403
20404
20405
20406
20407
20409
20413
20509
20510
20514
20517
20518
20519
20523
20524
20526
20527
20528
20529
20530
20532
20535
20538
20631
20632
20635
20636
20637
20642
20643
20645
20647
20648
20650
20653
20654
20657
20658
20660
20665
20666
20668
20671
20673
20754
20755
20756
20758
20761
20765
20766
20768
20771
20772
20775
20776
20778
20779
20780
20782
20785
20790
20791
20792
20798
20799
20879
20880
20881
20885
20886
20890
20891
20893
20894
20896
20898
20899
20903
20908
20909
20910
20915
20917
20922
20923
21008
21011
21012
21013
21015
21018
21019
21020
21021
21022
21024
21025
21026
21027
21029
21032
21033
21035
21036
21037
21040
21041
21042
21043
