1646
1647
1648
1650
1654
1761
1763
1767
1771
1772
1774
1775
1778
1780
1783
1784
1787
1791
1890
1891
1893
1897
1899
1905
1906
1907
1909
1910
1911
1912
1914
1916
1917
2008
2011
2015
2016
2019
2021
2028
2031
2032
2035
2038
2039
2132
2137
2140
2144
2145
2146
2147
2152
2156
2159
2163
2168
2169
2170
2172
2173
2254
2257
2259
2262
2266
2267
2269
2271
2274
2275
2278
2279
2280
2281
2285
2287
2290
2292
2293
2295
2299
2380
2382
2384
2385
2391
2392
2395
2398
2399
2400
2401
2403
2404
2405
2406
2412
2414
2420
2421
2508
2513
2515
2516
2520
2522
2524
2526
2529
2532
2534
2536
2537
2540
2543
2546
2632
2636
2637
2639
2643
2646
2647
2650
2651
2654
2655
2656
2658
2659
2660
2662
2761
2763
2764
2765
2766
2767
2771
2774
2776
2779
2785
2896
2904
2906
20777
