2887
2889
2890
2895
2896
2897
2900
2901
2902
2904
2907
2909
2914
2915
3009
3011
3014
3015
3017
3018
3019
3022
3025
3026
3027
3029
3030
3032
3034
3036
3038
3039
3040
3131
3132
3135
3138
3139
3141
3144
3149
3150
3151
3153
3155
3157
3159
3160
3161
3163
3164
3165
3168
3170
3172
3256
3258
3259
3261
3262
3266
3269
3276
3277
3278
3280
3284
3287
3294
3298
3379
3380
3382
3384
3390
3391
3393
3394
3395
3396
3397
3398
3399
3400
3401
3412
3414
3418
3419
3420
3421
3505
3506
3507
3508
3518
3519
3522
3523
3524
3525
3527
3529
3531
3534
3535
3536
3537
3539
3543
3544
3547
3632
3634
3641
3644
3646
3649
3651
3652
3653
3664
3764
3770
3771
3772
3776
3777
3781
3782
3784
3785
3787
3788
13649
13653
13767
13769
13770
13771
13772
13775
13778
13784
13785
13889
13890
13892
13897
13901
13904
13906
13907
13911
13912
14013
14015
14017
14019
14021
14025
14027
14030
14031
14036
14037
14038
14142
14144
14146
14152
14153
14154
14157
14163
14266
14268
14271
14273
14275
14277
14280
14282
14283
14286
14396
14397
14400
14401
14403
14405
