3290
3292
3293
3294
3299
3303
3304
3309
3311
3315
3321
3322
3411
3413
3414
3416
3418
3419
3420
3422
3423
3426
3427
3428
3429
3430
3431
3432
3436
3439
3442
3443
3444
3445
3446
3448
3452
3538
3539
3541
3542
3547
3548
3549
3550
3551
3552
3556
3558
3564
3565
3566
3572
3573
3575
3577
3663
3667
3668
3669
3670
3671
3675
3676
3677
3678
3680
3681
3683
3684
3685
3687
3688
3691
3693
3694
3696
3697
3701
3702
3795
3797
3800
3801
3802
3803
3809
3815
3816
3817
3820
3822
3823
3824
3825
3923
3925
3926
3928
3930
3931
3932
3934
3935
3937
3939
3942
14795
14797
14798
14801
14802
14803
14806
14808
14812
14816
14817
14818
14920
14923
14925
14927
14929
14932
14934
14935
14939
14941
14943
14944
15044
15045
15048
15052
15054
15057
15059
15064
15065
15070
15073
15163
15164
15165
15166
15167
15170
15171
15172
15173
15175
15176
15177
15178
15180
15181
15184
15190
15191
15193
15195
15197
15200
15288
15289
15291
15294
15295
15296
15297
15300
15301
15302
15303
15304
15309
15314
15316
15317
15318
15323
15324
15415
15418
15421
15423
15424
15425
15426
15428
15430
15431
15432
15435
15441
15443
15447
15543
15544
15545
15546
15548
15549
15550
15551
15555
15558
15562
15565
15567
15677
15679
15684
15686
17298
17299
17300
17302
17305
17307
17309
17313
17422
17425
17436
17438
17443
17445
17544
17547
17548
17551
17552
17555
17556
17557
17558
17561
17563
17564
17566
17568
17569
17570
17675
17680
17682
17684
17687
