551
557
559
563
564
669
670
671
676
677
681
686
687
689
693
694
697
698
791
792
796
797
798
800
802
804
805
808
809
813
822
823
824
825
912
917
918
919
921
922
923
924
928
930
931
932
935
936
937
939
942
943
944
947
951
1035
1044
1045
1048
1050
1057
1060
1061
1062
1064
1065
1066
1069
1072
1075
1076
1078
1162
1164
1169
1171
1174
1175
1176
1177
1179
1182
1184
1188
1194
1195
1197
1198
1199
1201
1202
1286
1288
1289
1291
1292
1296
1297
1298
1299
1302
1303
1304
1305
1306
1308
1311
1312
1313
1314
1317
1322
1324
1325
1423
1429
1431
1432
1439
1440
1442
1445
3060
3171
3179
3181
3184
3186
3187
3190
3191
3289
3290
3291
3293
3298
3299
3300
3302
3303
3304
3307
3310
3311
3312
3316
3317
3320
3323
3325
3413
3415
3416
3417
3420
3422
3424
3425
3427
3428
3430
3432
3433
3434
3438
3439
3440
3442
3443
3444
3452
3535
3536
3537
3542
3543
3547
3548
3551
3552
3553
3554
3557
3558
3560
3561
3562
3563
3564
3566
3567
3568
3569
3571
3575
3660
3668
3670
3673
3678
3681
3685
3687
3688
3689
3690
3691
3693
3696
3698
3699
3703
3786
3787
3788
3789
3791
3792
3793
3796
3797
3798
3801
3804
3809
3810
3811
3813
3814
3815
3820
3822
3824
3825
3827
3915
3917
3925
3927
3936
3938
3940
3942
3944
3946
3947
4044
4049
4050
4053
4054
4056
4059
5922
5926
5927
5929
5935
5938
5939
6042
6044
6045
6046
6049
6056
6058
6060
6061
6062
6063
6064
6066
6069
6164
6166
6167
6173
6174
6176
6178
6182
6183
6186
6190
6191
6197
6287
6289
6292
6294
6295
6296
6301
6302
6304
6307
6309
6312
6315
6318
6319
6322
6323
6325
6412
6413
6418
6419
6422
6423
6426
6427
6428
6429
6431
6440
6441
6442
6443
6445
6446
6447
6448
6535
6537
6538
6541
6544
6546
6548
6553
6555
6559
6560
6561
6565
6566
6567
6570
6571
6572
6574
6577
6660
6661
6662
6664
6668
6669
6672
6673
6677
6678
6680
6681
6682
6686
6688
6690
6692
6696
6697
6698
6699
6701
6785
6787
6789
6791
6792
6793
6796
6803
6805
6806
6808
6812
6815
6816
6821
6824
6825
6826
6827
6911
6915
6916
6917
6918
6920
6921
6922
6924
6925
6926
6927
6928
6930
6931
6933
6934
6936
6937
6941
6944
6946
6947
6948
6952
7037
7038
7039
7040
7042
7043
7047
7048
7049
7051
7054
7055
7058
7060
7062
7063
7064
7068
7163
7165
7166
7168
7170
7171
7174
7175
7176
7177
7179
7183
7184
7186
7187
7193
7194
7196
7199
7292
7293
7294
7295
7296
7297
7298
7300
7308
7310
7311
7315
7317
7318
7319
7322
7426
7427
7429
7430
7431
7433
7436
7437
7438
7555
7556
7558
14048
14050
14051
14052
14053
14055
14059
14061
14063
14065
14170
14174
14175
14182
14183
14185
14194
14292
14293
14294
14296
14303
14306
14311
14314
14315
14317
14318
14320
14321
14412
14414
14417
14418
14421
14422
14423
14428
14429
14431
14433
14435
14437
14439
14440
14441
14446
14447
14448
14449
14450
14541
14542
14544
14547
14548
14549
14552
14553
14556
14560
14562
14564
14568
14570
14575
14664
14670
14675
14676
14678
14679
14681
14682
14683
14684
14685
14686
14687
14689
14691
14692
14695
14696
14700
14790
14791
14793
14794
14802
14805
14807
14809
14814
14815
14817
14820
14822
14919
14922
14926
14927
14933
14939
14945
15037
15038
15041
15043
15044
15046
15048
15049
15053
15054
15055
15056
15058
15059
15061
15062
15066
15067
15070
15072
15075
15166
15167
15169
15170
15171
15175
15176
15178
15180
15181
15183
15184
15186
15188
15192
15193
15291
15296
15297
15302
15303
15306
15307
15308
15309
15310
15317
15421
15422
17433
17435
17439
17440
17442
17553
17555
17556
17558
17560
17562
17564
17567
17569
17570
17571
17572
17573
17664
17670
17674
17677
17678
17679
17681
17685
17686
17687
17688
17691
17696
17698
17788
17789
17797
17799
17804
17806
17807
17809
17811
17812
17813
17815
17817
17818
17819
17822
17823
17824
17913
17917
17919
17922
17924
17925
17926
17927
17930
17931
17932
17934
17936
17937
17940
17941
17943
17945
17947
18041
18042
18044
18046
18047
18049
18055
18056
18060
18062
18065
18066
18068
18178
18181
18183
18184
18186
18187
18188
20048
20049
20050
20052
20053
20062
20063
20168
20169
20179
20182
20184
20186
20191
20194
20195
20292
20295
20296
20298
20301
20303
20306
20307
20308
20416
20417
20420
20421
20422
20425
20428
20433
20435
20438
20441
20444
20544
20545
20546
20551
20552
20553
20556
20559
20560
20562
20564
20566
20567
20568
20569
