4269
4270
4271
4273
4274
4275
4277
4282
4283
4288
4289
4384
4386
4387
4390
4397
4401
4405
4406
4408
4410
4411
4417
4418
4419
4505
4506
4510
4513
4515
4517
4522
4524
4525
4530
4531
4533
4535
4539
4541
4542
4543
4545
4546
4629
4630
4631
4633
4635
4638
4640
4642
4644
4645
4646
4647
4648
4650
4651
4652
4653
4654
4657
4659
4661
4662
4664
4668
4669
4670
4758
4762
4763
4764
4766
4769
4770
4772
4775
4776
4781
4782
4784
4788
4790
4791
4793
4796
4797
4880
4884
4885
4886
4887
4889
4891
4896
4899
4900
4902
4904
4905
4906
4908
4912
4914
4915
4916
4922
5007
5011
5012
5014
5015
5017
5023
5024
5026
5032
5034
5036
5040
5045
5139
5142
5143
5144
5149
5150
5153
5154
5155
5156
5158
5160
5161
5166
15521
15528
15534
15535
15644
15645
15647
15648
15650
15651
15654
15657
15658
15659
15661
15762
15767
15768
15770
15771
15773
15777
15781
15785
15788
15789
15790
15891
15892
15895
15899
15901
15907
15909
15911
15912
15916
16012
16015
16016
16021
16022
16023
16025
16030
16031
16032
16033
16034
16038
16039
16137
16138
16139
16141
16145
16148
16151
16153
16155
16159
16161
16163
16164
16261
16263
16264
16266
16271
16275
16278
16279
16286
16290
16390
16392
16393
16394
16399
16400
16402
16404
16406
16409
16410
16522
16524
