3517
3522
3525
3526
3528
3529
3531
3533
3534
3536
3642
3643
3647
3650
3651
3652
3658
3659
3766
3768
3769
3770
3771
3772
3774
3776
3781
3783
3785
5143
5146
5147
5148
5156
5157
5160
5162
5163
5258
5260
5262
5263
5266
5267
5269
5270
5272
5273
5275
5276
5279
5283
5284
5287
5292
5296
5297
5380
5381
5383
5385
5387
5388
5391
5394
5395
5398
5399
5400
5401
5402
5403
5404
5406
5407
5410
5415
5416
5420
5421
5422
5423
5505
5512
5514
5515
5517
5518
5521
5525
5529
5530
5532
5534
5537
5539
5544
5546
5548
5630
5631
5635
5641
5642
5643
5645
5647
5651
5655
5656
5658
5661
5662
5665
5666
5668
5669
5756
5758
5762
5765
5766
5769
5774
5775
5779
5780
5781
5782
5785
5786
5787
5789
5792
5793
5794
5884
5885
5887
5893
5900
5901
5902
5910
5911
8020
8021
8022
8024
8029
8031
8034
8138
8145
8147
8149
8150
8151
8154
8155
8156
8158
8159
8259
8260
8263
8264
8266
8267
8269
8271
8273
8276
8278
8279
8281
8283
8284
8286
8287
8288
8293
8387
8389
8391
8392
8393
8395
8398
8404
8408
8409
8410
8412
8413
8416
8420
8509
8513
8514
8515
8520
8522
8525
8526
8527
8529
8531
8535
8540
8542
8546
8547
8631
8632
8638
8641
8643
8646
8647
8649
8650
8654
8657
8659
8664
8667
8668
8670
8672
8756
8757
8760
8762
8765
8766
8767
8768
8774
8775
8778
8779
8780
8781
8782
8783
8789
8791
8793
8795
8884
8888
8889
8893
8894
8895
8896
8898
8900
8904
8908
8909
8910
8912
8914
8915
8916
8918
8919
8922
9006
9008
9009
9011
9012
9020
9026
9029
9031
9035
9036
9037
9038
9045
9046
9131
9133
9134
9135
9139
9141
9149
9152
9156
9157
9158
9159
9165
9166
9168
9170
9171
9258
9262
9266
9273
9274
9275
9276
9277
9285
9291
9292
9382
9385
9386
9389
9390
9393
9396
9398
9400
9402
9404
9408
9410
9411
9413
9416
9419
9507
9508
9514
9515
9517
9518
9521
9523
9524
9526
9528
9529
9530
9532
9533
9536
9538
9539
9541
9633
9641
9644
9645
9646
9647
9648
9649
9651
9655
9660
9662
9663
9665
9667
9668
9758
9761
9763
9764
9766
9770
9771
9773
9777
9778
9779
9781
9783
9784
9785
9788
9790
9791
9793
9795
9883
9884
9887
9890
9894
9896
9897
9899
9900
9903
9904
9909
9910
9912
9913
9915
9918
10010
10011
10020
10023
10024
10025
10027
10029
10030
10035
10036
10037
10040
10139
10141
10143
10144
10147
10148
10149
10150
10151
10152
10153
10154
10158
10159
10162
10164
10167
10263
10264
10267
10269
10270
10271
10273
10274
10275
10279
10280
10282
10283
10285
10287
10289
10290
10389
10392
10393
10395
10397
10399
10401
10403
10405
10408
10410
10412
10520
10523
10526
10527
10530
10534
10644
10646
10650
10652
10653
10656
10658
10768
10770
10771
10780
10893
10894
10895
10898
10899
10900
10902
10905
10906
10909
