417
418
420
423
424
427
429
431
432
433
435
439
441
442
443
447
448
539
540
544
545
546
551
553
554
555
556
562
563
564
565
567
568
569
571
573
574
576
577
661
663
667
669
670
671
673
674
676
677
679
680
681
685
687
688
690
693
695
697
698
700
701
784
786
788
793
796
798
799
802
805
807
808
809
812
817
821
822
912
918
920
921
923
925
926
928
932
933
934
937
949
952
953
1038
1039
1041
1043
1052
1055
1056
1058
1059
1062
1064
1065
1066
1067
1068
1069
1070
1071
1072
1075
1165
1169
1174
1175
1176
1178
1179
1180
1182
1184
1186
1189
1192
1194
1196
1296
1303
1305
1306
5299
5300
5303
5308
5311
5313
5419
5422
5423
5425
5427
5428
5429
5430
5431
5433
5434
5435
5436
5437
5442
5443
5544
5545
5547
5549
5553
5562
5566
5567
5666
5668
5669
5670
5672
5674
5677
5680
5682
5685
5686
5690
5693
5694
5695
5791
5793
5796
5800
5802
5811
5812
5813
5815
5816
5818
5823
5916
5917
5919
5928
5930
5933
5934
5935
5936
5937
5938
5939
5942
5943
5944
5947
6044
6050
6051
6052
6054
6059
6061
6063
6064
6066
6067
6068
6071
6170
6174
6176
6179
6185
6186
6189
6190
6191
6192
6300
6301
6302
6303
6304
6309
6313
6315
6316
6425
6436
19178
19179
19180
19184
19187
19192
19295
19296
19299
19300
19301
19304
19309
19310
19312
19317
19323
19413
19416
19417
19421
19422
19423
19424
19426
19428
19430
19433
19436
19440
19442
19443
19446
19447
19541
19542
19545
19546
19548
19549
19552
19553
19554
19555
19556
19558
19562
19563
19567
19569
19575
19665
19668
19670
19671
19673
19674
19676
19678
19681
19682
19683
19684
19685
19686
19687
19688
19693
19697
19792
19793
19798
19801
19803
19804
19805
19808
19810
19813
19815
19816
19820
19920
19922
19924
19925
19926
19930
19932
19936
19937
19940
