2533
2642
2645
2646
2648
2658
2659
2763
2764
2765
2768
2771
2776
2779
2780
2781
2783
2786
2789
2889
2891
2892
2894
2896
2901
2902
2908
2909
2911
3019
3021
3023
3025
3028
3030
3141
3146
3152
3154
3156
3276
3277
3278
5647
5649
5650
5655
5767
5768
5770
5780
5782
5783
5785
5786
5887
5888
5889
5890
5891
5892
5895
5897
5898
5899
5905
5907
5909
5913
5914
5916
5917
5919
6010
6011
6013
6015
6016
6017
6020
6024
6026
6028
6029
6031
6036
6039
6040
6042
6044
6045
6134
6136
6139
6141
6145
6147
6150
6151
6152
6153
6154
6155
6157
6158
6160
6165
6166
6167
6168
6170
6255
6256
6262
6263
6264
6267
6268
6272
6274
6276
6278
6284
6285
6288
6291
6295
6381
6382
6384
6388
6394
6397
6400
6401
6403
6404
6405
6406
6408
6411
6412
6413
6415
6416
6419
6421
6422
6505
6506
6511
6513
6515
6517
6518
6519
6520
6521
6522
6524
6525
6526
6528
6532
6538
6541
6542
6543
6545
6629
6631
6635
6637
6642
6643
6647
6649
6650
6651
6652
6653
6655
6657
6658
6663
6664
6666
6669
6670
6754
6756
6758
6760
6761
6764
6767
6769
6770
6771
6773
6775
6776
6783
6785
6787
6788
6789
6790
6791
6792
6795
6797
6799
6879
6884
6885
6890
6891
6893
6894
6895
6896
6897
6900
6904
6905
6908
6910
6912
6913
6914
6915
6917
6920
6923
7006
7010
7012
7019
7020
7022
7023
7025
7026
7029
7030
7032
7037
7038
7042
7043
7045
7133
7135
7137
7138
7139
7141
7142
7145
7146
7147
7150
7151
7152
7154
7156
7157
7160
7162
7164
7165
7166
7170
7172
7257
7258
7259
7260
7266
7267
7268
7269
7270
7271
7272
7277
7280
7281
7282
7285
7286
7290
7291
7388
7389
7391
7392
7395
7397
7401
7403
7404
7406
7408
7414
7418
7512
7514
7515
7519
7525
7527
7528
7529
7532
7533
7535
7537
7539
7644
7647
7648
7649
7651
7652
7654
7657
7660
7661
7662
7663
7772
7775
7777
7778
7779
