927
930
931
933
934
935
937
1049
1055
1057
1059
1062
1064
6547
6556
6557
6558
6560
6561
6565
6566
6675
6676
6678
6679
6684
6685
6687
6690
6691
6693
6789
6790
6792
6794
6795
6796
6799
6800
6802
6803
6805
6806
6807
6810
6812
6816
6821
6823
6911
6912
6914
6917
6919
6920
6922
6924
6925
6928
6929
6931
6932
6934
6935
6939
6940
6943
6945
6946
6950
7034
7040
7042
7043
7046
7049
7050
7051
7052
7057
7058
7061
7063
7064
7065
7068
7071
7074
7075
7076
7077
7078
7163
7168
7171
7172
7173
7175
7177
7179
7180
7181
7182
7183
7185
7187
7188
7193
7195
7196
7197
7201
7202
7287
7288
7289
7290
7291
7297
7300
7301
7305
7308
7309
7310
7311
7312
7313
7321
7323
7324
7325
7412
7416
7417
7422
7424
7426
7427
7428
7431
7433
7436
7442
7443
7445
7446
7447
7537
7538
7543
7547
7548
7551
7552
7554
7558
7560
7563
7567
7569
7573
7575
7665
7666
7671
7673
7674
7675
7677
7678
7679
7681
7684
7685
7687
7689
7690
7691
7796
7799
7801
7804
7806
7808
7809
7810
7811
7816
18064
18065
18066
18169
18172
18173
18182
18184
18188
18193
18288
18289
18291
18294
18296
18299
18301
18303
18307
18313
18315
18318
18320
18324
18414
18418
18419
18420
18422
18423
18424
18431
18435
18436
18437
18439
18440
18441
18442
18444
18445
18540
18541
18543
18545
18549
18555
18556
18558
18560
18563
18564
18567
18568
18569
18675
18680
18684
18687
20169
20170
20174
20175
20185
20189
20190
20191
20192
20292
20293
20294
20297
20302
20304
20306
20314
20315
20320
20420
20422
20423
20424
20427
20429
20431
20435
20437
20438
20441
20556
20559
