10018
10020
10021
10023
10024
10025
10029
10031
10144
10145
10150
10151
10153
10157
10159
10272
10273
10276
10277
10278
10283
10284
10394
10395
10405
10406
10407
10408
10518
10520
10524
10526
10528
10531
10532
10534
10644
10647
10649
10651
10660
10768
10770
10774
10775
10777
10778
10779
10786
10892
10896
10899
10902
10903
10908
10909
10911
11021
11023
11024
11025
11026
11027
11028
11031
11033
11034
11144
11147
11149
11152
11156
11272
11273
11275
11277
11280
11284
11395
11398
11399
11400
11402
11403
11406
11409
15265
15267
15269
15273
15274
15276
15277
15278
15281
15282
15288
15289
15292
15383
15387
15389
15390
15393
15395
15397
15398
15400
15401
15406
15408
15410
15413
15417
15422
15511
15513
15515
15518
15519
15520
15522
15524
15529
15531
15532
15534
15540
15544
15546
15547
15630
15637
15638
15639
15641
15643
15644
15648
15649
15659
15661
15665
15668
15671
15672
15673
15755
15756
15758
15764
15770
15771
15772
15773
15774
15775
15776
15778
15779
15781
15784
15785
15788
15792
15793
15798
15884
15887
15890
15891
15893
15895
15896
15899
15900
15901
15902
15903
15904
15905
15906
15908
15911
15913
16015
16017
16019
16021
16023
16025
16026
16027
16032
16035
16038
16040
16140
16146
16148
16150
16151
16154
16158
16161
16163
17387
17393
17399
17400
17404
17408
17409
17508
17510
17511
17512
17514
17515
17516
17528
17530
17531
17532
17533
17534
17535
17537
17538
17541
17545
17635
17636
17637
17639
17640
17644
17645
17649
17651
17653
17655
17656
17658
17660
17662
17664
17665
17666
17668
17669
17758
17759
17760
17761
17765
17771
17774
17775
17779
17782
17785
17787
17894
17900
17904
17905
17911
