638
639
640
641
643
651
654
655
656
659
660
662
761
763
769
783
785
786
787
789
790
791
883
889
890
898
900
901
903
904
905
906
908
909
911
913
915
919
920
921
1005
1007
1008
1009
1011
1015
1016
1017
1020
1027
1031
1034
1036
1040
1042
1046
1047
1048
1131
1132
1134
1135
1137
1140
1146
1148
1149
1150
1151
1152
1154
1155
1156
1157
1158
1159
1161
1162
1164
1166
1167
1169
1171
1256
1257
1259
1260
1262
1263
1270
1271
1272
1274
1275
1283
1284
1286
1289
1290
1292
1293
1297
1298
1379
1381
1390
1391
1393
1399
1403
1405
1406
1409
1410
1411
1412
1413
1414
1415
1417
1421
1423
1508
1509
1510
1512
1517
1520
1524
1526
1527
1529
1531
1532
1533
1534
1536
1538
1540
1542
1544
1634
1635
1637
1638
1639
1641
1642
1643
1644
1645
1646
1647
1651
1653
1654
1655
1657
1658
1659
1661
1663
1664
1667
1669
1765
1773
1775
1778
1780
1781
1785
1787
1790
1893
7901
8017
8021
8026
8031
8141
8144
8147
8151
8156
8159
8262
8264
8268
8272
8274
8276
8277
8282
8285
8287
8288
8289
8290
8387
8390
8391
8392
8395
8396
8399
8401
8402
8407
8409
8411
8413
8415
8510
8511
8514
8519
8520
8521
8524
8525
8528
8529
8531
8532
8535
8538
8539
8542
8543
8635
8636
8637
8639
8640
8641
8642
8643
8645
8646
8650
8651
8652
8657
8659
8660
8661
8663
8664
8666
8667
8763
8764
8765
8769
8771
8772
8774
8781
8784
8790
8792
8793
8886
8887
8889
8891
8895
8898
8900
8902
8906
8910
8911
8912
8916
8918
9009
9011
9013
9016
9018
9019
9020
9021
9026
9028
9029
9032
9034
9035
9036
9037
9041
9043
9134
9137
9139
9142
9143
9144
9146
9149
9152
9154
9158
9159
9161
9163
9166
9167
9260
9264
9265
9266
9270
9278
9279
9281
9285
9286
9287
9289
9385
9386
9388
9392
9394
9395
9397
9398
9399
9402
9403
9404
9405
9407
9409
9410
9411
9416
9509
9515
9518
9520
9526
9527
9528
9532
9535
9536
9538
9539
9542
9634
9637
9641
9643
9646
9647
9650
9652
9653
9654
9657
9658
9659
9660
9661
9662
9666
9667
9669
9760
9762
9768
9770
9772
9776
9778
9779
9780
9781
9782
9783
9785
9786
9788
9789
9792
9793
9886
9890
9891
9892
9893
9896
9897
9900
9903
9905
9907
9909
9910
9916
9917
10010
10015
10018
10024
10025
10028
10031
10032
10035
10036
10038
10040
10134
10140
10143
10145
10153
10154
10155
10157
10160
10162
10164
10166
10168
10259
10260
10265
10266
10269
10273
10278
10279
10281
10283
10286
10287
10289
10291
10292
10293
10386
10389
10394
10396
10397
10398
10400
10403
10411
10412
10413
10510
10513
10514
10521
10522
10523
10524
10526
10528
10530
10533
10534
10636
10641
10642
10643
10644
10650
10654
10655
10658
10659
10660
10661
10665
10761
10763
10771
10785
10787
10791
10792
10889
10895
10896
10897
10900
10905
10906
10912
10917
11014
11017
11018
11020
11021
11023
11024
11026
11029
11030
11141
11142
11143
11144
11145
11146
11147
11150
11152
11155
11159
11161
11164
11262
11263
11264
11265
11270
11271
11274
11275
11279
11289
11290
11389
11392
11393
11394
11395
11397
11401
11402
11407
11414
11516
11518
11521
11522
11523
11526
11527
11528
11529
11530
11534
11535
11644
11645
11646
11647
11649
11650
11652
11653
11656
11657
11658
11767
11770
11773
11776
11777
11779
11891
11892
11894
11895
11896
11897
11901
11904
11905
11906
11909
11910
11911
