3176
3177
3183
3190
3292
3293
3298
3299
3306
3309
3312
3314
3318
3319
3320
3321
3322
3414
3422
3423
3424
3426
3428
3435
3436
3438
3440
3442
3446
3447
3541
3543
3544
3550
3554
3556
3557
3558
3560
3563
3565
3569
3570
3672
3673
3677
3678
3679
3681
3684
3688
3689
3690
8302
8308
8425
8426
8429
8430
8432
8434
8435
8436
8437
8439
8550
8553
8555
8559
8562
8563
8567
8670
8671
8673
8674
8678
8679
8680
8682
8689
8690
8691
8692
8795
8797
8799
8806
8807
8809
8817
8920
8921
8922
8928
8934
8936
8937
8939
8940
8941
8942
8943
8944
8945
8946
9047
9050
9051
9053
9056
9062
9063
9064
9068
9069
9167
9172
9173
9186
9187
9188
9189
9195
9300
9302
9303
9304
9309
9311
9319
9320
9417
9419
9425
9429
9430
9437
9438
9439
9445
9541
9542
9543
9545
9546
9550
9555
9556
9557
9561
9565
9570
9665
9667
9670
9671
9678
9679
9680
9681
9687
9689
9691
9693
9695
9696
9793
9794
9799
9802
9803
9808
9815
9818
9915
9916
9919
9921
9923
9927
9928
9930
9931
9935
9936
9940
9941
9945
9946
9947
10045
10049
10050
10051
10052
10053
10055
10056
10057
10062
10064
10068
10072
10167
10170
10171
10172
10179
10180
10181
10182
10183
10187
10189
10190
10193
10195
10291
10301
10302
10304
10310
10311
10317
10321
10417
10422
10423
10424
10428
10429
10430
10431
10433
10438
10439
10440
10441
10442
10443
10444
10445
10446
10447
10545
10546
10548
10549
10550
10551
10556
10557
10559
10562
10563
10564
10565
10566
10567
10568
10569
10570
10666
10668
10671
10672
10673
10676
10679
10683
10687
10688
10689
10690
10691
10694
10695
10791
10793
10795
10801
10804
10806
10810
10811
10814
10817
10818
10821
10918
10922
10924
10927
10928
10931
10932
10937
10940
11045
11049
11051
11054
11060
11061
11063
11067
11068
11169
11178
11179
11180
11181
11182
11184
11185
11186
11187
11188
11189
11194
11294
11296
11298
11300
11301
11308
11309
11312
11313
11314
11317
11424
11425
11427
11428
11429
11431
11437
11438
11439
11550
11553
11554
11557
11559
11562
11564
11676
11678
11682
11686
11687
11799
11804
11805
11806
11808
11812
11814
19552
19555
19558
19560
19564
19667
19669
19670
19673
19680
19682
19688
19690
19693
19695
19792
19795
19799
19800
19804
19806
19808
19810
19811
19815
19816
19820
19823
19825
19828
19910
19914
19918
19919
19921
19928
19931
19933
19934
19938
19939
19940
19941
19943
19950
19953
19954
20034
20038
20039
20041
20045
20046
20051
20052
20054
20056
20058
20059
20060
20063
20066
20067
20069
20070
20075
20164
20165
20168
20171
20173
20174
20175
20179
20180
20181
20185
20186
20187
20188
20191
20194
20199
20201
20294
20295
20301
20303
20304
20305
20307
20309
20311
20313
20314
20318
20424
20427
20428
20429
20432
