414
415
417
419
420
425
426
430
431
435
436
438
439
442
446
447
448
548
551
552
557
566
1796
1797
1800
1801
1803
1805
1810
1811
1812
1817
1820
1823
1915
1923
1924
1927
1929
1931
1932
1933
1939
1940
1941
1942
1944
1946
1947
1948
1949
1951
1952
1953
2044
2045
2047
2048
2050
2051
2052
2056
2057
2058
2059
2060
2061
2062
2063
2064
2065
2066
2067
2068
2070
2071
2072
2073
2074
2076
2077
2079
2163
2165
2167
2168
2170
2171
2172
2173
2176
2179
2185
2188
2198
2199
2200
2201
2291
2293
2295
2296
2297
2302
2307
2308
2316
2318
2321
2425
2426
2429
2430
2432
3671
3682
3690
3691
3692
3693
3694
3695
3793
3794
3796
3799
3804
3813
3814
3818
3917
3920
3923
3924
3925
3932
3933
3935
3944
3945
4052
4053
4058
4059
18423
18427
18429
18430
18432
18438
18547
18548
18549
18551
18552
18555
18560
18561
18565
18566
18568
18671
18681
18683
18685
18688
18689
20046
20047
20052
20056
20057
20059
20064
20069
20164
20165
20166
20171
20174
20177
20181
20184
20185
20189
20191
20192
20194
20195
20196
20198
20199
20200
20202
20285
20289
20292
20296
20297
20300
20304
20306
20308
20314
20315
20317
20318
20319
20323
20325
20410
20415
20417
20418
20419
20420
20422
20423
20425
20427
20428
20430
20431
20432
20435
20437
20439
20441
20538
20539
20540
20545
20546
20556
20559
20563
20564
20567
20570
20574
