1646
1647
1648
1650
1653
1655
1656
1763
1766
1768
1770
1772
1777
1780
1782
1785
1786
1788
1790
1884
1886
1890
1895
1896
1901
1902
1905
1911
1913
1915
1920
2009
2013
2014
2016
2017
2020
2029
2032
2034
2035
2036
2038
2039
2041
2042
2048
2129
2130
2131
2135
2136
2137
2141
2143
2145
2146
2148
2150
2153
2155
2157
2159
2163
2164
2171
2174
2259
2261
2262
2267
2269
2272
2275
2277
2279
2280
2281
2284
2288
2289
2290
2293
2296
2379
2380
2382
2383
2385
2388
2389
2390
2394
2399
2400
2402
2404
2406
2409
2414
2416
2417
2418
2419
2421
2423
2505
2507
2510
2511
2512
2514
2515
2516
2517
2518
2519
2520
2522
2523
2530
2531
2538
2539
2540
2543
2545
2632
2633
2635
2638
2644
2646
2648
2651
2654
2658
2659
2661
2664
2665
2666
2667
2669
2767
2769
2770
2771
2772
2778
2781
2783
2784
2787
2788
2790
2791
2899
2901
2902
2903
2904
20777
