519
522
523
528
531
532
536
639
641
643
644
648
650
659
660
661
662
764
767
769
772
773
774
776
779
781
784
786
788
789
888
890
891
894
895
897
901
904
905
907
909
910
911
1016
1019
1020
1022
1030
1031
1032
1033
1034
1036
1150
1151
3396
3398
3399
3400
3402
3406
3511
3512
3515
3516
3517
3518
3522
3526
3527
3530
3531
3533
3537
3538
3541
3637
3639
3640
3642
3643
3645
3653
3655
3657
3659
3662
3664
3756
3757
3758
3761
3762
3763
3767
3771
3776
3779
3780
3782
3786
3787
3790
3792
3795
3796
3797
3882
3884
3887
3888
3891
3892
3895
3896
3901
3902
3905
3906
3907
3911
3914
3916
3920
3921
3923
4004
4011
4013
4015
4018
4019
4020
4022
4025
4027
4028
4029
4030
4035
4038
4039
4040
4045
4046
4047
4049
4129
4136
4137
4144
4147
4148
4149
4154
4157
4158
4160
4162
4167
4173
4256
4257
4260
4261
4262
4263
4264
4265
4266
4269
4272
4277
4279
4281
4282
4285
4287
4288
4295
4296
4383
4384
4389
4391
4393
4395
4399
4401
4404
4408
4409
4411
4414
4515
4516
4518
4520
4521
4522
4523
4525
4527
4531
4533
4537
4539
4541
4646
4647
4653
