4395
4396
4402
4407
4408
4521
4523
4524
4527
4529
4530
4537
4539
4542
4635
4636
4642
4643
4648
4651
4652
4656
4657
4659
4662
4665
4667
4761
4762
4763
4765
4767
4768
4769
4770
4771
4773
4774
4776
4779
4782
4785
4786
4792
4796
4880
4883
4889
4890
4893
4897
4900
4902
4903
4904
4908
4909
4911
4912
4915
4919
4920
5006
5008
5009
5010
5011
5013
5014
5023
5024
5025
5028
5029
5030
5031
5032
5035
5038
5039
5040
5041
5043
5045
5047
5130
5133
5134
5135
5138
5141
5144
5147
5148
5149
5150
5155
5156
5157
5161
5162
5164
5166
5168
5172
5173
5255
5259
5260
5263
5266
5270
5273
5277
5278
5279
5283
5287
5288
5294
5297
5298
5381
5390
5391
5392
5393
5394
5395
5396
5397
5402
5407
5408
5411
5414
5420
5421
5507
5508
5509
5512
5514
5516
5517
5521
5525
5527
5528
5529
5530
5534
5535
5536
5539
5540
5541
5542
5635
5639
5640
5641
5642
5647
5648
5652
5654
5655
5660
5661
5662
5664
5665
5666
5668
5763
5766
5770
5771
5772
5773
5777
5781
5784
5786
5789
5892
5895
5897
5900
5906
5909
5911
17275
17277
17278
17280
17282
17283
17392
17395
17396
17397
17401
17402
17412
17510
17517
17519
17521
17523
17527
17529
17530
17533
17535
17537
17540
17636
17639
17640
17641
17644
17646
17648
17649
17657
17659
17662
17669
17760
17762
17767
17773
17774
17781
17782
17783
17784
17785
17787
17789
17792
17885
17887
17888
17894
17896
17900
17904
17906
17907
17908
17913
17915
17917
17918
17919
18011
18012
18013
18015
18017
18021
18022
18025
18026
18034
18035
18036
18042
18138
18140
18141
18142
18150
18151
18153
18154
18156
18160
18163
18165
18271
18272
18273
18277
18278
18281
18283
