2526
2527
2651
2653
2771
2774
2775
2781
2783
8267
8268
8269
8273
8274
8275
8276
8278
8279
8281
8282
8283
8284
8286
8388
8391
8394
8399
8403
8410
8413
8414
8415
8511
8516
8518
8519
8520
8521
8525
8536
8537
8538
8539
8542
8543
8632
8637
8639
8641
8643
8644
8645
8646
8648
8649
8652
8658
8659
8663
8664
8667
8669
8760
8762
8765
8766
8769
8770
8775
8776
8783
8787
8788
8789
8790
8795
8882
8883
8884
8886
8887
8889
8892
8893
8895
8896
8899
8900
8901
8904
8905
8910
8912
8917
8918
9004
9011
9017
9018
9022
9023
9024
9025
9028
9029
9033
9034
9036
9037
9038
9039
9042
9129
9133
9134
9137
9138
9139
9141
9143
9148
9149
9153
9154
9155
9156
9159
9160
9162
9164
9166
9172
9254
9255
9259
9262
9265
9268
9273
9274
9275
9277
9278
9287
9290
9291
9294
9381
9382
9385
9388
9390
9392
9393
9396
9399
9400
9401
9403
9405
9406
9407
9408
9415
9419
9420
9502
9504
9505
9509
9510
9516
9518
9521
9522
9523
9526
9528
9529
9537
9538
9540
9541
9543
9544
9545
9546
9547
9549
9628
9630
9632
9633
9637
9642
9645
9646
9648
9654
9656
9659
9662
9665
9669
9671
9753
9754
9760
9761
9767
9768
9770
9774
9778
9781
9782
9783
9784
9786
9788
9791
9793
9794
9877
9878
9879
9882
9884
9886
9887
9889
9890
9891
9892
9893
9896
9898
9901
9907
9911
9912
9914
9918
9919
9920
10002
10009
10012
10015
10017
10019
10022
10023
10024
10031
10033
10038
10040
10043
10045
10047
10051
10126
10129
10132
10136
10137
10143
10144
10150
10151
10152
10153
10154
10158
10164
10165
10166
10173
10174
10253
10254
10260
10262
10263
10265
10266
10269
10272
10276
10279
10280
10281
10282
10283
10285
10286
10288
10289
10291
10295
10296
10297
10298
10300
10375
10376
10377
10378
10379
10383
10389
10390
10392
10394
10395
10396
10397
10399
10400
10405
10407
10409
10410
10412
10416
10420
10421
10423
10425
10499
10502
10503
10506
10509
10511
10512
10519
10520
10521
10522
10523
10526
10528
10529
10530
10531
10532
10533
10534
10535
10537
10539
10543
10544
10548
10549
10550
10624
10628
10631
10635
10638
10639
10640
10642
10643
10644
10645
10646
10652
10658
10661
10663
10665
10666
10670
10671
10672
10677
10752
10754
10757
10758
10760
10762
10763
10764
10765
10768
10771
10772
10774
10776
10777
10782
10783
10785
10788
10789
10790
10793
10797
10877
10880
10886
10888
10890
10891
10892
10898
10900
10901
10902
10904
10908
10909
10912
10913
10914
10917
10919
10921
10924
10926
10927
10928
11000
11003
11008
11009
11010
11011
11014
11015
11016
11021
11022
11028
11029
11030
11034
11037
11038
11039
11043
11044
11045
11129
11130
11131
11132
11133
11137
11138
11139
11141
11144
11147
11153
11155
11156
11160
11161
11162
11164
11171
11174
11177
11250
11254
11255
11258
11261
11263
11264
11265
11267
11268
11269
11272
11277
11280
11281
11284
11286
11289
11293
11297
11374
11378
11380
11382
11386
11387
11389
11390
11391
11392
11393
11396
11397
11400
11401
11402
11403
11404
11405
11406
11407
11412
11424
11427
11429
11498
11503
11507
11510
11511
11513
11515
11518
11519
11520
11521
11522
11523
11525
11526
11528
11530
11531
11534
11535
11536
11541
11542
11544
11549
11551
11553
11626
11629
11630
11632
11636
11641
11644
11645
11647
11651
11652
11654
11655
11657
11660
11661
11662
11667
11669
11670
11671
11673
11674
11751
11755
11757
11759
11760
11764
11765
11766
11768
11769
11770
11775
11778
11781
11782
11785
11786
11787
11789
11794
11795
11798
11799
11874
11876
11877
11878
11881
11886
11887
11888
11891
11893
11896
11897
11904
11909
11910
11912
11913
11914
11917
11919
11921
11922
12002
12004
12005
12006
12007
12013
12016
12017
12020
12024
12025
12026
12031
12033
12034
12036
12037
12038
12040
12041
12044
12046
12049
12050
12052
12053
12054
12126
12127
12129
12133
12136
12138
12140
12143
12144
12145
12147
12150
12151
12152
12158
12162
12163
12168
12170
12174
12178
12179
12252
12254
12255
12258
12260
12261
12266
12268
12278
12280
12283
12286
12287
12289
12290
12292
12295
12300
12301
12374
12376
12379
12389
12390
12391
12392
12393
12395
12398
12400
12402
12403
12404
12405
12406
12411
12414
12416
12418
12420
12423
12426
12427
12428
12505
12508
12509
12512
12517
12518
12519
12520
12521
12523
12529
12535
12536
12537
12539
12542
12545
12546
12548
12552
12627
12632
12638
12640
12643
12649
12650
12651
12655
12661
12667
12668
12671
12672
12673
12751
12755
12756
12758
12759
12761
12762
12767
12768
12769
12770
12771
12775
12776
12778
12779
12780
12781
12782
12786
12787
12789
12798
12880
12890
12891
12897
12898
12899
12902
12903
12905
12907
12910
12915
13002
13003
13004
13006
13008
13011
13012
13013
13014
13016
13022
13023
13026
13027
13033
13036
13038
13039
13041
13043
13044
13046
13049
13050
13133
13134
13135
13136
13138
13139
13140
13142
13146
13151
13154
13155
13156
13159
13160
13161
13162
13169
13170
13171
13173
13259
13263
13266
13269
13272
13273
13274
13276
13279
13283
13291
13293
13294
13389
13391
13392
13403
13413
13526
18639
18648
18653
18658
18659
18763
18765
18768
18770
18772
18773
18778
18780
18781
18782
18786
18787
18792
18889
18895
18898
18901
18902
18904
18906
18907
18910
18911
18912
19010
19011
19012
19013
19014
19020
19021
19026
19027
19031
19035
19039
19041
19138
19139
19145
19146
19147
19149
19154
19157
19159
19161
19162
19165
19279
19280
19281
19282
