11517
11519
11520
11522
11525
11533
11538
11540
11639
11642
11643
11650
11651
11654
11769
11779
11781
11783
11786
11788
11790
11896
11898
11900
11902
11906
11908
11911
11912
11915
12016
12018
12022
12025
12026
12030
12032
12035
12036
12040
12134
12136
12137
12138
12142
12146
12150
12156
12163
12165
12169
12261
12266
12267
12272
12273
12276
12277
12280
12281
12282
12384
12385
12390
12392
12393
12394
12396
12401
12404
12405
12408
12410
12412
12509
12512
12513
12514
12517
12523
12526
12527
12529
12533
12535
12537
12538
12633
12634
12636
12637
12640
12641
12642
12650
12651
12652
12653
12654
12659
12660
12663
12666
12668
12670
12757
12761
12772
12773
12775
12776
12782
12783
12784
12786
12787
12789
12791
12793
12795
12883
12884
12885
12888
12889
12894
12896
12898
12899
12901
12906
12908
12910
12912
12913
12914
12917
12919
13013
13014
13015
13016
13017
13019
13020
13023
13024
13027
13032
13036
13038
13041
13044
13045
13133
13142
13143
13145
13146
13147
13149
13151
13156
13159
13166
13167
13169
13265
13268
13270
13272
13277
13278
13279
13281
13283
13284
13291
13394
13396
13399
13402
13403
13405
13406
13409
13410
15769
15774
15780
15781
15782
15783
15785
15786
15788
15884
15885
15888
15894
15897
15899
15900
15903
15904
15909
15913
15917
15919
16006
16010
16012
16013
16014
16015
16020
16021
16023
16025
16026
16027
16028
16032
16033
16034
16035
16037
16038
16039
16040
16042
16043
16130
16131
16137
16143
16144
16146
16147
16148
16151
16152
16155
16157
16158
16159
16160
16161
16162
16165
16166
16168
16171
16173
16256
16265
16268
16270
16271
16272
16273
16274
16276
16277
16279
16280
16281
16282
16285
16287
16290
16293
16294
16298
16383
16384
16385
16388
16389
16392
16393
16396
16400
16401
16404
16405
16406
16407
16411
16412
16413
16414
16416
16417
16419
17644
17646
17650
17653
17657
17762
17765
17766
17767
17771
17772
17773
17774
17775
17776
17777
17778
17779
17783
17785
17788
17793
17882
17884
17885
17889
17891
17892
17893
17894
17898
17899
17900
17901
17902
17903
17904
17907
17908
17909
17914
17915
17922
18006
18007
18010
18012
18013
18014
18018
18026
18029
18030
18031
18032
18034
18035
18036
18038
18042
18044
18136
18142
18143
18145
18147
18149
18151
18153
18158
18162
18165
