5144
5145
5149
5155
5156
5159
5161
5166
5266
5267
5268
5269
5272
5275
5277
5280
5287
5291
5389
5392
5393
5394
5398
5401
5402
5404
5406
5407
5409
5410
5412
5413
5507
5512
5516
5519
5523
5524
5527
5528
5532
5533
5535
5538
5539
5543
5547
5639
5641
5643
5646
5648
5650
5653
5655
5656
5659
5660
5661
5662
5663
5665
5760
5761
5762
5765
5766
5769
5776
5777
5778
5785
5787
5788
5790
5793
5886
5887
5889
5894
5895
5896
5897
5898
5899
5902
5906
5907
5908
5910
5912
5913
5914
6017
6021
6022
6024
6035
9021
9027
9030
9031
9034
9143
9144
9145
9148
9152
9153
9155
9156
9268
9269
9279
9281
9285
9395
9396
9397
9399
9403
9404
9513
9522
9525
9528
9529
9536
9537
9540
9638
9641
9642
9646
9648
9649
9654
9659
9663
9664
9763
9764
9765
9773
9774
9777
9783
9784
9785
9789
9889
9890
9891
9893
9895
9896
9897
9900
9904
9910
9912
9915
10012
10014
10015
10020
10022
10024
10027
10034
10038
10040
10041
10042
10136
10142
10144
10146
10147
10153
10157
10159
10161
10162
10164
10165
10166
10267
10269
10271
10274
10279
10282
10283
10284
10286
10287
10288
10292
10385
10387
10390
10391
10393
10396
10397
10398
10400
10401
10403
10406
10407
10409
10410
10412
10413
10414
10415
10416
10510
10515
10519
10520
10526
10528
10539
10540
10544
10633
10651
10653
10657
10658
10659
10660
10661
10665
10759
10762
10770
10774
10777
10781
10784
10788
10887
10888
10890
10898
10899
10901
10902
10903
10904
10912
10913
10918
11019
11021
11022
11023
11026
11027
11029
11035
11036
11039
11042
11133
11134
11138
11145
11147
11152
11157
11159
11166
11167
11169
11258
11259
11264
11266
11270
11271
11273
11275
11280
11282
11283
11288
11290
11294
11383
11385
11387
11390
11391
11393
11394
11395
11396
11405
11411
11413
11415
11417
11418
11514
11515
11519
11520
11521
11526
11529
11532
11534
11635
11638
11640
11641
11643
11647
11651
11654
11657
11658
11660
11768
11769
11772
11777
11779
11784
11785
11787
11790
11792
11793
11891
11894
11895
11897
11898
11899
11900
11902
11904
11909
11912
11913
12020
12021
12025
12028
12032
12036
12037
12141
12144
12145
12148
12151
12152
12153
12154
12155
12157
12159
12161
12162
12267
12269
12274
12275
12278
12280
12283
12285
12288
12392
12394
12399
12400
12401
12402
12408
12411
19017
19022
19024
19027
19029
19040
19042
19134
19135
19136
19139
19141
19143
19144
19147
19148
19149
19151
19153
19154
19157
19162
19164
19168
19170
19257
19261
19263
19264
19266
19269
19272
19273
19274
19275
19280
19284
19285
19290
19293
19296
19379
19385
19387
19389
19391
19393
19394
19397
19402
19403
19404
19405
19407
19409
19411
19416
19417
19420
19506
19510
19511
19515
19516
19519
19522
19533
19536
19537
19538
19540
19542
19635
19641
19642
19644
19646
19648
19651
19653
19654
19655
19660
