1891
1892
1893
1894
1895
1898
1901
1902
1904
1906
1910
1911
1912
2012
2018
2020
2021
2022
2024
2028
2030
2036
2038
2039
2041
2043
2131
2135
2142
2144
2149
2151
2152
2156
2157
2159
2160
2164
2165
2166
2168
2169
2170
2171
2173
2255
2257
2261
2263
2265
2269
2271
2272
2274
2275
2278
2281
2284
2288
2289
2291
2293
2295
2297
2299
2380
2381
2386
2389
2392
2393
2394
2400
2402
2404
2405
2406
2409
2410
2412
2413
2414
2415
2416
2418
2419
2506
2507
2512
2513
2516
2519
2522
2524
2525
2527
2529
2530
2533
2537
2538
2540
2543
2544
2637
2639
2640
2641
2642
2644
2653
2654
13142
13143
13144
13147
13148
13152
13154
13158
13159
13161
13277
13279
13281
13282
13287
13289
13290
13291
13384
13385
13391
13393
13395
13400
13401
13410
13411
13412
13413
13416
13417
13509
13512
13514
13515
13518
13519
13523
13529
13532
13536
13537
13541
13542
13543
13638
13639
13640
13643
13644
13649
13650
13652
13657
13662
13664
13668
13670
13757
13759
13760
13761
13763
13766
13767
13772
13773
13774
13775
13776
13777
13778
13779
13781
13782
13784
13786
13789
13790
13795
13796
13885
13886
13888
13892
13893
13894
13895
13896
13900
13901
13903
13904
13910
13913
13914
13915
13917
13919
13923
14006
14009
14010
14011
14012
14016
14019
14020
14023
14025
14026
14027
14028
14033
14035
14036
14037
14039
14042
14045
14131
14133
14139
14140
14143
14145
14146
14148
14151
14153
14154
14156
14160
14162
14165
14168
14169
14172
14256
14258
14260
14264
14266
14274
14275
14276
14277
14279
14280
14282
14284
14288
14289
14290
14291
14292
14294
14384
14388
14389
14392
14393
14394
14397
14400
14404
14406
14407
14408
14411
14414
14511
14514
14515
14516
14518
14522
14528
14530
14535
14537
14639
14641
14647
14651
14654
14655
14657
14772
14775
18776
18777
18778
18779
20771
20772
20774
20775
20778
20779
20785
20786
20890
20891
20893
20894
20901
20902
20904
20906
20911
21017
21019
21022
21024
21029
21030
21032
21035
21037
