2142
2145
2146
2149
2151
2152
2154
2160
2260
2264
2266
2270
2271
2272
2273
2275
2276
2278
2280
2288
2289
2290
2293
2294
2382
2384
2387
2388
2390
2391
2393
2395
2400
2401
2405
2406
2408
2409
2410
2417
2418
2420
2505
2506
2507
2508
2510
2511
2512
2514
2518
2519
2522
2525
2527
2528
2529
2530
2531
2535
2536
2537
2541
2543
2544
2545
2638
2639
2643
2644
2645
2651
2652
2653
2654
2658
2659
2660
2661
2663
2664
2666
2673
2757
2759
2763
2765
2767
2770
2771
2772
2773
2774
2775
2778
2781
2782
2785
2786
2788
2792
2793
2794
2883
2884
2885
2888
2892
2893
2896
2898
2899
2901
2902
2903
2904
2906
2908
2909
2918
2920
3012
3013
3016
3019
3022
3024
3033
3038
3040
3041
8392
8396
8398
8399
8403
8404
8405
8407
8408
8411
8512
8520
8523
8524
8525
8526
8530
8538
8539
8540
8637
8640
8645
8648
8652
8653
8657
8658
8659
8661
8662
8663
8666
8765
8766
8771
8773
8779
8782
8783
8785
8786
8790
8897
8900
8902
8903
8904
8910
8912
8913
8916
9010
9014
9018
9019
9020
9022
9023
9027
9029
9030
9032
9037
9038
9039
9040
9042
9134
9140
9142
9144
9145
9147
9148
9150
9152
9157
9160
9161
9162
9164
9166
9169
9260
9263
9264
9266
9272
9274
9282
9289
9292
9293
9387
9389
9400
9401
9406
9408
9409
9410
9411
9414
9415
9507
9510
9511
9514
9515
9519
9522
9525
9526
9527
9530
9531
9533
9534
9537
9538
9539
9541
9542
9543
9631
9638
9639
9646
9647
9648
9650
9653
9655
9656
9661
9662
9664
9665
9757
9765
9772
9777
9778
9782
9784
9785
9786
9791
9792
9794
9796
9890
9892
9899
9901
9903
9907
9908
9911
9916
9920
10006
10010
10012
10014
10015
10021
10029
10032
10033
10037
10039
10040
10041
10042
10043
10133
10138
10140
10141
10144
10149
10150
10151
10154
10158
10159
10169
10170
10171
10256
10258
10267
10270
10275
10276
10281
10284
10285
10286
10287
10288
10293
10381
10383
10384
10386
10388
10393
10394
10396
10402
10403
10404
10406
10410
10412
10418
10419
10422
10506
10514
10516
10518
10525
10527
10529
10531
10534
10537
10540
10549
10635
10639
10640
10646
10648
10649
10651
10654
10656
10659
10662
10663
10665
10668
10671
10672
10753
10764
10768
10771
10772
10774
10776
10777
10778
10781
10782
10784
10792
10795
10796
10797
10798
10878
10881
10882
10883
10884
10891
10892
10894
10895
10897
10898
10899
10902
10904
10906
10908
10910
10911
10912
10920
10921
11003
11004
11006
11012
11015
11018
11019
11023
11024
11025
11026
11029
11035
11036
11037
11044
11045
11046
11130
11131
11134
11136
11141
11142
11143
11145
11148
11149
11150
11152
11154
11155
11157
11158
11164
11170
11173
11253
11254
11257
11258
11259
11260
11261
11262
11264
11266
11274
11277
11278
11280
11281
11284
11285
11292
11294
11298
11299
11378
11379
11383
11385
11387
11388
11400
11401
11402
11405
11408
11409
11412
11415
11418
11425
11503
11504
11508
11511
11512
11518
11519
11523
11527
11532
11537
11539
11541
11542
11545
11547
11548
11549
11550
11631
11638
11639
11640
11643
11644
11649
11652
11653
11658
11659
11660
11662
11663
11666
11668
11669
11671
11674
11758
11761
11762
11763
11766
11772
11775
11776
11777
11780
11784
11785
11786
11788
11789
11790
11793
11797
11799
11878
11885
11886
11889
11890
11891
11895
11897
11899
11900
11901
11902
11907
11908
11910
11916
11917
11918
11921
11922
11923
11924
12004
12008
12012
12014
12017
12019
12024
12025
12028
12029
12030
12034
12035
12037
12038
12039
12040
12046
12130
12134
12138
12139
12142
12143
12144
12151
12155
12156
12159
12163
12164
12168
12169
12170
12171
12172
12258
12260
12261
12264
12266
12270
12273
12274
12275
12279
12280
12290
12292
12293
12297
12380
12381
12382
12384
12386
12389
12393
12394
12395
12397
12399
12400
12403
12405
12406
12407
12410
12411
12412
12413
12415
12417
12509
12511
12512
12515
12518
12519
12520
12521
12524
12525
12529
12531
12535
12537
12538
12540
12541
12544
12545
12632
12639
12640
12642
12644
12645
12647
12650
12651
12661
12664
12665
12666
12758
12759
12764
12766
12769
12773
12774
12776
12777
12778
12779
12780
12782
12783
12785
12787
12789
12885
12886
12888
12890
12893
12895
12896
12897
12901
12902
12905
12907
12911
12912
12913
12915
12916
12919
13010
13012
13013
13023
13024
13025
13026
13030
13032
13036
13039
13042
13143
13145
13146
13149
13150
13151
13154
13159
21014
21017
21018
21035
21037
