3771
3772
3773
3777
3780
3784
3889
3890
3894
3897
3898
3904
3906
3909
3911
3912
3915
4009
4010
4013
4017
4018
4019
4020
4022
4023
4028
4031
4034
4039
4041
4043
4044
4045
4134
4140
4142
4144
4145
4148
4149
4158
4160
4162
4166
4168
4169
4171
4254
4255
4258
4261
4265
4267
4268
4269
4271
4273
4278
4279
4280
4282
4284
4285
4287
4288
4296
4297
4299
4379
4381
4382
4383
4385
4386
4391
4392
4394
4395
4397
4398
4399
4400
4403
4404
4406
4407
4409
4411
4416
4417
4418
4422
4507
4510
4512
4514
4516
4518
4519
4520
4521
4527
4531
4533
4534
4536
4537
4544
4545
4635
4638
4646
4647
4649
4651
4654
4655
4656
4660
4667
4669
4762
4764
4768
4772
4774
4776
4777
4784
4785
4786
4896
4898
4903
4904
4906
8522
8524
8526
8529
8531
8532
8646
8647
8648
8773
8774
8777
8778
8897
8900
8903
8905
9016
9024
9026
9028
9031
9032
9144
9151
9153
9154
9155
9158
9160
9266
9267
9272
9274
9281
9282
9283
9284
9392
9393
9395
9396
9397
9398
9399
9400
9403
9513
9517
9524
9527
9528
9530
9531
9535
9539
9639
9643
9645
9646
9649
9650
9652
9654
9655
9656
9658
9659
9660
9663
9664
9763
9765
9766
9768
9770
9772
9773
9775
9781
9785
9789
9888
9891
9894
9895
9903
9904
9906
9909
10011
10012
10016
10019
10020
10022
10025
10026
10032
10033
10137
10141
10142
10143
10144
10149
10161
10166
10167
10270
10278
10282
10283
10285
10289
10386
10388
10389
10390
10392
10394
10395
10398
10404
10410
10411
10413
10415
10513
10515
10517
10520
10522
10524
10526
10527
10528
10529
10530
10531
10532
10534
10535
10538
10637
10638
10643
10644
10645
10646
10649
10651
10653
10655
10658
10659
10662
10761
10764
10766
10768
10770
10771
10773
10774
10778
10783
10787
10790
10792
10793
10887
10889
10893
10895
10897
10899
10900
10901
10902
10903
10905
10907
10916
10917
11011
11012
11013
11016
11022
11027
11029
11031
11033
11035
11038
11039
11041
11134
11138
11141
11142
11143
11144
11155
11156
11158
11159
11160
11163
11260
11261
11264
11266
11269
11271
11273
11274
11277
11278
11284
11288
11291
11293
11384
11386
11391
11393
11395
11397
11398
11401
11402
11407
11408
11409
11414
11418
11510
11523
11535
11537
11541
11542
11635
11636
11639
11642
11645
11647
11648
11650
11657
11659
11665
11769
11772
11773
11777
11790
11889
11890
11893
11895
11898
11900
11901
11902
11903
11906
11907
11910
11912
11916
11917
12022
12023
12024
12026
12028
12034
12035
12138
12144
12147
12149
12155
12157
12164
12269
12274
12276
12280
12289
12290
12389
12390
12391
12401
12402
12404
12412
12413
12520
12521
12522
12525
12643
12644
12645
12648
12650
12654
12657
12658
12769
12771
12776
12779
12781
12783
12784
12894
12897
