2522
2525
2529
2530
2531
2533
2535
2536
2537
2539
2642
2645
2646
2647
2653
2655
2668
2669
2764
2766
2767
2769
2770
2773
2774
2775
2777
2778
2780
2781
2782
2783
2788
2789
2791
2792
2795
2800
2888
2889
2893
2895
2896
2897
2898
2899
2901
2903
2906
2908
2914
2920
3017
3018
3020
3023
3024
3025
3026
3029
3031
3032
3033
3034
3036
3038
3040
3046
3047
3048
3142
3149
3150
3151
3153
3156
3157
3158
3160
3164
4774
4775
4781
4783
4787
4788
4789
4899
4902
4905
4908
4910
4911
5029
5031
16403
16408
16410
16412
16416
16417
16515
16524
16527
16530
16532
16538
16543
16544
16545
16548
16635
16636
16640
16641
16642
16644
16647
16648
16649
16650
16651
16653
16654
16655
16656
16657
16658
16663
16664
16670
16671
16674
16676
16677
16764
16765
16768
16769
16774
16775
16782
16786
16787
16788
16790
16792
16793
16885
16887
16890
16893
16900
16902
16905
16907
16914
16915
16917
16919
16921
16924
16925
17013
17014
17015
17016
17017
17022
17023
17024
17025
17028
17031
17033
17035
17037
17038
17146
17150
17151
17154
17159
17160
17163
17165
