150
153
155
161
269
270
271
272
275
278
279
284
286
292
293
295
389
394
400
405
406
408
412
413
423
424
426
510
511
517
518
521
522
524
525
527
528
532
538
539
541
544
546
547
552
644
645
647
649
650
652
654
657
658
659
661
663
665
666
667
668
671
673
674
675
678
760
762
763
766
767
768
769
771
772
776
779
780
781
783
784
785
788
790
791
795
796
798
803
886
887
890
892
893
894
896
897
898
900
901
902
903
906
907
909
911
914
917
918
920
921
926
1011
1012
1013
1017
1020
1022
1023
1024
1026
1029
1032
1035
1037
1038
1040
1042
1048
1049
1050
1140
1142
1143
1147
1148
1150
1151
1152
1153
1154
1156
1158
1162
1165
1166
1167
1169
1172
1277
1278
1283
1289
3653
3654
3657
3659
17900
17904
17907
17908
17911
17912
17913
17916
17917
18015
18017
18020
18022
18025
18026
18028
18031
18032
18034
18038
18040
18041
18042
18043
18045
18142
18143
18146
18148
18149
18151
18155
18159
18160
18161
18162
18164
18167
18171
18172
18263
18265
18268
18270
18271
18273
18276
18277
18279
18280
18282
18284
18285
18287
18291
18299
18389
18400
18403
18404
18405
18415
18416
18418
18514
18521
18524
18525
18529
18532
18533
18534
18536
18537
18539
18543
18546
18548
18644
18645
18646
18654
18655
18656
18659
18660
18662
18664
18666
18668
18776
