151
152
155
157
159
161
163
165
267
271
273
274
277
282
283
284
289
290
293
294
296
299
390
393
394
395
397
400
403
404
406
408
411
412
418
421
424
425
511
513
518
520
523
524
525
526
527
529
530
531
533
536
541
546
548
550
552
642
644
647
652
659
661
662
663
669
670
672
676
678
679
760
761
763
764
767
768
769
773
774
775
776
778
779
780
781
782
787
788
790
793
797
799
803
886
887
892
893
896
897
900
902
904
905
907
911
914
915
917
919
921
922
924
928
1011
1014
1015
1017
1019
1022
1023
1024
1026
1028
1032
1037
1038
1040
1043
1050
1140
1141
1144
1148
1150
1152
1154
1155
1156
1160
1162
1163
1164
1272
1273
1274
1275
1278
1280
1283
1290
1291
1293
