1149
1152
1153
1154
1157
1159
1163
1165
1166
1265
1267
1273
1274
1275
1278
1279
1280
1282
1283
1285
1287
1289
1292
1296
1297
1388
1389
1391
1392
1394
1399
1401
1402
1404
1405
1409
1410
1412
1413
1415
1416
1417
1422
1423
1511
1515
1516
1517
1518
1519
1520
1522
1523
1525
1526
1527
1528
1532
1533
1538
1539
1540
1542
1546
1549
1635
1637
1638
1640
1642
1643
1645
1647
1648
1649
1650
1653
1655
1657
1663
1665
1666
1668
1674
1676
1677
1761
1762
1768
1770
1773
1776
1778
1779
1781
1782
1784
1785
1790
1795
1797
1798
1799
1886
1889
1891
1892
1893
1895
1897
1899
1903
1905
1908
1912
1916
1921
1923
1925
2014
2024
2029
2037
2039
2040
2043
2145
2146
2148
2149
2151
2161
2162
2165
2167
18652
18657
18662
18664
18768
18769
18775
18778
18780
18781
18783
18784
18788
18789
18790
18792
18795
18889
18900
18903
18905
18909
18912
18913
18919
18922
18923
19013
19016
19018
19021
19022
19024
19027
19028
19029
19032
19035
19036
19037
19038
19039
19041
19042
19043
19044
19046
19047
19048
19134
19142
19148
19149
19151
19152
19156
19158
19160
19161
19162
19163
19166
19167
19168
19169
19170
19171
19178
19261
19262
19266
19267
19270
19271
19272
19273
19275
19277
19279
19280
19281
19285
19287
19288
19289
19293
19294
19295
19300
19385
19386
19390
19393
19394
19395
19400
19401
19402
19403
19405
19406
19408
19412
19413
19419
19420
19422
19426
19427
19511
19512
19518
19520
19521
19522
19523
19524
19526
19527
19530
19531
19533
19534
19535
19537
19539
19542
19545
19548
19549
19550
19641
19642
19644
19646
19647
19652
19654
19656
19658
19659
19661
19665
19670
19773
19774
19778
19779
19780
19782
19788
