27
28
5023
5024
5025
5028
5029
5030
5031
5032
5034
5039
5042
5142
5144
5147
5160
5162
5166
5167
5169
5171
5264
5266
5268
5269
5271
5273
5277
5278
5279
5282
5283
5284
5286
5287
5288
5289
5291
5292
5296
5297
5298
5299
5301
5389
5391
5393
5395
5400
5402
5403
5404
5408
5409
5411
5419
5424
5425
5426
5511
5513
5517
5520
5521
5522
5526
5527
5529
5530
5533
5534
5539
5543
5544
5545
5548
5550
5552
5553
5637
5644
5649
5652
5653
5658
5665
5670
5671
5675
5760
5763
5765
5766
5767
5768
5769
5770
5771
5774
5777
5778
5779
5780
5782
5783
5786
5791
5794
5795
5798
5799
5800
5802
5887
5891
5892
5894
5895
5897
5900
5906
5910
5911
5913
5914
5916
5919
5920
5921
5922
5923
5925
6016
6019
6023
6024
6028
6031
6036
6038
6040
6042
6043
6044
6047
6147
6150
6152
6155
6161
17021
17023
17026
17028
17031
17033
17034
17041
17042
17043
17044
17045
17143
17146
17149
17151
17153
17154
17155
17157
17158
17162
17163
17165
17168
17170
17171
17172
17173
17267
17270
17274
17275
17278
17280
17282
17285
17287
17289
17291
17293
17294
17295
17297
17394
17397
17403
17410
17412
17415
17416
17521
17530
17532
17534
19023
19032
19034
19037
19038
19142
19143
19148
19149
19152
19159
19161
19162
19164
19165
19167
19168
19170
19271
19273
19274
19275
19279
19282
19283
19284
19286
19289
19291
19293
19294
19399
19403
19405
19411
19412
19414
