149
153
156
157
158
268
271
273
284
285
287
293
295
296
298
389
390
392
396
398
399
403
405
408
409
411
413
415
416
417
419
422
424
425
509
511
516
517
518
519
521
522
524
525
530
535
537
538
539
540
542
543
546
549
553
638
644
645
647
651
652
657
658
661
665
666
667
668
674
676
678
759
760
761
766
768
771
775
776
780
783
786
790
791
793
794
795
797
798
800
801
803
886
888
891
892
893
895
896
897
898
899
900
907
909
911
915
916
919
1017
1019
1020
1022
1027
1031
1032
1035
1038
1040
1043
1046
2653
2654
2655
2657
2770
2771
2773
2783
2785
2789
2791
2888
2890
2893
2894
2896
2898
2901
2903
2907
2910
2912
2914
2918
2922
2924
2925
2926
3010
3011
3012
3014
3016
3017
3019
3020
3023
3025
3026
3027
3028
3030
3033
3035
3036
3038
3039
3042
3043
3044
3045
3048
3050
3051
3052
3135
3137
3138
3140
3142
3143
3144
3145
3148
3151
3152
3160
3161
3162
3163
3167
3177
3264
3268
3269
3270
3275
3277
3278
3280
3284
3285
3288
3290
3291
3293
3294
3295
3299
3302
3386
3387
3390
3393
3396
3398
3401
3407
3409
3410
3411
3412
3413
3421
3424
3425
3515
3517
3524
3525
3528
3529
3531
3535
3536
3537
3539
3540
3541
3653
3656
3658
5522
5523
5527
5528
5531
5534
5537
5642
5648
5650
5652
5653
5655
5657
5658
5665
5670
5766
5767
5768
5775
5777
5779
5783
5789
5793
5796
5798
5889
5892
5896
5899
5901
5904
5905
5907
5908
5910
5911
5916
5919
6012
6019
6021
6023
6024
6025
6026
6028
6029
6033
6035
6036
6039
6041
6042
6044
6045
6047
6050
6137
6138
6139
6140
6142
6146
6147
6151
6153
6154
6156
6159
6165
6167
6169
6172
6173
6174
6175
6265
6266
6267
6270
6271
6274
6279
6281
6282
6283
6286
6287
6291
6292
6293
6294
6295
6298
6301
6302
6387
6389
6390
6393
6399
6401
6402
6406
6407
6409
6410
6412
6413
6414
6419
6420
6421
6511
6514
6516
6517
6518
6519
6522
6526
6527
6529
6531
6532
6534
6536
6539
6540
6542
6546
6551
6641
6643
6645
6646
6647
6649
6653
6654
6656
6659
6660
6661
6664
6666
6667
6668
6671
6673
6674
6765
6766
6768
6770
6772
6773
6782
6785
6789
6794
6795
6797
6798
6890
6893
6898
6899
6901
6903
6904
6907
6911
6915
6916
6920
6922
7020
7023
7024
7025
7026
7029
7033
7034
7038
7039
7042
7153
7154
7156
7158
7159
7160
13531
13535
13647
13649
13655
13659
13660
13661
13663
13664
13665
13667
13668
13671
13767
13768
13769
13770
13774
13777
13780
13781
13782
13784
13787
13788
13789
13790
13791
13792
13794
13889
13893
13894
13896
13897
13899
13901
13903
13905
13906
13907
13908
13909
13910
13916
13918
13920
13922
14013
14015
14016
14018
14019
14020
14022
14023
14024
14027
14029
14031
14032
14034
14038
14039
14042
14043
14044
14046
14048
14140
14142
14144
14145
14147
14150
14152
14154
14157
14159
14161
14165
14166
14167
14171
14172
14173
14175
14261
14262
14263
14266
14267
14269
14270
14272
14275
14277
14278
14281
14282
14283
14290
14292
14296
14298
14301
14302
14387
14391
14396
14397
14398
14400
14401
14402
14408
14409
14412
14421
14422
14423
14426
14511
14512
14513
14514
14520
14524
14525
14535
14537
14543
14639
14643
14644
14646
14647
14653
14654
14660
14662
14671
14672
14766
14767
14771
14773
14776
14777
14778
14780
14781
14782
14785
14788
14789
14792
14794
14795
14796
14896
14900
14901
14902
14908
14911
14912
14915
14917
17021
17024
17033
17039
17140
17141
17142
17143
17148
17149
17150
17153
17155
17157
17158
17163
17166
17170
17266
17267
17268
17273
17274
17276
17277
17280
17281
17283
17284
17287
17288
17389
17391
17400
17403
17404
17409
17411
17413
17417
17418
17419
17514
17516
17519
17524
17526
17527
17528
17532
17533
17534
17538
17539
17541
17545
17546
17547
17548
17643
17647
17653
17654
17656
17660
17663
17664
17665
17666
17669
19649
19657
19660
19662
19663
19667
19770
19774
19776
19778
19779
19784
19785
19786
19787
19794
19795
19796
19896
19897
19901
19902
19903
19907
19908
19909
19910
19914
19915
19919
19921
20024
20027
20028
20033
20036
20043
20045
20147
20148
20151
20153
20156
20157
20163
