3644
3648
3653
3656
3657
3659
3660
3765
3769
3771
3777
3782
3783
3784
3786
3787
3788
3890
3892
3893
3895
3897
3898
3900
3901
3902
3905
3906
3908
3909
3910
3912
3915
4014
4015
4017
4024
4027
4032
4033
4034
4035
4036
4038
4145
4146
4148
4156
4160
4268
4272
4273
4277
4278
4279
7396
7398
7401
7404
7406
7516
7518
7522
7525
7528
7529
7531
7532
7534
7536
7637
7639
7640
7641
7644
7652
7655
7656
7659
7662
7664
7763
7764
7765
7767
7768
7771
7772
7773
7775
7779
7780
7782
7783
7785
7786
7787
7789
7794
7884
7885
7886
7887
7888
7890
7894
7895
7901
7902
7903
7908
7910
7911
7912
8008
8009
8013
8016
8017
8019
8020
8021
8022
8027
8028
8030
8031
8033
8038
8043
8044
8045
8130
8131
8133
8135
8140
8142
8144
8148
8150
8152
8157
8160
8162
8166
8169
8170
8172
8258
8262
8263
8264
8265
8268
8270
8271
8273
8276
8280
8281
8284
8286
8288
8291
8294
8295
8296
8380
8387
8389
8392
8397
8399
8401
8402
8403
8404
8405
8406
8408
8409
8410
8412
8414
8416
8419
8421
8503
8504
8506
8511
8518
8519
8520
8521
8523
8524
8530
8531
8532
8535
8539
8540
8541
8547
8548
8628
8630
8633
8635
8636
8637
8638
8639
8640
8642
8644
8645
8647
8650
8651
8655
8656
8657
8658
8663
8664
8665
8666
8668
8670
8671
8675
8754
8755
8757
8758
8760
8761
8762
8763
8764
8767
8768
8769
8772
8775
8776
8784
8785
8788
8794
8798
8799
8800
8878
8884
8887
8892
8897
8902
8903
8904
8907
8908
8909
8910
8913
8914
8915
8917
8918
8922
8923
9006
9009
9013
9014
9017
9018
9020
9021
9023
9024
9025
9026
9028
9030
9035
9037
9038
9039
9040
9041
9042
9045
9047
9049
9051
9128
9134
9135
9137
9139
9142
9144
9146
9147
9148
9149
9151
9152
9154
9158
9159
9162
9164
9165
9166
9168
9169
9170
9171
9172
9174
9252
9253
9254
9258
9259
9266
9268
9269
9270
9271
9272
9279
9281
9282
9283
9284
9285
9286
9287
9290
9294
9295
9298
9301
9377
9379
9380
9383
9386
9387
9394
9395
9396
9397
9403
9407
9409
9411
9412
9413
9414
9416
9418
9426
9502
9504
9506
9509
9510
9511
9512
9513
9515
9517
9518
9519
9520
9522
9523
9526
9530
9532
9534
9536
9538
9539
9541
9551
9627
9629
9631
9633
9637
9638
9641
9643
9645
9646
9647
9648
9650
9651
9652
9654
9659
9662
9664
9666
9669
9671
9674
9757
9762
9764
9766
9767
9768
9771
9775
9777
9778
9779
9780
9788
9790
9796
9877
9891
9892
9894
9898
9900
9904
9905
9906
9913
9916
9917
9922
9925
10001
10002
10003
10004
10008
10011
10013
10015
10016
10018
10019
10020
10023
10025
10028
10031
10032
10033
10036
10041
10043
10126
10128
10132
10143
10144
10145
10148
10149
10150
10151
10152
10153
10154
10155
10158
10160
10161
10163
10171
10175
10176
10251
10252
10255
10256
10257
10259
10261
10262
10264
10265
10266
10272
10273
10277
10278
10279
10287
10288
10290
10291
10296
10297
10299
10300
10380
10383
10384
10385
10389
10394
10395
10398
10399
10400
10403
10409
10411
10412
10414
10415
10416
10417
10422
10423
10424
10425
10506
10507
10517
10518
10519
10520
10522
10525
10527
10528
10529
10530
10535
10537
10538
10540
10542
10545
10546
10547
10550
10551
10625
10628
10629
10633
10634
10640
10642
10643
10645
10647
10650
10651
10654
10658
10662
10664
10665
10667
10668
10670
10671
10675
10676
10677
10755
10758
10759
10761
10764
10766
10768
10769
10772
10774
10776
10777
10778
10782
10786
10789
10790
10791
10794
10801
10802
10877
10890
10892
10898
10900
10903
10904
10906
10907
10908
10910
10911
10912
10913
10915
10918
10920
10923
10926
10927
11008
11009
11011
11013
11016
11020
11023
11025
11026
11027
11030
11031
11040
11042
11045
11129
11134
11138
11143
11146
11148
11150
11152
11155
11159
11160
11162
11164
11167
11170
11172
11173
11255
11259
11260
11261
11262
11263
11264
11266
11272
11275
11278
11279
11282
11284
11285
11286
11287
11288
11289
11290
11291
11292
11294
11378
11384
11385
11386
11387
11392
11393
11394
11396
11400
11401
11406
11408
11410
11415
11417
11419
11423
11504
11505
11506
11507
11509
11514
11516
11518
11522
11524
11526
11531
11534
11536
11540
11543
11551
11628
11631
11632
11633
11635
11636
11638
11639
11641
11642
11643
11644
11645
11654
11656
11659
11665
11672
11675
11756
11757
11766
11768
11769
11770
11773
11779
11785
11786
11788
11789
11790
11792
11800
11878
11880
11889
11899
11902
11904
11906
11907
11908
11910
11911
11912
11913
11919
11920
11921
11922
11924
11925
11926
12003
12004
12011
12012
12013
12015
12016
12019
12021
12030
12033
12034
12037
12038
12039
12047
12048
12128
12129
12130
12133
12135
12139
12142
12143
12152
12156
12160
12161
12163
12165
12167
12172
12173
12261
12265
12266
12268
12271
12278
12279
12280
12281
12282
12283
12290
12291
12295
12298
12299
12378
12380
12382
12384
12387
12389
12390
12392
12393
12394
12398
12401
12402
12404
12405
12408
12410
12413
12417
12419
12420
12506
12509
12514
12516
12519
12520
12526
12527
12532
12535
12537
12539
12541
12545
12640
12642
12644
12648
12649
12652
12656
12657
12658
12659
12660
12661
12668
12669
12670
12671
12761
12762
12763
12765
12770
12775
12781
12783
12785
12792
12795
12881
12886
12889
12897
12906
12907
12909
12911
12912
12914
12915
13006
13010
13016
13017
13018
13025
13032
13033
13035
13038
13040
13041
13137
13141
13142
13143
13146
13150
13159
13278
13280
