636
638
645
646
649
650
652
655
657
659
663
665
666
760
766
769
771
774
775
777
778
781
782
783
787
788
789
790
796
887
888
891
892
893
897
902
903
905
913
914
915
916
917
918
1009
1015
1017
1018
1019
1023
1024
1027
1029
1033
1034
1036
1038
1040
1044
1045
1136
1138
1141
1151
1156
1158
1159
1160
2773
2775
2777
2778
2781
2895
2897
2899
2900
2903
2906
2907
2909
13020
13021
13022
13025
13027
13029
13032
13139
13143
13148
13150
13154
13155
13158
13160
13161
13263
13269
13271
13278
13282
13284
13286
13288
13290
13293
13294
13386
13387
13392
13393
13395
13397
13398
13402
13404
13405
13407
13409
13410
13413
13418
13422
13510
13512
13513
13514
13517
13522
13526
13527
13529
13530
13535
13536
13543
13544
13545
13631
13632
13634
13645
13646
13648
13649
13650
13651
13652
13658
13665
13668
13669
13670
13671
13673
13754
13759
13760
13762
13763
13764
13767
13771
13776
13777
13779
13780
13781
13784
13786
13787
13788
13795
13796
13880
13881
13882
13883
13884
13887
13890
13892
13893
13894
13895
13898
13902
13903
13904
13906
13912
13913
13915
13916
13918
13919
13924
14008
14009
14014
14015
14016
14018
14025
14028
14030
14031
14035
14036
14038
14039
14044
14045
14048
14130
14133
14134
14137
14140
14141
14144
14145
14147
14148
14150
14152
14153
14155
14156
14161
14257
14260
14265
14268
14269
14271
14272
14274
14280
14285
14286
14288
14292
14294
14385
14387
14389
14390
14391
14393
14402
14405
14406
14407
14409
14411
14414
14416
14520
14526
14528
14530
14535
14536
19908
19909
20011
20016
20021
20023
20024
20025
20027
20029
20031
20032
20034
20035
20036
20038
20041
20135
20147
20148
20150
20153
20154
20156
20160
20161
20163
20164
20165
20166
20169
20170
20259
20260
20264
20266
20273
20274
20277
20278
20280
20281
20287
20385
20386
20391
20393
20394
20398
20399
20401
20402
20404
20406
20411
20412
20413
20414
20522
20525
20528
20529
