2668
2669
2670
2671
2672
2674
2677
2687
2689
2690
2691
2693
2695
2788
2789
2791
2792
2793
2795
2803
2805
2809
2810
2811
2812
2813
2815
2816
2818
2822
2823
2911
2914
2916
2919
2921
2922
2923
2924
2926
2927
2928
2929
2932
2933
2934
2943
2944
2946
2948
2950
2952
3040
3041
3047
3049
3051
3055
3057
3059
3060
3061
3064
3066
3068
3071
3072
3073
3074
3166
3167
3168
3171
3172
3173
3174
3176
3177
3182
3186
3187
3188
3190
3191
3193
3195
4802
4805
4936
4937
4938
4939
16435
16438
16439
16440
16542
16543
16544
16547
16551
16555
16559
16562
16563
16566
16567
16568
16570
16571
16572
16661
16665
16669
16670
16671
16672
16674
16677
16680
16683
16685
16686
16687
16688
16689
16690
16691
16697
16699
16787
16788
16791
16792
16793
16794
16795
16796
16798
16802
16805
16806
16807
16809
16811
16818
16820
16822
16825
16827
16909
16911
16915
16920
16921
16923
16926
16927
16928
16929
16931
16933
16937
16938
16939
16948
16951
16952
17039
17040
17043
17044
17045
17048
17049
17051
17052
17054
17060
17065
17069
17072
17073
17172
17177
17181
17183
17188
17189
