6021
6026
6027
6028
6148
6151
6155
6157
6280
6281
6397
6399
6401
6403
16766
16767
16771
16773
16775
16779
16781
16786
16887
16889
16892
16893
16895
16898
16899
16900
16901
16903
16910
16911
16914
16915
17008
17009
17011
17016
17018
17019
17021
17022
17024
17025
17028
17032
17034
17035
17039
17134
17140
17142
17145
17152
17157
17158
17162
17166
17171
17256
17257
17258
17259
17261
17262
17263
17264
17265
17267
17271
17274
17275
17276
17277
17279
17284
17285
17286
17287
17288
17290
17293
17387
17388
17392
17393
17395
17396
17398
17399
17400
17401
17402
17407
17408
17409
17410
17411
17412
17415
17421
17508
17513
17516
17518
17519
17521
17522
17523
17527
17530
17531
17534
17536
17537
17543
17634
17636
17639
17641
17643
17646
17647
17648
17649
17650
17655
17660
17661
17767
17769
17775
17777
17778
17780
17782
17783
