1893
1896
1897
1901
1902
1904
1905
1910
1912
2013
2015
2018
2019
2022
2024
2026
2030
2031
2032
2037
2038
2134
2138
2144
2146
2147
2150
2160
2162
2165
2168
2268
2270
2271
2274
2275
2278
2281
2283
2394
2396
2397
2398
2400
2402
2403
2408
5900
5905
6016
6020
6024
6026
6030
6037
6038
6139
6147
6148
6150
6152
6153
6155
6158
6160
6162
6164
6165
6263
6264
6266
6273
6274
6277
6279
6280
6283
6287
6289
6395
6397
6398
6401
6402
6408
6409
6410
6413
6510
6519
6520
6527
6528
6531
6534
6538
6539
6540
6542
6543
6544
6636
6637
6640
6649
6652
6653
6659
6660
6663
6666
6762
6768
6769
6771
6772
6778
6779
6782
6785
6787
6789
6892
6901
6902
6904
6905
6910
7028
7034
18269
18274
18282
18283
18284
18384
18385
18386
18388
18391
18394
18396
18397
18400
18401
18402
18404
18410
18411
18413
18415
18416
18417
18419
18507
18509
18511
18512
18514
18516
18522
18526
18527
18534
18537
18541
18543
18545
18546
18548
18630
18632
18634
18635
18637
18638
18640
18641
18643
18644
18645
18646
18648
18649
18650
18653
18658
18659
18661
18663
18665
18667
18669
18674
18754
18758
18759
18760
18761
18766
18769
18770
18771
18772
18773
18776
18780
18781
18784
18785
18786
18787
18791
18793
18795
18798
18883
18885
18888
18889
18890
18891
18893
18895
18896
18897
18898
18899
18902
18904
18905
18906
18908
18910
18912
18914
18917
18921
19017
19018
19023
19026
19028
19029
19030
19033
19037
19039
