1636
1639
1643
1646
1649
1655
1656
1659
1662
1665
1666
1667
1758
1759
1762
1763
1764
1765
1766
1767
1769
1771
1772
1773
1775
1776
1777
1779
1781
1784
1785
1787
1790
1791
1794
1796
1885
1886
1889
1890
1892
1896
1897
1899
1902
1903
1906
1907
1908
1909
1910
1919
1921
1922
2004
2005
2006
2011
2012
2019
2020
2022
2023
2024
2027
2028
2029
2030
2032
2037
2038
2043
2045
2132
2134
2137
2138
2140
2143
2144
2146
2153
2157
2159
2161
2162
2164
2166
2267
2268
2269
2270
2275
2276
2278
2280
2281
2282
2284
2285
2286
8264
8269
8270
8272
8273
8274
8276
8277
8278
8279
8280
8281
8282
8285
8391
8396
8398
8400
8403
8404
8405
8409
8410
8411
8412
8413
8417
8511
8512
8513
8514
8515
8518
8524
8531
8532
8535
8536
8538
8540
8542
8543
8633
8635
8636
8639
8644
8645
8647
8649
8650
8651
8652
8653
8657
8660
8661
8662
8664
8668
8669
8758
8762
8766
8767
8768
8770
8774
8775
8777
8780
8781
8782
8784
8785
8787
8795
8882
8885
8887
8888
8891
8892
8893
8895
8896
8897
8898
8899
8900
8902
8906
8907
8908
8912
8918
8919
9007
9009
9012
9013
9022
9023
9024
9027
9030
9032
9035
9036
9038
9040
9042
9132
9134
9135
9139
9143
9144
9146
9150
9155
9156
9157
9158
9160
9161
9164
9167
9170
9171
9172
9256
9261
9263
9265
9266
9269
9271
9272
9273
9275
9277
9278
9283
9284
9286
9287
9289
9290
9291
9293
9296
9380
9381
9382
9387
9390
9391
9399
9402
9405
9409
9410
9411
9413
9415
9509
9511
9515
9516
9522
9523
9524
9525
9526
9527
9528
9529
9535
9538
9539
9547
9629
9630
9633
9638
9639
9645
9646
9649
9652
9653
9660
9665
9670
9671
9672
9755
9758
9760
9761
9763
9766
9767
9771
9775
9780
9781
9784
9786
9787
9790
9795
9880
9881
9883
9886
9887
9888
9889
9890
9891
9893
9896
9897
9898
9901
9903
9904
9906
9907
9909
9912
9915
9917
9919
9920
10010
10012
10015
10017
10018
10019
10020
10022
10025
10029
10031
10033
10034
10036
10037
10041
10044
10046
10047
10134
10135
10136
10137
10138
10141
10143
10147
10149
10152
10153
10158
10159
10161
10165
10172
10258
10262
10268
10269
10270
10271
10274
10284
10285
10289
10292
10293
10296
10297
10298
10378
10384
10385
10386
10388
10391
10392
10394
10399
10400
10401
10402
10404
10405
10406
10409
10411
10419
10424
10504
10508
10509
10511
10520
10524
10525
10527
10528
10534
10535
10536
10537
10540
10543
10546
10549
10633
10637
10639
10645
10648
10651
10654
10656
10658
10660
10661
10663
10664
10667
10669
10671
10754
10755
10759
10761
10765
10766
10768
10769
10771
10772
10773
10774
10775
10776
10781
10783
10785
10788
10790
10791
10792
10793
10799
10881
10883
10884
10885
10887
10888
10890
10891
10892
10893
10895
10900
10906
10907
10910
10923
11004
11005
11007
11011
11018
11019
11020
11022
11023
11024
11029
11031
11032
11034
11036
11046
11048
11130
11132
11134
11138
11141
11142
11144
11148
11151
11157
11159
11162
11168
11255
11267
11273
11275
11276
11278
11282
11284
11286
11288
11289
11291
11294
11297
11298
11381
11382
11388
11389
11395
11401
11402
11403
11406
11411
11412
11414
11418
11420
11509
11513
11520
11521
11522
11528
11530
11535
11536
11636
11640
11641
11645
11648
11653
11654
11655
11656
11660
11667
11669
11769
11770
11771
11773
11775
11777
11778
11780
11784
11790
11886
11888
11889
11891
11893
11894
11895
11899
11902
11908
11909
11910
11914
11915
11917
12009
12018
12019
12020
12032
12034
12141
12142
12144
12145
12146
12155
12157
12160
12162
12164
12264
12269
12272
12274
12279
12280
12284
12289
12290
12390
12396
12399
12400
12403
12407
12408
12415
15395
15396
15399
15407
15514
15516
15519
15521
15525
15527
15537
15538
15637
15642
15643
15644
15645
15652
15653
15654
15655
15656
15657
15658
15663
15767
15769
15770
15772
15776
15777
15779
15780
15782
15784
15788
15789
15891
15892
15895
15896
15897
15900
15901
15904
16024
16025
16029
20890
20895
20897
20898
20899
20905
20907
20908
20912
20914
20915
20916
21007
21008
21009
21012
21014
21015
21016
21017
21018
21019
21020
21022
21023
21027
21028
21029
21030
21034
21036
21037
21043
21045
21047
