2548
2551
2555
2556
2561
2563
2568
2571
2572
2662
2669
2672
2675
2677
2678
2680
2683
2684
2686
2688
2689
2690
2692
2693
2695
2697
2698
2789
2792
2793
2795
2796
2797
2799
2800
2802
2805
2806
2807
2808
2810
2812
2813
2814
2816
2818
2819
2821
2823
2824
2826
2910
2913
2916
2917
2918
2919
2922
2923
2926
2930
2932
2934
2937
2938
2939
2942
2944
2946
2947
2953
3038
3043
3044
3046
3051
3053
3060
3062
3065
3067
3071
3072
3166
3169
3170
3172
3173
3174
3177
3178
3180
3182
3184
3185
3187
3189
3190
3192
3195
3196
13425
13426
13429
13431
13435
13436
13545
13548
13552
13554
13556
13557
13559
13560
13566
13567
13569
13667
13670
13671
13676
13678
13684
13688
13689
13694
13695
13696
13801
13807
13810
13818
13819
13820
13914
13917
13919
13920
13921
13925
13926
13927
13932
13933
13936
13941
13943
13947
13948
14038
14040
14041
14042
14043
14044
14046
14048
14051
14053
14061
14063
14064
14065
14070
14072
14074
14174
14175
14178
14179
14181
14185
14187
14193
14195
14197
14199
14290
14291
14300
14302
14303
14306
14307
14312
14315
14317
14418
14420
14427
14428
14429
14430
14431
14436
14437
14440
14441
14443
14552
14553
14555
14556
14558
14559
14561
16674
16677
16678
16679
16683
16684
16685
16688
16692
16693
16794
16795
16797
16806
16812
16813
16814
16815
16816
16820
16923
16926
16927
16930
16932
16933
16935
16937
16940
16941
17056
