518
520
521
525
527
529
533
534
535
536
638
640
642
647
649
651
652
653
654
657
658
660
661
662
663
765
767
769
772
773
777
778
782
783
787
888
889
891
892
896
897
899
900
901
902
903
904
905
907
914
1016
1023
1028
1029
1031
1033
1034
1036
1150
1151
3396
3397
3402
3404
3511
3512
3521
3522
3523
3527
3530
3532
3533
3534
3535
3539
3636
3639
3643
3650
3651
3656
3658
3660
3662
3663
3666
3667
3670
3756
3757
3760
3761
3762
3766
3770
3771
3774
3775
3778
3779
3782
3784
3785
3788
3790
3798
3879
3881
3883
3884
3887
3893
3894
3895
3896
3900
3903
3906
3910
3913
3916
3920
3922
4006
4007
4008
4016
4017
4021
4025
4029
4030
4031
4034
4035
4036
4037
4038
4039
4041
4043
4044
4047
4129
4132
4134
4138
4140
4142
4143
4144
4145
4147
4148
4149
4150
4151
4153
4156
4159
4160
4161
4162
4164
4165
4169
4171
4256
4257
4261
4265
4266
4269
4271
4273
4275
4276
4277
4283
4287
4290
4291
4292
4294
4295
4296
4297
4386
4388
4392
4393
4395
4396
4399
4402
4404
4406
4407
4408
4411
4413
4418
4512
4513
4514
4517
4523
4524
4525
4527
4528
4530
4531
4538
4540
4649
4652
4654
8647
8654
8655
8776
8779
8780
8898
8900
8901
9023
9028
9029
9031
9144
9147
9153
9155
9156
9157
9160
9268
9269
9270
9273
9274
9276
9281
9282
9284
9393
9395
9396
9398
9400
9401
9406
9408
9410
9521
9522
9525
9526
9528
9530
9533
9535
9537
9640
9641
9650
9655
9765
9766
9768
9769
9770
9772
9773
9775
9776
9777
9779
9780
9782
9784
9893
9894
9896
9897
9907
9908
10016
10017
10028
10030
10035
10036
10039
10138
10141
10143
10152
10157
10158
10160
10162
10264
10266
10267
10271
10274
10277
10278
10279
10280
10281
10282
10284
10287
10289
10388
10390
10391
10393
10398
10399
10405
10413
10515
10518
10519
10520
10524
10525
10526
10527
10529
10537
10637
10638
10640
10643
10645
10646
10648
10649
10650
10652
10654
10658
10659
10662
10665
10765
10766
10770
10771
10774
10775
10779
10789
10888
10891
10894
10906
10908
10909
10912
11013
11015
11016
11017
11020
11024
11025
11137
11138
11141
11143
11144
11147
11148
11149
11151
11153
11157
11160
11161
11162
11164
11165
11262
11263
11264
11266
11272
11276
11278
11280
11286
11288
11387
11388
11392
11396
11398
11399
11400
11404
11405
11518
11527
11529
11533
11534
11639
11643
11648
11649
11652
11659
11662
11764
11767
11768
11773
11777
11778
11784
11889
11892
11899
11900
11907
11908
11910
11913
12016
12017
12026
12029
12030
12150
12155
12156
12158
12160
12270
12271
12273
12276
12278
12282
12283
12394
12395
12396
12398
12399
12403
12404
12405
12406
12409
