635
636
639
640
642
644
653
661
662
664
665
666
667
668
756
757
758
759
763
764
765
769
770
774
780
783
785
786
788
791
792
794
795
796
879
885
887
893
895
896
899
900
903
905
906
907
910
912
913
914
915
917
920
1006
1008
1016
1017
1023
1024
1025
1027
1028
1029
1034
1035
1039
1041
1046
1047
1144
1146
1147
1149
1150
1151
1153
1154
1156
1161
1163
2388
2389
2392
2393
2399
2400
2403
2410
2412
2508
2513
2517
2518
2519
2521
2522
2523
2524
2527
2529
2530
2531
2532
2535
2537
2540
2541
2542
2545
2546
2631
2632
2633
2634
2635
2639
2640
2641
2646
2648
2650
2651
2652
2653
2654
2655
2658
2661
2662
2666
2671
2672
2758
2759
2760
2762
2764
2765
2766
2769
2772
2774
2775
2776
2777
2780
2781
2782
2783
2784
2785
2788
2790
2791
2891
2893
2896
2898
2901
2903
2906
2907
2910
2913
18891
18892
18897
18900
18904
18905
18911
18912
19010
19013
19015
19017
19021
19027
19031
19034
19038
19039
19040
19042
19043
19045
19133
19138
19143
19148
19149
19150
19151
19152
19156
19163
19165
19168
19171
19261
19262
19263
19268
19270
19273
19274
19282
19285
19286
19289
19389
19390
19391
19392
19393
19396
19400
19401
19404
19405
19409
19412
19413
20639
20641
20642
20643
20644
20655
20656
20657
20659
20660
20663
20665
20666
20755
20756
20759
20761
20762
20763
20765
20767
20768
20770
20772
20773
20774
20775
20776
20781
20785
20787
20794
20797
20881
20883
20887
20889
20891
20898
20900
20902
20903
20904
20905
20907
20908
20909
20910
20912
20914
20917
20918
20919
20920
20921
21005
21006
21007
21009
21010
21011
21013
21016
21017
21022
21023
21024
21026
21028
21029
21030
21031
21033
21034
21043
21044
