145
146
147
151
157
160
162
269
271
272
273
275
276
278
279
281
283
284
287
294
296
392
393
394
396
397
399
403
407
408
410
411
412
414
415
527
530
14158
14283
14285
14286
14288
14396
14398
14401
14404
14409
14411
14417
14418
14519
14520
14527
14528
14531
14533
14539
14540
14541
14644
14649
14650
14651
14654
14656
14659
14661
14663
14667
14773
14777
14779
14780
14781
14783
16513
16521
16523
16526
16533
16534
16535
16537
16538
16543
16544
16545
16645
16656
16658
16659
16660
16661
16662
16663
16664
16668
16671
16672
16676
16762
16767
16768
16769
16770
16771
16773
16775
16776
16779
16780
16781
16793
16794
16797
16798
16802
16803
16886
16887
16888
16889
16894
16896
16898
16899
16900
16901
16903
16904
16906
16907
16911
16912
16913
16914
16918
16919
16921
16925
17021
17025
17035
17036
17037
17038
17039
18267
18268
18270
18271
18279
18280
18284
18285
18288
18289
18291
18293
18294
18296
18388
18389
18390
18392
18397
18399
18401
18403
18404
18405
18406
18407
18408
18410
18411
18412
18413
18414
18416
18418
18420
18511
18517
18519
18522
18523
18524
18526
18530
18531
18532
18536
18542
18543
18545
18548
18550
18639
18640
18643
18645
18648
18650
18652
18655
18656
18661
18665
18666
18673
18675
18770
18772
18777
18779
18781
18783
18784
18786
18788
18791
