7781
7782
7783
7897
7900
7905
7909
7910
7912
7913
7914
8020
8022
8025
8028
8029
8033
8035
8038
8043
8044
8144
8145
8147
8148
8152
8154
8156
8157
8159
8162
8163
8165
8167
8269
8275
8278
8284
8288
8291
8292
8394
8395
8397
8402
8403
8405
8406
8407
8408
8411
8418
8517
8524
8527
8528
8529
8535
8536
8538
8543
8545
8547
8641
8645
8647
8649
8650
8654
8657
8662
8665
8666
8672
8767
8769
8771
8773
8778
8779
8781
8783
8787
8788
8793
8892
8894
8903
8904
8905
8909
8910
8911
8913
8920
8921
9016
9018
9020
9022
9024
9026
9037
9039
9040
9042
9043
9045
9139
9141
9143
9145
9147
9149
9151
9155
9156
9159
9162
9163
9165
9166
9167
9169
9170
9171
9173
9174
9266
9267
9272
9275
9277
9278
9280
9282
9286
9287
9292
9299
9390
9391
9393
9403
9404
9406
9407
9408
9411
9412
9419
9420
9421
9424
9511
9516
9521
9523
9526
9527
9531
9534
9535
9538
9539
9540
9542
9543
9544
9546
9550
9638
9642
9644
9645
9646
9649
9650
9652
9657
9660
9662
9663
9668
9672
9675
9766
9771
9776
9777
9778
9780
9783
9785
9793
9796
9799
9894
9898
9900
9902
9903
9906
9907
9909
9910
9913
9914
9915
9916
9923
10011
10012
10013
10015
10016
10017
10018
10020
10024
10027
10030
10035
10037
10042
10043
10044
10045
10047
10050
10135
10137
10139
10142
10144
10148
10149
10150
10151
10153
10156
10159
10163
10165
10170
10261
10265
10268
10269
10273
10274
10275
10277
10279
10282
10284
10293
10294
10299
10385
10388
10391
10392
10393
10394
10397
10401
10402
10403
10407
10408
10409
10414
10417
10419
10420
10421
10424
10426
10510
10513
10516
10519
10522
10525
10527
10528
10529
10533
10535
10536
10540
10542
10546
10549
10636
10638
10642
10644
10645
10651
10653
10656
10657
10658
10662
10664
10665
10667
10670
10673
10675
10676
10677
10759
10763
10768
10773
10776
10779
10783
10787
10795
10798
10799
10800
10802
10803
10886
10888
10890
10891
10895
10898
10899
10901
10904
10907
10913
10916
10919
10920
10922
10923
11011
11012
11014
11015
11018
11019
11021
11025
11031
11033
11035
11037
11039
11043
11048
11053
11138
11139
11140
11142
11143
11144
11148
11149
11150
11152
11153
11156
11161
11162
11163
11164
11166
11168
11169
11171
11173
11174
11260
11264
11266
11269
11270
11271
11277
11278
11280
11282
11283
11284
11286
11293
11295
11297
11299
11301
11386
11393
11396
11400
11401
11402
11403
11404
11408
11416
11418
11419
11420
11422
11423
11424
11512
11516
11519
11520
11525
11526
11531
11533
11537
11538
11541
11545
11550
11640
11641
11642
11646
11650
11652
11653
11655
11657
11658
11661
11662
11663
11664
11665
11666
11673
11674
11675
11676
11761
11764
11765
11769
11772
11779
11780
11782
11783
11788
11800
11802
11891
11893
11897
11898
11899
11903
11905
11906
11911
11912
11914
11915
11918
11921
11922
12015
12016
12021
12023
12028
12029
12031
12033
12034
12041
12042
12047
12139
12141
12146
12149
12152
12155
12171
12263
12265
12267
12271
12272
12273
12275
12276
12278
12280
12286
12288
12290
12296
12297
12388
12390
12392
12395
12396
12398
12399
12402
12403
12409
12412
12418
12422
12425
12516
12517
12521
12522
12524
12525
12526
12531
12534
12536
12537
12647
12652
12654
12657
12658
12659
12660
12664
16154
16155
16157
16161
16162
16163
16168
16266
16267
16269
16270
16275
16279
16280
16282
16283
16286
16287
16294
16295
16296
16298
16389
16391
16392
16393
16394
16396
16402
16403
16404
16407
16408
16411
16416
16420
16423
16513
16516
16524
16525
16526
16529
16530
16533
16534
16542
16544
16548
16552
16635
16638
16642
16646
16647
16648
16651
16654
16655
16657
16658
16659
16661
16664
16665
16666
16667
16668
16669
16674
16675
16676
16760
16763
16764
16765
16768
16771
16773
16774
16775
16777
16778
16780
16783
16787
16788
16789
16791
16792
16793
16796
16804
16884
16885
16886
16887
16888
16889
16895
16900
16901
16903
16904
16906
16911
16912
16913
16918
16919
16921
16922
16927
17011
17013
17016
17018
17022
17026
17029
17030
17032
17033
17035
17038
17039
17041
17046
17143
17147
17148
17149
17151
17152
17153
17155
17157
17163
17168
17169
17172
17269
17271
17273
17277
17278
17279
17280
17281
17282
17293
17401
17402
17403
17405
17409
