4262
4265
4266
4267
4271
4272
4273
4275
4277
4278
4279
4281
4283
4289
4384
4386
4387
4388
4392
4395
4396
4398
4403
4405
4406
4410
4412
4413
4414
4417
4421
4519
4521
4524
4526
4529
4530
4533
4534
4537
4539
4541
4543
4547
4636
4638
4640
4642
4645
4647
4648
4650
4651
4653
4654
4658
4659
4660
4661
4662
4663
4665
4669
4670
4672
4755
4757
4760
4762
4766
4767
4768
4769
4770
4771
4772
4774
4781
4783
4786
4787
4788
4790
4791
4792
4880
4881
4882
4884
4885
4886
4887
4892
4895
4896
4902
4903
4906
4907
4910
4911
4913
4915
4918
4920
4921
5008
5009
5015
5016
5017
5020
5021
5024
5029
5033
5034
5035
5036
5041
5042
5143
5144
5145
5146
5147
5148
5151
5153
5155
5158
5159
5161
5162
5163
5164
5165
5166
9151
9153
9155
9264
9266
9267
9269
9276
9278
9279
9282
9284
9287
9289
9390
9391
9392
9395
9397
9399
9406
9413
9414
9510
9514
9515
9519
9520
9521
9522
9523
9526
9530
9532
9533
9534
9537
9540
9541
9636
9640
9641
9645
9647
9650
9651
9653
9654
9655
9656
9657
9658
9659
9660
9661
9662
9666
9767
9768
9769
9771
9773
9782
9784
9785
