4795
4796
4799
4802
4803
4806
4809
4811
4812
4819
4916
4920
4926
4928
4929
4930
4931
4937
4938
4940
4941
4944
4945
4946
4947
5036
5038
5039
5043
5044
5046
5050
5053
5054
5055
5056
5057
5059
5062
5063
5064
5065
5066
5067
5068
5069
5170
5171
5175
5176
5178
5179
5180
5181
5182
5183
5184
5188
5189
5190
5193
5284
5290
5291
5292
5293
5294
5295
5298
5299
5301
5304
5305
5310
5311
5312
5313
5314
5318
5320
5326
5328
5412
5415
5421
5422
5423
5429
5430
5433
5434
5435
5437
5439
5441
5442
5443
5445
5448
5449
5538
5540
5541
5543
5544
5545
5548
5550
5551
5552
5560
5562
5563
5564
5565
5568
5570
5571
5574
5575
5666
5670
5672
5674
5676
5677
5678
5681
5682
5683
5684
5686
5690
5691
5696
5697
5793
5798
5799
5803
5804
5805
5807
5810
5811
5813
5815
5816
5817
8180
8302
8304
8308
