5171
5176
5181
5182
5183
5184
5188
5189
5288
5289
5292
5295
5297
5298
5299
5301
5303
5304
5306
5307
5308
5310
5311
5315
5318
5319
5324
5413
5414
5415
5418
5419
5423
5424
5425
5426
5428
5431
5432
5433
5434
5435
5437
5438
5440
5442
5443
5444
5446
5449
5450
5451
5535
5539
5540
5541
5543
5544
5546
5547
5548
5549
5550
5551
5553
5554
5558
5559
5560
5562
5565
5567
5568
5570
5572
5574
5575
5577
5578
5579
5659
5664
5666
5667
5668
5669
5671
5672
5673
5675
5678
5679
5682
5684
5685
5691
5694
5695
5700
5701
5702
5785
5786
5790
5796
5797
5798
5799
5801
5802
5806
5809
5810
5812
5816
5817
5819
5820
5828
5912
5915
5919
5921
5922
5924
5927
5928
5929
5932
5933
5936
5939
5940
5941
5942
5943
6042
6043
6044
6046
6048
6050
6051
6054
6056
6057
6059
6060
6061
6063
6067
6068
6069
6071
6072
6170
6171
6176
6179
6180
6184
6187
8553
8554
8555
8557
8685
