926
927
931
934
936
1050
1051
1054
1056
1059
1061
6046
6049
6050
6053
6057
6058
6059
6061
6062
6066
6067
6165
6166
6167
6168
6169
6171
6172
6176
6178
6180
6181
6183
6187
6197
6199
6200
6201
6285
6289
6291
6293
6294
6296
6297
6300
6301
6302
6304
6309
6310
6314
6316
6322
6324
6410
6412
6413
6414
6415
6417
6418
6419
6420
6422
6424
6428
6429
6431
6432
6434
6435
6436
6437
6441
6444
6445
6446
6447
6448
6449
6450
6537
6538
6540
6543
6544
6546
6549
6551
6553
6555
6556
6557
6559
6564
6567
6573
6574
6671
6672
6679
6680
6685
6688
6689
6690
6692
11422
11424
11430
11431
11433
11434
11439
11442
11443
11543
11546
11549
11550
11552
11554
11555
11556
11558
11560
11561
11563
11564
11565
11567
11571
11663
11665
11666
11668
11674
11675
11680
11683
11684
11685
11687
11690
11697
11698
11699
11791
11792
11795
11796
11797
11799
11802
11805
11806
11810
11812
11813
11817
11818
11819
11822
11919
11920
11921
11923
11926
11927
11928
11929
11930
11939
11940
11941
13422
13423
13426
13427
13428
13435
13441
13547
13548
13550
13552
13553
13559
13560
13561
13564
13567
13568
13570
13669
13672
13674
13680
13681
13682
13683
13684
13685
13686
13691
13692
13694
13798
13799
13801
13802
13803
13806
13807
13809
13811
13812
13814
13816
