511
516
517
521
525
531
535
536
537
640
642
648
649
651
654
657
658
659
660
661
664
770
773
774
775
6019
6027
6032
6033
6034
6139
6140
6141
6146
6148
6150
6151
6153
6163
6164
6257
6258
6265
6268
6269
6270
6271
6276
6277
6278
6279
6280
6282
6284
6285
6286
6287
6288
6290
6291
6293
6294
6296
6380
6382
6383
6386
6389
6391
6393
6397
6398
6400
6402
6404
6408
6410
6411
6412
6413
6417
6419
6420
6421
6423
6509
6512
6514
6516
6520
6521
6525
6527
6528
6529
6530
6533
6538
6539
6540
6542
6546
6631
6633
6635
6637
6638
6640
6642
6645
6649
6656
6658
6660
6663
6664
6668
6671
6761
6765
6767
6772
6774
6776
6780
6781
6787
6790
6895
6897
6899
6907
12136
12139
12140
12151
12152
12153
12154
12155
12157
12158
12162
12163
12259
12260
12261
12265
12269
12270
12274
12276
12278
12282
12283
12284
12288
12380
12381
12383
12384
12385
12386
12387
12391
12394
12399
12400
12402
12407
12408
12409
12411
12413
12414
12415
12417
12418
12505
12514
12515
12516
12517
12520
12521
12522
12526
12527
12528
12531
12532
12533
12535
12538
12539
12541
12543
12544
12632
12633
12634
12637
12639
12640
12643
12644
12645
12650
12653
12654
12655
12657
12658
12660
12661
12662
12663
12664
12668
12669
12763
12764
12766
12771
12772
12774
12778
12779
12780
12781
12786
12787
12790
