1432
1552
1553
1554
1555
1557
1560
1562
1677
5918
5927
5928
5930
5938
5941
5943
5945
6039
6043
6047
6050
6056
6057
6058
6060
6062
6066
6073
6074
6160
6162
6166
6167
6168
6170
6172
6173
6174
6175
6176
6177
6179
6180
6186
6189
6191
6194
6196
6197
6200
6201
6202
6285
6288
6289
6290
6292
6293
6296
6297
6300
6304
6305
6309
6310
6312
6313
6315
6319
6321
6322
6323
6324
6325
6328
6410
6415
6418
6423
6425
6426
6428
6430
6431
6433
6437
6438
6441
6443
6444
6449
6450
6535
6536
6538
6539
6547
6548
6553
6557
6559
6560
6561
6566
6571
6572
6576
6577
6662
6666
6668
6669
6670
6677
6678
6680
6681
6682
6684
6687
6689
6692
6693
6697
6794
6796
6801
6804
6808
6809
6813
6815
6816
10803
10804
10807
10811
10812
10813
10921
10922
10924
10925
10926
10928
10935
10936
10941
10942
10943
10944
10945
11041
11043
11044
11045
11046
11047
11048
11049
11050
11053
11054
11055
11056
11057
11063
11064
11067
11069
11072
11167
11168
11172
11176
11178
11179
11184
11187
11188
11194
11197
11292
11294
11298
11299
11306
11313
11319
11321
11422
11423
11424
11425
11427
11429
11430
11437
11439
11440
11442
