421
422
423
425
427
428
433
540
541
543
546
549
553
555
556
558
560
562
566
570
571
572
667
668
669
670
675
676
681
685
688
693
696
699
793
797
801
803
805
806
809
810
815
819
820
821
822
823
919
921
922
924
925
929
931
932
934
937
942
6300
6301
6302
6305
6306
6309
6310
6415
6417
6420
6422
6423
6424
6425
6429
6430
6432
6433
6435
6436
6438
6441
6444
6445
6446
6448
6536
6541
6544
6545
6546
6549
6551
6555
6557
6558
6562
6576
6577
6578
6663
6665
6666
6675
6676
6677
6678
6680
6681
6682
6683
6685
6688
6689
6692
6693
6698
6700
6702
6703
6704
6786
6787
6789
6791
6792
6793
6795
6796
6797
6798
6799
6800
6805
6806
6807
6810
6812
6813
6814
6816
6817
6819
6821
6822
6823
6824
6825
6826
6827
6912
6913
6916
6919
6921
6924
6928
6929
6931
6932
6933
6939
6945
6948
6950
7049
7051
7057
7058
7059
7060
7063
7069
7070
12313
12314
12316
12416
12418
12420
12425
12428
12430
12431
12435
12436
12437
12443
12449
12539
12540
12541
12542
12543
12545
12547
12548
12550
12551
12552
12553
12554
12556
12557
12559
12562
12563
12564
12565
12568
12569
12574
12664
12666
12671
12672
12673
12676
12678
12682
12683
12684
12688
12691
12693
12695
12699
12702
12785
12786
12787
12790
12797
12798
12802
12805
12811
12812
12813
12814
12815
12816
12820
12914
12915
12919
12920
12922
12925
12926
12927
12928
12932
12934
12935
12938
12939
12940
12942
12944
12945
12946
12947
13046
13048
13050
13054
13055
13056
13059
13060
13061
13063
13064
13066
13068
