682
684
795
797
798
800
801
804
806
808
810
812
813
815
915
918
920
922
923
924
926
927
928
929
934
936
937
938
941
946
948
1046
1048
1049
1053
1054
1056
1058
1059
1064
1067
1072
1074
1165
1169
1170
1174
1175
1176
1177
1178
1179
1180
1182
1183
1185
1188
1190
1191
1192
1195
1297
1299
1300
1305
1306
1307
1310
1311
1314
6676
6678
6680
6681
6682
6683
6685
6688
6691
6692
6790
6799
6800
6803
6804
6810
6811
6813
6815
6819
6820
6821
6822
6824
6826
6910
6911
6912
6917
6919
6920
6922
6926
6930
6931
6933
6936
6940
6941
6945
6947
6948
6951
7037
7039
7040
7042
7044
7045
7047
7050
7051
7052
7053
7054
7055
7058
7059
7060
7063
7064
7065
7066
7072
7073
7074
7077
7079
7159
7161
7166
7169
7174
7175
7177
7178
7179
7180
7182
7184
7185
7186
7187
7191
7192
7193
7194
7196
7198
7201
7289
7292
7295
7297
7300
7304
7305
7306
7307
7310
7311
7312
7317
7318
7320
7324
7420
7431
7432
7435
7436
7437
7439
12672
12673
12680
12689
12691
12791
12793
12795
12796
12797
12804
12806
12810
12812
12817
12820
12821
12823
12914
12915
12917
12919
12924
12925
12929
12930
12931
12932
12933
12935
12936
12938
12940
12942
12944
12946
12949
12951
13041
13042
13046
13051
13054
13055
13059
13061
13064
13065
13071
13072
13073
13077
13162
13164
13168
13170
13171
13174
13175
13178
13180
13181
13182
13184
13189
13193
13194
13195
13201
13293
13294
13295
13297
13298
13301
13302
13304
13305
13308
13309
13313
13319
13320
13424
13427
13428
13429
13435
13436
13437
