413
417
418
421
424
425
437
440
441
442
447
545
547
549
550
551
556
557
562
566
567
679
680
2294
2295
2299
2300
2304
2305
2307
2310
2311
2312
2314
2318
2319
2320
2414
2416
2419
2425
2426
2429
2431
2432
2433
2435
2438
2440
2441
2442
2443
2444
2536
2539
2541
2542
2544
2545
2546
2551
2552
2554
2557
2558
2559
2561
2563
2564
2565
2567
2568
2569
2575
2576
2577
2664
2667
2669
2670
2673
2677
2678
2683
2686
2687
2688
2689
2692
2693
2694
2695
2701
2702
2784
2790
2791
2793
2794
2795
2796
2799
2800
2801
2802
2804
2805
2807
2808
2810
2811
2812
2814
2816
2818
2820
2822
2824
2826
2912
2914
2917
2922
2925
2926
2929
2933
2936
2937
2938
2939
2945
3042
3047
3049
3050
3051
3052
3056
3058
3060
3068
3178
3181
4799
4802
4807
4811
4813
4915
4916
4918
4924
4925
4927
4928
4935
4938
4940
4941
4944
4948
4950
5035
5036
5038
5048
5049
5050
5054
5057
5059
5061
5062
5064
5065
5066
5067
5068
5069
5070
5072
5076
5078
5159
5160
5161
5163
5166
5168
5170
5172
5173
5174
5179
5181
5182
5183
5184
5187
5189
5190
5194
5197
5198
5199
5202
5284
5294
5296
5299
5300
5301
5304
5306
5307
5309
5310
5311
5312
5313
5315
5318
5319
5322
5324
5328
5410
5413
5414
5415
5416
5417
5422
5428
5430
5432
5434
5437
5438
5442
5446
5449
5451
5540
5547
5556
5559
5560
5561
5562
5563
5569
5570
5572
5671
5675
5677
5679
5680
5682
5684
5685
5687
5688
5690
5691
5692
7299
7302
7306
7309
7310
7312
7315
7316
7418
7423
7424
7428
7431
7436
7437
7441
7442
7443
7447
7448
7537
7539
7542
7543
7546
7550
7551
7555
7556
7557
7558
7563
7564
7567
7568
7577
7578
7659
7660
7662
7665
7667
7668
7669
7670
7671
7672
7673
7674
7676
7678
7679
7680
7683
7689
7690
7691
7692
7693
7697
7700
7702
7785
7786
7792
7793
7797
7799
7800
7801
7802
7804
7805
7808
7809
7810
7813
7814
7816
7817
7818
7819
7820
7821
7823
7826
7828
7911
7913
7921
7923
7925
7926
7927
7933
7934
7935
7936
7937
7938
7939
7940
7941
7943
7944
7948
7950
7951
8039
8040
8042
8043
8046
8048
8049
8050
8054
8055
8056
8058
8059
8062
8063
8064
8065
8066
8067
8173
8176
8179
8180
8184
8186
8187
8188
8189
8190
8191
8192
9801
9803
9804
9808
9814
9921
9925
9926
9928
9932
9933
9935
9937
9939
9944
10041
10045
10046
10047
10052
10054
10055
10056
10059
10061
10063
10064
10065
10066
10068
10069
10070
10071
10073
10161
10165
10166
10167
10168
10170
10172
10173
10175
10178
10179
10182
10183
10184
10190
10194
10195
10196
10198
10201
10286
10294
10295
10298
10299
10300
10302
10308
10312
10320
10322
10323
10325
10326
10328
10410
10412
10413
10417
10420
10421
10422
10426
10428
10429
10430
10431
10432
10433
10434
10437
10438
10439
10441
10443
10445
10446
10447
10449
10450
10538
10540
10547
10548
10550
10555
10557
10558
10563
10564
10566
10567
10669
10672
10674
10675
10677
10679
10680
10686
10689
12422
12423
12428
12429
12430
12431
12432
12436
12540
12542
12544
12545
12547
12549
12552
12553
12555
12557
12559
12560
12561
12562
12565
12566
12571
12573
12574
12661
12666
12669
12674
12676
12678
12681
12682
12683
12684
12690
12692
12693
12695
12697
12698
12791
12793
12794
12799
12800
12801
12806
12807
12811
12814
12815
12819
12822
12823
12824
12826
12913
12916
12920
12921
12922
12923
12925
12931
12932
12933
12940
12943
12946
12947
12948
12950
13040
13041
13042
13044
13045
13046
13049
13052
13053
13054
13056
13060
13061
13062
13063
13064
13066
13068
13069
13170
13171
13172
13173
13178
13180
13182
13184
13192
