6771
6775
6776
6777
6778
6779
6781
6782
6896
6898
6899
6903
6906
7024
7026
7028
11151
11155
11157
11158
11159
11264
11265
11267
11268
11269
11272
11274
11276
11277
11284
11285
11288
11289
11292
11293
11382
11384
11385
11388
11389
11395
11397
11400
11401
11403
11404
11406
11413
11415
11418
11420
11505
11506
11508
11510
11516
11517
11520
11521
11523
11524
11525
11527
11529
11530
11532
11533
11534
11535
11537
11539
11542
11547
11548
11629
11636
11637
11644
11645
11646
11650
11653
11654
11655
11656
11664
11665
11666
11668
11669
11671
11672
11756
11760
11761
11762
11763
11765
11766
11767
11768
11769
11779
11782
11787
11788
11794
11798
11884
11888
11890
11894
11895
11897
11898
11899
11900
11901
11903
11905
11907
11908
11911
11913
11918
12010
12011
12012
12013
12017
12018
12020
12021
12023
12025
12027
12030
12031
12032
12033
12035
12037
12040
12144
12145
12146
12147
12152
12153
12154
12155
12157
12159
