413
415
421
425
426
428
430
432
433
434
436
439
440
441
443
447
448
449
452
453
541
544
546
550
551
552
554
557
563
565
566
567
569
570
571
572
672
675
676
681
1925
1927
1928
1929
1931
1932
1933
1938
1942
1943
1944
2041
2043
2044
2047
2050
2051
2052
2057
2060
2061
2062
2065
2066
2067
2068
2069
2071
2168
2172
2173
2174
2177
2178
2179
2180
2185
2187
2188
2190
2193
2194
2195
2196
2302
2305
2308
2309
2310
10047
10048
10049
10053
10059
10060
10168
10170
10171
10172
10174
10176
10178
10180
10181
10182
10184
10185
10186
10187
10188
10192
10194
10300
10304
10305
10306
10307
10308
10312
11668
11669
11673
11678
11679
11680
11681
11682
11683
11684
11685
11687
11688
11689
11690
11695
11698
11788
11790
11791
11793
11794
11799
11800
11803
11806
11807
11808
11809
11810
11811
11812
11813
11814
11815
11816
11819
11820
11828
11913
11915
11919
11920
11923
11924
11931
11932
11933
11935
11936
11937
11938
11939
11942
11945
11948
11949
11950
11953
12036
12038
12039
12040
12043
12045
12046
12053
12054
12055
12056
12059
12061
12062
12067
12068
12069
12070
12077
12164
12169
12174
12178
12180
12181
12189
13417
13418
13420
13423
13425
13426
13431
13432
13440
13443
13445
13541
13542
13544
13546
13549
13551
13553
13554
13556
13559
13560
13563
13565
13566
13567
13571
13661
13665
13666
13667
13672
13675
13676
13678
13682
13685
13686
13687
13690
13691
13692
13693
13700
13789
13791
13798
13800
13803
13808
13810
13812
13813
13816
13817
13820
13822
13823
13824
13920
13923
13925
13931
13932
13935
13937
13940
13941
13943
