806
917
918
921
922
925
927
931
933
936
937
938
941
942
944
946
1044
1046
1050
1051
1054
1057
1059
1060
1063
1064
1065
1066
1067
1070
1071
1161
1162
1163
1164
1168
1169
1174
1176
1178
1183
1185
1186
1187
1192
1195
1201
1285
1286
1291
1292
1293
1296
1302
1305
1306
1308
1315
1321
1324
1410
1414
1416
1418
1420
1421
1425
1427
1428
1430
1432
1433
1437
1440
1444
1449
1450
1452
1543
1544
1545
1547
1552
1554
1557
1559
1560
1564
1566
1567
1568
1569
1570
1575
1664
1665
1667
1668
1670
1675
1676
1679
1680
1681
1685
1687
1695
1696
1697
1800
1802
1803
1812
1814
1927
11685
11686
11687
11689
11793
11795
11799
11800
11806
11808
11817
11920
11922
11923
11927
11928
11930
11938
11941
12036
12039
12042
12046
12051
12053
12054
12056
12057
12058
12060
12067
12070
12073
12075
12076
12077
12161
12162
12165
12166
12168
12169
12170
12171
12172
12173
12175
12176
12180
12182
12183
12186
12187
12191
12197
12198
12200
12202
12287
12292
12295
12300
12305
12307
12314
12316
12317
12318
12320
12324
12325
12326
12329
12412
12414
12419
12420
12423
12425
12427
12428
12429
12432
12433
12437
12438
12439
12441
12443
12450
12538
12539
12546
12547
12549
12551
12553
12554
12555
12557
12559
12562
12563
12566
12567
12568
12569
12572
12574
12575
12665
12668
12669
12672
12673
12674
12677
12678
12681
12682
12687
12689
12691
12692
12694
12798
12801
12806
12809
12812
