5656
5659
5768
5771
5774
5776
5778
5780
5784
5791
5884
5885
5887
5892
5893
5895
5896
5901
5906
5908
5910
5913
6010
6013
6015
6016
6017
6018
6023
6025
6027
6029
6030
6031
6032
6035
6038
6040
6043
6131
6133
6134
6135
6136
6140
6142
6143
6145
6146
6148
6150
6151
6152
6154
6155
6156
6158
6163
6165
6167
6168
6170
6172
6256
6258
6259
6261
6262
6263
6264
6268
6273
6275
6277
6278
6280
6282
6283
6288
6291
6292
6296
6297
6387
6388
6391
6392
6393
6397
6401
6407
6409
6410
6412
6413
6416
6419
6511
6513
6516
6517
6520
6521
6522
6523
6524
6526
6527
6529
6530
6534
6536
6537
6538
6539
6541
6635
6644
6645
6646
6648
6649
6650
6652
6654
6656
6657
6658
6659
6660
6662
6665
6666
6763
6771
6775
6777
6779
6785
6786
6899
6900
6901
6902
6904
6905
11766
11771
11772
11777
11779
11780
11781
11782
11783
11786
11787
11790
11887
11888
11889
11890
11891
11892
11894
11896
11897
11899
11902
11906
11907
11908
11909
11910
11912
11915
11917
11918
12009
12010
12011
12012
12013
12014
12015
12017
12018
12019
12020
12024
12025
12026
12027
12029
12030
12032
12033
12034
12036
12040
12042
12043
12045
12131
12135
12139
12142
12143
12144
12146
12149
12151
12152
12153
12155
12157
12158
12159
12160
12166
12167
12169
12171
12254
12259
12260
12261
12262
12265
12267
12268
12271
12273
12277
12278
12279
12280
12282
12283
12288
12289
12294
12295
12379
12381
12386
12387
12388
12392
12393
12394
12397
12398
12400
12402
12406
12408
12409
12410
12413
12420
12421
12424
12505
12512
12515
12519
12520
12523
12524
12525
12526
12528
12531
12532
12533
12534
12537
12538
12539
12541
12544
12547
12633
12634
12637
12640
12641
12645
12646
12649
12650
12652
12655
12656
12657
12659
12661
12662
12664
12665
12668
12672
12759
12760
12761
12765
12768
12769
12772
12773
12774
12776
12777
12779
12781
12782
12783
12787
12789
12790
12792
12885
12888
12889
12891
12892
12894
12897
12898
12900
12903
12905
12906
12910
12913
13017
13018
13022
13025
13026
