926
932
933
935
937
941
1041
1045
1048
1055
1057
1058
1059
1060
1061
1062
1063
1064
1065
1066
1068
1069
1072
1073
1074
1165
1168
1171
1173
1176
1177
1178
1180
1181
1182
1184
1185
1188
1189
1191
1192
1193
1194
1196
1197
1202
1285
1290
1291
1292
1293
1294
1295
1301
1303
1307
1308
1309
1310
1313
1314
1315
1318
1324
1325
1327
1409
1414
1415
1416
1417
1420
1426
1429
1430
1432
1433
1434
1435
1437
1439
1445
1539
1540
1544
1545
1547
1548
1549
1550
1551
1554
1555
1557
1560
1561
1562
1564
1565
1567
1568
1569
1571
1574
1575
1579
1660
1661
1667
1670
1682
1687
1688
1691
1695
1696
1700
1787
1794
1799
1801
1802
1803
1807
1810
1811
1813
1815
1816
1818
1820
1821
1822
1915
1916
1921
1923
1926
1928
1929
1930
1934
1936
1937
1938
1939
1941
1945
2051
2052
2056
2058
2059
2061
2064
