2512
2514
2516
2517
2518
2519
2523
2525
2528
2530
2531
2532
2537
2538
2541
2637
2638
2639
2641
2643
2646
2647
2648
2652
2656
2661
2662
2665
2666
2668
2670
2671
2757
2758
2761
2766
2769
2772
2775
2776
2777
2778
2779
2780
2783
2784
2785
2787
2789
2792
2797
2798
2880
2884
2885
2886
2887
2888
2891
2892
2893
2895
2897
2898
2899
2902
2903
2904
2905
2907
2909
2910
2911
2913
2914
2916
2917
2918
2919
2922
3008
3013
3014
3015
3016
3017
3018
3021
3025
3026
3028
3034
3041
3043
3045
3046
3047
3048
3130
3131
3132
3138
3139
3145
3153
3154
3156
3158
3160
3161
3162
3163
3164
3165
3166
3169
3171
3172
3258
3259
3260
3264
3266
3267
3268
3269
3272
3273
3275
3276
3277
3279
3283
3284
3285
3288
3291
3292
3388
3389
3390
3391
3392
3402
3404
3407
3408
3409
3414
3415
3416
7394
7395
7401
7516
7517
7519
7524
7525
7532
7534
7537
7540
7637
7640
7641
7647
7648
7651
7656
7659
7660
7661
7664
7667
7761
7763
7766
7768
7774
7775
7777
7779
7781
7783
7784
7785
7786
7788
7789
7790
7791
7887
7891
7893
7894
7896
7902
7904
7905
7909
7910
7912
7914
7915
8014
8015
8018
8020
8022
8023
8026
8028
8031
8032
8035
8036
8145
8153
8155
