3174
3176
3183
3186
3187
3189
3191
3195
3291
3296
3298
3299
3300
3306
3309
3311
3314
3317
3318
3319
3322
3324
3325
3412
3417
3418
3419
3420
3422
3423
3424
3425
3426
3429
3431
3433
3436
3438
3439
3441
3444
3445
3448
3449
3453
3540
3541
3543
3544
3545
3546
3548
3549
3550
3552
3553
3555
3556
3558
3559
3563
3564
3565
3566
3567
3568
3569
3573
3575
3576
3579
3662
3664
3667
3668
3669
3671
3672
3675
3676
3678
3681
3683
3687
3688
3689
3693
3698
3790
3792
3793
3797
3799
3801
3802
3803
3805
3806
3807
3810
3813
3814
3819
3822
3917
3921
3922
3925
3926
3928
3929
3930
3931
3933
3934
3937
3943
3945
9176
9178
9185
9187
9188
9189
9190
9291
9294
9296
9297
9301
9302
9303
9305
9306
9310
9311
9315
9316
9318
9321
9322
9416
9418
9419
9421
9422
9423
9426
9427
9432
9433
9435
9438
9442
9445
9450
9535
9537
9538
9539
9540
9542
9544
9546
9551
9552
9556
9557
9558
9561
9562
9563
9564
9566
9567
9568
9570
9571
9572
9575
9576
9661
9666
9669
9671
9674
9675
9677
9682
9683
9690
9693
9697
9698
9701
9788
9789
9790
9794
9796
9800
9804
9806
9807
9808
9809
9810
9813
9816
9818
9821
9822
9918
9920
9921
9932
9934
9936
9937
9938
13429
13434
