3520
3521
3522
3525
3526
3527
3528
3532
3533
3635
3636
3638
3641
3645
3653
3655
3656
3658
3660
3668
3757
3759
3763
3766
3767
3768
3769
3770
3772
3775
3778
3783
3784
3786
3787
3788
3790
3794
3796
3881
3882
3883
3884
3885
3886
3887
3888
3892
3895
3898
3899
3900
3904
3907
3910
3912
3917
3921
4004
4008
4009
4011
4012
4013
4017
4018
4020
4028
4032
4033
4037
4038
4039
4041
4044
4045
4132
4138
4141
4147
4151
4152
4157
4158
4161
4169
4171
4173
4255
4263
4264
4267
4270
4272
4273
4274
4275
4276
4277
4278
4284
4285
4287
4290
4292
4294
4295
4386
4387
4392
4395
4397
4405
4406
4409
4410
4413
4517
4521
4525
4526
4528
4532
4533
4534
8517
8522
8527
8538
8638
8639
8641
8642
8645
8649
8650
8651
8653
8654
8655
8657
8658
8659
8660
8661
8663
8664
8760
8764
8765
8766
8767
8770
8772
8776
8781
8783
8784
8785
8787
8885
8891
8894
8895
8896
8897
8898
8899
8901
8906
8907
8908
8909
8914
8917
9019
9020
9033
9034
9040
9146
9148
9149
9154
9155
