3392
3395
3396
3397
3400
3401
3402
3403
3406
3407
3408
3409
3514
3516
3521
3522
3524
3526
3529
3530
3533
3534
3538
3539
3541
3542
3637
3643
3645
3647
3649
3651
3652
3657
3660
3661
3662
3663
3664
3665
3667
3669
3670
3756
3758
3759
3760
3761
3764
3766
3769
3771
3773
3775
3776
3779
3781
3783
3784
3786
3789
3790
3796
3797
3881
3884
3885
3886
3889
3890
3893
3896
3898
3899
3907
3910
3912
3914
3915
3917
3918
3921
3924
4005
4007
4011
4012
4016
4018
4019
4020
4021
4023
4024
4029
4030
4031
4033
4034
4037
4038
4039
4041
4044
4047
4049
4130
4133
4138
4141
4143
4145
4148
4151
4152
4154
4156
4157
4158
4159
4161
4167
4171
4172
4257
4258
4259
4261
4264
4265
4270
4271
4274
4279
4281
4284
4291
4292
4294
4295
4383
4389
4392
4393
4394
4398
4401
4402
4403
4404
4405
4406
4409
4411
4413
4414
4415
4416
4417
4515
4517
4519
4521
4524
4525
4528
4641
4646
4649
4651
4653
4658
4660
9645
9647
9648
9649
9651
9652
9656
9658
9660
9763
9770
9771
9774
9775
9778
9779
9780
9788
9791
9889
9890
9892
9896
9902
9904
9905
9906
9910
9912
9913
9914
9916
10009
10015
10020
10021
10024
10025
10028
10030
10032
10037
10042
10043
10044
10133
10135
10137
10149
10151
10154
10156
10157
10158
10159
10160
10167
10168
10260
10262
10265
10269
10270
10272
10273
10274
10278
10283
10285
10287
10290
10293
10385
10391
10392
10393
10398
10400
10401
10404
10407
10408
10410
10416
10514
10518
10519
10520
10521
10523
10524
10531
10533
10536
10538
10653
10654
10655
10657
10658
10659
