4018
4021
4022
4027
4033
4034
4132
4134
4137
4141
4143
4144
4146
4147
4151
4152
4159
4160
4162
4163
4164
4165
4166
4170
4257
4258
4260
4261
4263
4264
4266
4267
4268
4270
4272
4273
4275
4276
4279
4280
4282
4283
4286
4287
4288
4290
4295
4297
4380
4382
4383
4384
4387
4389
4391
4393
4394
4395
4396
4397
4398
4399
4400
4401
4404
4405
4408
4409
4411
4412
4415
4418
4421
4423
4508
4513
4516
4522
4523
4524
4526
4528
4530
4531
4532
4534
4535
4538
4539
4541
4542
4636
4639
4642
4644
4645
4646
4650
4652
4653
4656
4659
4661
4666
4667
9404
9407
9408
9513
9514
9515
9516
9517
9518
9520
9521
9523
9527
9529
9533
9534
9536
9537
9542
9543
9544
9637
9643
9646
9648
9649
9656
9657
9663
9664
9668
9669
9759
9762
9763
9765
9770
9772
9775
9776
9779
9785
9787
9792
9888
9889
9891
9893
9895
9898
9899
9902
9903
9910
9914
10021
10023
10024
10026
10029
10031
11515
11522
11524
11526
11530
11532
11637
11640
11642
11643
11648
11649
11650
11655
11656
11658
11659
11662
11763
11766
11767
11768
11771
11772
11773
11776
11779
11780
11786
11899
11900
