1300
1303
1304
1309
1313
1314
1316
1317
1415
1417
1419
1424
1425
1426
1430
1432
1441
1442
1443
1447
1450
1536
1537
1538
1540
1542
1543
1545
1552
1553
1556
1557
1558
1560
1562
1563
1565
1567
1571
1574
1665
1667
1669
1670
1671
1675
1676
1678
1680
1683
1684
1686
1687
1688
1692
1693
1694
1698
1700
1784
1785
1791
1797
1798
1802
1803
1804
1807
1810
1811
1812
1814
1817
1819
1823
1824
1825
1826
1911
1912
1917
1919
1923
1925
1926
1928
1929
1931
1935
1936
1937
1938
1943
1944
1945
1946
1951
2039
2040
2041
2044
2045
2048
2049
2051
2053
2058
2063
2064
2067
2068
2069
2170
2171
2172
2174
2180
2181
2186
2188
2190
3803
3804
3806
3809
3816
3817
3916
3921
3923
3924
3925
3928
3932
3933
3936
3937
3945
4037
4040
4047
4048
4054
4057
4058
4059
4060
4065
4066
4068
4070
4072
4073
4074
4075
4076
4077
4161
4164
4165
4166
4167
4171
4172
4173
4174
4175
4177
4178
4181
4182
4183
4185
4186
4189
4191
4192
4194
4195
4197
4202
4203
4284
4289
4291
4293
4295
4296
4298
4300
4307
4308
4311
4312
4313
4314
4316
4318
4321
4323
4325
4326
4327
4328
4416
4419
4420
4422
4423
4424
4427
4429
4430
4432
4438
4442
4443
4444
4452
4539
4540
4542
4546
4547
4548
4553
4554
4555
4556
4558
4559
4561
4562
4564
4568
4575
4669
4670
4676
4684
4687
4693
6419
6420
6423
6428
6432
6433
6435
6436
6439
6440
6442
6542
6543
6549
6551
6554
6555
6556
6557
6558
6559
6561
6563
6567
6571
6661
6663
6665
6669
6670
6671
6673
6675
6679
6681
6682
6686
6688
6689
6690
6696
6701
6702
6790
6794
6798
6799
6800
6802
6803
6805
6808
6810
6811
6813
6814
6815
6817
6818
6819
6826
6827
6828
6912
6917
6921
6926
6927
6928
6929
6931
6932
6933
6935
6936
6937
6939
6940
6944
6946
6947
6948
7038
7039
7041
7043
7046
7048
7049
7051
7053
7055
7061
7063
7066
7067
7068
7069
7070
7071
7072
7075
7175
7176
7177
7178
7180
7181
7182
7185
7187
7188
7192
7193
8925
8926
8927
8928
8929
8930
8932
8933
8934
8937
8938
8942
9041
9042
9043
9046
9048
9052
9053
9055
9058
9059
9061
9066
9069
9070
9073
9074
9162
9165
9166
9169
9171
9175
9179
9180
9183
9184
9187
9188
9190
9191
9193
9198
9199
9200
9201
9288
9292
9293
9294
9295
9297
9301
9302
9303
9304
9305
9307
9308
9311
9313
9314
9315
9317
9318
9320
9322
9325
9412
9414
9415
9417
9420
9423
9426
9427
9430
9431
9434
9435
9437
9438
9449
9540
9547
9549
9550
9552
9553
9554
9556
9558
9560
9561
9562
9563
9565
9567
9568
9569
9570
9574
9671
9672
9675
9676
9679
9680
9683
9685
9686
9688
11430
11431
11433
11546
11548
11552
11556
11558
11563
11565
11667
11670
11672
11674
11676
11681
11684
11686
11688
11692
11693
11694
11696
11697
11698
11699
11791
11795
11799
11800
11803
11806
11809
11811
11812
11813
11814
11815
11824
11915
11916
11919
11921
11923
11926
11931
11936
11939
11942
11945
11946
12041
12043
12046
12048
12049
12051
12052
12056
12058
12060
12062
12065
12067
12070
12169
12179
12183
12185
12186
12188
14049
14050
14055
14058
14060
14061
14064
14065
14169
14175
14178
14182
14183
14188
14189
14192
14292
14293
14295
14298
14302
14304
14307
14308
14311
14313
14314
14316
