648
650
653
655
657
660
662
766
768
769
772
773
774
778
779
781
787
791
793
794
795
796
798
799
887
889
891
893
901
902
906
909
910
915
916
917
918
919
920
927
928
1010
1011
1013
1014
1016
1017
1019
1020
1023
1024
1026
1027
1031
1034
1041
1044
1045
1048
1049
1050
1142
1144
1145
1146
1147
1149
1152
1153
1158
1159
1165
1166
1167
1168
1170
1175
1176
1268
1271
1273
1280
1281
1283
1285
1290
1291
1295
6907
6909
6910
6912
6914
6916
7017
7021
7024
7025
7028
7031
7033
7037
7039
7040
7042
7045
7139
7141
7146
7148
7149
7152
7153
7155
7157
7161
7166
7167
7170
7171
7174
7265
7269
7271
7274
7275
7276
7277
7279
7281
7282
7283
7284
7286
7287
7289
7290
7291
7294
7295
7296
7299
7387
7388
7389
7390
7393
7395
7397
7399
7400
7405
7406
7407
7408
7410
7412
7414
7415
7417
7418
7419
7420
7421
7423
7427
7511
7517
7518
7521
7523
7524
7527
7528
7529
7530
7531
7536
7538
7539
7540
7541
7544
7545
7546
7550
7551
7638
7642
7643
7644
7645
7647
7648
7652
7654
7657
7659
7660
7662
7663
7664
7665
7666
7671
7672
7674
7675
7763
7765
7766
7768
7769
7773
7777
7778
7780
7784
7785
7787
7789
7791
7792
7795
7798
7890
7892
7893
7895
7898
7900
7902
7903
7906
7907
7909
7913
7915
7917
7919
8015
8016
8019
8025
8028
8030
8031
8033
8034
8035
8037
8038
8041
8042
8148
8151
8152
8153
8155
8157
8161
8162
8163
8164
8166
8167
8168
8269
8271
8272
8274
8276
8277
8279
8281
8282
8292
8395
8400
8402
8413
8418
8519
8521
8530
8652
8656
8657
8658
8659
8660
8782
8784
8903
14276
14277
14279
14281
14283
14285
14287
14399
14400
14408
14409
14410
14412
14414
14530
14531
14535
14656
14660
19896
19899
19900
19904
19906
19907
19909
19910
19913
19917
20016
20017
20020
20021
20024
20031
20032
20033
20035
20037
20039
20040
20042
20048
20050
20139
20140
20141
20144
20145
20146
20147
20153
20154
20155
20156
20158
20159
20164
20165
20166
20169
20170
20171
20176
20177
20262
20263
20264
20265
20267
20268
20270
20273
20276
20277
20278
20281
20283
20284
20285
20289
20291
20292
20293
20294
20296
20297
20301
20302
20303
20384
20387
20388
20390
20391
20392
20400
20401
20402
20403
20407
20408
20409
20411
20412
20414
20415
20416
20417
20419
20423
20426
20512
20514
20515
20519
20520
20521
20522
20526
20527
20530
20534
20537
20541
20543
