3393
3402
3404
3409
3411
3416
3518
3523
3524
3525
3526
3527
3528
3529
3533
3534
3535
3538
3544
3545
3547
3548
3549
3638
3640
3642
3644
3646
3650
3651
3652
3653
3655
3656
3657
3659
3660
3662
3664
3669
3670
3671
3675
3677
3760
3762
3763
3765
3767
3774
3775
3778
3781
3782
3783
3785
3789
3792
3793
3794
3802
3889
3891
3893
3897
3905
3907
3911
3913
3914
3915
3916
3926
4010
4012
4017
4024
4026
4027
4030
4031
4032
4033
4034
4036
4038
4040
4043
4046
4143
4144
4146
4147
4148
4151
4155
4156
4157
4159
4160
4161
4164
4165
4166
4167
4171
4175
4263
4264
4275
4280
4282
4283
4286
4288
4294
4397
4399
4401
4402
4406
4409
4411
4412
4414
4416
8031
8035
8152
8156
8158
8160
8161
8278
8279
8283
8287
8524
8525
8526
8535
8540
8541
8646
8648
8653
8655
8656
8657
8661
8666
8773
8779
8781
8784
8787
8788
8791
8897
8898
8899
8902
8904
8905
8910
8912
8913
9020
9022
9024
9026
9027
9032
9033
9037
9143
9144
9145
9151
9161
9162
9165
9168
9271
9272
9275
9280
9281
9284
9286
9294
9397
9402
9403
9404
9407
9410
9411
9412
9416
9418
9419
9520
9521
9529
9530
9531
9532
9537
9541
9543
9544
9546
9547
9641
9642
9643
9646
9647
9650
9659
9660
9661
9664
9671
9672
9766
9767
9768
9778
9779
9782
9783
9787
9788
9790
9792
9795
9797
9895
9896
9898
9904
9914
9916
9917
9918
9922
10016
10020
10025
10030
10032
10038
10044
10045
10046
10047
10143
10144
10145
10148
10155
10162
10163
10164
10165
10267
10268
10277
10278
10281
10283
10287
10290
10292
10296
10297
10390
10392
10397
10399
10406
10407
10410
10413
10415
10416
10419
10423
10522
10523
10527
10530
10535
10536
10537
10538
10545
10546
10547
10639
10640
10643
10648
10652
10654
10655
10656
10659
10662
10664
10666
10669
10670
10764
10765
10770
10772
10773
10774
10777
10779
10783
10787
10788
10796
10890
10894
10901
10902
10905
10906
10907
10909
10912
10913
10914
10916
10921
10922
11018
11019
11022
11024
11030
11032
11034
11035
11040
11042
11043
11144
11145
11146
11150
11151
11153
11160
11163
11165
11166
11169
11170
11267
11273
11281
11286
11288
11393
11400
11402
11407
11412
11413
11415
11420
11421
11422
11521
11522
11524
11526
11529
11537
11538
11540
11541
11543
11644
11645
11651
11652
11653
11659
11661
11662
11663
11667
11668
11768
11776
11777
11779
11780
11781
11782
11783
11784
11790
11795
11894
11898
11900
11901
11902
11904
11906
11911
11913
11914
12025
12026
12027
12038
12152
12156
12158
12163
12283
12284
12288
12398
12404
12414
