1025
1026
1027
1028
1031
1034
1035
1038
1039
1040
1041
1042
1141
1142
1143
1144
1146
1148
1157
1158
1162
1168
1172
1264
1268
1272
1274
1275
1276
1282
1283
1286
1287
1288
1292
1391
1393
1398
1399
1402
1404
1405
1407
1408
1411
1416
1420
1519
1522
1527
1528
1531
1532
1534
1535
1538
4902
4903
4906
4908
4910
5020
5026
5030
5032
5035
5038
5039
5040
5041
5045
5144
5145
5146
5149
5151
5153
5154
5155
5156
5158
5163
5166
5167
5170
5171
5173
5269
5270
5272
5275
5276
5277
5278
5279
5281
5284
5285
5286
5290
5292
5389
5391
5393
5395
5397
5399
5401
5403
5404
5407
5409
5410
5411
5415
5417
5420
5422
5515
5516
5517
5521
5523
5525
5526
5530
5533
5535
5537
5538
5539
5541
5543
5544
5546
5547
5641
5642
5643
5645
5646
5647
5648
5650
5651
5652
5655
5661
5662
5666
5668
5769
5779
5780
5783
5785
5787
5790
5792
5899
5904
5905
5910
5911
17400
17401
17406
17408
17411
17416
17417
17419
17515
17516
17520
17524
17526
17527
17528
17532
17533
17535
17536
17538
17539
17543
17638
17644
17645
17648
17649
17650
17651
17654
17655
17657
17660
17661
17662
17663
17670
17672
17673
17674
17675
17676
17760
17763
17766
17769
17771
17772
17773
17775
17777
17778
17779
17781
17783
17787
17791
17793
17795
17802
17803
17884
17886
17889
17890
17895
17896
17898
17899
17901
17906
17907
17908
17909
17912
17913
17915
17918
17919
17922
17925
17926
18014
18018
18019
18021
18022
18023
18024
18025
18028
18032
18036
18037
18039
18041
18042
18045
18047
18048
18143
18145
18147
18149
18151
18153
18155
18157
18159
18161
18165
18167
18169
18170
