7904
7905
7906
7907
7908
8035
8036
8151
8152
8153
8159
8277
8278
8282
8401
8402
8403
8404
8407
8408
8409
8411
8526
8527
8652
8660
8661
8662
8779
8780
8783
8785
8901
8903
8905
8907
8908
9025
9029
9030
9031
9032
9151
9159
9160
9277
9280
9283
9285
9403
9409
9411
17767
17769
17770
17775
17777
17778
17780
17782
17783
17792
17793
17894
17901
17906
17908
17911
17912
17913
17914
17915
17916
17919
17921
17923
17924
17926
18010
18011
18013
18014
18017
18018
18022
18024
18028
18030
18032
18034
18036
18037
18038
18039
18041
18042
18043
18044
18050
18051
18135
18137
18138
18141
18146
18147
18149
18150
18151
18152
18153
18154
18155
18157
18158
18159
18160
18162
18164
18165
18166
18167
18169
18170
18171
18175
18176
18177
18178
18270
18271
18273
18275
18277
18278
18282
18283
18285
18287
18288
18291
18293
18295
18297
18298
18301
18302
18303
18388
18391
18392
18393
18395
18399
18400
18409
18411
18415
18417
18418
18421
18422
18424
18426
18515
18516
18517
18521
18522
18525
18526
18527
18528
18531
18532
18534
18540
18541
18542
18544
18547
18647
18649
18653
18656
18658
18663
