1401
1403
1405
1407
1409
1525
1527
1528
1535
1653
1656
5772
5775
5781
5782
5784
5785
5791
5891
5892
5894
5895
5897
5900
5907
5915
5917
5918
5920
5922
6013
6014
6020
6023
6024
6026
6028
6029
6030
6034
6039
6041
6042
6043
6045
6046
6047
6048
6052
6135
6138
6139
6141
6143
6144
6145
6151
6152
6153
6154
6156
6160
6162
6165
6166
6170
6175
6259
6265
6268
6269
6272
6277
6278
6279
6281
6282
6288
6290
6291
6292
6293
6295
6299
6303
6387
6388
6391
6393
6394
6395
6396
6397
6398
6403
6404
6406
6407
6408
6409
6410
6413
6414
6416
6417
6418
6419
6422
6426
6514
6516
6519
6520
6522
6526
6529
6530
6531
6532
6534
6537
6538
6540
6541
6542
6551
6640
6641
6644
6645
6650
6651
6652
6656
6659
6662
6663
6666
6668
6771
6775
6781
6782
6783
6784
6786
6787
6790
10769
10774
10776
10779
10789
10895
10896
10898
10899
10900
10901
10903
10906
10910
10915
10918
10919
11018
11022
11023
11029
11030
11031
11032
11033
11036
11037
11038
11045
11046
11140
11144
11146
11150
11151
11152
11153
11154
11157
11160
11161
11166
11167
11172
11272
11273
11277
11283
11290
11293
11406
11408
11410
11411
