12
17
18
19
21
22
23
25
30
32
33
34
40
43
44
45
48
50
51
52
53
134
138
139
141
142
144
145
146
150
152
158
159
160
169
171
173
177
267
268
272
273
275
280
282
284
286
287
288
289
291
292
293
294
297
400
401
402
405
409
411
5270
5271
5272
5275
5276
5277
5279
5282
5283
5285
5290
5291
5391
5393
5394
5395
5396
5397
5398
5399
5400
5401
5405
5406
5410
5413
5414
5416
5417
5419
5420
5421
5516
5517
5518
5522
5523
5524
5526
5527
5530
5534
5536
5537
5539
5542
5639
5642
5645
5649
5650
5652
5654
5657
5658
5659
5660
5662
5665
5666
5667
5668
5669
5674
5675
5764
5770
5771
5773
5776
5778
5780
5786
5787
5789
5791
5792
5793
5794
5796
5797
5798
5891
5895
5896
5899
5900
5905
5906
5908
5912
5913
5914
5916
5923
6021
6023
6024
6025
6026
6030
6031
6033
6034
6036
6042
6046
6143
6147
6149
6152
6157
6159
6160
6161
6162
6165
6167
6168
6169
6276
6284
18898
18899
18900
18903
18907
18909
18910
18912
19021
19022
19026
19027
19029
19032
19033
19038
19039
19041
19042
19045
19048
19049
19136
19137
19139
19141
19142
19143
19144
19145
19146
19148
19152
19153
19154
19155
19156
19160
19161
19167
19168
19171
19172
19175
19259
19260
19264
19270
19271
19272
19275
19277
19279
19280
19284
19287
19289
19291
19292
19295
19298
19300
19385
19386
19388
19393
19394
19399
19400
19401
19408
19414
19415
19421
19425
19511
19516
19517
19518
19519
19520
19523
19524
19525
19532
19535
19537
19538
19539
19541
19542
19545
19546
19644
19645
19647
19649
19651
19652
19657
19658
19659
19660
19662
19665
19668
