1023
1027
1032
1035
1036
1040
1142
1143
1145
1146
1151
1152
1155
1156
1159
1160
1164
1169
1171
1172
1263
1264
1269
1271
1278
1280
1281
1282
1283
1289
1292
1294
1295
1299
1391
1396
1400
1401
1404
1405
1407
1409
1410
1418
1420
1421
1422
1423
1425
1513
1519
1521
1523
1524
1525
1528
1529
1531
1533
1535
1538
1540
1544
1545
1546
1547
1637
1638
1640
1642
1644
1646
1647
1649
1654
1655
1656
1661
1662
1670
1671
1675
1676
1677
1765
1766
1768
1770
1773
1774
1776
1777
1778
1780
1781
1785
1786
1787
1790
1793
1794
1795
1797
1798
1799
1801
1896
1897
1899
1902
1904
1905
1908
1909
1910
1911
1913
1916
2015
2017
2020
2024
2028
2029
2034
2035
2036
2038
2039
2040
2041
2042
2147
2148
2150
2152
2153
2158
2161
2162
2163
10029
10030
10033
10043
10145
10146
10147
10153
10154
10155
10157
10162
10164
10167
10269
10271
10273
10277
10280
10281
10282
10284
10289
10290
10292
10405
10406
10407
10411
10412
10414
10415
10416
10417
10418
10516
10518
10521
10522
10523
10524
10525
10527
10528
10531
10537
10544
10650
10651
10655
10660
10662
10663
10672
10673
10764
10767
10769
10771
10774
10781
10791
10793
10794
10797
10890
10896
10898
10903
10906
10909
10910
10912
10913
10915
10916
10918
11014
11018
11019
11023
11027
11028
11030
11031
11032
11038
11039
11042
11046
11047
11048
11050
11138
11139
11141
11142
11144
11147
11148
11149
11152
11153
11154
11159
11162
11163
11164
11167
11175
11176
11262
11264
11265
11266
11268
11274
11275
11283
11289
11292
11300
11389
11394
11395
11398
11399
11401
11403
11404
11405
11406
11408
11411
11412
11421
11425
11509
11510
11513
11516
11517
11533
11534
11535
11538
11547
11552
11634
11637
11638
11642
11645
11652
11655
11658
11660
11661
11662
11663
11674
11676
11677
11759
11763
11764
11765
11775
11777
11783
11789
11794
11890
11891
11898
11901
11903
11904
11911
11912
11916
11919
11920
11921
11922
11926
12008
12012
12014
12015
12016
12017
12018
12027
12028
12029
12031
12034
12041
12043
12046
12047
12049
12050
12052
12054
12134
12141
12144
12146
12148
12150
12152
12153
12155
12157
12160
12161
12162
12165
12168
12169
12170
12171
12260
12269
12273
12276
12280
12281
12284
12285
12286
12290
12297
12299
12300
12302
12303
12304
12389
12393
12395
12398
12401
12402
12403
12407
12408
12409
12410
12411
12414
12415
12416
12417
12420
12421
12422
12425
12426
12511
12519
12520
12530
12535
12538
12540
12542
12545
12546
12547
12548
12633
12635
12639
12640
12650
12651
12652
12653
12654
12655
12659
12661
12664
12665
12667
12668
12671
12674
12675
12676
12678
12758
12760
12761
12762
12767
12770
12773
12774
12775
12776
12778
12779
12780
12785
12786
12787
12788
12791
12793
12799
12801
12802
12803
12804
12889
12895
12900
12901
12905
12908
12911
12912
12915
12917
12919
12921
12922
12923
12924
12926
12928
13008
13009
13012
13016
13018
13019
13021
13023
13024
13025
13029
13031
13033
13034
13037
13040
13042
13043
13044
13046
13048
13049
13134
13142
13145
13146
13148
13150
13151
13152
13162
13163
13172
13174
13176
13260
13265
13266
13267
13268
13269
13270
13271
13272
13273
13275
13277
13281
13285
13287
13291
13293
13294
13295
13296
13299
13300
13304
13386
13389
13393
13395
13396
13399
13402
13403
13406
13408
13410
13411
13412
13413
13414
13416
13420
13421
13509
13516
13517
13518
13520
13522
13523
13528
13530
13531
13532
13533
13534
13536
13537
13538
13539
13544
13546
13547
13549
13550
13553
13634
13635
13639
13648
13649
13651
13653
13654
13655
13658
13660
13661
13662
13664
13668
13674
13675
13676
13677
13678
13764
13765
13767
13769
13772
13775
13776
13778
13780
13781
13785
13786
13787
13788
13792
13793
13795
13797
13798
13799
13802
13887
13891
13894
13896
13898
13903
13905
13906
13910
13911
13913
13916
13918
13920
13921
13926
14013
14018
14019
14021
14024
14026
14027
14029
14030
14031
14032
14033
14036
14043
14044
14045
14138
14140
14143
14145
14146
14147
14150
14152
14154
14158
14159
14160
14161
14166
14265
14266
14267
14270
14272
14274
14278
14280
14281
14282
14284
14287
14288
14289
14290
14292
14293
14398
14399
14400
14402
14407
14408
14413
14414
14415
14416
14521
19904
19905
20025
20026
20028
20033
20034
20039
20040
20041
20042
20043
20142
20143
20147
20148
20149
20152
20154
20155
20157
20160
20165
20167
20168
20169
20171
20172
20265
20266
20267
20268
20272
20275
20276
20280
20281
20282
20285
20287
20291
20297
20298
20395
20396
20397
20399
20400
20401
20402
20403
20405
20409
20410
20413
20414
20417
20419
20423
20424
20513
20514
20517
20519
20520
20526
20529
20530
20531
20536
20537
20538
20540
20543
20545
20546
