508
510
511
514
515
520
523
526
527
529
530
531
532
533
535
538
540
544
546
632
633
635
637
638
640
641
643
645
646
647
652
654
659
661
662
663
666
667
668
669
760
762
764
765
770
771
772
773
774
775
778
779
783
784
786
790
892
893
899
902
904
905
6141
6152
6154
6155
6158
6160
6265
6266
6271
6274
6277
6278
6279
6281
6283
6285
6287
6288
6386
6389
6391
6392
6396
6399
6400
6404
6409
6412
6413
6414
6416
6510
6511
6514
6515
6521
6523
6524
6530
6533
6534
6535
6633
6638
6639
6647
6648
6649
6651
6657
6659
6661
6662
6757
6759
6763
6764
6765
6766
6767
6768
6771
6772
6776
6777
6779
6782
6785
6786
6788
6789
6791
6793
6794
6795
6796
6797
6881
6885
6888
6890
6891
6894
6895
6896
6897
6898
6902
6904
6906
6907
6908
6909
6911
6912
6913
6916
6917
6919
7005
7007
7013
7017
7022
7023
7024
7026
7027
7029
7030
7036
7041
7043
7044
7045
7132
7135
7139
7141
7142
7143
7144
7145
7146
7150
7152
7153
7156
7160
7164
7165
7166
7167
7168
7170
7174
7259
7264
7268
7271
7273
7274
7276
7279
7280
7281
7282
7283
7285
7286
7289
7293
7294
7298
7379
7380
7384
7385
7386
7388
7393
7394
7396
7405
7407
7409
7410
7411
7415
7416
7417
7420
7508
7509
7510
7511
7513
7514
7515
7517
7519
7522
7524
7527
7528
7534
7535
7536
7537
7541
7542
7545
7547
7632
7633
7634
7635
7636
7637
7641
7642
7644
7645
7646
7648
7650
7651
7654
7656
7658
7659
7661
7663
7666
7667
7668
7671
7672
7673
7757
7758
7761
7765
7766
7768
7770
7772
7773
7774
7775
7778
7779
7780
7783
7785
7790
7792
7793
7887
7888
7889
7890
7891
7893
7894
7896
7897
7898
7899
7905
7907
7909
7912
7913
7914
7916
7918
8009
8010
8011
8012
8022
8023
8027
8030
8031
8033
8036
8037
8038
8042
8043
8138
8140
8141
8142
8149
8154
8158
8161
8164
8168
8263
8266
8269
8276
8280
8283
8284
8287
8290
8395
8399
8400
8401
8402
8405
8406
8407
8410
18651
18652
18653
18764
18767
18769
18771
18773
18774
18777
18781
18783
18784
18785
18788
18789
18890
18893
18894
18898
18899
18901
18905
18906
18907
18908
18909
18910
18911
19015
19016
19018
19020
19022
19024
19025
19026
19027
19029
19030
19031
19033
19036
19039
19134
19136
19139
19140
19142
19143
19147
19148
19149
19152
19154
19158
19159
19160
19161
19162
19164
19166
19167
19169
19259
19260
19263
19266
19267
19274
19277
19283
19284
19288
19290
19292
19385
19390
19394
19396
19397
19398
19401
19404
19407
19410
19411
19412
19413
19415
19416
19513
19514
19515
19517
19520
19521
19522
19524
19525
19526
19528
19529
19530
19531
19532
19534
19640
19641
19642
19646
19650
