2274
2279
2396
2397
2399
2402
2404
2407
7644
7645
7648
7650
7652
7655
7657
7659
7661
7763
7764
7767
7769
7770
7774
7775
7776
7778
7779
7780
7785
7786
7885
7886
7890
7891
7892
7896
7897
7898
7904
7906
7911
7916
7919
8008
8011
8014
8020
8022
8023
8025
8030
8033
8034
8038
8046
8132
8135
8138
8139
8141
8142
8143
8147
8148
8150
8151
8153
8154
8158
8161
8162
8163
8165
8167
8169
8170
8171
8172
8257
8258
8259
8261
8265
8269
8272
8273
8275
8276
8281
8285
8287
8288
8289
8290
8297
8382
8384
8386
8388
8389
8390
8392
8393
8395
8396
8400
8401
8404
8406
8408
8410
8412
8414
8419
8422
8506
8507
8510
8511
8512
8515
8519
8521
8522
8528
8531
8533
8536
8537
8540
8542
8545
8629
8630
8631
8633
8637
8639
8640
8643
8647
8648
8649
8651
8656
8657
8659
8660
8666
8667
8668
8669
8670
8673
8756
8757
8760
8762
8765
8766
8769
8770
8771
8772
8773
8775
8776
8777
8783
8784
8792
8794
8880
8881
8882
8884
8887
8888
8890
8891
8892
8893
8895
8896
8897
8898
8899
8900
8901
8903
8906
8907
8908
8910
8913
8915
8917
8918
8920
9006
9015
9018
9021
9022
9023
9024
9025
9027
9028
9030
9031
9033
9035
9037
9038
9040
9042
9043
9047
9129
9133
9137
9139
9140
9141
9142
9143
9145
9147
9148
9151
9153
9154
9155
9156
9160
9163
9164
9167
9170
9172
9254
9255
9258
9261
9263
9264
9269
9271
9273
9280
9282
9283
9285
9289
9296
9381
9383
9385
9390
9391
9393
9394
9395
9396
9398
9399
9400
9404
9408
9409
9410
9413
9419
9420
9422
9507
9509
9510
9511
9513
9514
9515
9516
9520
9523
9524
9525
9526
9529
9530
9531
9537
9540
9543
9544
9547
9630
9631
9634
9637
9638
9639
9640
9643
9644
9646
9649
9651
9653
9654
9655
9656
9658
9659
9662
9668
9669
9670
9755
9759
9764
9765
9766
9772
9773
9774
9775
9777
9778
9781
9783
9785
9786
9787
9792
9793
9795
9883
9884
9885
9888
9892
9894
9896
9902
9903
9905
9908
9909
9910
9911
9918
9921
9922
9923
10006
10007
10008
10009
10010
10013
10015
10017
10021
10025
10026
10028
10030
10031
10032
10040
10041
10043
10046
10132
10133
10134
10136
10137
10138
10140
10141
10145
10147
10148
10157
10158
10161
10163
10164
10168
10171
10256
10257
10258
10261
10263
10266
10269
10270
10275
10279
10283
10287
10294
10295
10381
10383
10388
10390
10393
10396
10397
10398
10399
10401
10402
10403
10404
10405
10412
10414
10416
10420
10511
10514
10515
10516
10517
10521
10522
10523
10525
10527
10529
10531
10533
10535
10538
10541
10636
10645
10646
10647
10650
10651
10652
10654
10655
10659
10660
10662
10664
10665
10669
10761
10763
10766
10769
10771
10774
10775
10779
10780
10782
10784
10786
10787
10789
10790
10794
10883
10884
10889
10892
10894
10898
10899
10901
10902
10903
10905
10906
10908
10909
10911
10914
10915
10919
11012
11013
11015
11020
11027
11029
11031
11036
11137
11138
11139
11140
11142
11144
11145
11147
11150
11151
11152
11155
11157
11161
11164
11262
11265
11267
11270
11273
11276
11277
11280
11281
11284
11285
11389
11392
11398
11399
11401
11403
11406
11407
11409
11411
11414
11524
11526
11527
11528
11648
11649
11650
11654
11655
11656
11770
11772
11774
11775
11776
11777
11778
11779
11780
11895
11896
11899
11902
11903
11904
11906
11907
18268
18275
18276
18277
18278
18281
18282
18283
18287
18390
18391
18395
18398
18403
18405
18409
18414
18510
18512
18516
18522
18525
18526
18528
18537
18540
18541
18542
18636
18637
18641
18643
18647
18652
18657
18659
18662
18665
18667
18767
18769
18770
18775
18780
18781
18783
18784
18785
18891
18893
18898
18900
18903
18904
18906
