410
412
413
415
418
423
425
435
436
439
440
441
443
445
448
451
536
540
541
542
546
547
549
550
554
556
562
565
566
568
570
571
660
665
667
668
669
673
677
678
681
683
686
688
696
699
701
794
796
797
801
803
806
812
814
815
925
928
930
935
942
2558
2559
2562
2667
2668
2671
2672
2674
2675
2676
2678
2679
2680
2682
2683
2685
2687
2691
2693
2695
2697
2787
2792
2794
2797
2800
2802
2805
2807
2808
2810
2818
2819
2820
2821
2823
2825
2909
2911
2912
2913
2915
2916
2918
2919
2920
2922
2923
2926
2931
2932
2934
2935
2937
2938
2942
2944
2945
2947
2949
2952
3034
3035
3038
3039
3041
3043
3045
3049
3051
3054
3055
3058
3059
3060
3061
3064
3067
3069
3072
3074
3075
3076
3159
3160
3167
3168
3173
3175
3176
3178
3179
3181
3183
3186
3187
3189
3193
3199
3200
3202
3287
3289
3293
3296
3297
3304
3306
3307
3309
3310
3311
3312
3314
3318
3320
3322
3323
3417
3424
3425
3426
3430
3431
3434
3435
3436
3439
3444
5169
5174
5175
5176
5177
5180
5184
5185
5188
5191
5192
5193
5289
5290
5291
5293
5295
5297
5300
5301
5302
5307
5308
5310
5315
5316
5318
5322
5418
5420
5423
5426
5427
5431
5432
5433
5434
5438
5439
5442
5443
5444
5446
5447
5451
5537
5542
5543
5544
5548
5551
5552
5555
5556
5559
5564
5565
5566
5567
5568
5569
5576
5577
5659
5660
5661
5664
5668
5669
5670
5671
5672
5673
5679
5681
5684
5686
5687
5688
5690
5693
5694
5695
5697
5699
5702
5785
5787
5789
5790
5791
5792
5794
5795
5797
5800
5802
5806
5808
5810
5811
5815
5817
5821
5826
5829
5913
5914
5917
5918
5919
5921
5923
5925
5929
5930
5934
5937
5940
5941
5942
5944
5947
5951
5952
6036
6038
6039
6042
6043
6045
6050
6052
6053
6061
6062
6063
6064
6066
6069
6070
6071
6072
6073
6075
6077
6078
6163
6165
6166
6168
6169
6171
6172
6173
6174
6177
6178
6179
6180
6182
6183
6184
6187
6189
6190
6191
6193
6199
6200
6288
6291
6293
6294
6295
6298
6300
6302
6303
6304
6305
6307
6308
6309
6310
6313
6316
6317
6325
6422
6427
6429
6431
6434
6435
6436
6437
6442
6445
6446
6547
6550
6553
6559
6561
6563
6564
6565
6566
6567
13301
13303
13305
13307
13309
13312
13421
13422
13423
13424
13430
13431
13433
13436
13439
13440
13441
13442
13443
13444
13544
13545
13547
13548
13549
13550
13554
13555
13556
13557
13561
13563
13564
13565
13567
13570
13574
13666
13670
13672
13673
13675
13677
13678
13680
13681
13682
13684
13685
13687
13688
13689
13690
13691
13695
13697
13700
13787
13791
13792
13793
13797
13803
13804
13805
13807
13808
13809
13812
13813
13814
13815
13817
13819
13821
13822
13823
13825
13826
13911
13914
13915
13916
13917
13921
13922
13926
13927
13931
13933
13935
13937
13938
13939
13940
13945
13950
14037
14040
14041
14042
14044
14045
14048
14050
14051
14053
14054
14055
14057
14058
14062
14063
14065
14068
14070
14073
14164
14167
14168
14170
14171
14172
14174
14178
14179
14181
14182
14185
14190
14191
14197
14199
14200
14288
14290
14292
14293
14294
14296
14297
14298
14300
14302
14308
14314
14315
14319
14322
14415
14417
14420
14424
14428
14429
14430
14432
14434
14435
14442
14443
14544
14550
14551
14556
16799
16804
16805
16809
16810
16914
16915
16918
16924
16927
16929
16930
16933
16934
16936
16938
16945
16946
16947
17036
17038
17043
17047
17048
17049
17050
17056
17060
17061
17064
17066
17067
17068
17070
17072
17073
17076
17077
17165
17169
17170
17171
17172
17177
17178
17180
17183
17185
17186
17187
17191
17193
17194
17195
17196
17199
17202
17203
17285
17295
17296
17298
17302
17304
17305
17311
17313
17315
17316
17317
17319
17320
17324
17327
17415
17417
17421
17423
17424
17425
17427
17428
17431
17436
17441
17443
17445
17448
17449
17450
17451
17546
17547
17548
17549
17550
17553
17554
17555
17556
17557
17559
17560
17562
17569
17571
17670
17673
17676
19424
19426
19427
19428
19431
19435
19437
19442
19443
19539
19540
19542
19543
19545
19547
19549
19557
19558
19559
19561
19567
19573
19574
19663
19667
19672
19674
19676
19677
19678
19679
19680
19682
19683
19684
19685
19689
19691
19693
19696
19699
19701
19787
19789
19790
19791
19793
19794
19798
19803
19809
19810
19811
19812
19813
19819
19825
19912
19913
19914
19915
19917
19918
19919
19920
19921
19924
19925
19928
19930
19931
19936
19937
19938
19939
19945
19948
19950
20039
20040
20043
20047
20052
20056
20058
20059
20060
20062
20064
20067
20068
20069
20071
20170
20171
20173
20174
20175
20179
20180
20181
20188
20191
20192
