13775
13777
13784
13900
13906
13908
13909
14021
14022
14023
14025
14027
14028
14032
14152
14153
16263
16266
16268
16277
16278
16279
16280
16281
16287
16288
16381
16383
16385
16387
16388
16389
16390
16392
16395
16397
16398
16399
16401
16406
16408
16410
16411
16412
16413
16416
16417
16418
16420
16506
16508
16509
16510
16512
16514
16515
16517
16518
16520
16522
16527
16530
16534
16536
16537
16538
16540
16541
16546
16547
16548
16630
16631
16634
16635
16639
16640
16641
16642
16643
16644
16647
16648
16649
16651
16654
16656
16658
16661
16663
16664
16665
16666
16669
16671
16758
16760
16761
16762
16763
16767
16768
16771
16772
16774
16777
16778
16779
16780
16781
16784
16785
16787
16789
18019
18025
18028
18031
18034
18133
18137
18140
18142
18144
18149
18150
18153
18155
18157
18159
18160
18161
18164
18165
18167
18168
18169
18258
18260
18263
18264
18265
18266
18267
18269
18272
18274
18276
18277
18278
18281
18282
18284
18286
18287
18291
18381
18382
18383
18390
18393
18395
18398
18400
18405
18408
18409
18411
18413
18416
18510
18511
18514
18515
18517
18518
18520
18522
18525
18528
18529
18530
18531
18533
18535
18538
