4045
4046
4050
4053
4056
4057
4058
4061
4063
4065
4070
4072
4164
4165
4168
4171
4178
4182
4184
4188
4191
4192
4194
4196
4197
4286
4288
4289
4290
4292
4293
4294
4297
4300
4304
4307
4308
4309
4311
4312
4313
4314
4315
4316
4319
4320
4321
4324
4325
4414
4417
4420
4423
4424
4426
4429
4431
4432
4433
4435
4436
4438
4439
4444
4445
4446
4447
4541
4542
4545
4547
4548
4549
4550
4553
4554
4555
4558
4563
4566
4570
6801
6804
6806
6807
6810
6924
6926
6929
6932
6934
7049
7053
7061
17817
17916
17918
17919
17922
17925
17928
17929
17930
17932
17934
17938
17939
17940
17941
17943
17945
18041
18043
18045
18048
18049
18050
18058
18061
18068
18070
18074
18160
18161
18163
18166
18167
18168
18171
18173
18175
18176
18177
18180
18181
18182
18187
18190
18191
18192
18193
18194
18195
18199
18200
18201
18286
18287
18290
18292
18293
18296
18298
18299
18300
18302
18304
18305
18307
18309
18314
18315
18316
18412
18413
18414
18416
18417
18420
18422
18423
18424
18425
18427
18430
18437
18438
18440
18442
18445
18446
18447
18548
18549
18550
18553
18557
18559
18563
18565
18567
