1522
1523
1527
1530
1532
1533
1537
1539
1644
1646
1652
1654
1655
1658
1659
1660
1661
1662
1666
1667
1765
1768
1770
1774
1775
1780
1785
1786
1787
1790
1793
1794
1881
1883
1885
1886
1887
1888
1889
1892
1893
1895
1896
1897
1899
1904
1907
1917
1919
2006
2009
2013
2014
2015
2016
2017
2019
2022
2023
2026
2029
2034
2035
2037
2046
2138
2140
2141
2143
2147
2148
2150
2151
2153
2154
2155
2160
2167
2264
2268
2269
2271
2272
2276
2282
2287
4017
4018
4023
4024
4026
4027
4030
4033
4137
4145
4147
4149
4151
4154
4157
4158
4160
4161
4162
4164
4259
4260
4263
4265
4267
4271
4272
4273
4276
4277
4281
4290
4292
4293
4382
4385
4386
4387
4388
4389
4392
4400
4401
4406
4407
4414
4417
4418
4420
4506
4510
4511
4513
4514
4517
4519
4520
4523
4524
4529
4530
4532
4533
4534
4535
4537
4539
4542
4546
4547
4633
4637
4638
4639
4644
4647
4648
4651
4653
4655
4657
4665
4761
4763
4768
4769
4773
4776
4779
4780
4781
4786
4787
4789
4792
4903
7397
7399
7400
7402
7404
7407
7408
7410
7512
7517
7518
7522
7524
7525
7527
7529
7530
7531
7534
7535
7536
7537
7539
7540
7640
7643
7646
7652
7653
7654
7656
7658
7662
7663
7664
7666
7757
7759
7763
7765
7766
7768
7770
7772
7773
7775
7776
7777
7778
7779
7787
7788
7790
7791
7792
7795
7796
7881
7882
7885
7887
7890
7893
7894
7896
7897
7899
7901
7903
7905
7907
7910
7912
7914
7915
7921
8004
8006
8007
8008
8009
8011
8012
8013
8015
8017
8018
8019
8022
8023
8025
8028
8039
8046
8131
8134
8136
8137
8138
8141
8142
8143
8144
8145
8147
8150
8151
8153
8154
8156
8157
8158
8159
8161
8163
8164
8165
8167
8170
8171
8172
8254
8259
8260
8263
8266
8267
8268
8269
8270
8271
8272
8274
8275
8276
8280
8283
8288
8290
8294
8379
8380
8381
8384
8386
8392
8393
8395
8399
8402
8404
8405
8406
8407
8408
8410
8411
8416
8417
8421
8423
8505
8506
8507
8509
8513
8514
8516
8517
8518
8522
8523
8524
8525
8526
8538
8539
8541
8543
8545
8546
8547
8632
8634
8637
8639
8640
8642
8643
8645
8646
8647
8648
8650
8652
8653
8654
8660
8661
8668
8670
8672
8759
8761
8766
8768
8772
8773
8774
8777
8778
8781
8784
8787
8789
8790
8792
8794
8796
8880
8886
8887
8889
8890
8891
8892
8896
8899
8900
8901
8904
8906
8907
8908
8909
8910
8913
8915
8916
8917
8919
9007
9009
9010
9011
9017
9019
9020
9023
9026
9027
9028
9030
9034
9038
9040
9042
9043
9044
9132
9134
9135
9138
9141
9142
9146
9147
9149
9150
9153
9154
9155
9157
9158
9160
9163
9164
9167
9169
9170
9171
9257
9261
9263
9264
9265
9268
9271
9272
9276
9277
9278
9279
9281
9283
9284
9286
9291
9384
9385
9388
9393
9394
9397
9398
9400
9404
9407
9408
9412
9415
9420
9511
9517
9520
9522
9526
9529
9533
9534
9535
9536
9539
9634
9636
9637
9646
9648
9657
9659
9660
9663
9665
9667
9668
9759
9763
9764
9765
9766
9768
9775
9776
9777
9781
9783
9786
9788
9789
9792
9884
9888
9889
9893
9898
9900
9902
9903
9904
9910
9911
10013
10015
10017
10019
10020
10024
10027
10029
10030
10031
10035
10036
10037
10139
10141
10145
10146
10147
10149
10152
10154
10160
10162
10163
10265
10267
10271
10275
10277
10278
10279
10281
10283
10284
10288
10392
10394
10399
10400
10404
10407
10408
10409
10410
10413
10414
10523
10525
10647
10648
10651
10773
10775
10779
10899
10902
10905
15269
15272
15274
15275
15276
15277
15278
15282
15388
15390
15394
15397
15398
15399
15401
15403
15404
15406
15407
15408
15409
15412
15509
15510
15514
15518
15520
15526
15528
15530
15534
15535
15632
15634
15636
15638
15643
15647
15649
15653
15657
15658
15659
15660
15662
15663
15665
15666
15669
15671
15757
15759
15761
15764
15766
15769
15772
15773
15776
15778
15779
15782
15784
15786
15787
15788
15790
15791
15793
15794
15797
15880
15881
15883
15886
15887
15891
15893
15894
15896
15897
15898
15899
15900
15902
15905
15906
15907
15911
15913
15915
15919
15920
15921
15922
15923
16006
16009
16011
16013
16015
16016
16017
16018
16019
16023
16024
16028
16030
16033
16034
16036
16037
16038
16040
16045
16046
16048
16130
16134
16136
16138
16140
16141
16142
16143
16144
16147
16148
16149
16150
16152
16154
16155
16157
16158
16161
16162
16163
16164
16167
16169
16255
16260
16261
16262
16265
16267
16268
16269
16270
16274
16275
16280
16283
16287
16288
16289
16291
16292
16294
16296
16389
16390
16396
16399
16400
16401
16402
16407
16408
16409
16410
16412
16413
16418
16419
16420
16518
16519
16522
16529
16534
16535
18148
18149
18152
18153
18155
18266
18268
18269
18270
18275
18278
18279
18280
18281
18285
18288
18291
18385
18392
18395
18401
18402
18403
18406
18407
18413
18417
18419
18421
18507
18510
18512
18513
18514
18517
18518
18519
18520
18522
18523
18524
18526
18527
18529
18530
18531
18532
18534
18535
18538
18539
18540
18541
18545
18546
18547
18630
18631
18632
18634
18636
18637
18639
18640
18641
18642
18643
18644
18645
18647
18648
18650
18651
18653
18655
18656
18657
18658
18660
18663
18664
18665
18666
18667
18668
18669
18674
18758
18759
18760
18761
18762
18765
18767
18768
18770
18771
18772
18773
18775
18779
18780
18781
18786
18789
18793
18796
18797
18881
18885
18886
18890
18892
18897
18900
18901
18905
18906
18907
18908
18909
18910
18912
18913
18914
18915
19013
19014
19017
19019
19022
19024
19026
19029
19031
19033
19042
19148
19149
19150
19152
19154
20769
20771
20781
20783
20884
20885
20887
20890
20891
20895
20896
20897
20899
20902
20904
20907
20908
20910
20916
21007
21008
21016
21020
21027
21028
21029
21032
21034
21036
21037
21039
21044
21047
