515
516
519
524
525
526
531
532
533
536
537
542
543
632
636
638
640
641
644
646
647
650
651
653
655
656
659
660
661
664
665
667
669
670
672
758
759
763
765
771
772
776
777
778
779
782
787
790
794
795
799
881
882
886
888
889
891
893
894
896
905
908
913
915
916
918
1013
1018
1022
1026
1027
1031
1032
1036
1038
1039
1040
1042
2389
2394
2397
2398
2399
2403
2404
2409
2511
2514
2527
2529
2530
2532
2535
2542
2637
2639
2640
2644
2646
2651
2655
2656
2657
2658
2660
2662
2663
2773
2774
2776
2777
2778
2780
17025
17144
17146
17147
17151
17154
17155
17156
17163
17267
17268
17269
17270
17272
17274
17275
17276
17278
17279
17282
17285
17393
17397
17398
17399
17400
17401
17403
17404
17405
17408
18761
18762
18765
18767
18771
18773
18776
18777
18781
18782
18784
18789
18794
18883
18884
18885
18886
18892
18895
18899
18900
18902
18903
18904
18906
18908
18910
18911
18912
18913
18918
18919
18923
19009
19010
19013
19015
19019
19020
19021
19022
19023
19024
19029
19030
19032
19034
19035
19036
19037
19039
19043
19044
19046
19047
19048
19132
19133
19139
19140
19141
19143
19144
19150
19154
19156
19158
19160
19163
19167
19169
19171
19264
19265
19270
19271
19272
19276
19277
19278
19281
19285
19288
19289
20519
20521
20522
20529
20533
20537
20540
20634
20639
20640
20641
20642
20643
20646
20650
20653
20660
20662
20664
20666
20668
20669
20670
20671
20758
20762
20764
20765
20766
20767
20769
20770
20772
20773
20775
20776
20781
20783
20784
20786
20789
20790
20791
20792
20795
20796
20886
20888
20889
20890
20892
20894
20897
20898
20901
20902
20905
20906
20909
20910
20911
20915
20919
21011
21012
21017
21018
21022
21024
21025
21028
21030
21031
21036
21037
21038
