413
416
417
418
420
423
426
428
429
430
432
435
437
438
439
440
442
446
543
546
547
548
550
551
553
555
557
560
562
565
567
568
569
674
675
676
677
18426
18427
18434
18436
18437
18439
18445
18544
18545
18546
18548
18549
18552
18553
18555
18557
18558
18559
18560
18567
18570
18661
18662
18663
18665
18667
18668
18670
18671
18672
18674
18679
18682
18686
18688
18689
18696
18700
18787
18789
18793
18794
18795
18801
18802
18804
18805
18808
18811
18817
18818
18819
18820
18825
18827
18909
18910
18912
18915
18916
18918
18921
18923
18927
18928
18929
18930
18932
18933
18934
18935
18936
18937
18938
18941
18942
18943
18945
18946
18951
19035
19036
19039
19041
19043
19044
19047
19049
19051
19054
19055
19060
19063
19064
19068
19069
19071
19074
19077
19078
19162
19164
19165
19168
19171
19172
19175
19176
19177
19179
19180
19181
19182
19184
19186
19188
19193
19198
19200
19201
19292
19298
19300
19302
19303
19305
19312
19313
19317
19319
19321
19424
19427
19428
19433
19435
