1267
1268
1269
1271
1273
1278
1279
1280
1387
1388
1394
1396
1398
1399
1400
1403
1406
1408
1411
1414
1508
1511
1513
1515
1520
1522
1524
1528
1529
1530
1534
1535
1538
1542
1635
1636
1637
1638
1642
1644
1649
1651
1653
1656
1657
1658
1662
1667
1669
1670
1672
1755
1756
1757
1758
1760
1763
1765
1770
1771
1773
1775
1776
1777
1778
1782
1786
1787
1791
1794
1796
1798
1881
1883
1887
1892
1893
1894
1896
1900
1907
1909
1911
1915
1921
1922
2006
2011
2012
2015
2017
2020
2023
2025
2027
2028
2030
2031
2034
2035
2037
2038
2045
2136
2140
2141
2146
2148
2149
2150
2156
2160
2162
2163
2165
2265
2266
2267
2268
2272
2273
2274
2285
18768
18770
18771
18773
18775
18778
18891
18894
18896
18897
18898
18899
18900
18905
18906
18907
18908
18912
18914
18917
19010
19011
19013
19014
19015
19016
19017
19018
19019
19020
19022
19023
19024
19026
19028
19030
19033
19034
19036
19038
19040
19131
19132
19133
19134
19136
19137
19139
19141
19143
19148
19150
19151
19154
19155
19158
19160
19165
19166
19259
19264
19267
19268
19272
19274
19277
19280
19281
19283
19286
19287
19288
19289
19291
19292
19293
19298
19380
19381
19386
19387
19388
19389
19390
19391
19392
19393
19394
19398
19400
19403
19404
19406
19407
19411
19413
19416
19417
19420
19422
19423
19504
19507
19512
19514
19515
19525
19526
19528
19531
19532
19533
19534
19537
19538
19546
19633
19634
19635
19636
19637
19639
19642
19644
19645
19649
19651
19652
19654
19657
19658
19659
19666
19668
19670
19671
19761
19762
19765
19768
19769
19774
19775
19779
19780
19783
19785
19786
19790
19896
19898
19899
19900
19901
19902
19903
19906
19909
