1144
1149
1151
1155
1159
1160
1161
1261
1262
1263
1265
1271
1272
1274
1275
1278
1279
1280
1281
1282
1285
1289
1393
1395
1397
1398
1399
1401
1402
1403
1409
1415
1417
1508
1510
1511
1512
1514
1515
1520
1523
1526
1529
1535
1536
1537
1539
1540
1543
1544
1637
1643
1647
1648
1650
1651
1655
1658
1660
1663
1666
1668
1765
1768
1769
1770
1774
1775
1776
1777
1778
1780
1781
1782
1785
1786
1788
3639
3640
3641
3642
3643
3644
3645
3652
3660
3662
3663
3664
3760
3761
3764
3766
3767
3773
3774
3776
3779
3782
3794
3883
3884
3885
3886
3890
3892
3897
3898
3899
3902
3903
3906
3907
3908
3911
3914
3916
3918
3920
4007
4008
4015
4016
4018
4020
4021
4022
4023
4024
4026
4027
4030
4033
4035
4038
4039
4043
4044
4046
4136
4137
4138
4140
4141
4142
4143
4144
4145
4146
4149
4150
4153
4154
4157
4159
4161
4163
4165
4166
4168
4258
4267
4269
4272
4277
4282
4284
4286
4290
4291
4389
4393
4394
4395
4397
4403
4407
6642
6644
6647
6650
6653
6654
6657
6762
6763
6764
6770
6771
6773
6775
6778
6779
6780
6784
6786
6885
6886
6887
6888
6889
6890
6891
6893
6901
6903
6906
6908
6911
6913
6914
6915
7010
7013
7014
7016
7018
7019
7023
7024
7025
7026
7027
7028
7030
7031
7033
7034
7036
7039
7045
7132
7134
7136
7137
7138
7139
7143
7145
7147
7148
7150
7153
7154
7155
7156
7159
7160
7163
7164
7165
7167
7168
7260
7261
7263
7267
7269
7270
7271
7274
7275
7277
7279
7281
7283
7285
7286
7287
7289
7290
7292
7295
7384
7387
7389
7395
7399
7401
7402
7404
7405
7409
7410
7415
7417
7418
7420
7421
7422
7423
7505
7507
7508
7511
7518
7519
7521
7523
7525
7527
7528
7529
7532
7536
7539
7541
7542
7544
7634
7635
7639
7640
7642
7643
7644
7648
7649
7650
7652
7655
7660
7661
7662
7663
7665
7668
7669
7671
7757
7758
7759
7761
7767
7769
7770
7771
7772
7773
7779
7781
7782
7783
7789
7795
7796
7883
7885
7886
7889
7891
7893
7894
7896
7897
7901
7906
7907
7912
7913
7914
7917
8012
8014
8021
8023
8024
8027
8031
8033
8034
8035
8037
8038
8143
8146
8148
8150
8151
8156
8158
8159
8160
8161
8275
14528
14531
14533
14534
14643
14644
14645
14647
14650
14651
14654
14657
14660
14665
14765
14767
14769
14770
14777
14778
14780
14781
14782
14784
14786
14790
14791
14793
14884
14889
14895
14896
14897
14898
14899
14902
14903
14905
14906
14908
14909
14910
14917
14919
14920
15012
15013
15015
15016
15018
15019
15020
15022
15023
15026
15027
15033
15034
15042
15047
15129
15131
15133
15134
15136
15144
15145
15146
15148
15149
15151
15152
15155
15160
15161
15162
15163
15165
15166
15167
15168
15170
15173
15255
15256
15258
15259
15260
15262
15264
15266
15269
15271
15273
15274
15275
15276
15277
15279
15281
15283
15284
15285
15286
15287
15288
15289
15290
15291
15295
15387
15388
15389
15390
15392
15394
15396
15397
15399
15401
15403
15405
15406
15407
15408
15409
15410
15413
15418
15420
15421
15423
15424
15505
15508
15510
15511
15515
15519
15522
15523
15525
15526
15529
15531
15532
15534
15535
15537
15538
15544
15547
15633
15640
15641
15643
15644
15645
15651
15652
15653
15654
15655
15659
15663
15664
15665
15667
15668
15669
15670
15671
15761
15763
15765
15767
15768
15769
15770
15771
15774
15777
15780
15781
15782
15783
15784
15786
15792
15794
15796
15888
15891
15892
15894
15895
15896
15897
15899
15901
15903
15905
15906
15907
15911
15913
15918
16016
16018
16019
16020
16021
16023
16025
16039
16040
16143
16152
16156
17771
17773
17776
17778
17786
17790
17884
17885
17886
17889
17891
17893
17894
17895
17901
17903
17906
17909
17911
17912
17913
17916
17918
17919
17920
18008
18009
18010
18012
18013
18014
18015
18017
18019
18021
18023
18025
18029
18033
18035
18037
18040
18041
18044
18046
18129
18133
18134
18136
18137
18138
18140
18141
18143
18146
18149
18150
18152
18153
18154
18155
18156
18157
18158
18161
18162
18165
18170
18171
18172
18173
18255
18257
18259
18271
18274
18275
18276
18282
18284
18285
18287
18288
18295
18297
18380
18383
18385
18386
18390
18392
18393
18394
18401
18402
18403
18405
18406
18408
18411
18412
18413
18415
18419
18420
18511
18513
18515
18516
18517
18520
18521
18525
18526
18527
18529
18530
18531
18533
18535
18536
18538
18540
18541
18542
18640
18647
18651
18652
18654
18655
18656
18657
18659
18660
20279
20389
20390
20391
20392
20394
20395
20398
20401
20403
20408
20415
20515
20516
20521
20522
20526
20528
20531
20532
20533
20536
20540
20541
20543
20544
20546
20632
20637
20638
20639
20640
20641
20645
20646
20647
20648
20654
20657
20658
20664
20669
20670
20671
20672
20756
20759
20761
20762
20763
20764
20766
20769
20772
20774
20775
20779
20781
20784
20786
20789
20790
20795
20797
20799
20887
20889
20892
20896
20899
20902
20905
20906
20907
20908
20911
20913
20914
20915
20918
20921
20922
20923
21007
21015
21017
21019
21022
21024
21028
21029
21034
21037
21039
