17520
17521
17525
17528
17532
17533
17640
17641
17642
17646
17647
17650
17651
17652
17654
17655
17656
17657
17658
17661
17662
17663
17763
17764
17768
17770
17773
17775
17779
17781
17782
17786
17787
17788
17891
17892
17895
17896
17897
17900
17903
17906
17907
17908
17912
17913
18014
18016
18018
18022
18026
18158
18159
20522
20524
20526
20529
20532
20536
20537
20636
20638
20639
20642
20643
20648
20654
20655
20656
20657
20660
20664
20666
20667
20669
20759
20760
20761
20763
20764
20767
20768
20769
20771
20774
20775
20784
20786
20791
20792
20793
20882
20884
20885
20888
20889
20890
20892
20895
20897
20903
20906
20907
20910
20911
20912
20915
20917
21005
21009
21013
21015
21018
21019
21021
21022
21031
21032
21035
21036
21037
21043
21044
21047
