409
413
415
419
421
422
423
433
434
436
438
443
444
446
447
449
450
452
535
538
540
543
547
548
549
552
553
559
560
561
562
565
566
567
569
570
572
573
575
665
667
671
673
674
675
677
681
682
683
684
686
688
692
693
697
698
699
789
794
795
799
802
803
805
806
807
811
812
817
818
820
922
923
924
926
927
930
935
936
937
939
4923
4926
4929
4930
4932
4936
4941
4942
5043
5044
5045
5048
5051
5054
5055
5057
5058
5067
5068
5071
5169
5170
5171
5172
5173
5178
5180
5182
5184
5185
5186
5189
5192
5291
5292
5294
5298
5301
5304
5305
5306
5307
5312
5315
5316
5318
5319
5321
5322
5416
5417
5418
5419
5426
5427
5428
5429
5433
5434
5435
5436
5443
5444
5445
5541
5546
5547
5550
5551
5552
5553
5558
5559
5563
5564
5565
5568
5570
5670
5672
5674
5678
5681
5682
5685
5686
5689
5802
5805
5807
5808
5812
18800
18801
18803
18805
18808
18810
18811
18812
18816
18919
18920
18922
18925
18926
18929
18930
18933
18938
18939
18943
18945
19042
19047
19048
19049
19050
19051
19058
19063
19066
19068
19069
19073
19164
19166
19168
19175
19177
19178
19180
19181
19186
19187
19188
19191
19192
19193
19194
19196
19197
19198
19199
19200
19288
19289
19291
19293
19294
19298
19299
19302
19303
19304
19305
19309
19311
19314
19315
19317
19318
19321
19324
19415
19416
19418
19422
19426
19428
19433
19436
19439
19440
19441
19446
19546
19548
19549
19551
19553
19554
19555
19557
19560
19561
19563
