506
507
508
510
511
513
514
517
518
520
522
526
527
528
530
531
535
539
543
545
547
629
631
632
634
640
641
645
647
648
650
652
653
654
659
660
661
662
663
669
673
756
757
758
760
761
762
765
767
769
770
773
785
884
889
895
897
898
901
904
905
907
908
912
917
1013
1015
1016
1020
1021
1022
1023
1024
1025
1030
1031
1036
1038
1039
3402
3525
3526
3527
3528
17641
17642
17765
17769
17771
17774
17775
17779
17780
17781
17782
17785
17787
17790
17791
17792
17886
17887
17890
17893
17895
17896
17897
17899
17901
17911
17919
18009
18010
18012
18014
18017
18020
18022
18027
18031
18037
18040
18133
18137
18138
18140
18141
18142
18146
18148
18153
18154
18155
18157
18158
18159
18160
18161
18162
18163
18164
18168
18169
18259
18261
18263
18264
18265
18266
18268
18270
18272
18277
18282
18287
18289
18292
18389
18390
18391
18392
18394
18395
18398
18399
18401
18402
18404
18405
18409
18411
18412
18413
18517
18531
18533
18534
18535
20643
20647
20648
20651
20652
20655
20656
20657
20659
20660
20763
20764
20765
20767
20768
20769
20771
20777
20778
20781
20784
20785
20786
20791
20888
20890
20891
20892
20896
20897
20904
20907
20908
20911
20912
20917
20919
20920
21007
21010
21019
21020
21023
21027
21029
21030
21031
21034
21036
21037
21038
21039
21043
21044
21046
