2652
2653
2657
2660
2763
2767
2770
2772
2774
2779
2781
2782
2785
2789
2883
2886
2888
2893
2897
2898
2899
2901
2905
2907
2908
2910
2911
2914
2916
2918
2919
3006
3007
3011
3019
3023
3026
3030
3033
3042
3044
3046
3047
3132
3133
3134
3135
3137
3139
3142
3147
3151
3152
3153
3160
3161
3163
3164
3167
3168
3170
3171
3172
3254
3255
3256
3259
3260
3261
3262
3263
3265
3272
3273
3275
3276
3279
3284
3287
3288
3291
3293
3295
3298
3379
3382
3384
3385
3387
3388
3391
3393
3394
3395
3396
3399
3400
3401
3404
3408
3409
3410
3412
3413
3414
3416
3421
3505
3509
3510
3511
3513
3515
3517
3519
3520
3522
3523
3525
3527
3528
3529
3530
3531
3533
3538
3540
3543
3545
3548
3631
3634
3637
3638
3644
3648
3653
3654
3655
3659
3660
3661
3664
3666
3667
3669
3762
3764
3765
3767
3768
3772
3773
3774
3778
3780
3788
3791
3888
3889
3890
3891
3892
3902
3906
3908
3909
3910
15024
15026
15149
15152
15155
15158
15159
15160
15265
15266
15267
15271
15272
15276
15278
15280
15281
15283
15284
15285
15286
15288
15289
15390
15392
15393
15394
15395
15396
15398
15400
15401
15404
15405
15407
15408
15410
15412
15416
15510
15511
15512
15514
15518
15520
15521
15522
15523
15525
15528
15535
15538
15540
15636
15645
15646
15648
15652
15653
15655
15659
15660
15662
15664
15665
15760
15761
15765
15767
15770
15772
15773
15774
15775
15781
15785
15787
15788
15789
15790
15885
15890
15891
15896
15897
15898
15900
15903
15904
15911
15912
15916
15917
16009
16010
16012
16013
16014
16016
16021
16025
16029
16032
16034
16037
16038
16040
16044
16135
16136
16139
16145
16152
16153
16156
16159
16160
16162
16163
16166
16169
16262
16263
16268
16270
16273
16274
16276
16278
16279
16280
16282
16283
16285
16292
16396
16397
16399
16400
16401
16406
16408
16409
16410
16412
16413
16415
16519
16528
16529
16531
16534
