3680
3681
3683
3686
3687
3688
3796
3799
3801
3802
3803
3808
3809
3814
3818
3819
3914
3915
3918
3919
3924
3925
3931
3932
3933
3935
3942
3947
3948
4039
4040
4043
4049
4051
4053
4054
4055
4056
4058
4059
4061
4063
4064
4065
4066
4068
4069
4070
4073
4075
4162
4164
4165
4169
4170
4172
4173
4174
4175
4177
4179
4181
4182
4183
4185
4186
4189
4192
4193
4194
4198
4200
4203
4204
4285
4290
4299
4301
4302
4303
4306
4307
4308
4309
4310
4313
4314
4316
4318
4319
4322
4323
4324
4325
4412
4416
4417
4419
4420
4421
4425
4426
4430
4434
4439
4440
4442
4444
4445
4446
4448
4449
4452
4538
4539
4540
4541
4542
4543
4544
4546
4548
4549
4552
4554
4556
4558
4561
4562
4563
4570
4573
4665
4668
4673
4674
4678
4679
4680
4682
4684
4685
4687
4690
4691
4692
4695
4793
4800
4807
4808
4810
4812
9431
9433
9555
9556
9557
9679
9683
9804
9805
