2031
2032
2156
2158
2276
2279
2280
2286
2288
7772
7773
7774
7778
7779
7780
7781
7783
7784
7786
7787
7788
7789
7791
7893
7896
7899
7904
7908
7915
7918
7919
7920
8016
8021
8023
8024
8025
8026
8030
8041
8042
8043
8044
8047
8048
8142
8144
8146
8148
8149
8150
8151
8153
8154
8157
8163
8164
8168
8169
8172
8174
8265
8267
8270
8271
8274
8275
8280
8281
8288
8292
8293
8294
8295
8389
8391
8392
8394
8397
8398
8400
8401
8404
8405
8406
8409
8410
8415
8417
8422
8423
8516
8522
8523
8527
8528
8529
8530
8533
8534
8538
8539
8541
8542
8543
8544
8547
8638
8639
8642
8643
8644
8646
8648
8653
8654
8658
8659
8660
8661
8664
8665
8667
8669
8671
8764
8767
8770
8773
8778
8779
8780
8782
8783
8792
8795
8796
8799
8887
8890
8893
8895
8897
8898
8901
8904
8905
8906
8908
8910
8911
8912
8913
8920
8924
8925
9014
9015
9021
9023
9026
9027
9028
9031
9033
9034
9042
9043
9045
9046
9048
9049
9050
9051
9052
9137
9138
9142
9147
9150
9151
9153
9159
9161
9164
9167
9170
9174
9176
9265
9266
9272
9273
9275
9279
9283
9286
9287
9288
9289
9291
9293
9296
9298
9299
9387
9389
9391
9392
9394
9395
9396
9397
9398
9401
9403
9406
9412
9416
9417
9419
9423
9424
9425
9514
9517
9520
9522
9524
9527
9528
9529
9536
9538
9543
9545
9548
9550
9552
9637
9641
9642
9648
9649
9655
9656
9657
9658
9659
9663
9669
9670
9671
9765
9767
9768
9770
9771
9774
9777
9781
9784
9785
9786
9787
9788
9790
9791
9793
9794
9796
9800
9801
9802
9888
9894
9895
9897
9899
9900
9901
9902
9904
9905
9910
9912
9914
9915
9917
9921
9925
9926
10011
10014
10016
10017
10024
10025
10026
10027
10028
10031
10033
10034
10035
10036
10037
10038
10039
10040
10042
10044
10048
10049
10136
10140
10143
10144
10145
10147
10148
10149
10150
10151
10157
10163
10166
10168
10170
10171
10175
10176
10177
10262
10263
10265
10267
10268
10269
10270
10273
10276
10277
10279
10281
10282
10287
10288
10290
10293
10294
10295
10298
10302
10385
10391
10393
10395
10396
10397
10403
10405
10406
10407
10409
10413
10414
10417
10418
10419
10422
10424
10426
10513
10514
10515
10516
10519
10520
10521
10526
10527
10533
10534
10535
10539
10542
10543
10544
10548
10549
10550
10636
10637
10638
10642
10643
10644
10646
10649
10652
10658
10660
10661
10665
10666
10667
10669
10676
10763
10766
10768
10769
10770
10772
10773
10774
10777
10782
10785
10786
10789
10791
10794
10798
10887
10891
10892
10894
10895
10896
10897
10898
10901
10902
10905
10906
10907
10908
10909
10910
10911
10912
10917
11015
11016
11018
11020
11023
11024
11025
11026
11027
11028
11030
11031
11033
11035
11036
11039
11040
11041
11046
11047
11049
11141
11146
11149
11150
11152
11156
11157
11159
11160
11162
11165
11166
11167
11172
11174
11264
11265
11269
11270
11271
11273
11274
11275
11280
11283
11286
11287
11290
11291
11292
11294
11299
11391
11392
11393
11396
11398
11401
11402
11409
11414
11415
11417
11418
11419
11422
11424
11518
11521
11522
11525
11529
11530
11531
11536
11538
11539
11541
11542
11543
11545
11546
11641
11643
11645
11648
11649
11650
11652
11655
11656
11657
11663
11667
11668
11766
11771
11773
11783
11785
11788
11791
11792
11794
11795
11894
11895
11896
11897
11898
11900
11903
11905
11907
11908
11909
11910
11911
11916
11919
11921
12022
12023
12024
12025
12026
12028
12034
12040
12041
12148
12154
12155
12156
12160
12166
12272
12273
12274
12275
12276
12280
12281
12283
12284
12285
12286
12287
12291
12396
12402
12403
12404
12407
12408
12410
12412
12415
18144
18153
18158
18163
18164
18268
18270
18273
18275
18277
18278
18283
18285
18286
18287
18291
18292
18297
18394
18400
18403
18406
18407
18409
18411
18412
18415
18416
18417
18515
18516
18517
18518
18519
18525
18526
18531
18532
18536
18540
18544
18546
18643
18644
18650
18651
18652
18654
18659
18662
18664
18666
18667
18670
18784
18785
18786
18787
