280
282
283
285
286
287
288
290
393
395
396
397
401
402
403
411
415
416
417
419
421
514
516
518
519
522
525
526
530
533
534
536
539
540
541
545
546
549
638
642
646
651
652
653
654
658
659
660
661
662
663
664
666
674
769
772
773
775
776
778
781
783
787
793
794
894
896
897
901
907
908
910
913
915
916
917
918
1025
1026
1027
1029
1030
1032
1038
2774
2777
2779
2781
2782
2785
2786
2787
2788
2792
2894
2895
2898
2901
2903
2905
2911
2917
2920
2922
2924
3012
3013
3019
3020
3021
3023
3024
3029
3030
3035
3037
3041
3042
3045
3046
3048
3050
3141
3142
3145
3146
3148
3149
3152
3155
3163
3169
3170
3172
3176
3263
3265
3267
3269
3271
3272
3273
3277
3281
3284
3287
3288
3290
3291
3292
3296
3301
3389
3390
3391
3394
3401
3402
3406
3408
3411
3412
3414
3415
3418
3419
3520
3521
3525
3526
3528
3530
3532
3533
3535
3539
3542
5522
5523
5524
5525
5527
5528
5529
5530
5531
5532
5533
5535
5537
5538
5539
5540
5643
5644
5646
5647
5648
5650
5657
5659
5660
5661
5666
5668
5669
5670
5765
5766
5767
5768
5771
5772
5775
5778
5780
5783
5785
5793
5795
5889
5890
5891
5893
5898
5901
5902
5905
5907
5908
5909
5912
5914
5915
5916
5918
5919
5923
5924
6012
6013
6014
6015
6016
6017
6018
6019
6021
6022
6023
6025
6026
6027
6030
6033
6036
6039
6040
6042
6047
6050
6052
6136
6139
6141
6142
6143
6145
6146
6149
6151
6153
6154
6156
6157
6160
6161
6163
6169
6172
6175
6261
6263
6266
6271
6272
6274
6275
6276
6277
6279
6280
6281
6282
6287
6289
6291
6292
6293
6295
6297
6298
6385
6391
6393
6394
6395
6396
6398
6400
6401
6402
6404
6405
6408
6410
6411
6413
6416
6418
6419
6420
6424
6510
6517
6519
6522
6523
6524
6529
6530
6531
6533
6534
6535
6536
6537
6538
6540
6545
6546
6547
6550
6552
6638
6643
6646
6652
6654
6657
6659
6660
6662
6663
6664
6667
6669
6673
6676
6763
6764
6772
6773
6776
6777
6778
6780
6782
6784
6790
6791
6793
6797
6798
6892
6893
6894
6896
6898
6900
6901
6905
6906
6908
6911
6913
6919
6921
7021
7023
7027
7028
7155
7157
13404
13406
13410
13536
13539
13540
13541
13542
13543
13645
13646
13653
13654
13655
13661
13662
13663
13664
13668
13669
13765
13766
13771
13773
13774
13777
13779
13781
13783
13786
13787
13790
13791
13792
13799
13887
13889
13896
13898
13899
13904
13908
13909
13913
13915
13920
13923
13925
14010
14014
14018
14020
14023
14024
14026
14027
14028
14029
14030
14035
14036
14046
14047
14049
14050
14051
14053
14137
14138
14139
14140
14141
14143
14147
14149
14155
14157
14158
14164
14166
14167
14168
14169
14170
14172
14173
14175
14179
14259
14267
14269
14271
14273
14274
14276
14280
14281
14283
14291
14293
14296
14384
14386
14389
14392
14394
14395
14398
14399
14400
14405
14408
14411
14414
14427
14428
14509
14511
14515
14519
14521
14523
14524
14529
14531
14537
14538
14539
14540
14541
14543
14549
14551
14635
14639
14640
14641
14642
14646
14647
14650
14651
14652
14654
14656
14657
14658
14659
14663
14666
14670
14671
14675
14676
14768
14770
14773
14775
14776
14777
14778
14780
14782
14784
14788
14792
14794
14796
14892
14893
14898
14901
14903
14905
14907
14909
14910
14912
14913
14914
14916
14917
15024
15027
15029
15034
15039
16901
16904
16912
17015
17018
17020
17021
17022
17023
17027
17030
17033
17034
17036
17038
17039
17042
17139
17140
17142
17144
17146
17152
17154
17155
17157
17158
17159
17160
17162
17163
17164
17165
17166
17167
17168
17171
17172
17176
17263
17265
17267
17269
17271
17272
17276
17280
17281
17284
17285
17286
17287
17288
17291
17293
17296
17299
17300
17302
17303
17385
17387
17393
17399
17403
17404
17406
17413
17414
17415
17416
17417
17418
17420
17421
17423
17425
17511
17513
17515
17516
17519
17521
17522
17523
17525
17534
17535
17536
17538
17539
17542
17545
17640
17642
17647
17652
17654
17656
17657
17658
17659
17660
17661
17663
17667
17668
17670
17671
17672
17767
17768
17771
17777
17780
17782
17787
17789
17792
19404
19406
19516
19518
19519
19520
19521
19523
19526
19531
19532
19535
19544
19546
19640
19642
19643
19644
19645
19646
19649
19650
19651
19652
19653
19657
19662
19664
19665
19667
19670
19672
19674
19675
19676
19677
19764
19766
19771
19772
19778
19780
19783
19787
19788
19793
19796
19798
19800
19801
19884
19885
19886
19887
19889
19892
19894
19895
19896
19899
19901
19904
19905
19906
19907
19911
19912
19915
19916
19918
19920
19922
19923
19924
19926
19927
20012
20015
20018
20019
20020
20021
20022
20027
20029
20030
20031
20034
20035
20037
20038
20040
20041
20045
20048
20050
20051
20053
20139
20140
20143
20144
20145
20146
20148
20152
20156
20159
20160
20163
20165
20167
20171
20173
20174
20175
20273
20275
20276
20277
20278
20279
20283
20284
20285
20286
20289
20403
20407
