779
781
782
785
900
902
911
912
913
1027
1031
1032
1034
1036
1150
1156
1157
1159
1280
1281
7897
7899
7900
7905
7907
7909
8020
8022
8023
8024
8029
8030
8031
8033
8034
8036
8038
8042
8043
8149
8151
8153
8157
8159
8162
8164
8165
8169
8268
8269
8270
8272
8275
8283
8284
8287
8291
8395
8397
8401
8402
8410
8411
8412
8413
8414
8416
8417
8518
8520
8523
8526
8530
8532
8535
8536
8537
8642
8647
8648
8650
8652
8654
8658
8660
8661
8663
8665
8666
8671
8772
8773
8774
8779
8780
8781
8785
8788
8791
8894
8896
8900
8904
8906
8908
8909
8916
8918
8920
8921
9015
9017
9020
9022
9024
9030
9031
9143
9146
9148
9152
9155
9156
9157
9158
9161
9163
9168
9169
9170
9172
9265
9267
9268
9273
9274
9275
9276
9277
9279
9283
9284
9285
9290
9295
9296
9298
9391
9393
9399
9402
9403
9405
9408
9412
9414
9415
9418
9421
9517
9518
9521
9525
9526
9529
9531
9533
9534
9536
9537
9540
9542
9545
9547
9548
9646
9647
9651
9652
9654
9656
9658
9659
9660
9665
9669
9673
9764
9767
9768
9769
9770
9772
9777
9778
9780
9783
9786
9787
9790
9794
9892
9895
9896
9898
9906
9907
9908
9909
9914
9915
9916
9919
9920
10013
10015
10019
10023
10030
10032
10035
10040
10041
10043
10045
10046
10140
10144
10146
10151
10154
10155
10159
10160
10163
10165
10168
10170
10171
10173
10265
10266
10272
10274
10275
10276
10278
10279
10287
10288
10289
10292
10299
10389
10393
10395
10399
10400
10401
10402
10403
10408
10411
10413
10416
10417
10418
10424
10515
10516
10518
10520
10522
10523
10526
10527
10529
10531
10533
10536
10538
10539
10544
10545
10546
10641
10643
10646
10647
10648
10649
10653
10657
10658
10660
10662
10666
10668
10673
10764
10769
10771
10773
10775
10776
10778
10779
10783
10785
10786
10787
10788
10789
10790
10791
10792
10796
10890
10895
10897
10902
10905
10907
10908
10912
10913
10915
10916
10918
10921
11015
11018
11019
11022
11024
11025
11029
11030
11031
11034
11035
11036
11038
11041
11044
11047
11142
11143
11153
11154
11155
11156
11166
11168
11171
11172
11265
11270
11272
11280
11281
11285
11286
11291
11294
11295
11296
11392
11393
11394
11396
11399
11401
11404
11407
11409
11410
11413
11416
11418
11419
11521
11522
11523
11524
11525
11526
11529
11530
11533
11536
11537
11539
11540
11541
11542
11543
11643
11648
11649
11650
11651
11652
11654
11655
11657
11658
11662
11666
11668
11670
11768
11771
11776
11779
11781
11782
11788
11789
11793
11893
11894
11896
11897
11898
11900
11903
11904
11905
11906
11909
11912
11913
11915
11916
11917
11918
11919
11920
12023
12024
12025
12028
12030
12033
12039
12148
12150
12151
12153
12154
12156
12157
12163
12164
12273
12274
12275
12276
12277
12279
12280
12281
12282
12283
12284
12285
12289
12290
12397
12399
12402
12403
12408
12409
12411
12412
12413
12414
12416
12531
12535
12536
13030
13031
13032
13152
13154
13279
13281
13283
19271
19276
19278
19280
19283
19285
19390
19397
19399
19400
19405
19406
19407
19410
19411
19412
19414
19415
19420
19421
19514
19515
19516
19518
19520
19525
19528
19530
19535
19542
19543
19545
19546
19547
19549
19551
19636
19638
19643
19644
19646
19649
19652
19654
19658
19660
19661
19664
19665
19667
19669
19671
19672
19673
19676
19678
19759
19763
19764
19765
19766
19768
19771
19773
19774
19775
19776
19778
19779
19780
19781
19782
19783
19785
19786
19787
19789
19791
19792
19793
19795
19797
19798
19799
19800
19802
19804
19884
19885
19886
19892
19893
19898
19903
19906
19907
19908
19909
19910
19911
19916
19918
20011
20012
20013
20014
20018
20020
20023
20025
20027
20028
20030
20031
20032
20033
20035
20036
20038
20039
20040
20043
20044
20049
20050
20052
20135
20138
20144
20145
20147
20152
20154
20159
20160
20161
20162
20163
20164
20165
20167
20168
20170
20173
20176
20177
20263
20264
20269
20270
20271
20272
20276
20279
20280
20281
20283
20284
20290
20292
20293
20297
20299
20395
20400
20405
20407
20408
20409
20410
20413
20415
20416
20419
20521
20522
20524
20526
20528
20531
20538
20540
20541
