9
10
11
12
14
23
24
25
26
27
28
29
30
31
32
33
34
36
37
38
39
43
44
46
47
48
51
52
54
134
135
136
138
140
141
142
146
148
152
153
155
159
164
165
167
172
174
177
263
265
267
269
270
277
281
284
285
289
290
291
293
294
295
297
299
399
404
412
413
5647
5649
5651
5654
5665
5770
5771
5772
5773
5774
5775
5776
5779
5781
5786
5787
5788
5792
5793
5794
5796
5798
5888
5893
5894
5896
5897
5898
5900
5903
5904
5907
5912
5913
5916
5917
5918
5922
5925
6012
6014
6017
6019
6022
6025
6026
6028
6031
6032
6033
6036
6038
6043
6044
6047
6049
6139
6141
6142
6145
6147
6149
6153
6154
6155
6158
6160
6162
6163
6166
6169
6173
6174
6175
6267
6268
6270
6272
6274
6275
6277
6278
6281
6282
6285
6288
6289
6290
6291
6293
6298
6402
6405
6406
6408
6410
6412
6413
9907
9908
11899
11905
11906
11907
11913
11914
11916
11917
12019
12021
12022
12025
12026
12027
12028
12030
12035
12036
12038
12040
12042
12043
12146
12147
12148
12149
12151
12152
12153
12155
12158
12159
12161
12163
12164
12165
12280
