4393
4400
4401
4402
4403
4404
4405
4408
4409
4413
4414
4417
4515
4516
4518
4520
4521
4523
4525
4528
4533
4534
4535
4537
4538
4539
4541
4542
4544
4545
4550
4639
4641
4642
4646
4648
4649
4651
4652
4653
4654
4658
4659
4662
4666
4676
4760
4763
4764
4768
4769
4770
4773
4775
4776
4779
4783
4787
4788
4789
4790
4797
4798
4799
4801
4802
4804
4885
4889
4893
4895
4896
4900
4902
4907
4911
4912
4913
4915
4916
4917
4918
4920
4922
4924
5010
5011
5012
5018
5020
5022
5023
5024
5025
5026
5027
5028
5031
5036
5039
5041
5043
5044
5046
5048
5049
5052
5053
5138
5139
5141
5142
5150
5152
5154
5155
5159
5162
5166
5167
5169
5170
5172
5173
5269
5271
5272
5275
5282
5283
5286
5287
5289
5291
5295
5297
5393
5394
5399
5407
5410
5412
5415
5416
7781
7783
7903
7907
7909
