5398
5399
5400
5401
5406
5409
5410
5412
5413
5415
5416
5515
5520
5525
5527
5531
5534
5535
5538
5540
5542
5546
5548
5549
5639
5649
5650
5651
5652
5654
5656
5658
5659
5661
5662
5663
5666
5667
5670
5671
5673
5760
5764
5766
5768
5770
5771
5772
5773
5774
5781
5782
5783
5784
5785
5788
5789
5790
5791
5797
5798
5799
5800
5802
5884
5891
5894
5895
5896
5897
5898
5899
5904
5906
5908
5911
5914
5915
5919
5920
5922
5923
5924
5926
6009
6010
6015
6016
6018
6023
6024
6026
6028
6030
6033
6034
6035
6036
6040
6041
6044
6049
6136
6141
6142
6145
6146
6147
6148
6153
6154
6155
6156
6158
6159
6160
6162
6163
6165
6166
6173
6266
6270
6271
6272
6274
6277
6279
6280
6281
6282
6283
6284
6288
6289
6293
6297
6395
6400
6401
6403
6410
6416
8906
8908
