12
15
18
19
22
24
25
28
32
33
34
36
38
41
42
43
44
46
47
48
49
50
137
141
143
145
147
148
149
150
151
152
153
155
156
157
160
162
163
164
165
166
167
170
171
173
174
178
260
261
266
268
270
271
276
283
285
296
298
299
302
385
391
393
395
396
398
400
401
402
403
404
405
407
410
413
414
415
416
417
418
419
420
422
427
429
509
513
514
516
524
525
530
531
533
535
537
538
540
544
545
546
640
643
645
647
648
649
652
653
656
660
664
665
671
674
675
676
765
767
768
769
770
773
774
775
776
781
782
786
787
794
797
891
892
893
894
895
896
898
900
901
905
906
907
908
910
911
912
914
915
1026
1028
1033
1035
18906
18907
