4150
4152
4156
4162
4266
4268
4269
4270
4276
4277
4278
4279
4282
4283
4285
4292
4295
4296
4297
4393
4399
4403
4404
4407
4410
4412
4415
4418
4419
4420
4421
4422
4514
4516
4519
4524
4526
4530
4532
4537
4540
4542
4543
4547
4551
4636
4642
4645
4647
4648
4649
4651
4652
4655
4656
4657
4662
4664
4667
4669
4671
4672
4673
4677
4764
4769
4770
4771
4772
4773
4778
4781
4782
4789
4790
4791
4792
4793
4797
4798
4887
4894
4895
4903
4905
4906
4908
4909
4910
4913
4915
4917
4918
4925
5013
5017
5021
5022
5023
5024
5029
5030
5031
5032
5033
5035
5041
5043
5046
5047
5049
5141
5143
5145
5149
5152
5153
5155
5159
5164
5166
5168
5272
5275
5281
5285
5286
5287
10273
10274
10276
10277
10278
10279
10280
10281
10282
10285
10290
10291
10292
10294
10295
10388
10392
10396
10399
10400
10403
10405
10406
10409
10410
10413
10414
10416
10422
10517
10520
10521
10522
10525
10526
10527
10529
10530
10531
10535
10537
10538
10542
10543
10544
10545
10547
10549
10552
10637
10641
10645
10649
10650
10651
10652
10662
10664
10665
10667
10670
10671
10673
10674
10676
10759
10761
10767
10770
10774
10775
10777
10780
10782
10788
10790
10792
10795
10799
10801
10803
10885
10886
10887
10888
10889
10892
10894
10896
10898
10902
10903
10905
10908
10910
10912
10915
10918
10921
10924
10925
11010
11012
11013
11014
11016
11018
11020
11022
11023
11024
11025
11026
11028
11029
11030
11034
11036
11037
11038
11044
11047
11053
11136
11140
11146
11147
11148
11149
11153
11154
11157
11159
11160
11166
11168
11169
11170
11176
11264
11271
11274
11275
11284
11286
11289
11291
11292
11294
11396
11397
11398
11399
11404
11406
11409
11412
11413
11414
11416
11417
11418
11419
11420
