3520
3522
3523
3526
3527
3528
3532
3533
3534
3648
3652
3653
3654
3655
3658
3661
3662
3664
3765
3767
3768
3770
3773
3777
3781
3782
5138
5141
5144
5150
5153
5155
5156
5158
5162
5168
5169
5257
5259
5260
5265
5266
5267
5268
5270
5272
5274
5275
5276
5277
5279
5280
5281
5285
5286
5288
5290
5294
5297
5382
5385
5387
5391
5394
5396
5398
5403
5405
5408
5412
5416
5418
5420
5422
5507
5510
5514
5517
5518
5519
5522
5524
5528
5532
5534
5535
5536
5537
5542
5544
5546
5634
5636
5640
5641
5642
5643
5644
5645
5649
5650
5660
5661
5663
5664
5665
5668
5758
5761
5766
5768
5770
5771
5774
5777
5779
5780
5782
5786
5787
5788
5790
5792
5793
5794
5890
5893
5899
5907
5912
5914
8018
8021
8022
8024
8026
8029
8030
8032
8139
8140
8141
8144
8146
8147
8148
8149
8151
8158
8159
8160
8162
8163
8165
8258
8259
8260
8263
8265
8267
8268
8270
8271
8272
8276
8280
8281
8282
8283
8285
8289
8291
8295
8381
8385
8388
8389
8395
8396
8398
8400
8401
8405
8410
8412
8413
8415
8418
8419
8507
8509
8514
8515
8516
8517
8520
8521
8523
8524
8525
8526
8528
8532
8533
8534
8542
8631
8632
8634
8636
8638
8639
8646
8649
8650
8651
8652
8657
8662
8664
8665
8666
8668
8672
8673
8756
8758
8759
8762
8764
8766
8770
8777
8780
8783
8784
8788
8791
8794
8795
8880
8882
8885
8888
8891
8892
8893
8894
8896
8897
8898
8899
8903
8904
8905
8909
8915
8917
8918
8923
9007
9009
9010
9012
9015
9020
9021
9023
9024
9027
9032
9033
9035
9036
9037
9046
9131
9134
9140
9148
9149
9153
9155
9157
9159
9161
9163
9164
9165
9166
9167
9174
9256
9257
9259
9262
9264
9266
9269
9272
9273
9274
9275
9276
9277
9278
9279
9283
9289
9297
9382
9384
9385
9389
9391
9392
9395
9396
9397
9400
9402
9404
9405
9406
9407
9409
9414
9416
9417
9418
9419
9424
9504
9505
9508
9511
9514
9518
9525
9526
9527
9528
9532
9535
9536
9539
9540
9542
9546
9635
9638
9641
9642
9643
9644
9645
9650
9652
9658
9659
9660
9661
9662
9664
9665
9669
9670
9671
9672
9754
9757
9759
9761
9764
9766
9767
9769
9770
9773
9774
9775
9776
9779
9782
9783
9785
9786
9788
9789
9791
9792
9794
9795
9882
9885
9886
9887
9888
9889
9892
9895
9902
9904
9906
9910
9914
9916
9918
9921
9922
10008
10016
10020
10023
10024
10027
10028
10030
10034
10036
10040
10043
10044
10046
10048
10138
10143
10145
10146
10148
10149
10154
10155
10156
10158
10161
10163
10166
10167
10169
10171
10259
10263
10266
10267
10270
10271
10274
10276
10287
10288
10294
10380
10381
10384
10386
10392
10394
10397
10399
10401
10404
10407
10409
10412
10413
10423
10506
10508
10509
10510
10512
10513
10516
10517
10518
10520
10524
10526
10528
10530
10531
10633
10634
10639
10644
10648
10649
10654
10658
10660
10661
10662
10663
10667
10669
10757
10758
10759
10772
10773
10774
10775
10777
10781
10791
10794
10795
10889
10890
10892
10895
10897
10900
10902
10903
10904
10905
10906
10907
10911
10913
10914
10917
10918
10919
10920
11010
11013
11015
11016
11021
11024
11027
11030
11032
11034
11036
11141
11144
11145
11153
11154
11156
11160
11164
11166
11262
11264
11268
11274
11276
11278
11280
11282
11284
11285
11287
11290
11291
11388
11389
11395
11397
11401
11404
11407
11408
11409
11411
11412
11414
11415
11416
11524
11526
11530
11532
11647
11648
11650
11652
11657
11772
11775
11779
11899
