505
507
508
509
512
513
515
516
518
519
521
529
533
535
536
541
542
546
634
635
641
642
645
646
650
652
653
654
655
656
657
658
659
660
662
664
665
668
669
762
765
766
769
770
773
774
778
781
783
785
2394
2395
2396
2406
2408
2513
2514
2516
2517
2519
2523
2526
2527
2531
2534
2535
2536
2539
2639
2640
2642
2643
2647
2649
2651
2658
2660
2662
2663
2666
2668
2670
2754
2759
2762
2763
2765
2766
2768
2770
2771
2775
2776
2778
2781
2784
2785
2787
2791
2793
2794
2796
2798
2884
2885
2886
2894
2897
2901
2902
2904
2907
2909
2910
2917
2923
2924
3005
3006
3007
3008
3011
3014
3016
3017
3021
3022
3023
3028
3030
3031
3034
3035
3039
3045
3131
3132
3133
3134
3137
3140
3141
3147
3148
3151
3153
3154
3155
3162
3164
3170
3265
3269
3271
3274
3277
3279
3282
3283
3284
4898
4899
4900
4902
5017
5018
5026
5029
5032
5037
5039
5040
5041
5042
5134
5137
5141
5144
5145
5149
5152
5153
5156
5158
5159
5162
5163
5166
5169
5172
5260
5261
5264
5268
5270
5271
5274
5278
5279
5283
5284
5289
5387
5392
5394
5395
5396
5397
5398
5399
5400
5401
5406
5408
5409
5412
5413
5414
5415
5506
5507
5509
5510
5513
5515
5518
5520
5523
5527
5528
5529
5530
5533
5534
5535
5536
5538
5539
5542
5543
5544
5546
5547
5632
5635
5636
5638
5639
5641
5645
5646
5651
5652
5654
5656
5657
5658
5659
5665
5667
5669
5670
5671
5758
5761
5764
5765
5766
5768
5769
5772
5773
5774
5775
5776
5780
5781
5783
5784
5788
5790
5792
5796
5885
5886
5887
5888
5890
5893
5895
5896
5898
5900
5901
5903
5906
5910
5911
5912
5914
5915
5917
5919
5920
6013
6014
6027
6030
6033
6035
6037
6039
6041
6042
6140
6141
6148
6149
6150
6151
6154
6158
6162
6274
6277
6279
10516
10523
10525
10527
10530
10534
10537
10541
10637
10638
10639
10643
10648
10650
10655
10661
10662
10665
10764
10766
10769
10773
10776
10779
10781
10784
10787
10789
10899
10900
10902
10908
10909
10914
10916
11007
11012
11014
11017
11018
11021
11022
11025
11026
11033
11034
11041
11045
11132
11137
11140
11141
11144
11146
11147
11152
11154
11155
11156
11158
11159
11160
11161
11165
11166
11258
11264
11267
11271
11272
11273
11275
11277
11280
11281
11283
11286
11287
11292
11293
11296
11382
11393
11395
11396
11401
11405
11407
11412
11415
11417
11421
11506
11507
11508
11510
11514
11515
11516
11520
11521
11523
11524
11525
11526
11535
11536
11538
11541
11633
11635
11638
11640
11644
11649
11651
11652
11653
11654
11657
11660
11663
11664
11755
11758
11760
11763
11766
11770
11771
11774
11782
11786
11787
11788
11791
11793
11798
11880
11884
11890
11892
11893
11897
11903
11904
11905
11907
11916
11918
11920
11921
11923
12004
12006
12007
12010
12011
12014
12015
12021
12022
12024
12025
12026
12027
12029
12031
12032
12034
12036
12038
12039
12041
12047
12050
12051
12127
12134
12136
12138
12142
12146
12148
12150
12153
12155
12156
12158
12163
12164
12167
12168
12170
12252
12259
12261
12267
12269
12272
12273
12275
12277
12279
12282
12293
12294
12295
12297
12380
12381
12383
12384
12385
12388
12392
12393
12395
12399
12400
12401
12402
12409
12415
12416
12419
12423
12511
12518
12519
12524
12526
12530
12531
12532
12533
12534
12537
12538
12539
12543
12545
12627
12629
12631
12632
12633
12634
12635
12643
12644
12645
12646
12648
12653
12654
12657
12658
12663
12664
12666
12667
12669
12670
12673
12675
12676
12756
12757
12758
12762
12764
12771
12776
12782
12785
12786
12787
12791
12792
12800
12877
12878
12881
12882
12885
12887
12890
12892
12893
12900
12901
12902
12904
12907
12909
12911
12913
12914
12915
12916
12917
12919
12921
12924
13002
13003
13004
13005
13006
13009
13015
13018
13019
13020
13021
13022
13023
13027
13032
13036
13039
13044
13045
13046
13047
13049
13050
13051
13130
13131
13138
13139
13141
13142
13145
13146
13147
13148
13149
13150
13158
13160
13161
13163
13164
13166
13172
13174
13175
13252
13253
13256
13257
13259
13260
13266
13267
13268
13270
13272
13274
13276
13277
13278
13281
13285
13286
13287
13288
13294
13296
13380
13381
13384
13385
13389
13392
13393
13394
13395
13397
13399
13401
13402
13403
13404
13405
13406
13409
13410
13413
13414
13415
13417
13420
13508
13509
13513
13519
13522
13523
13524
13526
13527
13531
13532
13535
13538
13543
13544
13547
13548
13633
13634
13635
13639
13640
13641
13645
13650
13655
13656
13657
13660
13661
13665
13672
13756
13760
13762
13766
13769
13771
13774
13775
13776
13777
13778
13781
13782
13784
13785
13787
13791
13793
13886
13887
13894
13899
13900
13904
13907
13912
13915
14012
14013
14014
14017
14019
14023
14025
14032
14034
14036
14037
14141
14143
14145
14146
14148
14153
14274
14279
16646
16647
16650
16651
16656
16658
16660
16662
16765
16769
16771
16773
16774
16779
16785
16787
16791
16885
16887
16888
16890
16892
16895
16897
16899
16902
16905
16908
16909
16913
16916
16918
17006
17008
17010
17011
17012
17013
17014
17015
17017
17018
17020
17021
17022
17024
17025
17026
17028
17031
17032
17037
17040
17041
17042
17043
17132
17138
17151
17152
17156
17158
17161
17162
17167
17265
17267
17270
17272
17276
17278
17280
17283
17284
17285
17286
17287
17292
17388
17394
17398
17399
17400
17402
17406
17408
17410
17413
17416
19266
19267
19269
19277
19278
19280
19281
19282
19285
19387
19393
19394
19397
19398
19399
19402
19403
19405
19406
19409
19410
19416
19417
19509
19512
19513
19518
19519
19521
19522
19526
19528
19530
19531
19533
19537
19541
19635
19636
19637
19638
19642
19643
19647
19650
19658
19662
19663
19664
19668
19764
19776
19778
19779
19781
19785
19786
19789
19792
19890
19891
19900
19903
19904
19907
19908
19912
19914
20021
20022
20024
