511
512
521
522
524
525
530
531
533
534
537
540
542
543
639
642
645
648
649
650
653
659
662
664
6520
6521
6525
6527
6528
6529
6533
6637
6642
6643
6645
6646
6649
6656
6657
6659
6661
6664
6759
6760
6762
6764
6768
6769
6770
6775
6776
6777
6779
6782
6783
6784
6785
6786
6788
6790
6791
6881
6883
6886
6887
6888
6890
6891
6892
6893
6894
6896
6897
6899
6901
6904
6906
6908
6910
6911
6912
6913
6919
6921
7008
7012
7015
7019
7021
7022
7024
7028
7030
7031
7032
7033
7034
7035
7037
7039
7041
7129
7133
7134
7137
7140
7141
7142
7143
7145
7146
7152
7154
7155
7156
7157
7159
7162
7164
7165
7168
7173
7254
7255
7257
7261
7264
7265
7269
7271
7273
7278
7279
7282
7285
7287
7289
7290
7292
7295
7299
7379
7381
7382
7386
7387
7388
7389
7390
7392
7393
7395
7399
7403
7410
7411
7414
7416
7417
7418
7419
7420
7422
7506
7508
7509
7519
7520
7521
7524
7526
7528
7529
7532
7533
7534
7535
7545
7548
7632
7634
7635
7638
7642
7643
7644
7646
7647
7648
7649
7650
7651
7655
7661
7662
7663
7664
7669
7763
7764
7765
7766
7767
7769
7772
7774
7777
7779
7782
7783
7784
7785
7787
7793
7888
7892
7893
7894
7895
7896
7898
7901
7902
7903
7904
7905
7909
7912
7914
7915
8026
8034
18764
18766
18771
18772
18773
18777
18778
18779
18783
18785
18789
18883
18884
18886
18888
18897
18900
18902
18903
18905
18906
18909
18912
18913
18917
18919
19006
19009
19014
19017
19018
19021
19025
19029
19030
19031
19032
19034
19035
19038
19041
19042
19045
19047
19131
19132
19135
19138
19141
19142
19143
19145
19146
19149
19151
19153
19154
19155
19157
19158
19159
19161
19162
19163
19168
19258
19262
19263
19266
19267
19268
19269
19270
19272
19273
19274
19281
19282
19384
19388
19389
19391
19392
19394
19398
19399
19402
19403
19409
19412
19414
19519
19521
19528
