6798
6800
6803
6804
6805
6808
6809
6810
6812
6918
6928
6929
6930
6931
6932
6933
6941
6943
6944
7040
7043
7047
7051
7053
7054
7055
7057
7058
7062
7064
7065
7066
7068
7069
7070
7071
7072
7164
7165
7167
7168
7170
7173
7179
7181
7183
7184
7185
7189
7191
7192
7199
7286
7288
7290
7292
7295
7298
7299
7300
7302
7303
7304
7305
7307
7309
7310
7311
7312
7314
7317
7318
7319
7324
7325
7411
7412
7413
7423
7424
7426
7427
7428
7429
7430
7431
7432
7435
7437
7438
7440
7442
7443
7445
7446
7447
7451
7452
7535
7536
7538
7542
7545
7547
7549
7550
7551
7554
7555
7557
7558
7560
7562
7563
7564
7565
7567
7569
7570
7572
7576
7659
7660
7668
7669
7671
7679
7681
7687
7688
7690
7692
7695
7703
7785
7788
7789
7792
7793
7794
7799
7803
7807
7809
7811
7812
7815
7818
7820
7822
7825
7826
7911
7913
7914
7920
7922
7924
7926
7929
7930
7933
7935
7940
7941
7942
7943
7945
7946
7948
7953
7954
8039
8040
8041
8042
8043
8045
8048
8049
8050
8052
8053
8054
8055
8057
8058
8059
8060
8062
8063
8069
8070
8071
8072
8073
8076
8077
8160
8164
8165
8166
8168
8169
8170
8171
8172
8175
8176
8177
8179
8180
8181
8182
8187
8189
8190
8194
8195
8198
8200
8287
8288
8289
8291
8292
8293
8294
8296
8298
8299
8300
8302
8307
8308
8311
8312
8321
8326
8412
8413
8414
8415
8419
8420
8425
8430
8431
8432
8433
8434
8435
8436
8441
8442
8444
8446
8448
8449
8538
8540
8543
8544
8545
8548
8549
8554
8556
8558
8561
8564
8565
8569
8570
8576
8662
8664
8667
8672
8673
8674
8675
8677
8680
8682
8684
8685
8691
8692
8694
8698
8787
8789
8792
8793
8795
8796
8797
8799
8800
8801
8802
8805
8806
8808
8809
8810
8814
8815
8817
8819
8821
8822
8824
8826
8912
8914
8915
8916
8918
8919
8922
8924
8925
8926
8927
8928
8931
8932
8934
8937
8939
8940
8941
8942
8943
8945
8949
8950
9039
9042
9046
9049
9051
9052
9054
9063
9065
9068
9070
9073
9164
9171
9179
9180
9182
9186
9187
9188
9189
9193
9196
9197
9200
9288
9293
9296
9297
9298
9301
9302
9310
9313
9321
9322
9417
9418
9420
9421
9423
9427
9428
9432
9435
9438
9440
9443
9541
9543
9549
9550
9551
9554
9555
9558
9559
9566
9569
9570
9572
9573
9663
9666
9668
9674
9676
9677
9678
9680
9681
9684
9685
9690
9692
9695
9698
9699
9795
9799
9800
9801
9803
9804
9806
9809
9812
9816
9817
9820
9821
9915
9916
9918
9919
9921
9930
9931
9933
9935
9937
9938
9939
9941
9942
9946
9948
10050
10052
10053
10055
10057
10062
10068
10070
10073
10165
10166
10167
10168
10169
10170
10171
10173
10175
10176
10177
10184
10187
10192
10195
10198
10301
10303
10304
10306
10310
10311
10322
10418
10421
10423
10424
10429
10436
10440
10446
10546
10549
10554
10556
10559
10560
10561
10562
10563
10567
10667
10668
10671
10674
10675
10678
10683
10684
10687
10691
10793
10795
10798
10801
10802
10803
10808
10809
10813
10814
10816
10819
10820
10922
10923
10932
10933
10936
10939
11055
11064
11065
11171
11172
11173
11175
11179
11180
11189
11190
11301
11304
11306
11315
11316
16179
16180
16182
16302
16308
16310
