6278
6393
6398
6399
6402
6406
6408
6410
6515
6518
6519
6520
6521
6524
6525
6530
6531
6534
6538
6638
6641
6642
6645
6650
6651
6654
6655
6657
6658
6659
6662
6664
6765
6766
6767
6772
6775
6777
6778
6781
6786
6894
6895
6897
6898
6905
6907
10524
10527
10653
10776
10779
11009
11012
11015
11019
11025
11028
11032
11033
11034
11041
11043
11134
11136
11137
11140
11143
11146
11148
11150
11152
11161
11163
11259
11260
11261
11262
11263
11268
11269
11276
11278
11279
11280
11283
11286
11292
11293
11392
11397
11408
11409
11410
11505
11508
11514
11517
11518
11520
11521
11523
11525
11528
11529
11531
11532
11533
11536
11541
11545
11547
11629
11633
11635
11638
11643
11645
11646
11650
11655
11657
11662
11664
11666
11667
11670
11760
11765
11766
11768
11773
11775
11777
11778
11779
11781
11782
11786
11788
11789
11790
11792
11794
11795
11879
11881
11883
11884
11887
11888
11889
11890
11891
11893
11897
11898
11899
11901
11904
11905
11907
11914
11921
12002
12006
12009
12012
12017
12018
12019
12020
12021
12022
12024
12025
12027
12028
12031
12032
12033
12034
12035
12036
12038
12044
12045
12046
12047
12049
12051
12128
12130
12131
12132
12134
12135
12136
12137
12138
12139
12142
12145
12150
12154
12156
12157
12159
12160
12161
12162
12163
12169
12170
12173
12176
12257
12258
12260
12264
12271
12272
12274
12276
12278
12279
12280
12286
12288
12289
12294
12295
12296
12378
12383
12386
12390
12392
12395
12401
12403
12405
12408
12409
12411
12412
12413
12417
12420
12422
12506
12508
12513
12514
12517
12518
12519
12520
12521
12522
12537
12539
12542
12546
12547
12552
12627
12630
12635
12641
12642
12643
12648
12649
12652
12656
12657
12663
12665
12750
12753
12754
12758
12762
12764
12766
12769
12771
12772
12774
12777
12780
12784
12787
12788
12794
12797
12799
12880
12881
12889
12892
12893
12894
12895
12897
12899
12901
12903
12906
12908
12911
12912
12915
12918
12919
12922
12924
12926
12927
13004
13005
13006
13013
13014
13015
13017
13020
13026
13028
13031
13032
13033
13036
13037
13040
13041
13042
13046
13049
13052
13126
13127
13134
13135
13140
13141
13142
13144
13151
13153
13157
13159
13163
13167
13168
13169
13172
13176
13256
13258
13264
13265
13267
13268
13273
13275
13277
13279
13281
13284
13285
13287
13290
13292
13295
13296
13299
13377
13378
13383
13387
13391
13393
13395
13396
13398
13399
13401
13402
13403
13405
13411
13412
13415
13419
13420
13421
13422
13507
13508
13517
13518
13519
13520
13521
13523
13524
13525
13526
13527
13528
13530
13532
13534
13544
13634
13639
13640
13644
13645
13649
13652
13655
13656
13660
13665
13763
13766
13771
13772
13773
13774
15771
15775
15778
15780
15889
15890
15892
15893
15894
15899
15904
15908
15909
15910
15911
15912
15914
15915
16010
16011
16013
16014
16015
16016
16018
16019
16021
16025
16029
16030
16031
16033
16034
16035
16041
16042
16043
16131
16133
16134
16137
16138
16139
16141
16143
16150
16153
16157
16159
16160
16161
16162
16165
16168
16169
16257
16262
16263
16268
16272
16273
16277
16278
16282
16283
16284
16285
16286
16289
16290
16292
16293
16294
16385
16391
16395
16396
16399
16403
16405
16408
16411
16413
