1049
1050
1053
1057
1058
1061
1172
1174
1176
1178
1180
1182
1185
1186
1190
1194
1195
1197
1289
1290
1291
1294
1295
1296
1301
1303
1306
1307
1311
1312
1313
1317
1318
1321
1322
1412
1414
1417
1418
1422
1423
1426
1431
1432
1434
1437
1438
1440
1443
1446
1448
1449
1450
1538
1540
1542
1543
1546
1549
1552
1554
1555
1557
1561
1562
1563
1566
1567
1569
1575
1665
1671
1674
1675
1678
1679
1683
1685
1686
1690
1691
1693
1695
1697
1702
1789
1790
1791
1792
1795
1796
1800
1801
1802
1804
1805
1808
1812
1813
1814
1817
1819
1823
1825
1914
1918
1920
1922
1923
1926
1928
1929
1930
1931
1946
2040
2041
2043
2044
2048
2050
2051
2056
2057
2059
2061
2065
2070
2170
2172
2175
2176
2181
2183
2184
2185
2190
2192
8426
8429
8433
8434
8436
8551
8554
8556
8558
8562
8678
8679
8681
8683
8686
8688
8799
8800
8802
8805
8807
8808
8812
8920
8924
8925
8926
8928
8933
8938
8942
9048
9052
9055
9057
9059
9061
9062
9063
9066
9067
9068
9069
9070
9167
9168
9169
9170
9171
9172
9176
9184
9186
9187
9189
9192
9193
9292
9293
9298
9299
9303
9305
9308
9310
9313
9413
9418
9424
9427
9428
9429
9431
9432
9433
9434
9436
9437
9438
9441
9444
9450
9538
9545
9547
9548
9549
9551
9554
9555
9556
9557
9558
9559
9562
9564
9568
9571
9575
9664
9666
9667
9670
9672
9675
9677
9681
9682
9684
9689
9691
9692
9697
9791
9792
9795
9801
9802
9804
9805
9806
9807
9808
9811
9815
9819
9822
9823
9921
9923
9924
9926
9927
9928
9929
9930
9932
9933
9934
9936
9937
9940
9942
9944
9945
9950
9951
9952
10035
10037
10043
10047
10055
10056
10057
10062
10068
10069
10072
10073
10076
10077
10162
10167
10168
10182
10183
10188
10189
10191
10195
10197
10198
10284
10293
10294
10295
10296
10301
10304
10305
10307
10312
10314
10316
10317
10318
10319
10320
10321
10408
10410
10411
10412
10414
10415
10417
10420
10421
10426
10428
10429
10430
10434
10437
10438
10439
10441
10443
10444
10446
10451
10534
10538
10539
10542
10544
10545
10548
10549
10550
10554
10555
10556
10558
10560
10562
10567
10570
10575
10576
10579
10657
10658
10660
10663
10668
10669
10672
10673
10677
10680
10681
10684
10690
10692
10693
10694
10695
10703
10705
10788
10790
10791
10795
10798
10801
10808
10809
10814
10815
10818
10819
10820
10821
10822
10825
10826
10906
10911
10915
10920
10921
10924
10925
10928
10929
10930
10931
10933
10936
10940
10942
10943
10945
10946
10950
10954
11036
11039
11042
11047
11053
11054
11055
11056
11059
11067
11068
11070
11072
11074
11075
11077
11078
11079
11159
11160
11166
11168
11171
11173
11175
11177
11178
11179
11180
11181
11186
11187
11190
11191
11195
11199
11201
11202
11206
11281
11283
11290
11296
11298
11299
11302
11306
11307
11308
11310
11312
11313
11318
11319
11320
11325
11326
11405
11416
11417
11418
11419
11420
11424
11430
11440
11441
11442
11446
11447
11448
11450
11452
11455
11537
11539
11540
11541
11543
11549
11553
11555
11556
11558
11560
11562
11563
11565
11567
11570
11571
11573
11575
11576
11578
11579
11658
11661
11663
11664
11666
11668
11672
11674
11683
11684
11687
11688
11693
11694
11696
11697
11700
11702
11703
11704
11782
11787
11792
11794
11798
11801
11803
11805
11806
11807
11810
11812
11813
11818
11824
11825
11827
11904
11910
11919
11921
11923
11924
11925
11926
11928
11929
11931
11932
11934
11935
11936
11937
11939
11940
11947
11948
11949
11952
11953
11954
12033
12035
12039
12043
12047
12049
12052
12056
12059
12060
12061
12062
12063
12071
12073
12074
12075
12076
12079
12080
12083
12155
12157
12158
12165
12167
12170
12171
12177
12178
12179
12180
12181
12183
12185
12186
12187
12189
12190
12191
12193
12195
12198
12203
12206
12207
12279
12284
12286
12289
12290
12292
12293
12294
12299
12302
12304
12306
12308
12310
12315
12319
12321
12322
12327
12333
12404
12405
12407
12410
12411
12412
12414
12416
12417
12423
12425
12431
12435
12436
12437
12439
12440
12446
12447
12449
12451
12458
12533
12535
12536
12539
12540
12546
12548
12549
12550
12553
12555
12556
12558
12559
12562
12563
12564
12566
12570
12572
12575
12582
12656
12658
12661
12663
12669
12671
12672
12674
12675
12677
12678
12680
12681
12682
12685
12686
12687
12688
12689
12691
12693
12698
12702
12704
12705
12707
12779
12784
12788
12789
12791
12792
12793
12794
12795
12799
12800
12803
12805
12806
12807
12808
12812
12816
12817
12820
12823
12826
12827
12905
12911
12918
12920
12921
12922
12926
12927
12928
12930
12937
12942
12943
12946
12947
12948
12950
12958
13031
13037
13041
13042
13046
13051
13052
13056
13057
13059
13062
13064
13069
13070
13072
13077
13157
13159
13160
13161
13162
13164
13165
13166
13167
13170
13171
13173
13174
13178
13181
13182
13183
13184
13185
13190
13191
13192
13193
13194
13197
13198
13200
13202
13284
13285
13291
13293
13294
13298
13300
13302
13303
13304
13306
13307
13309
13314
13315
13316
13318
13320
13322
13323
13326
13327
13329
13330
13410
13413
13414
13415
13416
13418
13419
13420
13422
13426
13429
13431
13434
13435
13436
13441
13442
13443
13445
13446
13449
13451
13535
13539
13541
13546
13554
13557
13561
13562
13565
13566
13572
13574
13576
13665
13668
13670
13672
13673
13674
13677
13678
13679
13680
13683
13686
13687
13689
13690
13699
13701
13788
13791
13796
13798
13801
13802
13804
13808
13809
13811
13814
13819
13914
13916
13923
13931
13932
13933
13934
13935
13936
13937
13940
13941
13942
13943
13944
13947
14040
14044
14045
14046
14047
14048
14058
14059
14061
14065
14070
14170
14171
14176
14177
14186
14187
14188
14189
19934
20047
20050
20055
20056
20059
20062
20064
20065
20167
20169
20175
20176
20178
20179
20180
20182
20184
20185
20186
20188
20189
20190
20192
20195
20290
20291
20293
20295
20298
20299
20300
20301
20302
20305
20306
20307
20309
20310
20311
20314
20315
20317
20319
20321
20322
20323
20423
20432
20435
20436
20438
20439
20444
20446
20448
20449
20538
20540
20548
20550
20552
20553
20558
20565
20567
20569
20570
20571
20665
20669
20670
20671
20677
20679
20681
20685
20686
20688
20692
20693
20696
20698
20699
20791
20800
20801
20804
20810
20816
20817
20819
20820
20821
20920
20922
20923
20926
20931
20935
20937
20941
