11426
11427
11433
11435
11437
11438
11439
11440
11441
11442
11444
11544
11545
11547
11555
11557
11559
11562
11563
11565
11566
11569
11674
11675
11677
11685
11688
11692
11693
11794
11796
11803
11804
11809
11811
11812
11813
11816
11819
11918
11921
11926
11927
11929
11930
11933
11937
11939
11947
11949
12043
12047
12048
12051
12052
12056
12057
12059
12060
12062
12070
12164
12166
12167
12168
12173
12175
12177
12178
12183
12184
12190
12196
12199
12289
12293
12295
12299
12302
12303
12306
12308
12310
12311
12313
12314
12315
12316
12323
12324
12417
12418
12424
12425
12426
12433
12437
12438
12439
12442
12444
12450
12538
12541
12542
12544
12555
12556
12557
12663
12673
12676
12679
12680
12682
12683
12686
12692
12693
12695
12698
12790
12791
12793
12794
12796
12798
12802
12805
12806
12813
12817
12818
12819
12820
12914
12915
12923
12924
12927
12929
12938
12939
12944
12945
13041
13043
13050
13051
13053
13054
13059
13060
13064
13065
13066
13067
13068
13069
13071
13072
13166
13168
13171
13174
13175
13185
13187
13189
13191
13193
13197
13295
13296
13298
13299
13300
13304
13306
13307
13308
13311
13312
15670
15672
15675
15677
15678
15681
15683
15686
15687
15688
15689
15694
15794
15797
15799
15800
15801
15802
15803
15804
15807
15809
15813
15817
15818
15911
15912
15915
15918
15920
15923
15924
15928
15929
15930
15931
15933
15934
15937
15939
15942
15944
15945
15947
15951
16035
16036
16040
16043
16044
16045
16048
16052
16054
16057
16058
16062
16063
16066
16067
16068
16069
16071
16072
16074
16075
16078
16160
16162
16171
16172
16175
16177
16181
16182
16183
16184
16187
16189
16193
16197
16200
16201
16202
16288
16290
16291
16297
16298
16300
16301
16306
16307
16308
16310
16311
16313
16320
16321
16323
16324
17550
17558
17559
17670
17672
17674
17675
17681
17682
17683
17684
17685
17688
17689
17690
17697
17699
17789
17791
17792
17794
17796
17797
17798
17807
17811
17812
17813
17814
17815
17816
17819
17820
17822
17911
17914
17915
17916
17917
17919
17920
17923
17929
17930
17932
17935
17936
17941
17942
17944
17945
17947
17948
18043
18045
18047
18049
18051
18055
18057
18058
18059
18060
18062
18064
18065
18066
18067
18069
18071
18072
18073
