1798
1799
1802
1807
1811
1814
1919
1921
1922
1926
1927
1928
1929
1932
1933
1934
1935
1939
1942
1943
1944
2038
2043
2047
2053
2054
2060
2064
2066
2071
2072
2161
2162
2164
2165
2166
2171
2174
2175
2181
2183
2184
2185
2186
2188
2189
2190
2191
2194
2195
2196
2201
2285
2286
2288
2293
2294
2298
2299
2301
2304
2305
2306
2307
2310
2312
2316
2319
2320
2322
2323
2324
2328
2411
2413
2418
2419
2420
2423
2424
2427
2430
2431
2432
2433
2435
2437
2440
2441
2443
2444
2445
2447
2448
2451
2539
2540
2544
2546
2548
2551
2554
2556
2559
2560
2566
2568
2570
2571
2673
2674
2675
2680
2687
2689
4418
4421
4422
4423
4425
4426
4428
4429
4431
4436
4439
4441
4443
4444
4449
4537
4538
4539
4540
4548
4549
4552
4554
4555
4557
4563
4564
4566
4567
4568
4570
4571
4576
4660
4662
4663
4664
4665
4666
4669
4673
4674
4677
4678
4679
4680
4682
4684
4686
4691
4693
4694
4698
4700
4702
4785
4789
4791
4792
4797
4800
4802
4803
4806
4808
4809
4810
4812
4813
4814
4815
4817
4825
4829
4909
4910
4912
4913
4915
4917
4918
4919
4921
4923
4924
4925
4926
4927
4929
4932
4935
4936
4937
4939
4943
4944
4946
4947
4948
4950
4951
5041
5042
5043
5044
5045
5046
5047
5049
5051
5052
5053
5054
5055
5065
5068
5074
5171
5174
5176
5177
5180
5183
5184
5189
5191
5193
5195
5300
5303
5304
5308
5310
8048
8052
8053
8054
8060
8061
8167
8168
8171
8173
8174
8177
8180
8181
8184
8185
8187
8189
8190
8291
8294
8298
8299
8300
8301
8304
8305
8306
8308
8310
8311
8312
8315
8319
8320
8321
8323
8324
8410
8414
8415
8418
8420
8421
8422
8423
8429
8431
8435
8438
8440
8441
8442
8446
8449
8536
8540
8541
8542
8544
8549
8552
8553
8554
8555
8558
8559
8563
8567
8569
8571
8573
8574
8575
8577
8660
8662
8663
8667
8670
8671
8673
8675
8676
8677
8678
8686
8687
8688
8689
8691
8694
8696
8697
8790
8791
8792
8800
8801
8805
8809
8811
8813
8814
8816
8817
8820
8822
8824
8908
8910
8911
8913
8915
8916
8920
8923
8924
8925
8927
8928
8932
8933
8934
8937
8944
8945
8947
8948
8949
9034
9038
9041
9042
9043
9047
9053
9056
9057
9059
9060
9064
9069
9071
9072
9074
9161
9162
9164
9170
9175
9177
9179
9181
9182
9184
9186
9192
9196
9197
9199
9200
9201
9285
9288
9289
9291
9292
9295
9296
9297
9300
9301
9303
9305
9311
9313
9314
9315
9316
9317
9318
9320
9322
9325
9406
9413
9417
9419
9421
9422
9423
9425
9426
9429
9430
9431
9432
9438
9443
9448
9451
9532
9533
9535
9536
9537
9543
9545
9546
9548
9551
9554
9555
9556
9559
9560
9562
9563
9564
9565
9566
9567
9568
9569
9571
9572
9573
9574
9575
9576
9577
9581
9659
9661
9664
9668
9670
9671
9675
9676
9679
9683
9686
9687
9692
9694
9695
9699
9701
9704
9782
9783
9788
9789
9791
9793
9794
9796
9797
9798
9799
9801
9803
9804
9805
9806
9808
9809
9810
9812
9814
9817
9821
9824
9825
9906
9907
9914
9915
9917
9919
9920
9922
9923
9924
9925
9927
9929
9934
9936
9937
9940
9941
9942
9943
9944
9947
9948
9950
9952
9957
9958
10030
10031
10033
10034
10036
10040
10041
10042
10044
10047
10048
10051
10052
10053
10055
10059
10060
10062
10063
10064
10068
10069
10071
10074
10079
10083
10155
10170
10171
10173
10174
10183
10186
10188
10190
10191
10192
10193
10195
10197
10203
10204
10206
10283
10285
10294
10295
10296
10298
10299
10300
10301
10302
10305
10306
10307
10310
10311
10312
10314
10316
10318
10321
10323
10324
10325
10329
10331
10333
10411
10415
10418
10419
10424
10425
10428
10429
10430
10431
10433
10438
10439
10440
10441
10452
10453
10454
10455
10458
10459
10531
10533
10535
10538
10540
10543
10544
10545
10546
10548
10550
10552
10553
10555
10558
10559
10560
10563
10566
10567
10573
10575
10578
10654
10656
10659
10660
10662
10667
10670
10674
10675
10676
10677
10678
10680
10681
10682
10684
10685
10686
10690
10691
10692
10693
10694
10696
10705
10706
10709
10779
10788
10791
10793
10794
10795
10796
10801
10802
10803
10805
10806
10809
10811
10812
10813
10816
10817
10819
10826
10827
10830
10911
10914
10915
10916
10919
10920
10921
10924
10929
10932
10935
10937
10940
10941
10942
10943
10944
10947
10948
10949
10951
10953
10957
10959
11032
11036
11037
11042
11043
11044
11048
11049
11050
11053
11054
11059
11062
11070
11071
11072
11073
11074
11077
11082
11083
11156
11159
11160
11163
11164
11166
11173
11174
11175
11180
11183
11184
11186
11188
11190
11191
11193
11195
11196
11198
11202
11280
11284
11285
11287
11290
11294
11295
11297
11298
11302
11305
11306
11310
11311
11312
11314
11316
11319
11320
11321
11322
11323
11324
11332
11334
11406
11411
11413
11415
11416
11420
11421
11428
11429
11431
11435
11436
11437
11438
11439
11440
11441
11442
11443
11448
11452
11533
11534
11537
11539
11541
11545
11550
11551
11552
11553
11554
11555
11556
11557
11559
11563
11565
11566
11570
11571
11575
11576
11578
11580
11581
11654
11655
11657
11663
11664
11667
11668
11669
11670
11672
11673
11674
11675
11679
11680
11683
11684
11685
11688
11690
11691
11693
11698
11699
11704
11705
11779
11780
11784
11786
11787
11788
11795
11797
11799
11802
11804
11805
11806
11808
11809
11810
11811
11814
11816
11818
11822
11823
11825
11826
11832
11834
11910
11913
11917
11920
11922
11926
11927
11928
11929
11933
11937
11939
11942
11944
11946
11948
11956
12030
12034
12038
12042
12043
12044
12048
12049
12051
12053
12054
12057
12059
12060
12061
12062
12063
12064
12065
12066
12067
12069
12070
12071
12072
12073
12078
12081
12083
12160
12165
12167
12170
12174
12175
12177
12178
12179
12180
12184
12192
12193
12194
12203
12206
12207
12208
12282
12284
12290
12294
12295
12301
12302
12304
12305
12306
12307
12309
12310
12312
12314
12315
12316
12317
12319
12324
12327
12330
12333
12408
12409
12426
12427
12428
12430
12431
12432
12434
12436
12438
12439
12440
12444
12445
12447
12450
12452
12453
12533
12538
12539
12540
12542
12543
12544
12545
12547
12552
12553
12556
12557
12559
12560
12561
12566
12567
12568
12570
12573
12575
12579
12657
12661
12663
12665
12666
12667
12669
12672
12675
12677
12679
12680
12682
12688
12689
12690
12691
12692
12693
12695
12697
12699
12700
12701
12702
12706
12782
12786
12789
12790
12792
12794
12795
12799
12800
12802
12803
12805
12812
12813
12814
12819
12822
12831
12912
12921
12922
12923
12924
12926
12930
12936
12938
12940
12941
12942
12944
12946
12948
12952
12953
13047
13050
13051
13053
13054
13060
13061
13062
13064
13066
13069
13070
13176
13178
13180
13185
13187
15932
15934
16048
16050
16053
16054
16055
16056
16058
16062
16066
16068
16071
16163
16164
16167
16172
16173
16174
16176
16177
16181
16183
16184
16188
16191
16193
16196
16197
16200
16285
16287
16289
16290
16291
16293
16297
16298
16306
16307
16308
16310
16312
16313
16314
16315
16316
16317
16318
16320
16321
16325
16328
16409
16410
16418
16421
16422
16428
16430
16431
16432
16433
16435
16437
16438
16439
16440
16441
16443
16446
16452
16454
16534
16535
16537
16539
16541
16542
16543
16546
16547
16550
16552
16556
16559
16560
16564
16567
16568
16570
16572
16661
16663
16664
16666
16667
16670
16671
16675
16676
16677
16678
16679
16683
16688
16690
16792
16793
16796
16799
16800
16801
16807
16808
16809
16814
16816
16820
16929
16932
16934
18547
18550
18556
18557
18559
18561
18667
18668
18669
18670
18673
18677
18680
18684
18685
18686
18687
18688
18696
18787
18789
18791
18793
18797
18798
18802
18803
18805
18807
18810
18811
18813
18814
18818
18825
18827
18913
18914
18916
18917
18918
18919
18920
18923
18924
18929
18931
18934
18935
18936
18937
18938
18940
18943
18945
18947
18949
18951
18952
18953
19036
19037
19044
19045
19046
19048
19051
19054
19056
19057
19058
19059
19060
19061
19065
19066
19067
19068
19071
19072
19073
19076
19077
19161
19164
19168
19170
19175
19176
19177
19180
19181
19188
19191
19192
19195
19196
19200
19290
19291
19293
19294
19301
19304
19308
19310
19315
19322
19420
19421
19422
19423
19426
19428
19429
19430
19432
19433
19435
