511
512
513
514
515
517
519
521
523
526
527
533
535
539
541
542
543
545
546
548
631
635
639
641
644
645
648
649
650
651
657
658
663
665
667
670
671
758
761
763
764
772
773
774
776
778
780
782
787
788
790
889
890
892
893
897
900
902
903
905
906
6766
6769
6770
6781
6783
6784
6786
6891
6894
6897
6898
6900
6906
6911
6913
7012
7016
7017
7019
7020
7025
7027
7028
7030
7031
7032
7035
7037
7040
7042
7043
7134
7136
7138
7140
7145
7146
7147
7148
7149
7150
7152
7154
7156
7159
7160
7161
7162
7165
7166
7170
7171
7255
7257
7261
7263
7264
7267
7269
7271
7274
7276
7277
7279
7283
7284
7285
7287
7288
7291
7292
7293
7294
7381
7391
7395
7399
7400
7404
7409
7413
7416
7421
7505
7506
7507
7508
7512
7513
7515
7518
7521
7533
7535
7543
7544
7547
7635
7636
7639
7641
7642
7644
7647
7648
7649
7652
7653
7655
7656
7658
7659
7661
7662
7663
7665
7666
7667
7668
7671
7757
7758
7763
7764
7767
7768
7770
7771
7773
7775
7778
7780
7782
7787
7790
7795
7887
7888
7889
7890
7892
7893
7897
7898
7899
7901
7904
7906
7907
7908
7910
7912
7913
7914
8016
8017
8021
8023
8024
8027
8028
8031
8033
8037
8145
8150
8151
8155
8158
17024
17025
17027
17028
17029
19019
19021
19025
19029
19031
19032
19033
19139
19141
19142
19144
19145
19147
19157
19158
19160
19163
19265
19266
19270
19272
19275
19277
19278
19284
19401
19402
19403
