16796
16798
16799
16802
16804
16805
16810
16813
16815
16918
16928
16929
16932
16933
16935
16940
16942
16943
17043
17044
17050
17057
17058
17059
17065
17066
17067
17069
17070
17169
17173
17175
17176
17179
17181
17183
17189
17193
17305
17307
17309
17313
17316
17317
17433
19676
19678
19683
19686
19797
19798
19806
19809
19811
19812
19813
19814
19818
19819
19915
19916
19922
19923
19925
19927
19928
19930
19931
19932
19933
19934
19935
19940
19942
19943
19944
19946
19948
19949
20038
20044
20047
20049
20051
20057
20058
20059
20061
20065
20066
20070
20073
20074
20075
20077
20164
20170
20172
20178
20180
20183
20187
20188
20190
20193
20194
20195
20196
20197
20198
20199
20200
20202
20203
20285
20286
20288
20290
20291
20292
20294
20303
20305
20308
20310
20312
20314
20316
20318
20319
20321
20323
20326
20329
20412
20416
20420
20422
20424
20425
20426
20427
20429
20435
20437
20438
20439
20440
20442
20444
20445
20447
20450
20452
20453
20538
20539
20541
20545
20546
20547
20549
20554
20559
20561
20563
20564
20565
20567
20568
20570
20571
20572
20574
20575
20576
20577
20664
20671
20676
20677
20681
20682
20683
20685
20687
20690
20691
20696
20697
20700
20795
20797
20798
20800
20803
20804
20806
20807
20808
20812
20813
20818
20820
20821
20929
20930
20932
20933
20934
