1428
1430
1432
1434
1436
1437
1438
1545
1547
1549
1553
1554
1556
1561
1562
1564
1565
1568
1569
1668
1670
1672
1676
1678
1679
1680
1681
1682
1683
1685
1686
1690
1691
1695
1789
1792
1796
1797
1798
1800
1801
1803
1805
1806
1807
1809
1812
1816
1818
1821
1823
1826
1827
1915
1922
1923
1925
1926
1927
1928
1931
1932
1936
1937
1938
1941
1946
1950
1952
1953
2037
2038
2040
2041
2043
2044
2046
2050
2053
2054
2056
2057
2060
2062
2063
2065
2069
2073
2164
2168
2170
2171
2173
2174
2176
2178
2179
2180
2182
2185
2186
2192
2193
2197
2199
2295
2296
2298
2304
2307
2309
2316
15429
15431
15554
15557
15558
15675
15676
15678
15680
15685
15800
15806
15811
15813
15928
15932
15933
20180
20181
20182
20183
20184
20190
20291
20300
20306
20307
20308
20314
20317
20415
20417
20419
20420
20425
20426
20428
20429
20431
20436
20438
20440
20443
20444
20447
20448
20450
20535
20539
20542
20543
20544
20545
20548
20554
20555
20556
20557
20560
20561
20563
20564
20565
20568
20571
20573
20578
20662
20663
20666
20667
20669
20671
20672
20674
20676
20677
20678
20680
20686
20687
20689
20691
20692
20694
20697
20698
20702
20787
20792
20793
20796
20797
20800
20801
20802
20803
20805
20806
20808
20810
20816
20817
20819
20821
20824
20827
20828
20918
20919
20920
20921
20925
20926
20931
20934
20935
20936
20938
20941
20942
20943
20945
20946
