1401
1516
1518
1520
1521
1523
1531
1534
1541
1542
1636
1637
1638
1639
1640
1641
1642
1644
1646
1647
1651
1653
1655
1657
1658
1659
1661
1663
1665
1666
1669
1756
1762
1766
1771
1772
1774
1778
1779
1781
1782
1793
1794
1795
1796
1797
1881
1884
1885
1887
1888
1890
1892
1894
1895
1896
1898
1901
1902
1903
1904
1907
1909
1910
1911
1914
1915
1918
1919
1920
1922
1923
2005
2009
2011
2012
2014
2018
2020
2022
2028
2031
2032
2034
2035
2036
2037
2038
2039
2040
2047
2132
2133
2137
2138
2140
2142
2146
2147
2149
2150
2152
2153
2154
2160
2161
2163
2164
2168
2260
2262
2264
2266
2268
2271
2272
2275
2276
2280
2287
2289
2399
2401
4018
4021
4023
4024
4026
4029
4033
4034
4134
4136
4139
4149
4150
4155
4159
4161
4163
4164
4165
4258
4262
4264
4267
4269
4270
4272
4275
4276
4277
4279
4282
4284
4285
4286
4287
4288
4290
4292
4381
4383
4384
4391
4392
4393
4394
4395
4398
4400
4402
4403
4405
4407
4408
4409
4412
4415
4417
4418
4421
4505
4508
4509
4513
4515
4516
4518
4519
4520
4522
4527
4528
4530
4531
4535
4537
4539
4540
4542
4543
4544
4545
4546
4631
4637
4638
4639
4640
4643
4646
4650
4651
4652
4653
4656
4658
4663
4665
4667
4670
4761
4762
4763
4764
4771
4775
4778
4788
4792
4898
4899
4902
4903
4905
7516
7520
7524
7525
7526
7527
7529
7533
7536
7637
7644
7647
7650
7653
7655
7656
7659
7660
7664
7760
7765
7770
7774
7777
7783
7784
7787
7788
7789
7884
7885
7888
7893
7897
7898
7900
7901
7904
7905
7907
7908
7915
7916
7917
7919
7920
8006
8009
8010
8013
8015
8017
8019
8020
8021
8022
8024
8025
8027
8029
8030
8031
8033
8034
8036
8037
8043
8044
8046
8134
8135
8136
8140
8141
8142
8143
8145
8147
8153
8154
8158
8160
8164
8168
8260
8261
8262
8266
8267
8272
8273
8276
8277
8278
8283
8284
8286
8287
8290
8291
8293
8384
8386
8389
8390
8391
8394
8400
8401
8402
8403
8407
8408
8409
8412
8413
8414
8416
8417
8420
8508
8509
8513
8514
8515
8516
8518
8519
8521
8523
8524
8525
8528
8530
8533
8536
8539
8541
8542
8547
8631
8637
8641
8642
8643
8652
8654
8655
8657
8658
8663
8664
8670
8671
8759
8760
8766
8767
8772
8775
8778
8779
8780
8782
8785
8786
8790
8793
8796
8882
8885
8894
8901
8903
8908
8913
8916
8918
8922
9006
9008
9013
9016
9022
9023
9028
9029
9031
9032
9033
9038
9040
9043
9044
9045
9046
9131
9133
9134
9136
9142
9144
9145
9146
9150
9152
9153
9155
9157
9160
9162
9163
9166
9167
9171
9258
9265
9269
9272
9277
9278
9280
9281
9282
9283
9285
9287
9288
9289
9290
9293
9294
9296
9383
9389
9393
9395
9398
9399
9400
9402
9404
9407
9412
9413
9414
9417
9508
9510
9514
9516
9519
9522
9524
9526
9529
9532
9535
9538
9539
9540
9544
9636
9637
9639
9642
9643
9644
9645
9650
9651
9655
9658
9666
9668
9757
9758
9760
9761
9766
9769
9772
9774
9780
9781
9784
9786
9787
9788
9790
9793
9796
9883
9884
9886
9889
9894
9898
9899
9900
9904
9907
9909
9910
9911
9915
9916
9921
10008
10009
10011
10018
10020
10022
10024
10025
10029
10035
10036
10037
10039
10041
10134
10137
10140
10145
10150
10152
10155
10156
10162
10166
10263
10265
10266
10267
10270
10271
10272
10275
10277
10278
10280
10282
10284
10285
10288
10291
10294
10383
10384
10387
10389
10390
10391
10392
10396
10397
10398
10404
10410
10411
10417
10419
10514
10515
10516
10521
10523
10526
10528
10529
10533
10534
10538
10540
10635
10638
10641
10644
10645
10647
10651
10662
10666
10760
10761
10764
10765
10769
10773
10774
10777
10780
10782
10784
10788
10789
10790
10791
10792
10886
10890
10892
10905
10912
10916
11024
11029
11031
11032
11034
11036
11038
11039
11139
11141
11143
11144
11145
11146
11149
11150
11151
11156
11157
11160
11264
11268
11269
11273
11274
11275
11276
11278
11285
11288
11390
11397
11398
11405
11407
11410
11414
15517
15520
15525
15528
15529
15530
15534
15643
15645
15652
15655
15656
15658
15664
15760
15761
15763
15765
15766
15768
15770
15773
15774
15776
15777
15778
15780
15784
15785
15788
15791
15885
15887
15892
15893
15898
15900
15902
15903
15906
15907
15909
15910
15912
15914
15915
15918
15919
16011
16018
16019
16021
16022
16027
16029
16030
16031
16034
16037
16039
16040
16041
16042
16135
16141
16144
16147
16148
16149
16151
16152
16153
16155
16157
16158
16159
16162
16167
16168
16169
16259
16261
16263
16267
16270
16271
16274
16276
16278
16285
16287
16290
16389
16391
16395
16398
16399
16400
16401
16408
16410
18396
18399
18402
18407
18408
18409
18411
18412
18517
18520
18522
18524
18525
18526
18527
18528
18529
18534
18535
18536
18541
18542
18637
18639
18642
18646
18648
18651
18655
18657
18659
18660
18661
18665
18766
18776
18777
18780
18784
18785
18790
18791
18889
18890
18894
18901
18902
18904
21019
21020
21022
21024
21032
