3016
3021
3022
3024
3027
3028
3036
3146
3148
3150
3151
3154
3156
3158
3159
3160
3164
3167
3260
3264
3268
3271
3272
3274
3282
3283
3284
3286
3290
3293
3381
3384
3385
3390
3391
3392
3396
3398
3402
3404
3405
3407
3409
3410
3411
3418
3419
3420
3421
3505
3506
3513
3516
3518
3521
3524
3525
3529
3530
3531
3535
3536
3538
3539
3540
3541
3542
3545
3548
3630
3633
3634
3638
3643
3644
3649
3651
3652
3653
3655
3657
3661
3662
3663
3664
3666
3667
3669
3672
3754
3756
3757
3762
3764
3765
3766
3769
3772
3776
3777
3779
3783
3784
3785
3789
3793
3794
3795
3881
3884
3890
3892
3893
3898
3900
3902
3908
3909
3914
3915
3920
3921
3922
4012
4016
4017
4021
4022
4027
4028
4029
4031
4032
4035
4039
4137
4138
4141
4142
4143
4145
4148
4149
4154
4158
4164
4266
4276
4284
4286
15649
15769
15770
15772
15773
15776
15777
15779
15893
15897
15899
15904
15905
15909
15910
15913
15914
16013
16021
16022
16025
16026
16028
16032
16035
16038
16039
16041
16135
16136
16138
16139
16143
16144
16145
16151
16152
16153
16155
16156
16159
16160
16161
16162
16163
16261
16262
16263
16265
16268
16271
16272
16275
16276
16281
16287
16288
16383
16385
16387
16388
16390
16393
16394
16395
16396
16398
16406
16407
16410
16414
16417
16511
16513
16519
16524
16527
16528
16533
16534
16535
16538
16542
16544
16636
16638
16641
16642
16643
16649
16651
16652
16654
16658
16659
16660
16763
16765
16766
16767
16773
16778
16779
16785
16786
16896
16897
16898
16903
16905
16906
16908
