2680
2681
2691
2794
2796
2799
2800
2805
2806
2808
2809
2812
2815
2816
2819
2921
2926
2929
2932
2934
2937
2939
2940
4310
4313
4318
4415
4416
4418
4421
4422
4424
4427
4434
4435
4439
4440
4442
4445
4447
4448
4451
4535
4536
4538
4539
4546
4549
4552
4553
4557
4558
4559
4560
4562
4564
4565
4566
4567
4571
4574
4577
4664
4671
4672
4673
4674
4676
4677
4680
4682
4683
4684
4686
4687
4689
4690
4691
4699
4700
4702
4786
4789
4790
4793
4794
4795
4796
4797
4798
4800
4801
4802
4805
4807
4814
4816
4822
4920
4923
4924
6684
6685
6686
6687
6689
6792
6798
6801
6803
6804
6806
6808
6809
6811
6817
6818
6819
6820
6915
6916
6920
6921
6924
6925
6929
6932
6933
6935
6937
6941
6942
6943
6944
6946
7037
7038
7040
7043
7044
7047
7051
7056
7061
7064
7066
7067
7069
7070
7071
7074
7161
7163
7164
7165
7169
7172
7173
7175
7176
7177
7178
7180
7181
7182
7183
7184
7189
7191
7192
7196
7201
7202
7286
7288
7289
7292
7295
7298
7300
7302
7304
7309
7310
7314
7317
7320
7322
7325
7327
7416
7418
7419
7420
7425
7426
7427
7432
7434
7435
7437
7440
7441
7442
7447
7448
7546
7549
7550
7552
7553
7554
7559
7565
7567
7570
7572
7670
7680
7682
7683
7684
7689
7691
