780
783
784
785
787
788
789
894
904
906
907
913
923
1013
1014
1017
1019
1020
1021
1022
1024
1025
1027
1028
1030
1031
1034
1036
1037
1041
1042
1043
1044
1045
1049
1051
1138
1139
1144
1145
1147
1148
1149
1155
1156
1157
1158
1163
1164
1168
1169
1170
1175
1264
1266
1268
1270
1271
1273
1274
1275
1277
1278
1279
1280
1284
1287
1289
1293
1294
1295
1296
1297
1298
1385
1389
1392
1393
1394
1403
1404
1405
1406
1409
1410
1413
1414
1415
1419
1420
1425
1509
1513
1517
1520
1523
1524
1525
1526
1527
1528
1531
1532
1537
1539
1544
1548
1549
1550
1551
1553
1637
1638
1639
1641
1642
1643
1645
1648
1651
1653
1654
1655
1660
1661
1662
1666
1672
1673
1674
1675
1676
1763
1770
1771
1772
1773
1774
1782
1784
1786
1787
1788
1790
1793
1794
1795
1796
1797
1800
1890
1893
1895
1898
1899
1902
1904
1906
1910
1911
1912
1914
1916
1917
1919
1920
1921
1922
2023
2024
2025
2028
2041
13025
13027
13031
13036
13038
13149
13155
13156
13157
13159
13160
13161
13165
13166
13269
13270
13273
13276
13281
13283
13286
13288
13292
13392
13398
13399
13400
13402
13403
13404
13405
13408
13409
13411
13416
13420
13517
13519
13520
13521
13522
13529
13530
13534
13538
13539
13544
13643
13648
13650
13652
13653
13655
13660
13662
13663
13664
13665
13667
13770
13771
13776
13779
13781
13784
13792
13895
13896
13898
13901
13904
13905
13908
13909
13911
13912
13914
14024
14026
14029
14030
