156
158
159
161
272
273
277
284
287
289
290
293
294
295
389
396
397
398
399
402
406
407
408
413
414
415
416
418
420
424
425
510
512
515
518
520
521
524
525
533
534
536
538
540
544
546
547
548
549
552
636
637
638
641
648
649
652
653
654
655
656
661
662
663
664
667
669
673
679
766
767
770
772
776
777
779
781
784
785
786
787
790
793
794
798
801
888
890
891
893
894
895
897
899
900
902
904
907
908
910
912
914
915
916
919
920
926
1011
1017
1027
1028
1030
1033
1035
1037
1040
1042
1045
1141
1142
1143
1144
1147
1149
1155
1158
1159
1161
1162
1165
1166
1274
1275
1279
1280
1282
1283
1286
1287
3653
3654
3658
3660
3777
3779
3781
3782
3785
17897
17898
17899
17902
17903
17907
17911
17915
17917
18016
18020
18022
18024
18025
18027
18029
18030
18031
18033
18037
18038
18039
18040
18041
18043
18046
18047
18143
18147
18148
18151
18152
18156
18157
18162
18163
18166
18167
18168
18169
18172
18265
18266
18269
18270
18271
18274
18281
18283
18286
18287
18293
18298
18299
18300
18388
18389
18390
18395
18398
18402
18406
18407
18411
18412
18414
18416
18417
18418
18421
18424
18516
18518
18520
18523
18525
18526
18529
18533
18535
18537
18641
18644
18647
18650
18653
18654
18660
18664
18666
18668
18669
18775
18777
18783
18785
