1522
1523
1525
1531
1532
1535
1536
1540
1542
1545
1639
1641
1642
1643
1645
1646
1648
1651
1659
1661
1663
1664
1668
1669
1670
1671
1675
1764
1767
1768
1772
1773
1774
1776
1777
1778
1779
1780
1781
1782
1785
1788
1790
1791
1792
1794
1795
1797
1798
1799
1800
1801
1893
1895
1900
1901
1903
1905
1906
1907
1908
1909
1911
1913
1916
1918
1919
1924
2015
2018
2019
2023
2024
2025
2026
2033
2035
2036
2038
2041
2046
2147
2149
2151
2152
3652
3662
3775
3784
3786
3788
3789
8773
8779
8784
8787
8788
8790
8794
8796
8888
8889
8893
8903
8905
8906
8908
8909
8911
8914
8916
8917
8921
8922
8923
8925
9009
9010
9013
9020
9021
9022
9024
9025
9026
9027
9028
9029
9034
9037
9038
9039
9042
9043
9044
9046
9053
9137
9142
9144
9145
9146
9149
9155
9156
9157
9158
9159
9163
9164
9165
9166
9167
9168
9169
9173
9174
9178
9263
9264
9269
9270
9271
9275
9277
9279
9280
9282
9283
9284
9286
9290
9292
9296
9297
9298
9299
9396
9397
9401
9403
9404
9406
9407
9408
9409
9410
