1148
1149
1151
1152
1153
1155
1156
1157
1158
1159
1160
1266
1271
1274
1279
1283
1284
1285
1286
1289
1292
1294
1296
1298
1393
1397
1399
1401
1403
1404
1405
1406
1408
1410
1415
1416
1417
1419
1422
1423
1424
1427
1509
1514
1516
1518
1519
1520
1521
1524
1525
1526
1529
1530
1533
1535
1538
1541
1542
1543
1544
1545
1547
1548
1550
1552
1642
1644
1645
1649
1650
1651
1654
1658
1659
1661
1662
1665
1668
1671
1673
1677
1763
1766
1772
1773
1774
1775
1779
1782
1785
1788
1790
1792
1794
1795
1798
1799
1896
1898
1899
1900
1901
1903
1904
1907
1908
1909
1912
1914
1918
1920
1921
1922
1924
2017
2018
2020
2021
2023
2027
2028
2032
2033
2038
3655
3664
3764
3765
3771
3774
3776
3779
3781
3783
3784
3786
3787
3788
3792
3794
3889
3890
3892
3893
3894
3898
3901
3902
3903
3904
3906
3907
3908
3909
3910
3915
3919
3921
3922
3923
3926
3927
4011
4012
4019
4023
4024
4025
4026
4028
4029
4035
4036
4038
4042
4043
4046
4047
4051
4134
4141
4142
4148
4153
4158
4161
4164
4167
4169
4177
4261
4262
4263
4266
4271
4273
4275
4276
4277
4279
4281
4283
4285
4287
4288
4289
4290
4297
4404
4408
4412
4413
4414
4415
4419
4420
4423
4424
4425
4517
4518
4520
4521
4524
4525
4526
4527
4528
4532
4533
4534
4536
4538
4539
4541
4542
7154
7155
7159
7270
7276
7280
7283
7284
7288
7290
7293
7392
7395
7398
7403
7405
7407
7408
7409
7413
7416
7418
7422
7515
7516
7517
7518
7519
7520
7521
7522
7523
7529
7530
7533
7534
7537
7539
7540
7542
7543
7546
7636
7641
7642
7643
7644
7649
7650
7651
7656
7657
7661
7662
7663
7664
7666
7667
7668
7669
7676
7677
7760
7764
7767
7768
7772
7776
7778
7782
7783
7786
7788
7789
7796
7801
7802
7803
7883
7884
7888
7891
7893
7894
7895
7901
7903
7905
7906
7907
7909
7912
7913
7914
7915
7919
7922
7925
7927
8008
8009
8010
8012
8015
8017
8018
8020
8025
8026
8029
8031
8033
8034
8038
8039
8041
8043
8044
8045
8046
8049
8051
8052
8135
8141
8143
8144
8145
8150
8152
8153
8154
8156
8157
8159
8160
8162
8164
8165
8166
8168
8176
8259
8265
8266
8268
8270
8274
8275
8276
8278
8279
8282
8284
8285
8286
8287
8288
8289
8293
8298
8300
8301
8303
8385
8391
8393
8394
8397
8402
8406
8407
8408
8411
8414
8419
8424
8426
8507
8508
8512
8513
8514
8516
8518
8520
8522
8523
8524
8526
8536
8544
8550
8552
8632
8633
8635
8638
8641
8642
8643
8645
8646
8651
8654
8655
8656
8658
8659
8660
8664
8669
8670
8671
8675
8676
8677
8758
8760
8761
8762
8764
8765
8767
8769
8770
8773
8774
8777
8778
8779
8780
8788
8790
8793
8796
8797
8800
8886
8887
8889
8890
8891
8894
8898
8899
8901
8902
8904
8912
8913
8917
8923
8926
8930
9017
9018
9019
9020
9026
9027
9030
9031
9032
9036
9037
9039
9046
9053
9136
9141
9145
9146
9149
9150
9152
9158
9160
9161
9165
9166
9167
9171
9180
9260
9261
9262
9265
9270
9271
9275
9276
9277
9280
9282
9283
9284
9295
9296
9299
9303
9304
9306
9382
9384
9385
9387
9388
9389
9390
9391
9393
9395
9401
9402
9403
9404
9407
9410
9417
9419
9420
9423
9425
9508
9518
9520
9523
9524
9528
9530
9531
9534
9535
9539
9547
9548
9549
9552
9556
9632
9638
9641
9642
9643
9644
9647
9648
9652
9653
9654
9657
9658
9659
9661
9663
9664
9666
9669
9674
9679
9756
9757
9762
9764
9766
9767
9771
9772
9774
9776
9777
9778
9779
9780
9781
9782
9783
9788
9790
9793
9795
9798
9799
9800
9802
9803
9888
9890
9891
9893
9899
9902
9904
9905
9906
9907
9909
9910
9913
9914
9920
9921
9922
9923
9924
9928
9929
9930
10013
10016
10021
10023
10027
10029
10034
10039
10040
10041
10042
10045
10050
10053
10054
10055
10134
10136
10138
10140
10141
10144
10146
10152
10154
10157
10159
10160
10161
10162
10166
10167
10169
10175
10176
10181
10257
10263
10270
10276
10279
10284
10285
10286
10287
10289
10295
10296
10301
10385
10386
10395
10399
10400
10402
10407
10408
10409
10412
10413
10414
10416
10417
10423
10426
10430
10510
10520
10522
10525
10527
10530
10532
10537
10538
10540
10541
10545
10546
10547
10552
10555
10634
10635
10636
10642
10651
10654
10656
10657
10659
10660
10664
10667
10670
10671
10674
10758
10759
10763
10766
10768
10769
10773
10774
10781
10784
10788
10789
10794
10797
10883
10887
10891
10894
10895
10897
10898
10899
10900
10901
10902
10903
10904
10906
10908
10910
10912
10913
10919
10921
10923
10927
10928
10929
11014
11021
11026
11028
11029
11030
11032
11033
11034
11035
11036
11037
11041
11048
11049
11053
11135
11139
11140
11141
11142
11144
11147
11148
11149
11151
11153
11159
11165
11166
11167
11168
11169
11170
11174
11176
11260
11261
11262
11264
11267
11269
11271
11274
11276
11283
11284
11286
11287
11288
11290
11291
11295
11298
11299
11303
11385
11388
11389
11393
11394
11398
11401
11403
11404
11406
11414
11415
11416
11418
11427
11517
11518
11519
11521
11523
11526
11528
11529
11530
11532
11538
11539
11541
11642
11645
11647
11650
11654
11660
11661
11662
11665
11668
11670
11672
11673
11766
11768
11770
11773
11777
11778
11780
11783
11784
11785
11789
11795
11797
11888
11894
11898
11907
11908
11909
11911
11912
11914
11915
11916
11918
11922
12022
12025
12028
12031
12032
12034
12037
12038
12145
12147
12149
12156
12162
12274
12275
12281
12284
12288
12396
12399
12402
12403
12415
15149
15153
15154
15155
15160
15268
15269
15272
15273
15276
15277
15278
15280
15284
15286
15289
15291
15389
15392
15396
15397
15398
15400
15401
15403
15404
15405
15407
15409
15411
15412
15413
15418
15419
15512
15513
15517
15518
15519
15522
15525
15526
15529
15532
15536
15537
15539
15548
15549
15636
15640
15641
15642
15643
15647
15648
15649
15650
15651
15655
15656
15660
15662
15664
15667
15672
15674
15675
15676
15765
15766
15767
15775
15779
15782
15784
15785
15789
15790
15794
15795
15797
15798
15800
15803
15885
15890
15892
15894
15895
15898
15902
15906
15908
15912
15914
15915
15917
15918
15920
15923
15924
16011
16013
16014
16015
16016
16018
16020
16021
16023
16024
16028
16029
16030
16031
16034
16035
16037
16039
16041
16043
16044
16048
16141
16144
16149
16155
16156
16159
16161
16162
16166
16168
16279
16280
17907
17911
18020
18022
18024
18026
18028
18033
18035
18037
18040
18041
18042
18045
18047
18048
18137
18140
18142
18144
18145
18148
18151
18153
18155
18156
18157
18162
18163
18165
18167
18170
18171
18175
18262
18263
18266
18269
18272
18276
18278
18279
18282
18284
18286
18287
18290
18292
18294
18296
18300
18386
18391
18393
18395
18396
18397
18398
18401
18402
18404
18405
18410
18411
18415
18417
18419
18420
18426
18512
18517
18522
18526
18527
18529
18530
18531
18532
18534
18537
18540
18541
18542
18543
18544
18546
18547
18548
18642
18645
18647
18648
18652
18653
18655
18656
18658
18661
18663
18664
18666
18667
20524
20531
20532
20534
20537
20538
20542
