12
15
16
17
18
19
20
24
25
28
29
31
32
33
40
45
46
51
52
141
142
144
145
149
152
155
156
157
158
159
160
162
165
169
174
175
176
177
265
266
267
268
269
270
271
273
274
275
277
278
281
284
285
286
290
293
295
298
301
389
397
398
400
401
402
407
410
411
413
415
416
422
518
521
522
525
530
534
536
542
543
10533
10535
10655
10779
10781
10784
10906
10908
11036
11037
11040
11042
11149
11152
11157
11158
11163
11167
11270
11272
11277
11279
11282
11287
11288
11291
11292
11395
11397
11399
11405
11407
11410
11412
11520
11523
11525
11526
11527
11537
11538
11543
11544
11545
11642
11645
11651
11658
11665
11767
11770
11773
11780
11781
11783
11784
11794
11892
11894
11895
11897
11898
11900
11905
11910
11911
11915
11917
12018
12021
12022
12026
12028
12032
12034
12035
12038
12042
12144
12148
12150
12152
12155
12161
12164
12166
12169
12266
12268
12277
12278
12282
12285
12288
12295
12392
12394
12398
12404
12415
12420
12518
12526
12529
12530
12532
12533
12540
12542
12544
12641
12643
12644
12650
12660
12662
12669
12670
12768
12769
12772
12775
12783
12785
12787
12788
12791
12793
12896
12900
12901
12905
12906
12907
12916
12917
12918
13021
13022
13023
13024
13025
13028
13029
13030
13031
13034
13037
13038
13039
13041
13153
13155
13156
13157
13161
18397
18399
18401
18405
18406
18408
18412
18413
18416
18515
18519
18521
18523
18524
18525
18526
18529
18532
18534
18535
18537
18538
18539
18541
18542
18548
18637
18638
18639
18640
18641
18647
18653
18655
18656
18658
18665
18666
18668
18670
18761
18762
18769
18770
18772
18778
18781
18782
18783
18784
18788
18789
18792
18795
18799
18801
18803
18885
18888
18890
18895
18901
18902
18903
18905
18906
18911
18913
18914
18918
18919
18920
18922
18924
18926
19010
19011
19015
19016
19018
19020
19021
19023
19027
19028
19029
19031
19032
19034
19035
19036
19037
19038
19041
19042
19045
19046
19048
19049
19050
19051
19138
19140
19142
19145
19146
19147
19150
19154
19157
19159
19160
19161
19163
19165
19171
19265
19268
19269
19270
19271
19273
19274
19278
19280
19281
19284
19287
19290
19293
19296
19396
19407
19408
19410
19411
