6400
6401
6403
6406
6407
6411
6412
6414
6521
6522
6523
6530
6531
6533
6534
6536
6542
6543
6639
6640
6642
6644
6645
6646
6651
6652
6653
6654
6655
6661
6665
6666
6667
6670
6673
6760
6762
6764
6765
6766
6767
6768
6770
6771
6774
6775
6777
6779
6781
6782
6784
6785
6786
6787
6788
6789
6792
6795
6797
6801
6884
6889
6891
6896
6898
6899
6901
6902
6903
6907
6908
6909
6911
6912
6913
6915
6916
6917
6920
6922
6928
7019
7025
7031
7033
7034
7036
7042
7046
7047
7052
7134
7137
7139
7140
7145
7146
7147
7148
7149
7150
7153
7154
7158
7162
7163
7165
7168
7169
7170
7171
7172
7176
7261
7262
7266
7267
7270
7271
7272
7274
7278
7280
7284
7285
7288
7291
7293
7294
7300
7390
7392
7393
7397
7402
7407
7409
7411
7413
7414
7419
7420
7421
7523
7524
7528
7532
7535
7536
7537
7539
9783
9903
9904
9908
9909
10033
