  576450.0
  707550.0
  916650.0
 1023450.0
 1030350.0
 1039850.0
 1076050.0
 1117950.0
 1165150.0
 1189950.0
 1623450.0
 1629750.0
 1643050.0
 2213450.0
 2369150.0
 3154550.0
 3279650.0
 3319650.0
 3514150.0
 3518350.0
 3850450.0
 3926950.0
 3962350.0
 3981150.0
 4041450.0
 4187850.0
 4420550.0
 4863150.0
 5133950.0
 5763550.0
 6079150.0
 6202450.0
 6527850.0
 6751150.0
 6835050.0
 6964050.0
 7039050.0
 7471950.0
 7853850.0
 8371850.0
 8501950.0
 8590050.0
 8593150.0
 8717750.0
 8809250.0
 8989450.0
 9018150.0
 9642850.0
 9739050.0
10127550.0
10165950.0
10247350.0
11121850.0
11396050.0
11979050.0
12040950.0
12421650.0
12468950.0
12593250.0
12746550.0
12778350.0
13128950.0
13172450.0
13635050.0
13716050.0
13969650.0
14081850.0
14573450.0
14695050.0
14728450.0
14924750.0
15181350.0
15374650.0
15539550.0
15756050.0
15936950.0
15996350.0
16147350.0
16148250.0
16263350.0
16286250.0
16924350.0
17105750.0
17294950.0
17477150.0
17585650.0
17770750.0
18094450.0
18168250.0
18520850.0
18891150.0
19183550.0
19372650.0
19479850.0
19664650.0
19670150.0
19996750.0
20101350.0
20835450.0
20899950.0
21299050.0
21332850.0
21360850.0
21364050.0
22003650.0
22034650.0
22074750.0
22163550.0
22183850.0
22440750.0
22573950.0
