   33050.0
  105950.0
  232850.0
  250650.0
  299950.0
  557150.0
  669550.0
  687950.0
  749150.0
  778150.0
  897750.0
 1109950.0
 1822650.0
 1878950.0
 2329350.0
 2460850.0
 2581050.0
 2727850.0
 2831150.0
 2972550.0
 3030850.0
 3032650.0
 3079150.0
 3448950.0
 3698650.0
 3770850.0
 4001450.0
 4043350.0
 4481650.0
 4730550.0
 4979850.0
 5431650.0
 6010450.0
 6027050.0
 6174850.0
 6672850.0
 6695650.0
 6831350.0
 6942750.0
 6963550.0
 7026850.0
 7221550.0
 7593650.0
 7624250.0
 7635650.0
 8263450.0
 8659450.0
 8688650.0
 8698250.0
 8910750.0
 8922750.0
 9122150.0
 9226050.0
 9397950.0
 9402250.0
 9604450.0
 9909650.0
10038850.0
11112450.0
11131050.0
11225650.0
11280250.0
11366650.0
11536750.0
11611350.0
11757050.0
11858150.0
12674150.0
12811150.0
13019250.0
13106950.0
13111650.0
13236050.0
13425950.0
13578550.0
13795950.0
13918950.0
13972350.0
14076750.0
14289250.0
14644750.0
15261150.0
15385050.0
16036450.0
16298850.0
16532550.0
16729550.0
16941650.0
16971050.0
17014450.0
17114650.0
17413050.0
17748750.0
17989850.0
18149850.0
18997250.0
19051250.0
19061450.0
19165750.0
19192950.0
19239950.0
19717850.0
19745350.0
19929250.0
20273650.0
20723150.0
20775550.0
21022250.0
21153450.0
21249850.0
21252550.0
21492450.0
21615650.0
21969950.0
22148550.0
22806650.0
22872550.0
22885650.0
