    6250.0
   25850.0
  204850.0
  211350.0
  635050.0
  659550.0
  803250.0
  957750.0
 1062350.0
 1085350.0
 1099850.0
 1476350.0
 1555250.0
 1578950.0
 1612150.0
 1853450.0
 2091150.0
 2144950.0
 2177650.0
 2183950.0
 2200850.0
 2330450.0
 2564050.0
 2566650.0
 2586750.0
 2745950.0
 2757450.0
 2901250.0
 3319550.0
 3974750.0
 4191150.0
 4385050.0
 4439050.0
 4708650.0
 4776350.0
 5179750.0
 5271350.0
 5462450.0
 5511350.0
 5540350.0
 5859250.0
 6034150.0
 6626350.0
 6885650.0
 7285050.0
 7292150.0
 7507850.0
 7808550.0
 7960950.0
 7987950.0
 8042050.0
 8093350.0
 8412050.0
 8519550.0
 8727050.0
 9311650.0
 9313350.0
 9400050.0
 9939650.0
10414950.0
10543750.0
10895750.0
10973750.0
11170250.0
11181450.0
11273950.0
11845650.0
12201050.0
12233850.0
12484050.0
12726950.0
12939150.0
12979050.0
13324050.0
13508850.0
13927650.0
14298950.0
14307150.0
14479450.0
14615650.0
14751050.0
14799750.0
14900650.0
14911550.0
15016150.0
15306650.0
15399050.0
15479550.0
15517450.0
15531250.0
15911250.0
16173850.0
17234250.0
17411750.0
17540650.0
17878250.0
18581450.0
18683950.0
19401150.0
19580250.0
19681750.0
19817150.0
19860550.0
20574350.0
20699650.0
21051150.0
21137950.0
21323050.0
21522950.0
21680650.0
21715050.0
22148050.0
22305750.0
22352150.0
22373050.0
22811850.0
22895350.0
