124.1
746.9
969.3
997.0
1090.1
1096.2
1380.8
1600.6
1667.8
1885.1
2117.0
2151.8
2469.0
2749.0
2984.5
3013.0
3141.8
3156.3
3298.5
3718.4
3740.3
4007.4
4917.6
5107.4
5115.0
5184.8
5527.7
5898.5
5999.2
6029.8
6052.6
6128.5
6697.9
7011.7
7125.5
7422.2
7606.1
7698.3
7925.9
8018.6
8265.8
9140.2
9380.3
9474.1
9499.4
9500.4
9756.4
9896.1
10277.5
10404.7
10407.7
11619.5
11916.9
12269.9
12529.1
12573.8
12834.1
12848.6
13052.7
13224.7
13358.3
14170.2
14334.8
14383.4
14588.0
14615.6
14674.7
15963.9
16001.2
16344.4
16536.3
16642.7
16927.8
17519.9
17639.0
17952.8
18175.3
18255.4
18264.1
18896.5
19004.0
19304.3
19494.6
19628.2
19887.6
19957.1
20064.7
20138.7
20462.0
21213.5
21357.0
21540.1
22174.4
22178.9
22340.0
22564.0
22625.8
22735.9
22792.4
22815.9
23032.2
