   59350.0
  100850.0
  226850.0
  561950.0
  570050.0
  573650.0
  736050.0
  818150.0
  872350.0
  900650.0
 1005650.0
 1365150.0
 1716450.0
 1738550.0
 1881150.0
 2019250.0
 2047150.0
 2394650.0
 2430250.0
 2547250.0
 2630650.0
 2755050.0
 2827750.0
 2898550.0
 2959750.0
 3034650.0
 3290250.0
 3554650.0
 3838650.0
 3897750.0
 4056150.0
 4245550.0
 4801750.0
 4804150.0
 4876850.0
 4912450.0
 4994650.0
 5035150.0
 5174450.0
 5319150.0
 5465050.0
 5528150.0
 5596350.0
 5746050.0
 5827450.0
 5949150.0
 6141850.0
 6146950.0
 6552250.0
 6749150.0
 6968450.0
 6972050.0
 7108350.0
 7259950.0
 7285950.0
 7374750.0
 7463750.0
 7604950.0
 7749750.0
 7797150.0
 7944650.0
 8799650.0
 8865750.0
 9130450.0
 9604650.0
 9641650.0
 9971750.0
10140650.0
10501850.0
10728150.0
10742350.0
10772550.0
10905150.0
11110350.0
11131250.0
11596850.0
11724250.0
11994650.0
12031750.0
12093650.0
12577350.0
12679250.0
12816650.0
12860450.0
13071150.0
13516650.0
13664650.0
13713150.0
13732350.0
14017750.0
14124150.0
14311950.0
14487950.0
14517050.0
14623150.0
14642350.0
14857350.0
15021650.0
15052150.0
15227750.0
15246950.0
15311150.0
15360950.0
15810850.0
15973850.0
16038050.0
16130150.0
16362550.0
16457150.0
16787450.0
16874550.0
16954550.0
17268950.0
17415350.0
17944850.0
18014850.0
18059950.0
18279950.0
18357250.0
18368850.0
18582650.0
18932850.0
18973750.0
19159650.0
19304850.0
19826250.0
20390150.0
20567850.0
20842450.0
21139950.0
21218150.0
21247250.0
21262850.0
21358850.0
21402650.0
21422550.0
21603650.0
21623350.0
21662050.0
21811950.0
21873850.0
21909250.0
22384450.0
22505850.0
