  194250.0
  262250.0
  452050.0
  513650.0
  606250.0
  840450.0
  891950.0
  946050.0
  950250.0
 1083150.0
 1318750.0
 1433950.0
 1457850.0
 1632750.0
 1702150.0
 1721950.0
 2013150.0
 3139950.0
 3480850.0
 3839150.0
 4034350.0
 4221550.0
 4266850.0
 4300150.0
 4385550.0
 4808750.0
 4921850.0
 4934350.0
 4934550.0
 4953650.0
 5819950.0
 6237050.0
 6362450.0
 6531250.0
 6607650.0
 6717250.0
 7042350.0
 7217850.0
 7423650.0
 8121250.0
 8310850.0
 8787550.0
 8856450.0
 8857350.0
 9095350.0
 9152250.0
 9514350.0
 9549650.0
 9580950.0
 9683750.0
 9729450.0
10287050.0
10344950.0
10351550.0
10583150.0
10939950.0
11139850.0
11165350.0
11516650.0
11530050.0
11638950.0
11947850.0
12951850.0
12970650.0
12988650.0
13107050.0
13127550.0
13222350.0
13267950.0
13290750.0
13796550.0
13849650.0
14496850.0
14630050.0
14665950.0
15115850.0
15116750.0
15118750.0
15156850.0
15166350.0
15222850.0
15255850.0
15295950.0
15299150.0
15308050.0
15420550.0
15438250.0
15450550.0
15496950.0
15581650.0
15916750.0
15988550.0
16038250.0
16256950.0
16405350.0
16866350.0
17104850.0
17668750.0
17941850.0
17963450.0
18184050.0
18248050.0
18523150.0
18793750.0
18868050.0
18940350.0
18955650.0
18977550.0
19095050.0
19192550.0
19237550.0
19536450.0
19728050.0
19867850.0
19969150.0
20017550.0
20783650.0
20823750.0
21051650.0
21170650.0
21320650.0
22221250.0
22257550.0
22259950.0
22263250.0
22408550.0
22439850.0
22488850.0
22652850.0
22672250.0
22729750.0
