  124150.0
  127150.0
  541750.0
  590950.0
  594250.0
  835350.0
  883550.0
 1253350.0
 1260050.0
 1270350.0
 1304750.0
 1407250.0
 1490550.0
 1591950.0
 1944850.0
 2058350.0
 2117850.0
 2163350.0
 2526650.0
 3279450.0
 3354850.0
 3711750.0
 3877050.0
 3917450.0
 4052450.0
 4296450.0
 4512250.0
 4568350.0
 4820050.0
 4849450.0
 5264350.0
 5369850.0
 5371450.0
 5733450.0
 5906650.0
 5936250.0
 6010650.0
 6443850.0
 6670250.0
 6992150.0
 7294650.0
 7776350.0
 7816350.0
 7827550.0
 7852550.0
 8101650.0
 8252550.0
 8356750.0
 8450950.0
 8719150.0
 8797650.0
 8866750.0
 8881450.0
 8970850.0
 9496550.0
10340750.0
10391650.0
10535050.0
10939750.0
11075350.0
11223150.0
11312750.0
11314050.0
11509050.0
11648450.0
11664850.0
11822850.0
11915250.0
12011250.0
12167050.0
12246750.0
12308850.0
12391550.0
12931150.0
13021250.0
13379650.0
13907250.0
14295950.0
14471850.0
14682050.0
15082050.0
15191550.0
15498750.0
15749950.0
16031150.0
16121550.0
16240950.0
16290350.0
17053450.0
17351650.0
17371150.0
17602650.0
18064850.0
18262650.0
18714650.0
18795450.0
19271950.0
19399150.0
19612150.0
19684850.0
19917150.0
20238650.0
20341950.0
20344450.0
20472750.0
20498150.0
20604950.0
21124250.0
21193350.0
21387350.0
21469350.0
21931050.0
22084150.0
22157450.0
22370050.0
22437850.0
22784750.0
22936050.0
22947150.0
22965350.0
