    9550.0
  420750.0
  525950.0
  545050.0
  820750.0
  863650.0
 1374350.0
 1400250.0
 2163950.0
 2309550.0
 2393050.0
 2579950.0
 2667050.0
 3048050.0
 3048750.0
 3155850.0
 3171150.0
 3368250.0
 3472850.0
 3474250.0
 3912250.0
 4540550.0
 4646350.0
 4708350.0
 4905050.0
 4920950.0
 5168950.0
 5401650.0
 5724050.0
 5773050.0
 5824450.0
 5912150.0
 6108950.0
 6129150.0
 6245550.0
 6425950.0
 6806850.0
 7070950.0
 7389050.0
 7480350.0
 7731150.0
 7919850.0
 7989450.0
 8042150.0
 8192450.0
 8252350.0
 8595650.0
 8932050.0
 9639750.0
 9966050.0
10464450.0
10811550.0
11102050.0
11199550.0
11545550.0
11752150.0
11843350.0
12312150.0
12439650.0
12916050.0
13054550.0
13547050.0
13573750.0
13623750.0
13634450.0
13740250.0
14001050.0
14070650.0
14076650.0
14275650.0
14580350.0
14975250.0
15272650.0
15500650.0
15540050.0
15585450.0
15637450.0
15764850.0
15823150.0
16479750.0
16753950.0
16796850.0
16825150.0
17032450.0
17345350.0
17456950.0
17615550.0
17713050.0
17916550.0
18171850.0
18247950.0
18256850.0
18308850.0
18350950.0
18490050.0
18555950.0
18747250.0
18898450.0
18924450.0
19129750.0
19678950.0
19684550.0
20041850.0
20153350.0
20389650.0
20423950.0
20437850.0
20466150.0
20521550.0
20653950.0
20666950.0
21064350.0
21084950.0
21413050.0
21525950.0
21887850.0
21889950.0
22217250.0
22655350.0
22767350.0
22819050.0
