   68350.0
  275150.0
  301150.0
  336250.0
 1009350.0
 1120450.0
 1328850.0
 1401350.0
 1467050.0
 1566050.0
 1727250.0
 2258650.0
 2317350.0
 2547350.0
 2659750.0
 2991050.0
 3188750.0
 3201350.0
 3655250.0
 3878650.0
 4106550.0
 4338050.0
 4424650.0
 4426950.0
 4489250.0
 4512750.0
 4958150.0
 5001150.0
 5074950.0
 5472350.0
 5487450.0
 5641850.0
 5823550.0
 6436450.0
 6818350.0
 7385550.0
 7409150.0
 7886050.0
 7960150.0
 8565650.0
 8668850.0
 8779150.0
 9139650.0
 9306650.0
10248950.0
10671550.0
10685350.0
10725850.0
11055950.0
11298950.0
11354850.0
11711850.0
11712750.0
11727950.0
11820850.0
12287450.0
12394750.0
12857450.0
12869450.0
13156250.0
13485550.0
13549950.0
13711850.0
13845550.0
13902350.0
13954650.0
13992950.0
14005250.0
14015950.0
14059850.0
14189850.0
14220350.0
14445850.0
14492750.0
14692550.0
14974350.0
14997350.0
15021650.0
15067650.0
15838350.0
15863750.0
15965850.0
15994350.0
16270550.0
16514350.0
16638650.0
17245150.0
17322050.0
17476250.0
17513450.0
17720650.0
18024450.0
18174450.0
18190650.0
18265150.0
18396150.0
18490550.0
18627550.0
18651850.0
18885750.0
18955550.0
19055450.0
19140350.0
19333850.0
19339950.0
19417350.0
19784750.0
19828250.0
19861150.0
19935250.0
20067250.0
20390250.0
20397450.0
20437450.0
20679150.0
20740450.0
21148650.0
21171850.0
21197850.0
21210850.0
21322150.0
21597550.0
21630050.0
21831850.0
21982650.0
22126450.0
22321450.0
22810250.0
22922750.0
22996750.0
