  188150.0
  475350.0
  533350.0
  599150.0
  629450.0
  686850.0
  716950.0
 1133750.0
 1320750.0
 1379050.0
 1481950.0
 2022650.0
 2053950.0
 2170650.0
 2250850.0
 2659850.0
 3321350.0
 3591050.0
 3936250.0
 4082250.0
 4144750.0
 4321450.0
 4353250.0
 4570350.0
 4643750.0
 4713450.0
 4731750.0
 4903350.0
 5518050.0
 5694250.0
 5784450.0
 5935350.0
 6190750.0
 6471350.0
 6631950.0
 6806350.0
 6817050.0
 6861850.0
 7159550.0
 7678350.0
 7918250.0
 8123750.0
 8174050.0
 8469650.0
 8654250.0
 8996150.0
 8997850.0
 9200750.0
 9269450.0
 9471650.0
 9475650.0
 9480050.0
 9738750.0
 9836650.0
10231850.0
10327850.0
10498250.0
10798350.0
10930950.0
11133950.0
11282550.0
11796650.0
12003050.0
12220350.0
12298350.0
12314250.0
13235250.0
13710650.0
13842350.0
13945250.0
13952450.0
14316450.0
14402450.0
14411150.0
14792550.0
15007550.0
15033650.0
15196050.0
15339750.0
15339850.0
15366050.0
15379950.0
15799650.0
15870650.0
16017150.0
16203350.0
16254650.0
16480850.0
16946450.0
17125850.0
17243250.0
17355150.0
17546150.0
18010050.0
18069350.0
18141850.0
18258250.0
18516050.0
18950650.0
19136150.0
19411750.0
20353550.0
20481250.0
20621050.0
21030950.0
21291450.0
21313950.0
21378350.0
21406850.0
21494750.0
21528550.0
21626150.0
21838350.0
22347550.0
22376750.0
22792650.0
22898650.0
22941150.0
