  333650.0
  555050.0
  625750.0
  717750.0
  993050.0
 1135950.0
 1208250.0
 1628650.0
 1813550.0
 1879350.0
 2071050.0
 2181650.0
 2213950.0
 2320850.0
 2353050.0
 2576450.0
 2649350.0
 2704350.0
 2704550.0
 2777450.0
 2852050.0
 2947650.0
 3408050.0
 3486450.0
 3703050.0
 3976650.0
 4052650.0
 4106550.0
 4325050.0
 4330750.0
 4614450.0
 4827550.0
 4836450.0
 5444250.0
 5508750.0
 5606950.0
 5815750.0
 6105450.0
 6162250.0
 6341150.0
 6352650.0
 6838650.0
 7514450.0
 7629550.0
 7643850.0
 7898250.0
 8003450.0
 8049350.0
 8281750.0
 8611050.0
 8880250.0
 8885050.0
 8970850.0
 9088050.0
 9185650.0
 9293650.0
 9571850.0
 9583750.0
 9583950.0
 9595250.0
 9849850.0
 9931050.0
10119050.0
10177450.0
10355050.0
10617450.0
10691450.0
10958850.0
10968850.0
11472450.0
11580550.0
12045450.0
12227250.0
12307150.0
12570050.0
12723350.0
12801850.0
12868250.0
12997150.0
13473950.0
13649650.0
13870550.0
14443450.0
14614850.0
15321650.0
15983950.0
16206950.0
16473450.0
16527050.0
16553150.0
16576650.0
16672350.0
16969850.0
17182150.0
17418950.0
17531750.0
17930250.0
18156150.0
18412050.0
18658050.0
19276350.0
19393650.0
19759750.0
19973650.0
20096850.0
20108950.0
20314350.0
20334950.0
20451350.0
20531850.0
20767250.0
20927350.0
20947750.0
21108250.0
21490450.0
21675450.0
21727050.0
21785150.0
21896950.0
21994050.0
22034450.0
22091150.0
22098750.0
22280650.0
22468350.0
22477750.0
22488850.0
