   82350.0
  109850.0
  128750.0
  375450.0
  644150.0
  843850.0
 1076650.0
 1167550.0
 1383750.0
 1709550.0
 1761650.0
 2200550.0
 2291450.0
 2329650.0
 2571350.0
 2717950.0
 2739150.0
 2968750.0
 3312850.0
 3318350.0
 4148150.0
 4613550.0
 4930550.0
 5070550.0
 5381450.0
 5489450.0
 5489550.0
 5832650.0
 6091850.0
 7484450.0
 8274550.0
 8442050.0
 8467350.0
 8887750.0
 9082650.0
 9226150.0
 9247250.0
 9313050.0
 9372450.0
 9581650.0
 9775450.0
 9812850.0
10510150.0
11187050.0
11273550.0
11348850.0
11398150.0
11442150.0
11735850.0
11848850.0
11907350.0
12039750.0
12132350.0
12243350.0
12380650.0
12498950.0
12502450.0
13036850.0
13042350.0
13607850.0
13847250.0
14501150.0
14674950.0
14712150.0
14914350.0
14935150.0
15193250.0
15590450.0
15839650.0
15993550.0
16074350.0
16319750.0
16870150.0
17033450.0
17074850.0
17104450.0
17194850.0
17248450.0
17428550.0
17457450.0
17486050.0
17566450.0
17578150.0
17826250.0
18101150.0
18298150.0
18584750.0
18851950.0
19259150.0
19562250.0
19759450.0
20062150.0
20155950.0
20573050.0
20639850.0
21111750.0
21395550.0
21878850.0
22020750.0
22099250.0
22261150.0
22668450.0
22761150.0
