  111650.0
  511750.0
  528150.0
  854250.0
 1163350.0
 1405150.0
 1615950.0
 2173450.0
 2707050.0
 3269350.0
 3512550.0
 3596250.0
 3821250.0
 3833650.0
 4207050.0
 4343050.0
 4528350.0
 4742650.0
 4839750.0
 5126250.0
 5856450.0
 6259150.0
 6331350.0
 6865050.0
 6924350.0
 7212050.0
 7217550.0
 7307550.0
 7339950.0
 7381450.0
 7519450.0
 7989250.0
 8044150.0
 8310950.0
 8456650.0
 8567350.0
 8735550.0
 9684950.0
 9765150.0
 9785550.0
 9820950.0
 9838550.0
10312150.0
10349350.0
11051850.0
11149350.0
11404350.0
11647550.0
11823450.0
11932150.0
12138150.0
12265550.0
12438950.0
12752850.0
13045150.0
13196250.0
13543050.0
13565450.0
13753650.0
14013850.0
14537750.0
14684450.0
14704550.0
14793950.0
14859350.0
15177850.0
15190150.0
15202150.0
15222950.0
15620250.0
15649050.0
15793150.0
15907050.0
16018050.0
16258050.0
16497050.0
16548650.0
16595750.0
17169850.0
17260850.0
18324550.0
18380050.0
18555050.0
18601150.0
18880550.0
19123050.0
20037250.0
20086050.0
20262350.0
20281250.0
20631950.0
20791950.0
21180950.0
21285550.0
21326750.0
21334450.0
21647050.0
21840050.0
21892750.0
22109850.0
22339550.0
22461050.0
22474050.0
22501150.0
22574950.0
22664350.0
22704550.0
22789950.0
