   65450.0
  247250.0
  278450.0
  295150.0
  352450.0
  675150.0
  830350.0
 1066850.0
 1359350.0
 1415750.0
 1517150.0
 1595550.0
 1627150.0
 1681450.0
 1901450.0
 2260750.0
 2285850.0
 2415650.0
 2599550.0
 2638650.0
 2827450.0
 3055750.0
 3060650.0
 3326050.0
 3632250.0
 3963650.0
 4105450.0
 4144550.0
 4340250.0
 4469950.0
 4762450.0
 4831650.0
 5342850.0
 6159450.0
 6217050.0
 6326650.0
 6446650.0
 6748850.0
 6756250.0
 6785650.0
 6938350.0
 6942550.0
 7063650.0
 7077450.0
 7086050.0
 7383550.0
 7537250.0
 7547550.0
 7560850.0
 7888850.0
 7922450.0
 8238650.0
 8362450.0
 8408750.0
 8630150.0
 8632050.0
 8671950.0
 8792950.0
 9007750.0
 9112150.0
 9117950.0
 9165950.0
 9394150.0
 9663450.0
 9784650.0
 9847650.0
 9915450.0
 9982450.0
10087750.0
10122350.0
10164250.0
10206250.0
10216250.0
10255450.0
10290950.0
10313050.0
10367150.0
10524250.0
10525150.0
10691250.0
10785350.0
11036150.0
11088350.0
11452750.0
11932750.0
12272050.0
12410250.0
12652350.0
12847650.0
13095050.0
13097050.0
13188750.0
13332550.0
13704350.0
14559650.0
14737450.0
14812050.0
14830450.0
14910450.0
14933550.0
15013950.0
15024250.0
15089750.0
15210650.0
15258250.0
16598850.0
16870050.0
17100650.0
17224850.0
17264650.0
17639650.0
17750450.0
17902150.0
18052750.0
18407950.0
18427650.0
18451950.0
18627650.0
18697550.0
18698150.0
18716750.0
18910650.0
19216650.0
19241650.0
19278750.0
19474450.0
19882750.0
20090950.0
20357650.0
20516150.0
20595550.0
20701050.0
20874450.0
21108250.0
21246950.0
21660250.0
21695550.0
21787050.0
21807750.0
22008450.0
22118250.0
22138350.0
22705950.0
22706050.0
22981250.0
22987050.0
