   45850.0
  144050.0
  568550.0
  729450.0
 1106650.0
 1307450.0
 1394150.0
 1500750.0
 1676150.0
 2316450.0
 2453550.0
 3000050.0
 3053250.0
 3320050.0
 3427550.0
 3681550.0
 4005950.0
 4203150.0
 4205250.0
 4242050.0
 4659750.0
 4788150.0
 4791550.0
 5268450.0
 5351350.0
 5396650.0
 5552150.0
 5733850.0
 6316550.0
 6667050.0
 7323250.0
 7468950.0
 7651550.0
 7723350.0
 7850050.0
 7952350.0
 8121350.0
 8157850.0
 8593250.0
 8766350.0
 8894050.0
 8910750.0
 9108450.0
 9217050.0
 9288050.0
 9593150.0
 9594950.0
 9769250.0
 9947850.0
 9962150.0
10389550.0
10496350.0
10522550.0
10688950.0
11023850.0
11107750.0
11222150.0
11227850.0
11658150.0
11977950.0
12092650.0
12219150.0
12478450.0
12629650.0
12751250.0
13093050.0
13227850.0
13343750.0
13510450.0
13829050.0
14213550.0
14951050.0
15051150.0
15225450.0
16548950.0
16687250.0
16765550.0
16824350.0
16854950.0
16897850.0
16928850.0
17053150.0
17121750.0
17138750.0
17203450.0
17313550.0
17668550.0
17757950.0
18132750.0
18170450.0
18215550.0
18576250.0
18831750.0
18922150.0
18974250.0
19100250.0
19467350.0
19723050.0
19772050.0
20153550.0
20172550.0
20309250.0
20508450.0
20983950.0
21320650.0
21463150.0
21496450.0
21628150.0
21861750.0
21956050.0
22061550.0
22236050.0
22253950.0
22314950.0
22409550.0
22436450.0
22542650.0
22611750.0
22702950.0
22801750.0
