  301650.0
  466250.0
  494450.0
  524850.0
  871150.0
  978450.0
 1307650.0
 1312750.0
 1368450.0
 1666850.0
 1714750.0
 1811150.0
 1920450.0
 2071750.0
 2297550.0
 2525250.0
 2547750.0
 2719650.0
 2829750.0
 2947950.0
 3190350.0
 3326750.0
 3385450.0
 3680050.0
 3864150.0
 4032750.0
 4057450.0
 4375950.0
 4621650.0
 4764450.0
 5347850.0
 5820550.0
 6032250.0
 6035950.0
 6055550.0
 6483550.0
 6634750.0
 6907150.0
 7006050.0
 7193050.0
 7315550.0
 7342950.0
 7442650.0
 7529750.0
 7799950.0
 8515050.0
 8522150.0
 8569250.0
 8622950.0
 8707350.0
 9296750.0
 9316350.0
 9575150.0
10450350.0
10695950.0
10826350.0
10829050.0
11043150.0
11144650.0
11294950.0
11402450.0
11429950.0
11718150.0
11728850.0
11743850.0
11765950.0
12129350.0
12154750.0
12219150.0
12474150.0
12547550.0
12554550.0
12830350.0
13153450.0
13290550.0
13353050.0
13376250.0
13398950.0
13732550.0
14296550.0
14617150.0
14905250.0
15149250.0
15248650.0
15425650.0
15860350.0
16020050.0
16121150.0
16303050.0
16397750.0
16714650.0
16724250.0
17007450.0
17061050.0
17072250.0
17090250.0
17120250.0
17615450.0
18017450.0
18129450.0
18414850.0
18552450.0
18701850.0
18921750.0
18974450.0
19130950.0
20102950.0
20139450.0
20309050.0
20894050.0
21221750.0
21317850.0
21354450.0
21379050.0
21400350.0
21526150.0
21709650.0
22080950.0
22507550.0
22587850.0
22847250.0
22978450.0
22989650.0
