   95150.0
  167850.0
  558150.0
  659750.0
  989650.0
 1079850.0
 1126850.0
 1142350.0
 1154850.0
 1340550.0
 1447850.0
 1489550.0
 1636550.0
 1733450.0
 1793650.0
 2129150.0
 2139250.0
 2161750.0
 2360750.0
 2660550.0
 2976650.0
 3414650.0
 3717150.0
 3739650.0
 4013050.0
 4541950.0
 4761950.0
 4824150.0
 5036450.0
 5052050.0
 5425150.0
 5784250.0
 5806850.0
 5919850.0
 5972250.0
 6149850.0
 6625350.0
 6775550.0
 7167650.0
 7185050.0
 7236150.0
 7417650.0
 7986150.0
 7996350.0
 8269850.0
 8283850.0
 8831150.0
 8885250.0
 8973450.0
 9148150.0
 9156150.0
 9334850.0
10120450.0
10126550.0
11455850.0
11858050.0
12067650.0
12343750.0
12404550.0
12636550.0
12870950.0
12912550.0
13206350.0
13336050.0
13560350.0
13705050.0
13751550.0
13921050.0
13962750.0
14199750.0
14221050.0
14470750.0
14531250.0
14949350.0
14953650.0
15176750.0
15269050.0
15794750.0
16173150.0
16680750.0
16802450.0
17041850.0
17203550.0
17295750.0
18810050.0
18988250.0
19063250.0
19217350.0
19235650.0
19497750.0
19610850.0
19627850.0
20413350.0
20595950.0
20626750.0
20937450.0
21185350.0
21253150.0
21509950.0
21780950.0
21798350.0
21859850.0
21990750.0
22010550.0
22050850.0
22227050.0
22648150.0
