  378050.0
  585050.0
  617550.0
 1126650.0
 2049150.0
 2375150.0
 2515150.0
 3076550.0
 3479450.0
 3702950.0
 3878150.0
 3921350.0
 4178350.0
 4209650.0
 4305550.0
 4427350.0
 4503550.0
 4670450.0
 5127650.0
 5520350.0
 5525550.0
 5623450.0
 5751250.0
 5787250.0
 5883150.0
 6015550.0
 6530150.0
 6761850.0
 7221550.0
 7264550.0
 7843150.0
 7956250.0
 8010550.0
 8018350.0
 8040650.0
 8154550.0
 8357750.0
 8436050.0
 8708550.0
 8801750.0
 8803150.0
 9091650.0
 9268450.0
 9314650.0
 9505550.0
10055250.0
10068850.0
10402050.0
10506650.0
10949050.0
11134250.0
11425450.0
11823250.0
11824250.0
11971150.0
11988950.0
12568550.0
12646550.0
12664350.0
12675150.0
12729150.0
12789350.0
12898450.0
13121750.0
13260750.0
13529750.0
13694850.0
13805350.0
13850550.0
14161450.0
14161650.0
14610750.0
14978850.0
14985650.0
14993050.0
15366150.0
15389050.0
15461450.0
15832950.0
16246950.0
16317050.0
16764650.0
17098650.0
17300350.0
17699750.0
17713450.0
17785750.0
18065150.0
18513850.0
18580050.0
18759750.0
18798350.0
18798950.0
18869250.0
18958550.0
19039050.0
19137050.0
19498550.0
19602950.0
19754350.0
19765750.0
19962050.0
20253750.0
20367450.0
20941950.0
21137950.0
21339850.0
21428750.0
21534850.0
21565750.0
22471650.0
22624950.0
22885250.0
