  108150.0
  590850.0
  670650.0
  878450.0
 1159650.0
 1324650.0
 1392550.0
 1592050.0
 1634050.0
 1665750.0
 1798750.0
 1824650.0
 1966250.0
 2067650.0
 2659450.0
 2714250.0
 2875250.0
 3140550.0
 3380250.0
 3478750.0
 3548650.0
 4081250.0
 4453950.0
 4624150.0
 5054250.0
 5349550.0
 5541050.0
 5594550.0
 5601150.0
 5654050.0
 5704850.0
 5865150.0
 5961350.0
 6195250.0
 6403750.0
 6434350.0
 6704650.0
 6769150.0
 6852950.0
 7042150.0
 7099150.0
 7230950.0
 7702850.0
 8036050.0
 8366350.0
 8412150.0
 8530150.0
 8648050.0
 8671950.0
 8684550.0
 8993750.0
 9346750.0
 9823650.0
 9878750.0
 9931250.0
10017050.0
10024750.0
10438050.0
10637550.0
10849950.0
10960450.0
11088350.0
11122750.0
11466750.0
11827950.0
11896950.0
12234350.0
12341650.0
12430150.0
12536750.0
12537750.0
12592550.0
13530650.0
13910550.0
14180450.0
14754350.0
15068050.0
15278550.0
15312750.0
15325650.0
15392350.0
15780850.0
15961050.0
16065250.0
16300950.0
16790650.0
16991650.0
17710850.0
17712050.0
17795850.0
18509050.0
18658250.0
18698250.0
18760650.0
18825950.0
18912550.0
18948350.0
18976750.0
19083350.0
19318350.0
19577850.0
19784350.0
20101750.0
20287550.0
20867850.0
20995550.0
21113150.0
21387950.0
21457350.0
21752450.0
21786750.0
21797650.0
21952650.0
22060750.0
22107150.0
22547450.0
22604850.0
22612850.0
22715250.0
22822050.0
