  487550.0
  720550.0
  725550.0
  836650.0
 1080450.0
 1197250.0
 1318150.0
 1375750.0
 1722650.0
 1987950.0
 2147750.0
 2178550.0
 2185950.0
 2233250.0
 2242550.0
 2451450.0
 2662450.0
 3056250.0
 3057350.0
 3173750.0
 3245050.0
 3282850.0
 3569650.0
 3585650.0
 3610350.0
 3783750.0
 3910750.0
 4408150.0
 4460350.0
 4778450.0
 4827650.0
 4899950.0
 4907550.0
 4916250.0
 4983350.0
 5112650.0
 5426050.0
 6204750.0
 6822550.0
 6972150.0
 7092350.0
 7351850.0
 7375850.0
 7409250.0
 7583550.0
 7872750.0
 7974950.0
 8018550.0
 8189350.0
 8220350.0
 8319150.0
 8365350.0
 8366950.0
 8434750.0
 8518750.0
 8919350.0
 8922650.0
 9100650.0
 9139550.0
 9845450.0
10036950.0
10206950.0
10360350.0
10450250.0
11003250.0
11162750.0
11292350.0
11619250.0
12561250.0
12737350.0
12969350.0
13040850.0
13112450.0
13175550.0
13619650.0
13736650.0
14062650.0
14152650.0
14235350.0
14640850.0
14663850.0
14943450.0
15046250.0
15242050.0
15485250.0
15625650.0
15678150.0
15706650.0
15836250.0
15852350.0
16187050.0
16463650.0
16810750.0
17495250.0
17650750.0
18465550.0
18605650.0
18831650.0
19099250.0
19420450.0
19472550.0
19703550.0
20353750.0
20365650.0
20532650.0
20536350.0
20549950.0
21320850.0
21518450.0
21602250.0
21714750.0
22038150.0
22104550.0
22109350.0
22744050.0
