  108050.0
  294550.0
  353850.0
  447550.0
  590750.0
 1034650.0
 1185550.0
 1225850.0
 1528550.0
 1764350.0
 2143450.0
 2230950.0
 2295950.0
 2355250.0
 3182350.0
 3415350.0
 3435450.0
 3557250.0
 3629950.0
 3819450.0
 3838650.0
 4036650.0
 4225650.0
 4307550.0
 4423750.0
 4872150.0
 5067950.0
 5532850.0
 5695250.0
 5734450.0
 5855950.0
 6055350.0
 6416250.0
 6565750.0
 6683050.0
 6721450.0
 6894950.0
 6970950.0
 7260750.0
 7306450.0
 7429450.0
 7577450.0
 7611650.0
 7660250.0
 8159450.0
 8275850.0
 8387650.0
 8431250.0
 8576550.0
 8873150.0
 9041750.0
 9195650.0
 9309050.0
 9347350.0
 9654850.0
 9869650.0
10095250.0
10376550.0
10443350.0
10503550.0
10528950.0
10829750.0
11258250.0
11401250.0
11827050.0
12148350.0
12858750.0
12867050.0
12932850.0
13101650.0
13589750.0
13643750.0
14217550.0
14302350.0
14577950.0
14691850.0
14692550.0
14866650.0
15696650.0
15943350.0
16152250.0
16252450.0
16258050.0
16426950.0
16747750.0
17220350.0
17474250.0
17692050.0
17813650.0
18168750.0
18381550.0
18450250.0
18610250.0
18611750.0
18826850.0
18987150.0
19175950.0
19273250.0
19299350.0
19385850.0
19405250.0
19982650.0
20068750.0
20130350.0
20520150.0
20754550.0
20851050.0
20884350.0
21426050.0
21763350.0
21835450.0
22102250.0
22322750.0
22356750.0
22430550.0
22654450.0
22737750.0
