  136050.0
  332550.0
  769950.0
 1187550.0
 1365550.0
 1606350.0
 1972050.0
 2083650.0
 2171350.0
 2224650.0
 2243250.0
 2448550.0
 2786050.0
 3369950.0
 3570050.0
 3848050.0
 3873350.0
 3911250.0
 4239350.0
 4636350.0
 4707750.0
 4770550.0
 4816850.0
 4882550.0
 4963550.0
 4995950.0
 5200850.0
 5436750.0
 5495750.0
 5758650.0
 6154750.0
 6364950.0
 6554950.0
 6668650.0
 6824050.0
 6955950.0
 6983450.0
 7510550.0
 7855550.0
 7980650.0
 8180450.0
 8211150.0
 8254950.0
 8348750.0
 8650550.0
 8786250.0
 8871550.0
 8984150.0
 9081050.0
 9229250.0
 9479750.0
 9551550.0
 9651250.0
 9751650.0
 9895250.0
 9913350.0
10775250.0
10855350.0
11058150.0
11094350.0
11282350.0
11559050.0
11703950.0
12046050.0
12087250.0
12152150.0
12266550.0
12451950.0
12891750.0
12951150.0
13102150.0
13435450.0
14205850.0
14231650.0
14282050.0
14364650.0
14409050.0
14411150.0
14510650.0
14923750.0
15135550.0
15140650.0
15717950.0
15744750.0
15866450.0
15874750.0
15890950.0
15922150.0
15972950.0
16139050.0
16545250.0
16745150.0
16829650.0
17084850.0
17338250.0
17633850.0
17991550.0
18184150.0
18436450.0
18472150.0
18477450.0
18646650.0
19082050.0
19099350.0
19149150.0
19424750.0
19650050.0
19709850.0
19975950.0
20184350.0
20556250.0
20854450.0
20889950.0
20907250.0
20966450.0
21266750.0
21750150.0
21941450.0
22447450.0
22755150.0
