  284750.0
  665950.0
 1095450.0
 1273750.0
 1417650.0
 1534650.0
 1897450.0
 1912250.0
 2087550.0
 2487150.0
 2873550.0
 3233350.0
 3327350.0
 4087050.0
 4231650.0
 4342350.0
 4842550.0
 4848950.0
 5081550.0
 5551250.0
 6098250.0
 6388650.0
 6794250.0
 6884350.0
 6927750.0
 6934950.0
 7453750.0
 7562850.0
 7760850.0
 8019450.0
 8353850.0
 8422850.0
 8471250.0
 8614750.0
 8989150.0
 9263750.0
 9431250.0
 9475050.0
 9482050.0
 9507950.0
 9605450.0
 9756750.0
 9806250.0
10213650.0
10240150.0
10438850.0
10712050.0
10906150.0
11373250.0
11422250.0
11535750.0
11941450.0
12201750.0
12288250.0
12545250.0
13617550.0
13741250.0
13774650.0
14017850.0
14128950.0
14192950.0
14247750.0
14368150.0
14496750.0
14562750.0
14820150.0
14923050.0
15227050.0
15291150.0
15323750.0
15324850.0
15490950.0
15685950.0
15705050.0
16180350.0
16347250.0
16357950.0
16375650.0
16713650.0
16816250.0
16928050.0
17072150.0
17084750.0
17226350.0
17990950.0
18172050.0
18325150.0
18374650.0
18508750.0
18605950.0
18608550.0
18885050.0
19247150.0
19794950.0
19831750.0
19842950.0
20111250.0
20284750.0
20476150.0
21050250.0
21207750.0
21314050.0
21360350.0
21395550.0
21822850.0
21970450.0
22124950.0
22189550.0
22198850.0
22403450.0
22677350.0
22691550.0
22705350.0
