   24550.0
   81050.0
  138250.0
  160450.0
  262150.0
  520250.0
  527850.0
  700450.0
 1297250.0
 1383050.0
 1688450.0
 1802650.0
 2135850.0
 2177950.0
 2336650.0
 2400150.0
 2691050.0
 2761850.0
 3351250.0
 3356950.0
 3496250.0
 3841750.0
 3974850.0
 3988550.0
 4378250.0
 5056050.0
 5156850.0
 5160650.0
 5354650.0
 5370050.0
 5377650.0
 5449350.0
 5568250.0
 5638950.0
 5766650.0
 5892650.0
 6116150.0
 6124150.0
 6760250.0
 6978250.0
 7220650.0
 7412950.0
 7744550.0
 7885050.0
 8074350.0
 8104450.0
 9228950.0
 9230850.0
 9252350.0
 9320850.0
 9355950.0
 9544750.0
 9650250.0
 9697350.0
 9842050.0
10165550.0
10321850.0
10533450.0
11214750.0
11491050.0
11958450.0
12385350.0
12409750.0
12518550.0
12577850.0
12804750.0
12876150.0
12942250.0
13267950.0
13479250.0
13759350.0
13956850.0
13987950.0
13996750.0
14030350.0
14063450.0
14227850.0
14362250.0
14584150.0
14601250.0
14780650.0
14922950.0
15130350.0
15292050.0
15789350.0
15939650.0
16015450.0
16229950.0
16244650.0
16326450.0
16388950.0
17057250.0
17184550.0
17271050.0
17436550.0
17545050.0
17753550.0
17866050.0
18314050.0
18335050.0
18506850.0
18784650.0
18804950.0
18909050.0
18915050.0
18940350.0
19930450.0
20540250.0
20631950.0
21077050.0
21169950.0
21243650.0
21310050.0
21402150.0
21409250.0
21601950.0
21604150.0
21629850.0
22026350.0
22035950.0
22143050.0
22387950.0
22527850.0
22853850.0
22875350.0
22879950.0
