  134750.0
  213950.0
  507150.0
  531950.0
 1443150.0
 1877050.0
 2102850.0
 2320350.0
 2334850.0
 2636250.0
 2819450.0
 2854850.0
 3149150.0
 3176650.0
 3408950.0
 4397350.0
 4657250.0
 4693250.0
 5069950.0
 5258350.0
 5396450.0
 5436750.0
 5686650.0
 6026650.0
 6189050.0
 6350450.0
 7577250.0
 7650850.0
 7696750.0
 7944150.0
 7984150.0
 8030950.0
 8192550.0
 8274850.0
 8979450.0
 9076150.0
 9134850.0
 9536350.0
 9858950.0
10005050.0
10499750.0
11421150.0
11535250.0
11606250.0
11606550.0
12160050.0
12221350.0
13301750.0
13348450.0
13372350.0
13470150.0
14300650.0
14316050.0
14353950.0
14793350.0
14833150.0
14875150.0
14930750.0
15056050.0
15196650.0
15231450.0
15479150.0
15599650.0
15605350.0
15769250.0
16011350.0
16088150.0
16601650.0
16752250.0
16918450.0
17027150.0
17072850.0
17088050.0
17336650.0
18310250.0
18556550.0
18719650.0
19050750.0
19084850.0
19476550.0
19498050.0
19621950.0
19628850.0
19914550.0
20089050.0
20649550.0
20815650.0
20881750.0
20896950.0
21280250.0
21284550.0
21379950.0
21699050.0
21783650.0
21934150.0
22063050.0
22947850.0
