  178250.0
  242850.0
  421750.0
 1125050.0
 1275050.0
 1320150.0
 1414550.0
 1621950.0
 1829950.0
 2554750.0
 2735750.0
 2983550.0
 3029250.0
 3061150.0
 3164050.0
 3643850.0
 4024150.0
 4179050.0
 4195850.0
 4351550.0
 4576850.0
 4884950.0
 4948250.0
 5005950.0
 5036150.0
 5099650.0
 5460050.0
 5559650.0
 5865350.0
 6207850.0
 6369750.0
 6423350.0
 6524250.0
 6648050.0
 6901250.0
 6912650.0
 7239950.0
 7326550.0
 7686350.0
 7734350.0
 7932250.0
 8098050.0
 8501750.0
 8560250.0
 8573150.0
 8697150.0
 8747650.0
 8798950.0
 8962950.0
 9335550.0
 9484650.0
 9490650.0
 9511150.0
 9519950.0
 9626450.0
 9636850.0
 9673250.0
 9874050.0
10106650.0
10312050.0
11069050.0
11830550.0
11869250.0
12031450.0
12228450.0
12784350.0
13240450.0
13612050.0
13742750.0
13760550.0
13955350.0
14124150.0
14160150.0
14477650.0
14486550.0
14541450.0
14585250.0
14829350.0
14867250.0
14911150.0
15200650.0
15257350.0
15476650.0
15698950.0
16109750.0
16319550.0
16455650.0
16824550.0
16999850.0
17089750.0
17096850.0
17179750.0
17209450.0
17282150.0
17421250.0
17436950.0
17441150.0
17478950.0
17483750.0
17531450.0
17787250.0
17843450.0
17956950.0
18177050.0
18568050.0
18744850.0
18779850.0
18982150.0
18992350.0
19118750.0
20153850.0
20243950.0
20442650.0
20483950.0
20645750.0
20669950.0
20678750.0
21078350.0
21191050.0
21669450.0
21831850.0
22147250.0
22600850.0
22631950.0
22658650.0
22991050.0
