   93050.0
  456050.0
 1267050.0
 1542250.0
 1689250.0
 2318450.0
 2324950.0
 2549150.0
 2648550.0
 2716150.0
 2821250.0
 2861450.0
 2974450.0
 3020050.0
 3049150.0
 3586850.0
 3721350.0
 4001950.0
 4102650.0
 4202950.0
 4284150.0
 4340650.0
 4963250.0
 5026550.0
 5141450.0
 5282450.0
 5505850.0
 5636750.0
 5715050.0
 6011150.0
 6064750.0
 6344750.0
 6665450.0
 6672050.0
 6876550.0
 7026050.0
 7042550.0
 7061350.0
 7561750.0
 7837850.0
 7871350.0
 7991150.0
 8327050.0
 8617450.0
 8863750.0
 9102850.0
 9117050.0
 9122850.0
 9326850.0
 9623350.0
10109350.0
10696850.0
10993050.0
11143450.0
11379950.0
11469250.0
11470850.0
11638950.0
11727550.0
12229550.0
12322850.0
12488150.0
12747250.0
12887250.0
12973950.0
13014850.0
13075550.0
13265050.0
13381550.0
13558950.0
13567750.0
14095450.0
14332550.0
14946150.0
15126150.0
15320850.0
15526550.0
15614350.0
15620350.0
15792850.0
15996050.0
16070650.0
16118650.0
16442450.0
16536950.0
16752650.0
17056250.0
17146550.0
17160850.0
17245150.0
17449250.0
17715950.0
17785150.0
18321850.0
18510750.0
18547550.0
18573850.0
18938550.0
19285250.0
19399150.0
19681350.0
19974450.0
20574850.0
20680350.0
20750950.0
20796450.0
20816950.0
20968050.0
21044550.0
21068250.0
21127750.0
21209350.0
21290050.0
21856550.0
22000550.0
22235950.0
22382150.0
22444750.0
22460050.0
22774350.0
