155.4
362.6
425.8
748.6
1573.5
2039.2
2179.9
2368.3
2514.7
2557.5
2780.7
3188.4
3193.1
3239.7
3268.3
3866.0
3871.7
3942.4
4358.7
4399.4
4555.3
4598.3
4827.9
4834.5
4887.4
6047.9
6083.1
6184.5
6660.2
6899.8
7101.5
7138.6
7173.3
7678.3
7983.3
7991.1
8130.8
8232.1
8945.3
8958.5
9096.4
9150.9
9156.0
9459.2
10088.4
10150.1
10234.4
10291.7
10435.5
10464.8
10482.6
10893.0
10926.7
11064.0
11252.9
11303.5
11435.3
11648.7
11696.9
11875.6
12044.3
12307.3
12500.7
12711.8
12999.3
13203.7
13381.8
13462.1
13722.3
13746.7
13835.2
13904.9
14035.4
14051.5
15359.6
15371.7
15442.0
15454.1
15595.3
16213.7
16272.6
16354.1
16445.5
16475.6
16875.1
16954.7
17251.5
17798.0
17845.5
18329.5
18389.9
18453.7
18765.3
19171.2
19247.2
19511.1
19829.5
20150.0
20591.6
20708.9
20748.0
20764.3
21131.3
21266.0
21268.7
21599.8
21730.3
21746.3
21935.6
21999.7
22353.9
22614.2
22740.2
22768.6
22901.6
22999.7
