189.5
358.0
454.5
640.5
1027.8
1104.1
1775.4
1930.2
2303.5
2379.7
3331.9
3444.5
3445.3
3685.1
6107.0
6147.3
6348.3
6525.2
6576.2
6594.9
6671.8
6709.9
7244.4
7286.8
7395.6
7438.9
7482.8
8551.3
8605.8
9103.8
9105.7
9261.3
9569.1
9697.1
10319.8
10375.9
10444.0
10477.4
10521.3
10814.3
10950.0
10995.5
11201.3
11280.5
11284.5
11346.7
11730.3
12024.9
12056.3
12082.6
12303.5
12979.4
13020.7
13190.7
13194.3
13234.2
13477.3
13714.2
14241.3
14473.4
14507.2
15070.8
15209.8
15315.3
15474.8
15503.2
15626.0
15718.7
15802.6
15876.5
15882.7
15945.8
16346.5
16639.6
16712.6
17173.8
17182.9
17426.9
17503.3
17629.8
17663.2
17770.8
17803.0
17922.4
17934.8
18396.2
18507.1
18579.7
18615.8
18754.3
19341.8
19406.2
19580.9
19764.0
19936.5
19960.4
20031.1
20038.8
20617.0
20700.9
20908.6
20992.9
21286.5
21416.4
22283.9
22907.9
