  267650.0
  546450.0
  550650.0
  766550.0
  859250.0
 1171850.0
 1765250.0
 1842250.0
 1871350.0
 1930550.0
 2388950.0
 2512450.0
 2524150.0
 2527850.0
 2725850.0
 2939450.0
 3210450.0
 3220850.0
 3320450.0
 3756050.0
 3773750.0
 3998550.0
 4057950.0
 4274850.0
 5086450.0
 5172850.0
 5685350.0
 5687450.0
 5989050.0
 6181650.0
 6355850.0
 6450850.0
 6618950.0
 6691450.0
 6810750.0
 7189950.0
 7216750.0
 7371250.0
 7636250.0
 7883950.0
 8043250.0
 8777350.0
 8884050.0
 8904050.0
 9026950.0
 9052850.0
 9110850.0
 9123550.0
 9229650.0
 9292150.0
 9314750.0
 9331650.0
 9749450.0
 9827550.0
 9956750.0
10379050.0
10796050.0
10819350.0
10875050.0
10907650.0
11008650.0
11549250.0
11584150.0
11858950.0
11880850.0
12211950.0
12350050.0
12447150.0
12784150.0
12861250.0
12861450.0
12924950.0
12950250.0
12957950.0
13084850.0
13224750.0
13683450.0
13701050.0
13734750.0
13770250.0
13910450.0
14247650.0
14359850.0
14369450.0
14635150.0
14973950.0
15109450.0
15159950.0
15288850.0
15423650.0
15634650.0
15732550.0
16024450.0
16098050.0
16111550.0
16118250.0
16437150.0
16576750.0
16956750.0
17077250.0
17229050.0
17272450.0
17321750.0
17346750.0
17688050.0
17708450.0
17863350.0
18598350.0
18689450.0
18979450.0
19397950.0
19633850.0
19734150.0
19802150.0
20133250.0
20271950.0
20302750.0
20653350.0
20704550.0
20775450.0
20823350.0
20862950.0
20942750.0
21129450.0
21348850.0
21611950.0
21676450.0
21680450.0
21716950.0
21780150.0
21789550.0
22416450.0
22551950.0
22699050.0
22723950.0
22868750.0
22909050.0
