  123750.0
  229750.0
  394850.0
  449450.0
  804750.0
  986450.0
 1038350.0
 1096550.0
 1299250.0
 1344050.0
 1374750.0
 1420650.0
 1893750.0
 1897450.0
 2036350.0
 2075550.0
 2192750.0
 2578350.0
 2660550.0
 2914250.0
 3164950.0
 3374050.0
 3567150.0
 4035650.0
 4076050.0
 4305550.0
 4549850.0
 4671750.0
 5039850.0
 5043350.0
 5543750.0
 6000450.0
 6148650.0
 6203850.0
 6254350.0
 6452250.0
 6677850.0
 6778850.0
 6820750.0
 6907450.0
 7101150.0
 7134550.0
 7264450.0
 7293150.0
 7874750.0
 7892350.0
 7929050.0
 8130950.0
 8267850.0
 8375050.0
 8494750.0
 8525150.0
 8641650.0
 8740250.0
 8971750.0
 9148050.0
 9174550.0
 9281250.0
10197150.0
10771950.0
11047350.0
11131850.0
11324250.0
11603750.0
11766550.0
11875150.0
12152650.0
12268450.0
12427450.0
12617350.0
13262450.0
13384550.0
13708950.0
13709350.0
13782750.0
13941050.0
13999650.0
14083450.0
14220450.0
14344850.0
14358150.0
14441650.0
14638750.0
15262050.0
15275950.0
15576150.0
15657750.0
15720850.0
16023450.0
16211350.0
16645550.0
16674850.0
16826450.0
17023550.0
17419550.0
17541650.0
17729650.0
17773150.0
17990950.0
18232250.0
18368850.0
18759350.0
18868050.0
18897950.0
18933750.0
18978750.0
19210450.0
19283150.0
19407350.0
19441450.0
19454650.0
19463050.0
19659250.0
19773050.0
20038250.0
20568850.0
20969250.0
21011550.0
21042150.0
21055450.0
21134050.0
21363050.0
22196550.0
22252650.0
22614250.0
22741350.0
22910050.0
