87.9
176.7
297.0
301.9
614.3
991.8
1109.2
1153.7
1492.4
2679.0
2794.1
2852.1
2909.0
3109.3
3279.6
3531.7
3744.7
3936.5
3961.5
4075.4
4500.5
4647.1
4690.4
4845.6
4900.2
4929.2
4960.7
5302.4
5308.0
5312.7
5470.3
5552.6
5952.8
6047.2
6072.3
6101.1
6199.9
6572.8
6626.6
6792.9
7324.9
7436.7
7470.4
7604.9
8239.3
8336.5
8877.6
8893.6
9015.9
9144.6
9503.2
9606.4
9806.0
10011.6
10021.1
10055.8
10409.0
10666.9
11096.9
11189.5
11383.1
12258.8
12481.2
12576.6
12724.4
12778.1
12905.3
12948.4
13039.9
13401.8
13436.4
13570.4
13624.2
13750.6
13947.9
14891.4
15162.1
15163.3
15389.0
15480.0
15577.0
15683.3
16028.9
16044.8
16158.4
16214.1
16405.4
16418.1
16967.1
17007.2
17086.2
17662.6
18247.3
18287.5
18852.6
18881.0
20108.1
20260.7
20352.6
20355.0
20582.3
20775.3
20943.3
21460.6
21940.7
21990.2
22057.6
22257.8
22585.8
22590.7
22598.0
22715.8
22814.5
22825.3
22839.2
22994.0
23025.5
