   17350.0
  138450.0
  148650.0
  178150.0
  244450.0
  418050.0
  776050.0
  921250.0
 1280650.0
 1457850.0
 1466950.0
 1478450.0
 1568350.0
 1648250.0
 1902750.0
 1948650.0
 2000650.0
 2044650.0
 2086850.0
 2089250.0
 2366350.0
 2366750.0
 2421850.0
 2487150.0
 2811650.0
 3001750.0
 3010050.0
 3140750.0
 3203750.0
 3323750.0
 3479650.0
 3660450.0
 3812050.0
 4518150.0
 4601550.0
 4975350.0
 5147350.0
 5274650.0
 5346750.0
 5703250.0
 5989450.0
 6042550.0
 7045550.0
 7204750.0
 7349950.0
 7381250.0
 8021150.0
 8624950.0
 8789150.0
 8817250.0
 8906050.0
 9070950.0
 9089450.0
 9343650.0
 9393250.0
 9473650.0
 9627950.0
 9649750.0
10027450.0
10662150.0
10919450.0
10919650.0
10974650.0
11116750.0
11447350.0
11537150.0
11567350.0
11594150.0
11678950.0
12246250.0
12528750.0
12557050.0
13313950.0
13729750.0
14054250.0
14120450.0
14947450.0
15060050.0
15305450.0
15318650.0
15408150.0
15937550.0
16085650.0
16097650.0
16144750.0
16338750.0
16352450.0
16696350.0
16956350.0
17149750.0
17166350.0
17625250.0
17919450.0
17965850.0
18056550.0
18230150.0
18321650.0
18693850.0
18929150.0
18979450.0
19030750.0
19110950.0
19478450.0
19487050.0
19526150.0
19556550.0
19721750.0
19747050.0
20179150.0
20355750.0
20403450.0
20768950.0
21308350.0
21699850.0
21732950.0
22310350.0
22359350.0
22862150.0
22888750.0
