  143150.0
  209350.0
  430650.0
  580150.0
  580950.0
  787050.0
  852050.0
 1561850.0
 1692250.0
 1799150.0
 1847150.0
 1873550.0
 1878850.0
 1881050.0
 2227050.0
 2232750.0
 2276850.0
 2636450.0
 2856450.0
 2889150.0
 2992250.0
 3003450.0
 3565150.0
 3691950.0
 3945450.0
 3962950.0
 4396750.0
 4672150.0
 4880350.0
 4942650.0
 5189250.0
 5306850.0
 5364350.0
 5375550.0
 5487150.0
 5595950.0
 5741150.0
 6005150.0
 6177750.0
 6925350.0
 6972850.0
 7226250.0
 7488750.0
 7509950.0
 8174550.0
 8478450.0
 8599750.0
 8658350.0
 8817150.0
 8972150.0
 9228950.0
 9274750.0
 9408650.0
 9427250.0
 9674650.0
 9739950.0
 9781450.0
 9984350.0
10018550.0
10027850.0
10029250.0
10156850.0
10452550.0
10713850.0
10818550.0
10954650.0
11060250.0
11075550.0
12153350.0
12443350.0
12457450.0
12491850.0
12857250.0
12870250.0
12926450.0
12977050.0
13103850.0
13231350.0
13448250.0
13480550.0
13561750.0
13599350.0
14034350.0
14052350.0
14129250.0
14177750.0
14771550.0
15198550.0
15331650.0
15380450.0
15650850.0
15836650.0
15849850.0
15888950.0
16272250.0
16327550.0
16395950.0
16760850.0
17192850.0
17303850.0
17604650.0
17734150.0
17769850.0
18025150.0
18055950.0
18095450.0
18241750.0
18282050.0
18614350.0
18623550.0
18979550.0
19102450.0
19203550.0
19366150.0
19978250.0
20198950.0
20840850.0
20867450.0
21133350.0
21195650.0
21424950.0
21493350.0
21537050.0
21745950.0
21815650.0
21884250.0
22138350.0
22437750.0
22702350.0
22765250.0
