  348850.0
  394750.0
  780650.0
  892250.0
 1168850.0
 1202650.0
 1559950.0
 1921750.0
 1952850.0
 1965250.0
 2147750.0
 2481650.0
 2597750.0
 2660650.0
 2706350.0
 2806150.0
 2901050.0
 3084550.0
 3146150.0
 3148850.0
 3150150.0
 3684250.0
 3856950.0
 3865850.0
 4061950.0
 4064850.0
 4176650.0
 4179650.0
 4896550.0
 4932250.0
 4975650.0
 5096550.0
 5445450.0
 5685150.0
 5824350.0
 5882150.0
 5964550.0
 6598050.0
 6605350.0
 6818550.0
 7142150.0
 7330350.0
 7551350.0
 7915750.0
 8052750.0
 8428850.0
 9299650.0
 9507650.0
 9801850.0
10263050.0
10488650.0
10775150.0
11140450.0
11178150.0
11457050.0
11511750.0
11568350.0
11675750.0
11913950.0
11942550.0
12079950.0
12200650.0
12219950.0
12403350.0
12404550.0
12702950.0
12759050.0
12868250.0
13018350.0
13113950.0
13158650.0
13243350.0
13287350.0
13541650.0
14111150.0
14176950.0
14214950.0
14355250.0
15027050.0
15260350.0
15939350.0
16063050.0
16164050.0
16539050.0
16635550.0
16677750.0
16706150.0
16818650.0
17042850.0
17227250.0
17310350.0
17333350.0
17363250.0
17598250.0
18252050.0
18254550.0
18471250.0
18860350.0
18956950.0
19077850.0
19256050.0
19387950.0
19598250.0
19720150.0
19992250.0
20191850.0
20367650.0
20492550.0
20990450.0
21016650.0
21641650.0
21650950.0
21704550.0
21720350.0
21741450.0
21819050.0
21831750.0
22244350.0
22552650.0
22636850.0
22843750.0
