    6150.0
  224450.0
  435550.0
  469950.0
  639150.0
 1019250.0
 1151650.0
 1682450.0
 1690750.0
 1871950.0
 1989950.0
 2191850.0
 2345950.0
 2477950.0
 3330550.0
 3480850.0
 3588150.0
 3994950.0
 4213950.0
 4224950.0
 4546050.0
 4673150.0
 4731750.0
 5000350.0
 5053350.0
 5421250.0
 5486450.0
 5667950.0
 5704750.0
 6483350.0
 6687450.0
 6695750.0
 6859850.0
 7242850.0
 7243350.0
 7403050.0
 7793650.0
 7852050.0
 8530350.0
 8574150.0
 8761050.0
 8784350.0
 9133550.0
 9254350.0
 9354850.0
 9499750.0
 9550250.0
 9581150.0
 9654450.0
 9960250.0
10064550.0
10227950.0
10397550.0
10730150.0
11154150.0
11395350.0
11433450.0
11536250.0
11903150.0
12020750.0
12048250.0
12063250.0
12138450.0
12166750.0
12210150.0
12255250.0
12489250.0
12844250.0
13123450.0
13144550.0
13270750.0
13457450.0
13598450.0
13616750.0
13646550.0
13716050.0
13755150.0
14021950.0
14339550.0
14393950.0
14763450.0
14810250.0
14962550.0
15093750.0
15119750.0
15161650.0
15181750.0
15200850.0
15336150.0
15454350.0
15458950.0
15864450.0
16107450.0
16170450.0
16200050.0
16608950.0
17016150.0
17125250.0
17208050.0
17343950.0
17346750.0
17365250.0
17590650.0
17614450.0
18320050.0
18340250.0
18366050.0
18651150.0
18982950.0
19257950.0
19397650.0
19412550.0
19925750.0
19995950.0
20153150.0
20267550.0
20341450.0
20527850.0
20705750.0
20888150.0
21195850.0
21279550.0
21336750.0
21936250.0
22008550.0
22018050.0
22088950.0
22187050.0
22307150.0
22483950.0
22579450.0
22596150.0
22734050.0
