   78950.0
  712950.0
 1304250.0
 1364550.0
 1760750.0
 1826650.0
 2033550.0
 2423150.0
 2445650.0
 2690950.0
 2842950.0
 3046250.0
 3339650.0
 3497250.0
 3850150.0
 4180450.0
 4283050.0
 4283850.0
 4334450.0
 4452750.0
 4712150.0
 4779250.0
 4800050.0
 4847050.0
 4903550.0
 4984350.0
 5126050.0
 5613950.0
 5708450.0
 5722250.0
 5743450.0
 5912550.0
 5965050.0
 6874550.0
 6927150.0
 6942750.0
 7026750.0
 7214150.0
 7831150.0
 7938850.0
 8294750.0
 8467550.0
 8664850.0
 8941850.0
 9108350.0
 9112150.0
 9164150.0
 9356750.0
 9379950.0
 9527750.0
 9600550.0
 9630950.0
 9726750.0
 9906450.0
 9950350.0
10279950.0
10489350.0
10558950.0
10675950.0
10698850.0
11043950.0
11050650.0
11235350.0
11249550.0
11830350.0
11845250.0
11854950.0
11863350.0
12029850.0
12135750.0
12260850.0
12326050.0
12463150.0
12556550.0
12719850.0
13346450.0
13348550.0
13506750.0
13553150.0
13616550.0
13747250.0
14106950.0
14327550.0
14599650.0
15214850.0
15643950.0
15807950.0
16111150.0
16250950.0
16293550.0
16579650.0
16886350.0
16917150.0
17127050.0
17270550.0
17833050.0
18084250.0
18140450.0
18152050.0
18300250.0
18451150.0
18731050.0
18738850.0
18936050.0
19071250.0
19409850.0
19422150.0
19439450.0
19475050.0
19865350.0
19874750.0
19903650.0
19947850.0
20352550.0
20530650.0
20533450.0
20536450.0
20716850.0
20794350.0
20875150.0
21478650.0
21580850.0
21607050.0
21954450.0
22322250.0
22388250.0
22503650.0
22646450.0
22849850.0
22994950.0
