  367050.0
  445950.0
  733450.0
 1161650.0
 1227950.0
 1368650.0
 1401650.0
 1525950.0
 1620350.0
 1889350.0
 2418750.0
 2563850.0
 2680650.0
 2903950.0
 3212350.0
 3360550.0
 3469850.0
 3506250.0
 3820650.0
 3970750.0
 4148550.0
 4541850.0
 4936650.0
 5072750.0
 6329950.0
 6430950.0
 6592850.0
 7511250.0
 7531050.0
 7793550.0
 8385750.0
 8432250.0
 8487250.0
 8869950.0
 8925450.0
 8971250.0
 9054350.0
 9189050.0
 9212150.0
 9318950.0
 9500850.0
 9700950.0
 9724750.0
 9967050.0
10176750.0
10205350.0
10541250.0
11271650.0
11319250.0
11942450.0
12112250.0
12218050.0
12560550.0
12693350.0
12911350.0
12939750.0
12944950.0
13508550.0
13917850.0
14155650.0
14341050.0
14953950.0
15321150.0
15348450.0
15361050.0
15695150.0
16441350.0
16764350.0
16818150.0
16899750.0
17100950.0
17111550.0
17112150.0
17428450.0
17607650.0
17855150.0
18031150.0
18184950.0
18808350.0
19026450.0
19086950.0
19130450.0
19290450.0
19303250.0
19448350.0
19485150.0
19526650.0
19580950.0
19647950.0
19673850.0
19979550.0
20247850.0
20404550.0
20866050.0
21038150.0
21097750.0
21158550.0
21285850.0
21348550.0
21352550.0
21515250.0
21527050.0
21604750.0
21864650.0
21908350.0
22216650.0
22564850.0
22834850.0
