   81250.0
  269050.0
  292050.0
  744750.0
 1593250.0
 1873350.0
 1915650.0
 1934250.0
 2008550.0
 2306650.0
 2351250.0
 2544550.0
 2612550.0
 2754050.0
 2777850.0
 2820250.0
 3238750.0
 3612950.0
 3787250.0
 4001950.0
 4133350.0
 4238150.0
 4268150.0
 4613850.0
 4874050.0
 5142650.0
 5281750.0
 5899350.0
 6031450.0
 6169250.0
 6517350.0
 6585850.0
 6635150.0
 7501250.0
 7580450.0
 7989550.0
 8120650.0
 8932850.0
 9161850.0
 9267650.0
 9344850.0
 9361050.0
 9495750.0
 9742750.0
10137850.0
10286650.0
10911650.0
11066350.0
11161550.0
11162450.0
11803250.0
11816050.0
11858950.0
11918650.0
11934350.0
11945250.0
12042450.0
12266750.0
12607650.0
12698750.0
12781150.0
12901650.0
12929450.0
13257650.0
13349250.0
13751750.0
13798550.0
13899550.0
14167150.0
14167250.0
14406850.0
14410850.0
14628450.0
14774150.0
14846950.0
14925950.0
15162450.0
15271650.0
15335550.0
15881050.0
15942550.0
16060950.0
16071150.0
16096550.0
16161550.0
16502350.0
16551850.0
16575350.0
16861350.0
16891450.0
17257650.0
17268250.0
17312950.0
17524450.0
17539050.0
17591650.0
17625450.0
17880350.0
19144150.0
19148950.0
19291250.0
19344950.0
19466850.0
19883350.0
20005850.0
20379450.0
20505050.0
20518850.0
20607150.0
20623550.0
20683850.0
20686250.0
20974450.0
21144250.0
21214850.0
21288750.0
21571650.0
21765750.0
22274650.0
22415150.0
22446850.0
22800250.0
