  180950.0
  760250.0
  837350.0
 1064450.0
 1078550.0
 1107550.0
 1186250.0
 1406250.0
 1618950.0
 1757150.0
 1967950.0
 2107050.0
 2468950.0
 2945650.0
 3046950.0
 3204150.0
 3600950.0
 3618250.0
 3818050.0
 4306350.0
 4389450.0
 4435650.0
 4734050.0
 4808450.0
 5017450.0
 5037650.0
 5133750.0
 5371750.0
 5600450.0
 6019150.0
 6390250.0
 6629250.0
 6672050.0
 7005650.0
 7137250.0
 7475750.0
 7534550.0
 7561850.0
 7828250.0
 8174150.0
 8298850.0
 8527250.0
 8687750.0
 8713450.0
 8775750.0
 8896650.0
 9032050.0
 9194750.0
 9388750.0
 9417350.0
 9962950.0
10118950.0
10506650.0
10559750.0
11009550.0
11030450.0
11306750.0
11495450.0
11495750.0
11601250.0
11962050.0
12442650.0
12661750.0
12774150.0
12927750.0
12958350.0
13214650.0
13485450.0
13545350.0
13875150.0
14006050.0
14152950.0
14214750.0
14290650.0
14791950.0
14815950.0
15610950.0
15633050.0
15858650.0
15912450.0
16115250.0
16208050.0
16276650.0
16631250.0
16775450.0
17468850.0
17544750.0
17553950.0
17736750.0
17786450.0
18208350.0
18790750.0
18877250.0
18889950.0
18938050.0
19110750.0
19232850.0
19289450.0
19424450.0
19653250.0
19854650.0
19911650.0
20005750.0
20388050.0
20403050.0
20469750.0
20541950.0
20836350.0
20890750.0
20909150.0
21026650.0
21037250.0
21040350.0
21047050.0
21159050.0
21314950.0
21424750.0
21562750.0
21983850.0
21984250.0
22127050.0
22175950.0
22389750.0
22852650.0
22902050.0
22992150.0
