  248450.0
  439550.0
  442950.0
  519050.0
  678850.0
  929350.0
  945050.0
 1112650.0
 1253150.0
 1314150.0
 1451250.0
 1709650.0
 2110850.0
 2196850.0
 2532850.0
 2602950.0
 2704850.0
 2752150.0
 2917850.0
 3038950.0
 3475650.0
 3493250.0
 3624750.0
 3738150.0
 4041050.0
 4078250.0
 4495650.0
 4535250.0
 4816250.0
 4862050.0
 4882750.0
 5118550.0
 5144050.0
 5164550.0
 5276050.0
 5495450.0
 5742350.0
 5770250.0
 6173050.0
 6254150.0
 6339250.0
 7267650.0
 7385950.0
 7403550.0
 7641750.0
 7681250.0
 7714350.0
 7982350.0
 8064450.0
 8379350.0
 8578650.0
 9447750.0
 9642250.0
10082550.0
10346850.0
10504150.0
10806350.0
10947850.0
11005650.0
11437050.0
11561150.0
11845850.0
11857350.0
12423850.0
12609050.0
12753250.0
12789050.0
12926150.0
12958450.0
13263150.0
13280750.0
13661950.0
13676250.0
13677450.0
13847150.0
14250650.0
14844450.0
14982150.0
15113950.0
15132350.0
15332750.0
15550850.0
15619550.0
16627550.0
16681450.0
16814050.0
16981650.0
17686150.0
17785950.0
17857450.0
18079050.0
18496850.0
18652950.0
18792850.0
19358250.0
19467550.0
19518250.0
19558450.0
19710250.0
19717750.0
20591150.0
20696750.0
20738150.0
20755850.0
21393050.0
21507150.0
21715250.0
22116150.0
22184250.0
22466550.0
