   87750.0
   95150.0
  114450.0
 1325050.0
 1347950.0
 1536150.0
 2052550.0
 2091650.0
 2534450.0
 2811350.0
 2826850.0
 2885150.0
 2949250.0
 3415250.0
 3748650.0
 4049950.0
 4230150.0
 5362950.0
 5606350.0
 5996550.0
 6418750.0
 6817950.0
 6851850.0
 6926150.0
 6948150.0
 7198650.0
 7945750.0
 8141350.0
 8423750.0
 8461950.0
 8612450.0
 9062150.0
 9146050.0
 9373150.0
 9431950.0
 9612150.0
 9704050.0
 9879550.0
 9956950.0
10238450.0
10287150.0
10924650.0
10940950.0
11086950.0
11087650.0
11203050.0
11661750.0
11719450.0
11819350.0
12023950.0
12028750.0
12365650.0
12495750.0
12522750.0
12769650.0
12956750.0
13016850.0
13135750.0
13268350.0
13365150.0
14408550.0
14458650.0
14666350.0
14707850.0
15275250.0
15349550.0
15395050.0
15509450.0
15530250.0
15591350.0
15767550.0
15927950.0
16017650.0
16051450.0
16105550.0
16730550.0
16972950.0
17014950.0
17510950.0
17771650.0
17802250.0
17880250.0
17987950.0
18183550.0
18406550.0
18774550.0
18877050.0
19281550.0
19370450.0
19606350.0
19678850.0
19836050.0
19984950.0
20595450.0
20795750.0
21108350.0
21153550.0
21342750.0
21856450.0
21934050.0
22702350.0
22732050.0
