  121250.0
  328250.0
  506750.0
  662150.0
  686250.0
  924450.0
  972850.0
 1071350.0
 1454150.0
 1662750.0
 2596650.0
 2934750.0
 3045350.0
 3367250.0
 3504150.0
 3712550.0
 3743750.0
 3919550.0
 3980450.0
 4380750.0
 5100150.0
 5161250.0
 5691850.0
 6569650.0
 6798250.0
 6804950.0
 6869050.0
 6987050.0
 7053450.0
 7412150.0
 7593450.0
 8060850.0
 8079650.0
 8394150.0
 8834650.0
 8972250.0
 8990450.0
 9282750.0
 9284050.0
 9956550.0
10646350.0
10703650.0
11050350.0
11525450.0
11672350.0
12146750.0
12458850.0
12469350.0
12784350.0
13175150.0
13364650.0
13946450.0
14040650.0
14210850.0
14224650.0
14324050.0
14895650.0
14919550.0
15036950.0
15329250.0
15535850.0
16118750.0
16127850.0
16147850.0
16361250.0
16639450.0
16890850.0
17041850.0
17212750.0
17260250.0
17340650.0
17420250.0
17426350.0
17570650.0
17655150.0
17820550.0
17921250.0
18033950.0
18040350.0
18071250.0
18600550.0
18788250.0
18837050.0
18945450.0
19094150.0
19215750.0
19362350.0
19653650.0
19729650.0
19731350.0
19777350.0
20405450.0
20605950.0
20678450.0
21240650.0
21553050.0
21714250.0
21867550.0
21869650.0
22075450.0
22127550.0
22265950.0
22451250.0
22510350.0
22595550.0
22804950.0
