   49350.0
  310250.0
  526850.0
  599750.0
  885050.0
  981450.0
 1046150.0
 1206350.0
 1426550.0
 1523550.0
 1649850.0
 2040250.0
 2119650.0
 2298450.0
 2499350.0
 2679850.0
 2989550.0
 3138950.0
 3473250.0
 3528450.0
 3535650.0
 3823550.0
 5258050.0
 5285350.0
 5321950.0
 5498250.0
 5960950.0
 6119950.0
 6209450.0
 6219850.0
 6417950.0
 6474050.0
 6512050.0
 6848950.0
 7496350.0
 7633450.0
 7849750.0
 8317350.0
 8632550.0
 8949350.0
 9098550.0
 9299150.0
 9408150.0
 9647150.0
 9663350.0
 9904650.0
 9905150.0
10124550.0
10236750.0
10451250.0
10594150.0
10733050.0
11100950.0
11442050.0
11884550.0
12034350.0
12352050.0
12856050.0
12879450.0
12907250.0
13258750.0
13292450.0
13457350.0
13477250.0
13924450.0
14077850.0
14249850.0
14316250.0
14440650.0
14697250.0
15369350.0
15425350.0
15753850.0
15917250.0
16220850.0
16390150.0
16398650.0
16655250.0
16791750.0
16824450.0
16951550.0
17038850.0
17191350.0
17500250.0
17582150.0
17677250.0
17758650.0
17815850.0
18022150.0
18576850.0
19146550.0
19498650.0
19501050.0
19671350.0
19673650.0
19807050.0
20225650.0
20524250.0
20627250.0
20710350.0
20790850.0
21144350.0
21252050.0
21475950.0
21589950.0
21834550.0
22376050.0
22836350.0
22981950.0
