   15350.0
  152750.0
  499350.0
 1074550.0
 1201350.0
 1678150.0
 1784250.0
 2083750.0
 2633350.0
 4126250.0
 4209250.0
 4834850.0
 5035750.0
 5051850.0
 5301750.0
 5377250.0
 5381250.0
 5536450.0
 5669550.0
 5771050.0
 6253550.0
 6259150.0
 6262050.0
 7455550.0
 7512250.0
 7913950.0
 8206450.0
 8250250.0
 8715450.0
 8764550.0
 8801250.0
 8818050.0
 8852050.0
 8959050.0
 9204650.0
 9250850.0
 9255150.0
10195150.0
10350450.0
10370450.0
10506850.0
10690550.0
11054450.0
11205350.0
11380750.0
12036050.0
12123750.0
12224550.0
12436150.0
12472550.0
12550550.0
12654950.0
13336850.0
13618650.0
13743850.0
13800950.0
13866350.0
14031750.0
14035750.0
14107850.0
14213950.0
14221950.0
14327750.0
14342550.0
14608550.0
14789550.0
14982850.0
14998250.0
15135650.0
15243450.0
15288050.0
15397150.0
15533950.0
15745050.0
16050750.0
16360050.0
16592250.0
17122250.0
17544450.0
17573450.0
17825250.0
17911350.0
17936950.0
17978650.0
18226250.0
18302150.0
18831650.0
18906050.0
18975150.0
19122150.0
19312850.0
19375450.0
19548050.0
19639650.0
19879550.0
20062950.0
20091850.0
20313050.0
20500350.0
20963150.0
21000950.0
21375350.0
21380150.0
21443450.0
21548950.0
21729050.0
21798750.0
21834650.0
21909650.0
21959350.0
22409050.0
22564350.0
22927050.0
