  305950.0
  352450.0
  479250.0
  635650.0
  639150.0
  686150.0
  859250.0
 1106150.0
 1152050.0
 1162050.0
 1243250.0
 1481750.0
 1518450.0
 1668950.0
 1979550.0
 2007250.0
 2118750.0
 2227450.0
 2350650.0
 2454750.0
 2786350.0
 2809950.0
 3155450.0
 3564150.0
 3817350.0
 4112450.0
 4143950.0
 4180650.0
 4261750.0
 4450550.0
 5282350.0
 5392550.0
 5408650.0
 6106650.0
 6835450.0
 6902650.0
 7034350.0
 7399950.0
 7553350.0
 8299950.0
 8350050.0
 8702250.0
 8855250.0
 8940650.0
 9290250.0
 9550250.0
 9574250.0
 9595250.0
 9675750.0
 9785650.0
10021250.0
10029250.0
10121050.0
10131350.0
10244950.0
10685050.0
11462350.0
11703250.0
11826850.0
11897750.0
12047350.0
12223950.0
12419250.0
12551450.0
12704450.0
12921050.0
13065750.0
13409450.0
13622550.0
13989550.0
14928650.0
14934850.0
15205450.0
15415550.0
15450250.0
15497950.0
15810750.0
15907550.0
16545150.0
17292850.0
17491950.0
17613850.0
17632350.0
17999050.0
18018050.0
18043250.0
18126350.0
19045050.0
19130350.0
19591150.0
19845850.0
20059050.0
20214950.0
20236350.0
20319750.0
20359850.0
20592050.0
20635550.0
20646750.0
21035750.0
21352550.0
21397050.0
21634150.0
21663850.0
21698850.0
22032050.0
22107050.0
22141950.0
22169650.0
22885250.0
22898750.0
