  671750.0
 1111250.0
 1218050.0
 1288350.0
 1416150.0
 1593450.0
 1787550.0
 1928150.0
 2064350.0
 2087650.0
 2314350.0
 2459150.0
 2722350.0
 2760250.0
 3142450.0
 3233250.0
 3780850.0
 4211050.0
 4229350.0
 4454850.0
 4755650.0
 4869150.0
 5307950.0
 5310650.0
 5492150.0
 5503850.0
 5612750.0
 5828550.0
 5981750.0
 6049450.0
 6051650.0
 6134650.0
 6296950.0
 6670850.0
 6927950.0
 7883450.0
 8068750.0
 8168950.0
 8196250.0
 8316750.0
 9119450.0
 9488650.0
10254150.0
10989650.0
11221450.0
11398050.0
11458050.0
11681650.0
11785550.0
11831650.0
11976950.0
12087550.0
12475350.0
12681450.0
12830250.0
12926050.0
13057050.0
13543550.0
13666050.0
13672250.0
13679950.0
13737650.0
13812150.0
13874850.0
13937550.0
14032550.0
14253850.0
14304950.0
14316450.0
14375450.0
14669650.0
14809750.0
14922150.0
15255150.0
15494650.0
15538950.0
15613050.0
15739450.0
15831950.0
15879450.0
16375050.0
16454850.0
16800850.0
16928550.0
17188650.0
17238450.0
17302150.0
17406550.0
17644450.0
17817250.0
17914450.0
18478750.0
18481150.0
18506750.0
18642450.0
18749250.0
18975150.0
19049650.0
19245250.0
19355350.0
19920750.0
19923250.0
20102650.0
20499350.0
20543250.0
20570350.0
20893450.0
20910150.0
20976150.0
21022250.0
21283650.0
21326950.0
21607150.0
21886350.0
22178550.0
22271550.0
22408450.0
