  241650.0
  564950.0
  846550.0
  860550.0
  863350.0
  919450.0
 1249050.0
 1271850.0
 1845650.0
 1947650.0
 2287650.0
 2308450.0
 2483250.0
 2504550.0
 2645250.0
 2886050.0
 3017650.0
 3352150.0
 3614450.0
 3716650.0
 3983250.0
 4112350.0
 4226650.0
 4615650.0
 4738950.0
 4841250.0
 5013550.0
 5022950.0
 5419650.0
 5784450.0
 5818650.0
 5919350.0
 6570650.0
 7265250.0
 7324850.0
 7543650.0
 8002450.0
 8202150.0
 8349550.0
 8498850.0
 8518550.0
 8858450.0
 9260550.0
 9449350.0
 9578350.0
 9927950.0
10022650.0
10181050.0
10204550.0
10495250.0
10848550.0
11008050.0
11097350.0
11162650.0
11326050.0
11401550.0
11473850.0
11486550.0
11488650.0
11597350.0
11800050.0
11926550.0
12008050.0
12263950.0
12296150.0
12322150.0
12576950.0
13006750.0
13288050.0
13322150.0
13467950.0
13720950.0
13784150.0
13882950.0
14451250.0
14759350.0
14843650.0
14887250.0
15106750.0
15205350.0
15483550.0
15733250.0
16100350.0
16897450.0
17232050.0
17232250.0
17273250.0
17369050.0
17660750.0
17672250.0
18153250.0
18208950.0
18227150.0
18640450.0
18729750.0
18952850.0
19010950.0
19096750.0
19516550.0
19898850.0
20266750.0
20532450.0
20677350.0
20937650.0
21571950.0
22005550.0
22417250.0
22482150.0
22504250.0
22549250.0
22982150.0
