  198350.0
  495550.0
  794350.0
  883450.0
 1157750.0
 1280350.0
 1687050.0
 1792750.0
 1846650.0
 1852350.0
 1895250.0
 1952750.0
 1961950.0
 2021550.0
 2361450.0
 2511350.0
 2989850.0
 3424050.0
 4102250.0
 4229050.0
 4229850.0
 4680450.0
 4778550.0
 4967450.0
 5341550.0
 5997750.0
 6070950.0
 6071250.0
 6121150.0
 6967450.0
 7009450.0
 7471750.0
 7656050.0
 7782650.0
 7892750.0
 8000150.0
 8383250.0
 8414050.0
 8550150.0
 8696950.0
 8777050.0
 8820350.0
 9029350.0
 9122950.0
 9195450.0
 9254350.0
 9296750.0
 9456750.0
 9788950.0
10119550.0
10786250.0
10818950.0
10822450.0
11042050.0
11331550.0
11343650.0
11465450.0
11524250.0
11535450.0
12151550.0
12170250.0
12897350.0
13169650.0
13838550.0
13843050.0
14129550.0
14156950.0
14476250.0
14523350.0
14924450.0
15140250.0
15338550.0
15396950.0
15550250.0
15959850.0
15963050.0
16065550.0
16164150.0
16316750.0
16627550.0
16633650.0
16758250.0
16899650.0
17012150.0
17065350.0
17497050.0
18021750.0
18258750.0
18716450.0
18986350.0
19156350.0
19266050.0
19946150.0
20190750.0
20328850.0
20427750.0
20721950.0
20752250.0
20790250.0
20994650.0
21115050.0
21116750.0
21156350.0
21192350.0
21208050.0
21306650.0
21457450.0
21503450.0
21519850.0
21583450.0
21634250.0
21879450.0
22400350.0
22473650.0
22494650.0
22655450.0
22824450.0
