   87750.0
 1109450.0
 1116750.0
 1250550.0
 1329550.0
 1359750.0
 1438450.0
 1454150.0
 1461050.0
 1544550.0
 1713850.0
 2235150.0
 2511050.0
 2846250.0
 3263350.0
 3499850.0
 3638150.0
 4007950.0
 4051250.0
 4236050.0
 4373750.0
 4501950.0
 4569450.0
 4658550.0
 4927350.0
 5045450.0
 5049850.0
 5207250.0
 5523550.0
 5645450.0
 6198650.0
 6218150.0
 6541350.0
 6636150.0
 6816150.0
 6950050.0
 7568050.0
 7729850.0
 7849350.0
 8093350.0
 8411650.0
 8738850.0
 8844850.0
 8912550.0
 9085550.0
 9774050.0
 9976150.0
10347050.0
10374350.0
10405350.0
10531750.0
10574450.0
10596850.0
11093650.0
11216450.0
11957150.0
12085850.0
12280150.0
12583550.0
12713350.0
12974550.0
13146550.0
13350650.0
13447450.0
13638750.0
13758450.0
13827050.0
14208350.0
14361350.0
14916750.0
14988850.0
15038950.0
15346050.0
15598350.0
15652250.0
16281850.0
16363350.0
16975550.0
17313450.0
17454450.0
17761050.0
17918550.0
18169850.0
18185750.0
18266650.0
18286850.0
18310150.0
18475150.0
18623950.0
18656550.0
18726650.0
18753250.0
19139450.0
19330350.0
19356250.0
19414050.0
19622250.0
20100950.0
20209150.0
20593250.0
20839450.0
20847950.0
21026850.0
21063950.0
21266250.0
21454450.0
21464150.0
21472250.0
21904650.0
22365950.0
22386750.0
22513650.0
22883550.0
