   17050.0
  118750.0
  152150.0
  491350.0
  733050.0
  941350.0
 1237050.0
 1558650.0
 1610850.0
 1618650.0
 1804250.0
 2146450.0
 2326150.0
 2539050.0
 2956550.0
 3272450.0
 3682950.0
 4275050.0
 4390350.0
 4410250.0
 4505550.0
 4828650.0
 5239050.0
 5437450.0
 5445850.0
 5613750.0
 5756250.0
 5889050.0
 5918350.0
 6223850.0
 6260450.0
 6376350.0
 6588050.0
 6882950.0
 7098750.0
 7266050.0
 7426350.0
 7691250.0
 8313450.0
 8551650.0
 8757950.0
 8806750.0
 8956750.0
 9315650.0
 9774950.0
 9786550.0
 9811050.0
 9964950.0
10118650.0
10371150.0
10584150.0
10655350.0
10776050.0
10869050.0
11083350.0
11276650.0
11382950.0
11472650.0
11722350.0
11745750.0
11794050.0
11847150.0
11935050.0
12045050.0
12347050.0
12355050.0
12362050.0
12396250.0
12590150.0
13152650.0
13370150.0
13429250.0
13533350.0
13593350.0
13652450.0
13820650.0
13866950.0
14021150.0
14057550.0
14074950.0
14202050.0
14404250.0
14961950.0
15121450.0
15496050.0
15682350.0
16387050.0
16399950.0
16543850.0
16640850.0
16784650.0
17581050.0
17640850.0
18371850.0
18790850.0
18838450.0
19240450.0
19616350.0
19634650.0
19746850.0
19828950.0
19922550.0
20112150.0
20169450.0
20201950.0
20240050.0
20242150.0
20253750.0
20556950.0
21202250.0
21327150.0
21505450.0
21593150.0
21691450.0
21785250.0
22013950.0
22346050.0
22359650.0
22581650.0
22707750.0
22801450.0
22801650.0
22855450.0
