   14150.0
  105550.0
  268750.0
  527250.0
  558650.0
  612650.0
  684450.0
  709750.0
 1316850.0
 1499950.0
 1505250.0
 1806250.0
 2000850.0
 2214550.0
 2810250.0
 3119250.0
 3157050.0
 3267550.0
 3464650.0
 3685150.0
 3739950.0
 3798250.0
 4080550.0
 4092650.0
 4261550.0
 4266950.0
 4421150.0
 4496150.0
 4825350.0
 4828150.0
 4935750.0
 4949450.0
 4992250.0
 5263550.0
 5467250.0
 5627050.0
 5842150.0
 6095750.0
 6130450.0
 6498450.0
 6535850.0
 6717050.0
 6912750.0
 6929250.0
 6966350.0
 7608450.0
 7942850.0
 7987950.0
 8065550.0
 8140850.0
 8361350.0
 8364550.0
 8444150.0
 8502150.0
 8596150.0
 8774650.0
 9018250.0
 9277750.0
 9482950.0
 9773750.0
10085950.0
10146550.0
10383150.0
10524950.0
11194750.0
11262650.0
11327750.0
11661450.0
11813250.0
12028650.0
12289750.0
12453250.0
12677450.0
12887150.0
12899850.0
12986250.0
13044550.0
13045350.0
13182350.0
13679850.0
13683850.0
14113450.0
14405950.0
14740150.0
14773550.0
14961150.0
15031850.0
15315950.0
15341550.0
15488150.0
15880550.0
16248750.0
16383550.0
16534350.0
16594850.0
16656650.0
16803950.0
16885250.0
16976850.0
16994950.0
17147150.0
17601450.0
17674650.0
17839950.0
17923850.0
18101550.0
18429650.0
18477450.0
18715750.0
18789450.0
18922850.0
19353750.0
19581050.0
19742150.0
19750250.0
19786450.0
20094650.0
20270650.0
20382650.0
20688850.0
20918550.0
21202050.0
21389350.0
21577450.0
21593750.0
21596450.0
21795450.0
21818450.0
22113550.0
22137350.0
22323550.0
22555050.0
22660050.0
22682750.0
22714250.0
22975550.0
