  141450.0
  222650.0
  381450.0
  461550.0
  728750.0
  872850.0
 1273650.0
 1427550.0
 1535150.0
 1725050.0
 1882050.0
 1968050.0
 1972250.0
 2302550.0
 2575250.0
 2800250.0
 3047350.0
 3082650.0
 3332750.0
 3395150.0
 3526550.0
 4387550.0
 4541650.0
 4597650.0
 4611550.0
 4645550.0
 4849650.0
 5103450.0
 5257750.0
 5515950.0
 5547650.0
 5814950.0
 6025350.0
 6582750.0
 6628350.0
 6729650.0
 7269150.0
 7601350.0
 7727250.0
 7843050.0
 7867250.0
 8218750.0
 8244950.0
 9479450.0
 9557750.0
 9570350.0
 9694150.0
 9889450.0
 9929150.0
10020250.0
10581850.0
10678950.0
10729150.0
11565550.0
11792850.0
11928550.0
12417550.0
12602550.0
13147550.0
13363650.0
13368350.0
13387350.0
13469450.0
13565850.0
13657950.0
13757250.0
13809650.0
13812650.0
14269250.0
14366950.0
14488350.0
14586150.0
14862650.0
15263150.0
15290050.0
15512250.0
15522050.0
15699850.0
15835450.0
15846950.0
15880150.0
15891550.0
16162950.0
16191250.0
16326650.0
16367250.0
16553350.0
16555250.0
16866150.0
17005550.0
17286050.0
17378550.0
17441450.0
17503750.0
17758550.0
18692650.0
18745850.0
18844450.0
19048050.0
19122550.0
19516750.0
19799450.0
19904050.0
19993450.0
20116050.0
20232750.0
20379650.0
20832550.0
21042050.0
21062650.0
21374050.0
21591550.0
21604350.0
21782250.0
21930850.0
22264550.0
22316450.0
22335950.0
22987650.0
