   25850.0
  195450.0
  365150.0
  906950.0
 1156850.0
 1675450.0
 2075250.0
 2205750.0
 2440250.0
 2634650.0
 2693450.0
 3486350.0
 3709550.0
 4240250.0
 4358850.0
 4453750.0
 4480650.0
 4692250.0
 4951150.0
 4970150.0
 5229850.0
 5317750.0
 5321350.0
 5381150.0
 5445150.0
 5616450.0
 5796350.0
 5854550.0
 5856950.0
 5879250.0
 5901750.0
 6057550.0
 6306150.0
 6318650.0
 6925650.0
 7069750.0
 7585250.0
 7865350.0
 7897350.0
 7904750.0
 7938650.0
 8122750.0
 8131050.0
 8435050.0
 8482050.0
 8970950.0
 9094050.0
 9270550.0
 9436850.0
 9662050.0
 9843650.0
10451750.0
10515050.0
10526350.0
10769750.0
10781150.0
10929850.0
11025550.0
11107850.0
11192750.0
11303050.0
12127650.0
12187950.0
12278150.0
12401150.0
12711150.0
13258350.0
13748650.0
13911550.0
13920450.0
13925750.0
14213750.0
14366250.0
14714750.0
14769350.0
14853350.0
14913250.0
15030950.0
15233650.0
15355750.0
15560450.0
15895450.0
16055950.0
16372850.0
16954550.0
17092950.0
17402750.0
17603750.0
17914150.0
17922850.0
18956450.0
19067250.0
19781650.0
20043150.0
20422050.0
20427350.0
20563850.0
20698050.0
21268450.0
21444850.0
21496650.0
21520750.0
21730150.0
22024750.0
22232250.0
22389250.0
22545850.0
22570250.0
22686150.0
22733450.0
22793350.0
