69.1
336.0
519.0
899.8
1020.7
1407.8
1423.3
1527.7
1716.9
1987.5
2119.4
2145.0
2808.8
3081.0
3158.5
3374.9
3622.9
3784.9
4009.0
4880.5
5039.1
5159.9
5172.1
5295.7
5373.2
5399.1
5504.1
5829.6
6170.0
6653.5
6805.3
6902.2
7031.4
7063.0
7425.0
7532.2
8064.1
8306.7
8342.1
8855.8
9545.3
9741.6
9785.6
9986.9
10114.9
10763.6
10922.8
11040.5
11151.5
11251.3
11348.1
11724.2
12007.5
12048.8
12099.6
12310.8
12504.1
12613.8
12896.5
13244.9
13315.7
13532.8
13545.4
13618.5
13810.1
13872.9
13908.6
13942.9
13965.7
14174.7
14321.3
14378.4
14441.4
14508.1
14550.9
14613.1
14724.6
15106.2
15318.0
15329.4
15335.8
15442.6
15486.8
15533.0
15885.0
16301.3
17133.9
17536.6
17769.3
18323.1
18463.2
18606.8
18650.6
18716.0
18952.3
19269.1
20117.8
20486.6
20493.2
20905.5
21070.3
21538.9
21807.1
22404.7
22670.2
