3783
3904
3909
3910
3913
4028
4029
4032
14282
14283
14286
14396
14397
14398
14406
14407
14408
14409
14410
14411
14412
14416
14417
14518
14521
14526
14531
14535
14536
14539
14540
14541
14545
14637
14639
14641
14642
14646
14647
14648
14652
14654
14655
14657
14658
14659
14660
14663
14665
14671
14676
14760
14761
14763
14765
14766
14768
14769
14772
14774
14776
14780
14785
14789
14793
14795
14797
14800
14802
14885
14886
14888
14891
14893
14894
14896
14897
14899
14902
14903
14904
14905
14907
14910
14911
14912
14913
14914
14915
14916
14918
14919
14920
14921
14924
14925
14928
15011
15013
15016
15017
15022
15024
15027
15032
15035
15039
15040
15042
15043
15045
15050
15052
15053
15136
15139
15143
15145
15147
15149
15150
15151
15152
15153
15154
15158
15159
15160
15161
15163
15168
15169
15174
15178
15259
15261
15262
15264
15266
15267
15272
15274
15275
15277
15278
15280
15281
15284
15289
15290
15293
15294
15296
15303
15385
15387
15388
15396
15397
15400
15404
15405
15406
15408
15409
15411
15412
15413
15421
15423
15427
15519
15520
15522
15523
15524
15527
15529
15530
15532
15533
15541
15544
15546
15547
15551
15639
15640
15642
15644
15645
15646
15647
15650
15651
15654
15657
15660
15663
15669
15673
15674
15767
15769
15771
15774
15778
15779
15781
15784
15786
15787
15790
15793
19897
19898
19905
19906
19909
19914
19915
19917
20017
20018
20021
20024
20025
20027
20035
20037
20042
20043
20045
20047
20142
20144
20145
20148
20150
20151
20152
20153
20154
20156
20157
20158
20160
20161
20162
20168
20169
20173
20265
20266
20269
20271
20276
20278
20280
20282
20283
20284
20286
20288
20290
20291
20293
20294
20296
20297
20394
20397
20399
20405
20407
20408
20409
20413
20415
20420
20525
20529
20532
20534
20536
