1276
1277
1278
1280
1283
1285
1287
1404
1405
1406
1407
6273
6275
6277
6283
6284
6287
6290
6387
6389
6393
6395
6396
6398
6399
6401
6406
6411
6412
6414
6416
6417
6421
6509
6514
6516
6517
6520
6521
6522
6527
6528
6533
6535
6538
6539
6540
6541
6542
6546
6547
6549
6550
6552
6635
6637
6638
6641
6642
6643
6644
6645
6646
6648
6649
6650
6651
6652
6653
6654
6658
6659
6662
6663
6665
6666
6668
6669
6673
6676
6677
6678
6761
6762
6764
6765
6768
6770
6775
6776
6777
6779
6782
6785
6786
6787
6790
6791
6793
6796
6797
6800
6890
6891
6892
6893
6897
6900
6901
6902
6904
6906
6908
6909
6912
6915
6917
6918
11651
11652
11655
11656
11659
11660
11661
11663
11666
11769
11771
11773
11775
11781
11784
11788
11790
11791
11793
11794
11797
11798
11891
11893
11894
11895
11897
11905
11913
11916
11918
11919
11921
12018
12019
12022
12025
12026
12028
12030
12036
12041
12043
12045
12046
12047
12146
12148
12149
12152
12157
12160
12166
12167
12168
12169
13651
13654
13658
13662
13663
13771
13772
13778
13779
13780
13781
13782
13784
13785
13789
13791
