9524
9526
9528
9531
9534
9537
9538
9539
9650
9652
9653
9654
9661
9662
9775
9776
9777
9779
9780
9786
9787
9789
9898
9900
9902
9904
9905
9906
9907
9911
10025
10028
10030
10033
10035
10036
10038
10041
10149
10152
10153
10154
10156
10157
10162
10272
10275
10276
10278
10279
10280
10288
10289
10397
10398
10403
10404
10405
10406
10407
10408
10410
10412
10526
10530
10531
10533
10534
10535
10536
10650
10651
10660
10661
10775
10776
10779
10780
10782
10785
10786
10788
10900
10903
10904
10905
10906
10907
10910
10911
10913
10914
14774
14775
14776
14779
14780
14782
14784
14785
14787
14789
14790
14791
14792
14793
14795
14797
14799
14890
14892
14895
14897
14898
14899
14901
14903
14904
14905
14907
14908
14911
14913
14916
14919
14925
15017
15021
15024
15026
15028
15032
15033
15035
15037
15038
15039
15045
15048
15050
15139
15140
15142
15146
15148
15149
15152
15153
15154
15155
15159
15161
15165
15166
15170
15175
15176
15264
15267
15270
15272
15273
15274
15276
15278
15279
15281
15282
15284
15289
15292
15302
15303
15387
15392
15393
15396
15398
15400
15402
15403
15406
15407
15409
15410
15411
15413
15415
15416
15417
15418
15420
15421
15423
15424
15516
15517
15525
15526
15527
15528
15531
15533
15534
15535
15537
15538
15539
15540
15543
15545
15546
15548
15644
15645
15653
15656
15657
15658
15660
15661
15665
15666
15669
16892
16894
16899
16904
16910
16911
16912
16914
16915
16916
16918
16919
17019
17020
17021
17023
17025
17026
17027
17029
17032
17034
17035
17038
17039
17043
17044
17049
17137
17141
17147
17148
17150
17152
17155
17157
17160
17161
17163
17164
17165
17166
17167
17169
17176
17177
17262
17264
17265
17271
17272
17274
17275
17276
17277
17279
17283
17284
17289
17290
17292
17296
17297
17298
17300
17395
17399
17401
17402
17410
17413
17415
