21
22
23
24
25
29
32
33
37
39
139
141
143
148
150
151
152
153
154
155
157
158
159
160
161
162
163
165
166
168
170
175
263
264
266
268
270
273
277
279
280
282
283
284
287
288
289
291
297
300
302
385
386
388
389
390
391
393
395
397
401
402
403
405
407
408
410
411
412
414
416
417
422
424
425
427
428
512
521
522
526
527
528
530
531
537
540
541
542
544
546
548
549
640
641
642
643
644
645
646
647
648
650
652
653
654
655
659
662
663
664
668
5895
5897
5898
5904
5908
5910
5912
5914
5915
5916
5917
6017
6020
6021
6022
6023
6025
6026
6031
6038
6040
6045
6046
6141
6142
6144
6146
6147
6149
6152
6156
6159
6160
6161
6164
6169
6170
6172
6265
6267
6268
6271
6274
6278
6279
6280
6283
6287
6292
6293
6395
6396
6397
6398
6401
6406
6407
6409
6410
6411
6413
6418
6419
6421
6425
6515
6520
6523
6525
6527
6532
6533
6534
6539
6540
6543
6544
6545
6546
6548
6549
6643
6644
6645
6646
6651
6656
6657
6659
6665
6666
6667
6668
6669
6671
6771
6773
6774
6775
6777
6780
6782
6785
6786
6788
6789
6790
6791
6792
6793
6794
6900
6901
6902
6903
6909
6911
13152
13154
13158
13160
13277
13280
13281
13285
13288
13397
13398
13404
13406
13410
13413
13415
13523
13524
13535
13536
13538
13539
13649
13652
13653
13654
13656
19273
19277
19279
19280
19281
19282
19285
19288
19289
19290
19392
19393
19395
19396
19397
19400
19402
19403
19405
19406
19407
19409
19411
19412
19413
19417
19418
19420
19423
19424
19511
19514
19518
19519
19520
19523
19525
19526
19527
19529
19530
19531
19533
19534
19537
19541
19542
19543
19544
19549
19550
19551
19552
19638
19640
19643
19650
19654
19655
19658
19665
19666
19669
19670
19672
19674
19677
19765
19766
19767
19771
19772
19773
19776
19778
19783
19784
19788
19789
19790
19797
19799
19800
19802
19889
19893
19895
19897
19899
19901
19903
19904
19905
19910
19912
19914
19915
19918
19919
19922
19923
20020
20021
