3527
3529
3532
3535
3539
3542
3640
3641
3642
3644
3647
3650
3652
3653
3654
3657
3659
3660
3661
3662
3663
3665
3672
3761
3763
3764
3766
3769
3770
3772
3773
3776
3777
3780
3782
3785
3786
3787
3801
3802
3884
3885
3886
3891
3893
3896
3897
3898
3902
3903
3905
3906
3907
3910
3911
3912
3913
3914
3915
3916
3918
3920
3922
3927
4013
4016
4019
4020
4024
4025
4026
4028
4029
4031
4032
4034
4035
4036
4043
4045
4047
4048
4140
4141
4142
4144
4147
4150
4157
4158
4159
4166
4172
4271
15520
15527
15530
15531
15533
15537
15539
15641
15646
15648
15649
15651
15655
15656
15661
15664
15665
15772
15773
15774
15775
15777
15778
15780
15784
15786
15787
15788
15789
15790
15792
15796
15797
15798
15800
15890
15891
15897
15898
15903
15904
15905
15909
15910
15911
15916
15917
15918
15919
15920
16017
16018
16022
16026
16028
16031
16032
16035
16038
16039
16040
16042
16043
16046
16047
16150
16151
16152
16153
16159
17647
17649
17651
17653
17657
17659
17661
17662
17663
17666
17669
17771
17773
17778
17781
17782
17784
17791
17792
17795
17896
17899
17902
17908
17917
17918
18029
18031
18034
