1148
1149
1150
1153
1155
1156
1157
1158
1159
1160
1163
1164
1168
1169
1262
1264
1268
1269
1271
1272
1274
1276
1281
1282
1284
1286
1290
1291
1293
1294
1297
1301
1302
1388
1391
1396
1398
1399
1400
1405
1406
1408
1409
1413
1414
1416
1417
1419
1420
1421
1425
1427
1514
1515
1516
1525
1527
1529
1533
1535
1547
1549
1639
1640
1648
1653
1661
1664
1667
1669
2899
2901
2902
2903
2905
2907
2910
2912
2914
2918
2919
2921
3016
3019
3028
3029
3033
3034
3036
3041
3043
3045
3047
3048
3049
3050
3137
3138
3139
3142
3143
3151
3155
3157
3158
3159
3163
3166
3170
3171
3176
3263
3265
3266
3267
3269
3271
3272
3276
3277
3282
3283
3284
3285
3286
3288
3291
3300
3391
3393
3398
3400
3403
3404
3405
3406
3408
3410
3412
3418
12769
12770
12773
12777
12779
12791
12796
12889
12890
12891
12892
12898
12899
12900
12904
12906
12907
12911
12912
12914
12915
12921
12923
12924
13014
13016
13017
13021
13025
13031
13037
13038
13039
13041
13042
13047
13048
13050
13139
13140
13141
13144
13145
13146
13149
13151
13153
13155
13160
13161
13165
13170
13272
13278
13284
