7145
7147
7149
7151
7152
7155
7163
7164
7166
7270
7271
7272
7273
7274
7275
7277
7282
7286
7288
7291
7296
7297
7298
7387
7388
7390
7394
7395
7396
7397
7401
7404
7405
7409
7410
7412
7413
7419
7420
7421
7422
7423
7425
7426
7509
7514
7515
7516
7517
7520
7521
7522
7523
7524
7525
7526
7528
7529
7533
7534
7535
7536
7537
7538
7540
7542
7546
7548
7549
7553
7634
7636
7639
7641
7642
7644
7645
7647
7649
7651
7652
7656
7657
7658
7659
7660
7664
7667
7669
7670
7675
7677
7678
7759
7761
7762
7765
7768
7770
7771
7773
7775
7776
7777
7780
7793
7796
7885
7888
7890
7892
7896
7902
7904
7907
7908
7910
7912
7914
7915
7917
7920
7924
7925
7926
8013
8017
8023
8024
8027
8028
8030
8031
8033
8038
8039
8041
8042
8043
8044
8144
8151
8155
8156
8161
8163
8164
8165
8166
8167
10532
10533
10652
10654
