5149
5150
5153
5161
5162
5163
5164
5270
5274
5277
5279
5282
5284
5285
5286
5287
5288
5292
5294
5296
5390
5393
5394
5396
5397
5405
5407
5409
5413
5414
5421
5427
5509
5511
5513
5514
5515
5523
5524
5525
5529
5531
5534
5535
5540
5544
5548
5551
5635
5636
5639
5646
5653
5656
5658
5661
5662
5663
5666
5670
5672
5675
5678
5762
5764
5765
5766
5770
5778
5779
5782
5785
5789
5791
5792
5793
5794
5896
5900
5902
5905
5907
5908
5914
5915
6024
6025
6026
6027
6028
6030
11165
11166
11269
11273
11275
11276
11277
11280
11284
11285
11287
11289
11291
11293
11387
11388
11392
11394
11400
11401
11403
11405
11406
11409
11410
11413
11415
11418
11419
11420
11423
11426
11510
11511
11516
11518
11520
11521
11522
11524
11528
11532
11533
11537
11538
11539
11541
11546
11549
11550
11637
11638
11639
11647
11655
11657
11658
11662
11663
11664
11665
11666
11667
11671
11674
11676
11677
11762
11763
11764
11766
11767
11770
11772
11777
11781
11786
11787
11896
11897
11901
11906
11908
11909
11910
11911
11917
11920
