427
429
432
435
550
551
553
555
557
563
677
678
4917
4919
4924
4927
4931
4932
4935
4936
4941
4942
4945
5040
5042
5046
5047
5048
5049
5055
5057
5058
5061
5064
5069
5070
5164
5165
5166
5168
5170
5172
5174
5175
5177
5178
5181
5185
5187
5188
5189
5191
5192
5197
5198
5200
5201
5287
5290
5292
5293
5295
5296
5299
5304
5305
5306
5309
5310
5313
5315
5316
5317
5320
5324
5414
5416
5422
5423
5424
5425
5427
5429
5434
5436
5438
5440
5446
5453
5536
5539
5545
5546
5548
5550
5552
5553
5556
5558
5559
5560
5564
5565
5566
5570
5573
5574
5577
5578
5663
5665
5666
5667
5668
5671
5672
5674
5677
5682
5683
5684
5685
5688
5690
5693
5694
5696
5699
5700
5785
5789
5790
5791
5793
5797
5800
5801
5803
5804
5806
5807
5808
5810
5811
5814
5912
5917
5918
5921
5926
5934
5935
5936
5937
5939
5942
5943
5944
5945
5949
6042
6046
6053
6055
6056
6058
6061
6062
6064
6065
6068
6069
6070
6071
6172
6174
6176
6177
6179
6183
6184
6185
6187
6188
6190
16426
16427
16428
16429
16434
16435
16439
16544
16546
16549
16550
16551
16553
16556
16560
16561
16563
16564
16565
16666
16669
16670
16673
16676
16677
16680
16687
16691
16694
16795
16798
16799
16801
16803
16804
16807
16809
16812
16813
16917
16919
16920
16921
16927
16929
16932
16935
16942
16945
17048
17054
17055
17057
17060
17065
