414
417
418
421
426
429
430
434
435
436
438
439
441
445
446
447
449
451
540
544
545
546
548
554
555
556
558
559
562
563
564
565
568
666
667
668
670
671
676
678
691
693
695
795
796
797
798
802
804
809
810
6046
6049
6051
6056
6058
6059
6064
6066
6174
6176
6181
6182
6183
6192
6195
6290
6296
6297
6298
6302
6303
6305
6306
6307
6308
6312
6313
6314
6316
6319
6321
6322
6413
6416
6418
6419
6423
6428
6431
6432
6433
6436
6437
6439
6443
6446
6538
6539
6541
6542
6544
6545
6547
6548
6550
6552
6555
6557
6560
6562
6563
6565
6566
6567
6568
6569
6571
6572
6575
6661
6662
6667
6669
6670
6671
6672
6673
6675
6676
6677
6678
6680
6682
6684
6685
6686
6687
6689
6691
6693
6694
6696
6698
6701
6702
6787
6788
6794
6795
6797
6799
6801
6805
6806
6807
6808
6810
6812
6814
6815
6816
6820
6821
6822
6825
6826
6910
6912
6915
6924
6928
6931
6939
6940
6941
6942
6943
6944
6951
7035
7036
7038
7039
7041
7042
7043
7044
7045
7047
7048
7049
7050
7051
7052
7053
7054
7056
7057
7058
7059
7061
7062
7067
7068
7070
7074
7076
7078
7079
7159
7162
7163
7164
7165
7166
7167
7169
7171
7172
7173
7175
7177
7179
7185
7189
7193
7195
7197
7199
7201
7285
7289
7290
7295
7296
7298
7299
7300
7304
7305
7306
7307
7309
7312
7313
7314
7315
7317
7320
7324
7326
7329
7410
7415
7418
7419
7422
7429
7434
7442
7443
7450
7451
7535
7539
7541
7542
7543
7545
7546
7549
7550
7551
7560
7562
7564
7567
7570
7572
7575
7576
7661
7664
7667
7668
7670
7671
7672
7673
7675
7676
7677
7678
7679
7680
7685
7688
7691
7692
7693
7696
7788
7789
7790
7791
7792
7807
7808
7810
7813
7814
7819
7822
7826
7914
7915
7916
7919
7924
7929
7931
7936
7939
7940
7942
7943
7944
7946
7947
7948
8041
8042
8043
8047
8052
8056
8060
8061
8062
8070
8071
8170
8171
8173
8182
8185
8186
8187
8190
8300
8303
8308
8309
8312
8314
8315
8422
8425
8426
8427
8430
8436
8438
8550
8553
8555
8557
8562
8563
8675
8678
8681
8683
8687
8805
8807
18554
18555
18559
18676
18677
18678
18686
18687
18691
18793
18795
18796
18797
18798
18801
18805
18806
18807
18809
18811
18812
18815
18821
18916
18917
18918
18924
18925
18926
18931
18934
18936
18937
18945
18947
18948
19039
19042
19044
19045
19046
19051
19055
19058
19061
19064
19067
19071
19074
19165
19167
19168
19170
19171
19172
19174
19176
19182
19184
19186
19187
19189
19196
19199
19289
19293
19296
19301
19305
19306
19309
19310
19317
19416
19418
19422
19423
19424
19426
19427
19429
19430
19431
19434
19435
19436
19437
19440
19443
19446
19547
19551
19553
19554
19555
19559
19562
19563
19566
19567
