2552
2553
2555
2560
2561
2675
2676
2678
2685
8174
8175
8177
8178
8179
8188
8189
8291
8299
8300
8309
8310
8314
8318
8322
8416
8419
8420
8422
8427
8433
8444
8445
8557
8558
8559
8560
8564
8566
8569
8572
8573
8574
8575
8662
8663
8666
8672
8673
8674
8675
8678
8679
8681
8682
8684
8685
8686
8688
8695
8696
8700
8790
8791
8792
8795
8796
8801
8802
8806
8812
8815
8819
8823
8825
8913
8914
8915
8921
8924
8926
8928
8931
8933
8938
8939
8944
8945
8948
8949
8950
8951
8952
9034
9036
9038
9046
9047
9051
9053
9055
9056
9058
9059
9061
9062
9063
9067
9069
9073
9076
9077
9163
9164
9173
9176
9179
9180
9181
9183
9184
9188
9189
9190
9193
9194
9195
9198
9199
9201
9203
9285
9286
9287
9292
9293
9294
9299
9303
9304
9308
9313
9315
9316
9320
9321
9322
9326
9327
9409
9416
9417
9420
9422
9423
9424
9425
9426
9427
9430
9431
9432
9435
9436
9440
9443
9447
9451
9453
9454
9532
9539
9542
9543
9547
9548
9549
9550
9552
9554
9558
9561
9563
9564
9565
9568
9572
9573
9657
9660
9663
9666
9667
9668
9672
9675
9676
9678
9679
9681
9685
9688
9689
9695
9696
9700
9702
9782
9784
9793
9798
9800
9802
9803
9804
9805
9808
9813
9817
9820
9822
9828
9908
9909
9912
9916
9917
9919
9926
9927
9928
9931
9933
9934
9939
9940
9941
9942
9943
9945
9946
9948
9953
9956
10035
10036
10037
10038
10039
10043
10044
10045
10048
10049
10052
10054
10058
10063
10064
10066
10067
10068
10071
10075
10078
10079
10080
10081
10156
10160
10165
10166
10167
10170
10171
10173
10174
10175
10176
10180
10181
10183
10185
10187
10188
10189
10190
10192
10193
10194
10195
10196
10198
10204
10205
10206
10281
10286
10288
10292
10294
10301
10303
10305
10307
10308
10310
10312
10314
10317
10318
10320
10321
10331
10405
10408
10410
10412
10415
10418
10419
10421
10422
10423
10424
10431
10434
10435
10436
10437
10438
10439
10441
10442
10444
10445
10446
10447
10448
10450
10453
10454
10457
10458
10530
10533
10535
10539
10541
10542
10544
10545
10547
10549
10551
10552
10555
10556
10560
10564
10565
10566
10568
10571
10581
10583
10657
10663
10664
10669
10670
10672
10674
10675
10676
10677
10678
10680
10682
10683
10686
10690
10691
10693
10694
10697
10698
10701
10707
10708
10782
10783
10786
10790
10791
10792
10796
10798
10799
10803
10806
10807
10808
10809
10810
10811
10812
10813
10814
10816
10817
10818
10819
10820
10821
10823
10824
10826
10827
10828
10829
10905
10908
10911
10913
10914
10920
10921
10922
10923
10927
10930
10932
10934
10938
10939
10940
10942
10949
10950
10952
10956
11029
11034
11037
11044
11047
11048
11051
11053
11056
11057
11058
11060
11061
11062
11064
11068
11073
11076
11080
11157
11164
11167
11170
11171
11172
11173
11175
11181
11182
11186
11187
11188
11190
11196
11201
11203
11281
11282
11283
11285
11286
11288
11289
11292
11297
11304
11305
11307
11308
11309
11310
11312
11317
11318
11320
11323
11324
11327
11406
11407
11410
11414
11415
11417
11418
11420
11421
11422
11423
11427
11428
11429
11432
11437
11439
11440
11443
11445
11448
11449
11451
11452
11533
11534
11536
11538
11539
11543
11546
11547
11556
11560
11561
11563
11568
11574
11575
11576
11656
11660
11664
11666
11667
11668
11671
11675
11676
11677
11679
11680
11682
11683
11684
11689
11692
11694
11696
11699
11706
11707
11781
11782
11783
11785
11786
11787
11789
11791
11794
11795
11798
11800
11801
11802
11804
11806
11807
11809
11810
11811
11812
11814
11816
11823
11825
11826
11827
11829
11830
11905
11906
11909
11910
11911
11914
11916
11917
11920
11921
11922
11930
11931
11933
11935
11936
11940
11941
11942
11949
11950
11951
11954
11956
12036
12037
12039
12043
12044
12045
12048
12049
12051
12058
12060
12061
12065
12069
12070
12072
12075
12155
12162
12166
12170
12173
12182
12185
12186
12187
12189
12192
12193
12196
12198
12199
12201
12204
12207
12209
12280
12282
12284
12286
12289
12290
12291
12293
12295
12297
12300
12301
12306
12311
12312
12314
12315
12316
12317
12319
12320
12321
12322
12323
12325
12331
12333
12406
12407
12410
12413
12415
12416
12417
12420
12422
12425
12430
12431
12433
12436
12438
12439
12440
12441
12443
12445
12446
12451
12452
12455
12530
12534
12536
12537
12544
12547
12548
12549
12550
12552
12557
12558
12562
12565
12567
12568
12570
12571
12572
12573
12575
12577
12580
12581
12656
12658
12659
12660
12665
12666
12670
12671
12674
12675
12679
12680
12681
12683
12685
12686
12688
12689
12693
12694
12695
12697
12703
12704
12705
12782
12784
12787
12789
12795
12796
12801
12803
12804
12805
12806
12808
12813
12815
12817
12818
12819
12821
12823
12824
12826
12827
12829
12908
12910
12912
12917
12919
12923
12925
12928
12936
12937
12940
12941
12943
12947
12948
12949
12950
12952
13033
13035
13038
13039
13040
13041
13042
13043
13046
13048
13050
13052
13057
13059
13060
13061
13065
13066
13068
13069
13071
13072
13074
13076
13077
13164
13165
13167
13170
13171
13172
13174
13175
13176
13177
13180
13182
13184
13185
13186
13187
13191
13192
13195
13196
13197
13198
13295
13297
13298
13299
13301
13302
13303
13304
13309
13312
13419
13420
13422
13424
13426
13428
13438
13441
13442
13444
13556
13557
18549
18553
18554
18556
18557
18558
18560
18563
18564
18566
18671
18673
18675
18676
18677
18680
18687
18692
18794
18795
18796
18797
18798
18802
18805
18806
18812
18814
18816
18820
18821
18917
18919
18922
18926
18927
18929
18930
18935
18936
18937
18939
18943
18944
18946
18947
19045
19046
19047
19051
19057
19060
19063
19064
19065
19069
19173
19180
19184
19186
