11017
11023
11033
11036
11142
11144
11146
11153
11155
11159
11266
11267
11268
11269
11273
11277
11278
11282
11283
11285
11392
11402
11403
11405
11519
11529
11530
11531
11539
11540
11637
11638
11643
11645
11648
11649
11652
11657
11659
11663
11764
11765
11766
11774
11781
11782
11785
11787
11886
11887
11895
11900
11904
11908
11910
11911
11912
11917
12012
12013
12018
12019
12021
12022
12025
12027
12033
12039
12043
12132
12134
12136
12145
12151
12156
12160
12161
12162
12166
12168
12169
12258
12259
12262
12267
12269
12271
12274
12277
12278
12282
12286
12287
12289
12292
12388
12389
12396
12398
12405
12410
12411
12413
12415
12419
12508
12510
12511
12519
12521
12522
12526
12530
12535
12538
12540
12634
12640
12644
12646
12649
12651
12652
12653
12659
12666
12667
12668
12758
12759
12760
12764
12767
12769
12774
12777
12781
12783
12785
12786
12788
12792
12794
12795
12797
12881
12882
12883
12884
12885
12887
12888
12892
12893
12894
12897
12902
12904
12907
12909
12912
12913
13011
13013
13014
13016
13022
13025
13026
13028
13032
13033
13034
13035
13040
13043
13044
13045
13048
13130
13132
13133
13136
13137
13138
13143
13146
13152
13154
13155
13158
13159
13162
13163
13165
13171
13172
13257
13259
13261
13262
13263
13267
13268
13269
13271
13272
13273
13274
13279
13283
13284
13288
13289
13290
13293
13296
13380
13388
13389
13393
13396
13397
13399
13400
13401
13402
13404
13405
13406
13409
13413
13414
13416
13417
13419
13421
13422
13423
13511
13512
13513
13516
13519
13520
13521
13522
13526
13530
13531
13532
13534
13537
13541
13542
13546
13547
13549
13631
13634
13635
13636
13638
13642
13643
13644
13648
13652
13653
13661
13664
13666
13667
13671
13672
13754
13757
13758
13761
13765
13768
13769
13771
13773
13774
13775
13776
13777
13779
13782
13783
13786
13789
13790
13794
13795
13797
13798
13879
13880
13882
13883
13884
13888
13889
13891
13892
13893
13894
13895
13897
13900
13901
13903
13904
13906
13908
13911
13916
13919
13920
13921
14006
14009
14010
14012
14013
14017
14018
14021
14027
14032
14033
14034
14035
14036
14037
14038
14039
14041
14042
14043
14044
14045
14048
14049
14136
14137
14139
14142
14143
14144
14145
14146
14149
14150
14152
14155
14157
14159
14160
14166
14168
14173
14255
14257
14258
14261
14276
14277
14279
14280
14288
14295
14296
14388
14389
14390
14393
14395
14396
14397
14398
14401
14402
14406
14409
14411
14412
14413
14415
14416
14419
14421
14508
14509
14510
14513
14516
14517
14522
14527
14528
14529
14535
14538
14540
14541
14545
14641
14643
14645
14646
14650
14652
14655
14656
14657
14660
14661
14663
14664
14665
14667
14763
14764
14765
14772
14773
14774
14775
14776
14778
14779
14781
14785
14788
14895
14898
14899
14901
14902
14906
14908
14909
17774
17777
17779
17902
17903
