2394
2400
2402
2405
2406
2407
2412
2413
2417
2508
2510
2512
2513
2516
2517
2518
2523
2524
2526
2527
2529
2530
2534
2535
2537
2538
2540
2542
2544
2633
2635
2636
2638
2642
2643
2644
2650
2651
2652
2655
2656
2661
2663
2664
2670
2757
2764
2767
2769
2772
2777
2778
2779
2781
2783
2785
2786
2787
2790
2794
2796
2886
2888
2890
2891
2894
2898
2900
2903
2904
2908
2910
2911
2913
4521
4522
4524
4525
4526
4527
4644
4646
4648
4651
4653
4654
4655
4656
4657
4658
16266
16269
16270
16276
16278
16279
16280
16283
16286
16287
16291
16383
16384
16385
16388
16393
16395
16398
16403
16404
16405
16406
16409
16411
16412
16415
16416
16417
16418
16506
16508
16509
16511
16513
16514
16516
16518
16519
16520
16521
16522
16527
16528
16530
16532
16538
16541
16542
16544
16545
16630
16631
16641
16642
16644
16646
16654
16655
16656
16657
16661
16663
16665
16666
16667
16668
16669
16670
16755
16756
16757
16759
16761
16762
16764
16765
16766
16767
16768
16770
16774
16776
16779
16782
16783
16784
16785
16787
16789
16791
16794
16885
16892
16893
16895
16900
16903
16909
16910
