15799
15800
15801
15804
15805
15809
15810
15812
15814
15921
15922
15929
15932
15940
16040
16041
16042
16044
16045
16047
16049
16050
16052
16054
16055
16056
16057
16058
16059
16061
16062
16064
16067
16069
16070
16164
16166
16168
16169
16174
16178
16180
16181
16182
16183
16184
16187
16188
16193
16195
16197
16285
16286
16287
16292
16294
16295
16299
16301
16303
16304
16305
16307
16309
16313
16317
16318
16322
16323
16326
16327
16409
16411
16412
16415
16418
16420
16421
16424
16427
16429
16430
16433
16436
16437
16438
16439
16442
16444
16450
16452
16535
16537
16538
16539
16540
16543
16544
16547
16549
16550
16551
16554
16555
16557
16558
16560
16564
16569
16570
16572
16573
16575
16577
16660
16663
16667
16669
16671
16674
16676
16678
16681
16682
16683
16687
16689
16693
16694
16695
16698
16699
16701
16702
16786
16788
16789
16790
16792
16796
16797
16802
16805
16806
16807
16808
16809
16813
16817
16818
16819
16823
16825
16917
16923
16926
16927
16929
16932
16938
16941
16943
17049
17051
17054
17056
17057
17059
17060
17061
17063
17064
19431
19432
19434
19555
19556
19557
