4013
4015
4017
4020
4021
4024
4025
4028
4031
4034
4035
4037
4038
4143
4148
4150
4151
4154
4155
4156
4159
4162
4164
4166
4259
4261
4264
4268
4269
4277
4278
4279
4280
4283
4285
4286
4289
4291
4388
4389
4394
4396
4398
4404
4408
4410
4412
4413
4415
4417
4418
4419
4421
4508
4509
4515
4516
4518
4519
4522
4523
4525
4527
4529
4530
4531
4532
4539
4540
4541
4542
4543
4545
4632
4633
4639
4640
4641
4645
4647
4649
4652
4653
4655
4657
4659
4661
4662
4663
4665
4668
4671
4758
4759
4764
4766
4771
4774
4775
4776
4778
4779
4785
4786
4787
4792
4793
4884
4886
4891
4899
4900
4901
4903
4904
4907
4908
4913
4916
5019
5020
5023
5024
5025
5027
5030
5033
5034
5036
5039
5148
5151
5152
5153
5155
16642
16645
16648
16655
16658
16660
16661
16762
16765
16766
16769
16775
16777
16779
16782
16784
16785
16788
16885
16888
16891
16892
16894
16895
16899
16900
16904
16905
16907
16908
16909
16910
16913
16915
16916
16917
16921
17008
17009
17010
17015
17016
17021
17022
17026
17027
17029
17031
17032
17033
17035
17036
17039
17043
17046
17047
17048
17130
17131
17132
17135
17137
17141
17143
17144
17145
17147
17148
17149
17154
17157
17158
17160
17161
17169
17170
17174
17257
17264
17266
17268
17270
17272
17273
17276
17280
17281
17285
17290
17292
17296
17299
17381
17384
17389
17392
17395
17397
17398
17399
17401
17402
17404
17405
17406
17407
17408
17409
17411
17412
17413
17414
17416
17505
17509
17510
17512
17514
17517
17518
17521
17522
17523
17527
17529
17531
17532
17533
17535
17537
17538
17539
17545
17546
17633
17642
17644
17649
17655
17656
17657
17659
17663
17761
17764
17767
17770
17771
17774
17775
17781
17783
17786
17787
17790
17791
17892
17893
17898
17899
17901
17903
17905
17907
17908
