682
683
685
688
690
691
797
801
802
804
805
806
808
810
812
813
817
822
824
912
914
915
922
927
930
932
933
934
935
938
940
941
947
952
1035
1036
1037
1043
1044
1046
1050
1052
1054
1057
1058
1060
1061
1064
1069
1076
1077
1078
1168
1170
1172
1173
1175
1179
1180
1182
1183
1187
1188
1190
1192
1194
1195
1200
1299
1300
1301
1302
1303
1304
1306
1307
1309
1313
1315
1319
1427
1428
1431
1433
1435
1437
6672
6674
6676
6677
6678
6679
6681
6682
6683
6684
6686
6687
6690
6793
6794
6798
6800
6801
6802
6804
6805
6807
6808
6809
6810
6815
6821
6913
6916
6919
6920
6921
6923
6925
6933
6934
6935
6937
6938
6941
6942
6944
6946
6947
6949
7040
7043
7044
7048
7050
7051
7052
7053
7055
7056
7057
7059
7064
7065
7070
7071
7072
7074
7075
7076
7163
7165
7166
7172
7173
7175
7177
7178
7179
7184
7185
7186
7189
7190
7192
7195
7196
7199
7200
7202
7287
7290
7292
7293
7295
7297
7298
7306
7307
7309
7310
7314
7316
7320
7321
7322
7324
7412
7418
7420
7423
7425
7427
7428
7430
7432
7435
7437
7438
7440
7441
7443
7446
7448
7544
7545
7546
7547
7548
7549
7551
7554
7555
7556
7557
7560
7562
7564
7565
7569
7570
7573
7574
7666
7672
7673
7674
7676
7678
7681
7686
7689
7694
7798
7799
7801
7809
7810
7812
7813
7815
14053
14055
14056
14059
14060
14061
14186
14189
14310
14428
14434
20040
20043
20046
20047
20051
20053
20055
20059
20060
20065
20066
20067
20070
20160
20161
20164
20167
20170
20171
20173
20175
20176
20184
20189
20190
20192
20195
20196
20201
20202
20285
20289
20291
20295
20296
20299
20300
20301
20304
20305
20308
20309
20312
20314
20322
20323
20324
20325
20413
20416
20418
20420
20422
20424
20430
20432
20434
20435
20440
20443
20444
20446
20447
20448
20449
20451
20452
20537
20539
20540
20541
20542
20544
20545
20548
20550
20552
20557
20558
20561
20566
20567
20569
20572
20575
20672
20673
20677
20683
20688
20691
