2396
2398
2399
2400
2407
2413
2415
2416
2516
2517
2519
2522
2523
2524
2525
2526
2527
2528
2529
2530
2532
2533
2536
2537
2539
2540
2541
2542
2543
2640
2643
2647
2648
2649
2650
2651
2652
2655
2656
2658
2659
2663
2665
2666
2671
2672
2770
2775
2777
2778
2780
2788
2791
2794
2795
2896
2901
2902
2904
2908
2910
2913
2916
2917
2919
7282
7396
7398
7399
7401
7404
7405
7408
7411
7412
7417
7418
7519
7520
7521
7523
7526
7535
7537
7539
7540
7543
7544
7545
7641
7648
7649
7652
7654
7657
7661
7665
7671
7673
7766
7767
7772
7773
7779
7780
7782
7783
7785
7787
7789
7792
7794
7798
7894
7897
7898
7901
7903
7905
7912
7915
7916
7918
7922
7924
8014
8016
8018
8020
8023
8024
8026
8028
8029
8032
8034
8036
8037
8039
8040
8043
8045
8046
8140
8143
8146
8147
8150
8152
8154
8159
8161
8173
8263
8264
8267
8270
8272
8279
8281
8283
8284
8288
8289
8291
8293
8296
8300
8388
8390
8391
8392
8396
8398
8400
8401
8402
8403
8405
8407
8408
8409
8412
8416
8418
8420
8423
8425
8516
8518
8524
8525
8529
8533
8535
8536
8541
8542
8543
8544
8545
8548
8549
8638
8640
8642
8644
8645
8649
8651
8655
8657
8659
8661
8663
8664
8665
8666
8668
8670
8671
8672
8673
8674
8769
8770
8772
8775
8776
8777
8778
8780
8781
8784
8786
8788
8789
8792
8793
8795
8796
8798
8890
8895
8896
8898
8899
8902
8908
8909
8910
8913
8914
8916
8917
8918
8919
8924
9015
9019
9022
9026
9028
9033
9034
9037
9039
9040
9043
9045
9141
9143
9144
9149
9150
9154
9158
9162
9163
9170
9263
9265
9267
9270
9271
9272
9273
9275
9278
9282
9284
9286
9288
9289
9290
9291
9294
9296
9389
9392
9393
9396
9398
9400
9401
9402
9405
9406
9408
9409
9415
9416
9417
9418
9419
9424
9516
9517
9520
9521
9525
9530
9535
9545
9640
9641
9643
9650
9653
9654
9657
9659
9666
9668
9670
9673
9765
9768
9771
9778
9783
9785
9786
9788
9790
9794
9796
9797
9893
9896
9900
9901
9904
9907
9908
9909
9910
9913
9917
9921
10025
10029
10030
10034
10040
10041
10042
10045
10046
10142
10145
10147
10156
10159
10160
10162
10166
10168
10271
10280
10282
10284
10293
10402
10403
10409
10411
10413
10419
10420
10524
10526
10528
10530
10531
10533
10535
10536
10537
10541
10647
10657
10660
10772
10780
10785
10789
10897
10902
10903
10912
10916
18778
18781
18784
18785
18890
18900
18906
18907
18909
18911
18913
18914
18915
18918
18922
18924
19011
19013
19015
19017
19020
19021
19031
19033
19035
19041
19049
19050
19135
19138
19140
19143
19147
19148
19149
19151
19155
19164
19166
19167
19169
19170
19172
19174
19176
19178
19261
19262
19263
19264
19266
19267
19268
19273
19274
19275
19276
19281
19282
19285
19287
19296
19297
19298
19300
19301
19392
19393
19397
19401
19402
19404
19405
19406
19407
19409
19414
19415
19416
19417
19419
19421
19422
19423
19424
19425
19426
19517
19519
19520
19522
19526
19533
19535
19540
