3774
3776
3780
3781
3784
3904
3905
3910
3911
3912
3913
3918
4020
4021
4023
4028
4031
4032
4034
4042
4044
4045
4143
4144
4146
4150
4152
4154
4157
4164
4166
4167
4168
4271
4274
4275
4278
4279
4281
4285
4288
4291
4292
4398
4402
4407
4409
4411
4414
6659
6661
6771
6772
6775
6778
6784
6785
6788
6789
6793
6892
6893
6896
6898
6899
6901
6909
6913
6914
6915
6920
7012
7015
7018
7019
7020
7021
7022
7024
7027
7029
7031
7038
7040
7041
7042
7045
7047
7048
7140
7145
7146
7147
7148
7155
7156
7157
7159
7162
7163
7164
7165
7166
7167
7168
7169
7170
7172
7175
7176
7259
7260
7262
7264
7270
7274
7275
7279
7283
7286
7287
7291
7292
7293
7295
7296
7297
7299
7303
7386
7387
7389
7391
7392
7393
7394
7397
7399
7402
7404
7407
7408
7412
7415
7416
7420
7424
7427
7511
7512
7513
7514
7516
7518
7523
7525
7526
7527
7528
7529
7531
7532
7534
7535
7536
7538
7540
7541
7543
7544
7545
7546
7547
7550
7551
7553
7640
7641
7643
7644
7645
7646
7649
7650
7651
7653
7658
7660
7662
7663
7665
7667
7668
7670
7671
7672
7675
7764
7765
7766
7768
7772
7773
7775
7776
7777
7782
7785
7791
7794
7896
7898
7899
7900
7901
7905
7911
