4272
4275
4276
4279
4286
4290
4292
4295
4391
4392
4393
4395
4398
4399
4400
4402
4403
4404
4406
4408
4410
4411
4412
4413
4415
4416
4419
4421
4423
4424
4426
4510
4517
4518
4519
4528
4530
4532
4533
4535
4538
4539
4542
4543
4544
4545
4546
4547
4551
4552
4640
4646
4648
4649
4661
4662
4664
4666
4667
4669
4675
4760
4761
4762
4765
4767
4768
4771
4773
4775
4778
4779
4780
4781
4783
4784
4786
4787
4794
4795
4796
4797
4892
4895
4897
4899
4900
4902
4903
4904
4906
4910
4915
4916
4918
4921
5024
5031
5039
16272
16273
16277
16278
16280
16282
16287
16288
16290
16291
16391
16392
16397
16398
16399
16401
16404
16410
16414
16420
16422
16513
16516
16518
16519
16522
16523
16524
16526
16527
16528
16529
16530
16533
16534
16536
16540
16550
16645
16653
16654
16659
16660
16661
16665
16669
16672
16768
16772
16774
16780
16783
16785
16788
16793
18395
18405
18406
18412
18414
18416
18418
18519
18520
18525
18528
18530
18538
18544
18545
18656
18657
18658
18660
18662
18663
18664
18665
18666
