4049
4055
4058
4059
4063
4065
4068
4169
4172
4173
4177
4181
4183
4185
4187
4189
4194
4195
4197
4287
4288
4293
4297
4298
4299
4301
4304
4307
4311
4312
4314
4315
4317
4320
4321
4323
4409
4410
4414
4415
4419
4422
4423
4426
4428
4429
4430
4431
4434
4435
4436
4440
4441
4443
4444
4446
4447
4448
4537
4538
4539
4543
4544
4547
4548
4549
4550
4553
4555
4556
4558
4562
4565
4567
4568
4573
4575
4576
4579
4664
4665
4668
4669
4675
4678
4680
4682
4684
4686
4690
4692
4693
4694
4695
4696
4697
4698
4701
4702
4786
4788
4789
4790
4793
4794
4797
4799
4800
4802
4804
4805
4806
4807
4809
4811
4813
4814
4816
4817
4820
4822
4825
4826
4915
4918
4919
4920
4921
4925
4927
4928
4930
4932
4933
4934
4938
4946
5046
5049
5052
5055
5060
5061
5062
5067
5068
7429
7432
7552
7554
7559
