3647
3652
3653
3655
3656
3657
3773
3775
8017
8019
8026
8029
8031
8033
8036
8134
8136
8141
8143
8144
8145
8147
8149
8151
8156
8166
8167
8169
8255
8258
8260
8262
8266
8269
8272
8274
8275
8276
8277
8279
8280
8283
8284
8287
8288
8289
8290
8294
8380
8388
8390
8394
8395
8401
8404
8405
8408
8412
8413
8415
8416
8417
8418
8420
8423
8505
8508
8510
8511
8512
8513
8514
8516
8518
8521
8525
8527
8529
8532
8534
8535
8537
8538
8545
8546
8547
8632
8633
8636
8638
8639
8640
8642
8645
8647
8648
8652
8653
8656
8658
8660
8663
8667
8668
8669
8671
8672
8757
8758
8760
8761
8762
8767
8768
8770
8771
8773
8775
8776
8777
8780
8782
8783
8785
8786
8789
8790
8796
8899
8906
8910
8911
8914
8915
8916
9016
12901
12904
12906
13014
13015
13016
13020
13022
13032
13037
13137
13143
13145
13149
13159
13261
13262
13264
13268
13269
13270
13274
13275
13279
13281
13283
13284
13286
13289
13291
13390
13391
13393
13394
13395
13398
13399
13403
13405
13408
13410
13411
13415
13416
13516
13521
13522
13523
13527
13530
13532
13534
13537
13649
13650
13652
13653
13654
13655
13657
