7922
7923
7926
7931
7932
7935
7936
7940
7942
8038
8046
8051
8052
8059
8063
8075
8161
8162
8163
8165
8166
8167
8171
8172
8175
8178
8179
8181
8183
8184
8186
8187
8190
8191
8192
8194
8195
8196
8197
8198
8199
8202
8286
8288
8289
8293
8294
8295
8299
8301
8307
8308
8310
8311
8312
8316
8317
8319
8326
8329
8409
8410
8412
8413
8418
8419
8420
8426
8428
8431
8432
8433
8434
8435
8436
8437
8440
8442
8443
8448
8450
8451
8453
8539
8544
8548
8549
8551
8554
8555
8558
8560
8563
8564
8565
8566
8572
8573
8574
8575
8664
8667
8668
8669
8671
8672
8673
8675
8677
8679
8680
8685
8691
8695
8700
8790
8791
8795
8796
8798
8799
8800
8802
8804
8806
8808
8810
8813
8814
8815
8817
8819
8821
8922
8924
8926
8929
8930
8934
8936
8939
11304
11308
11310
11433
