5174
5180
5181
5182
5183
5187
5296
5301
5304
5308
5313
5316
5419
5421
5422
5423
5424
5425
5428
5430
5431
5442
5546
5547
5548
5551
5554
5555
5560
5563
5565
5566
5569
5570
5670
5674
5675
5678
5684
5688
5689
5692
5797
5799
5801
5803
5806
5810
5811
5812
5930
8173
8174
8179
8181
8184
8187
8190
8191
8192
8296
8299
8300
8302
8303
8305
8306
8308
8309
8312
8314
8319
8320
8321
8415
8416
8419
8420
8428
8433
8434
8435
8437
8451
8537
8538
8539
8541
8542
8543
8544
8548
8550
8551
8552
8553
8557
8561
8573
8576
8577
8659
8661
8662
8663
8664
8668
8669
8671
8672
8673
8674
8677
8679
8680
8683
8685
8686
8689
8690
8691
8692
8693
8698
8702
8703
8786
8788
8789
8790
8792
8793
8795
8800
8801
8802
8803
8804
8806
8807
8809
8812
8813
8815
8816
8817
8819
8821
8824
8826
8912
8913
8915
8916
8920
8921
8923
8924
8927
8928
8929
8930
8931
8934
8936
8939
8941
8944
8949
8951
8952
8953
9041
9043
9044
9045
9048
9049
9052
9054
9057
9059
9061
9064
9070
9073
9075
9164
9165
9168
9171
9172
9173
9175
9176
9177
9180
9181
9183
9185
9190
9192
9194
9195
9197
9297
9300
9302
9306
9308
9311
9317
