1265
1268
1269
1272
1275
1280
1283
1284
1285
1287
1288
1290
1384
1386
1387
1391
1395
1396
1399
1400
1405
1407
1408
1410
1415
1506
1509
1510
1511
1514
1516
1523
1525
1529
1530
1532
1533
1537
1539
1632
1633
1634
1635
1636
1638
1639
1641
1642
1645
1646
1648
1649
1650
1652
1653
1654
1656
1657
1658
1660
1661
1663
1665
1666
1668
1670
1671
1757
1759
1760
1761
1763
1766
1767
1771
1772
1776
1777
1779
1784
1785
1787
1788
1790
1792
1793
1794
1795
1884
1887
1892
1897
1898
1902
1907
1908
1909
1912
1916
2014
2015
2017
2018
2021
2022
2026
2028
2030
2031
2033
2034
2149
2150
2153
3762
3770
3779
3780
3781
3785
3786
3788
3790
3791
3889
3891
3893
3895
3897
3899
3901
3902
3906
3907
3909
3910
3911
3913
3917
3921
4008
4012
4016
4017
4020
4021
4022
4023
4028
4031
4032
4035
4036
4130
4133
4135
4138
4142
4146
4150
4152
4153
4154
4155
4156
4157
4158
4160
4164
4166
4169
4254
4257
4259
4260
4261
4262
4263
4266
4268
4270
4271
4272
4274
4276
4277
4279
4280
4281
4282
4285
4286
4288
4289
4290
4294
4382
4384
4388
4392
4395
4397
4400
4402
4403
4404
4406
4407
4408
4411
4412
4413
4414
4418
4419
4513
4516
4519
4521
4523
4524
4525
4526
4528
4535
4539
6263
6265
6267
6271
6273
6274
6275
6276
6280
6281
6282
6284
6285
6287
6290
6384
6387
6388
6397
6398
6399
6402
6404
6405
6413
6416
6507
6511
6513
6518
6520
6525
6528
6530
6531
6532
6534
6540
6543
6546
6547
6630
6632
6633
6634
6636
6638
6639
6640
6641
6645
6646
6647
6648
6650
6652
6654
6658
6660
6663
6664
6665
6666
6667
6668
6669
6754
6756
6763
6765
6771
6772
6777
6778
6779
6780
6782
6784
6787
6789
6790
6792
6889
6891
6892
6896
6898
6900
6903
6905
6909
6910
6916
6918
6919
7014
7016
7017
7023
7025
7030
7037
7039
7040
7042
8764
8765
8772
8774
8775
8780
8784
8787
8883
8893
8894
8901
8905
8915
8917
8918
9007
9008
9011
9012
9017
9018
9027
9028
9029
9032
9038
9039
9045
9046
9135
9138
9139
9148
9151
9152
9155
9156
9164
9165
9167
9170
9172
9254
9257
9259
9261
9266
9273
9275
9278
9279
9280
9281
9283
9286
9287
9290
9292
9296
9298
9381
9382
9385
9388
9389
9390
9391
9393
9396
9397
9400
9401
9404
9406
9410
9411
9412
9413
9414
9417
9418
9511
9512
9514
9516
9518
9520
9523
9524
9526
9527
9533
9534
9535
9649
9651
11268
11270
11272
11275
11276
11277
11280
11281
11282
11285
11388
11390
11391
11393
11396
11397
11401
11403
11405
11406
11408
11411
11412
11413
11416
11508
11510
11516
11519
11520
11523
11524
11525
11527
11528
11529
11531
11532
11533
11534
11535
11538
11539
11546
11547
11640
11641
11642
11645
11647
11649
11651
11654
11655
11657
11659
11660
11661
11662
11664
11665
11667
11670
11672
11758
11760
11764
11766
11767
11768
11770
11772
11773
11774
11775
11776
11777
11779
11780
11782
11784
11785
11786
11787
11788
11789
11790
11791
11794
11797
11883
11884
11886
11888
11890
11892
11894
11895
11896
11897
11898
11899
11901
11902
11904
11905
11908
11911
11914
11917
11919
11920
12012
12013
12015
12016
12017
12019
12021
12023
12026
12027
12031
12034
12041
12042
12143
12144
12152
12154
13888
13890
13896
13898
13902
13904
13909
13910
13914
14007
14008
14012
14013
14016
14018
14019
14023
14024
14027
14031
14032
14033
14035
14036
14040
14043
14044
14045
14132
14133
14136
14140
14143
14144
14146
14148
14151
14153
14154
14155
14160
14161
14163
14164
14165
14168
14171
14172
14256
14257
14263
14264
14267
14269
14270
14271
14273
14275
14276
14277
14281
14282
14283
14284
14285
14286
14288
14294
14296
