7547
7548
7549
7550
7552
7554
7555
7556
7562
7672
7673
7674
7675
7679
7681
7683
7684
7685
7688
7692
7797
7798
7805
7806
7808
7810
7812
7813
7814
9171
9179
9181
9186
9187
9188
9286
9290
9294
9295
9296
9297
9300
9301
9302
9303
9307
9308
9310
9316
9323
9410
9414
9415
9416
9418
9425
9427
9428
9429
9435
9441
9443
9450
9543
9544
9547
9549
9550
9555
9556
9559
9560
9565
9566
9568
9572
9576
9577
9664
9667
9669
9673
9674
9675
9678
9683
9684
9687
9689
9691
9692
10925
10927
10928
10929
10936
10937
10939
10940
10941
10942
10943
10945
10946
11038
11039
11041
11042
11047
11048
11053
11055
11059
11064
11065
11071
11072
11073
11074
11076
11163
11168
11170
11171
11177
11179
11180
11182
11186
11189
11191
11195
11196
11201
11202
11292
11294
11296
11299
11301
11305
11310
11311
11312
11313
11314
11315
11317
11320
11321
11324
11417
11419
11422
11426
11428
11430
11432
11435
11438
11439
11440
11443
