2388
2390
2391
2393
2394
2395
2398
2406
2407
2408
2409
2413
2507
2509
2510
2511
2512
2514
2515
2518
2523
2525
2528
2529
2533
2535
2537
2539
2540
2544
2633
2635
2638
2642
2645
2648
2649
2650
2654
2655
2656
2657
2658
2659
2660
2663
2667
2668
2670
2671
2757
2760
2763
2764
2771
2772
2776
2777
2779
2782
2784
2786
2787
2788
2789
2791
2793
2888
2890
2895
2896
2899
2901
2903
2905
2906
2908
2912
2915
4519
4520
4523
4524
4525
4528
4529
4530
4531
4532
4647
4648
4651
4652
9517
9520
9521
9524
9526
9529
9530
9534
9636
9642
9644
9645
9646
9647
9648
9651
9654
9655
9657
9658
9662
9664
9666
9668
9756
9757
9762
9763
9769
9770
9771
9772
9773
9774
9776
9777
9778
9782
9783
9784
9786
9793
9797
9890
9893
9895
9896
9897
9900
9903
9906
9907
9914
9915
9916
9918
9921
10006
10010
10011
10012
10015
10017
10018
10020
10022
10023
10024
10027
10028
10029
10032
10033
10041
10043
10044
10045
10047
10136
10149
10150
10151
10152
10153
10154
10155
10159
10161
10163
10165
10166
