6302
6303
6305
6306
6308
6312
6428
6430
6434
6435
6436
6437
6438
6553
6554
6556
6557
10672
10673
10675
10677
10679
10680
10681
10683
10688
10690
10798
10802
10803
10804
10806
10807
10808
10810
10811
10815
10816
10818
10913
10914
10916
10917
10922
10923
10925
10927
10928
10929
10930
10934
10939
10947
10949
10950
10951
10952
11035
11036
11037
11038
11040
11042
11046
11049
11052
11059
11060
11061
11063
11065
11066
11070
11071
11072
11077
11159
11160
11164
11166
11167
11170
11171
11173
11175
11178
11179
11181
11184
11186
11187
11188
11189
11191
11193
11194
11195
11196
11200
11202
11204
11288
11289
11292
11296
11297
11298
11301
11303
11308
11312
11314
11315
11318
11319
11321
11326
11413
11414
11419
11423
11424
11426
11427
11430
11433
11435
11442
11445
11447
11450
11544
11545
11546
11548
11549
11551
11552
11553
11554
11555
11561
11563
11567
11569
11570
11671
11672
11673
11682
11686
11687
11688
