2160
2265
2267
2268
2271
2274
2275
2276
2283
2284
2286
2287
2387
2397
2398
2399
2402
2403
2405
2406
2407
2408
2409
2410
2412
2415
2418
2511
2513
2514
2515
2517
2519
2521
2522
2525
2526
2529
2530
2532
2533
2534
2536
2537
2637
2641
2646
2650
2651
2652
2653
2654
2657
2658
2664
2770
2773
2774
2777
2780
6022
6025
6026
6027
6028
6031
6137
6138
6139
6140
6145
6147
6149
6151
6153
6156
6157
6161
6163
6166
6259
6260
6263
6266
6267
6270
6275
6278
6286
6288
6289
6291
6292
6387
6389
6392
6396
6402
6405
6406
6413
6414
6511
6512
6515
6516
6517
6520
6521
6522
6523
6526
6528
6529
6530
6531
6532
6535
6538
6539
6643
6650
6653
6654
6655
11896
11900
11901
11903
11904
11905
11906
11908
11909
12009
12013
12014
12016
12020
12026
12032
12033
12036
12039
12042
12133
12135
12136
12139
12140
12144
12146
12147
12148
12149
12150
12151
12155
12157
12158
12160
12162
12163
12165
12168
12172
12257
12261
12262
12264
12265
12266
12267
12270
12271
12273
12274
12275
12276
12278
12279
12280
12284
12285
12286
12287
12289
12291
12293
12295
12297
12298
12380
12386
12387
12388
12389
12392
12394
12395
12398
12400
12402
12405
12408
12410
12411
12414
12415
12417
12418
12420
12422
12509
12510
12513
12515
12516
12520
12523
12524
12527
12528
12532
12533
12534
12535
12536
12538
12540
12541
12542
12637
12639
12642
12643
12648
12650
12652
12662
12663
12664
