9053
9054
9056
9058
9061
9062
9169
9175
9181
9183
9184
9185
9189
9190
9191
9293
9294
9296
9299
9301
9303
9306
9307
9311
9312
9313
9314
9315
9320
9419
9421
9431
9433
9436
9439
9441
9444
9553
9557
9561
9563
9564
9566
9567
9675
9681
9685
11930
11931
11933
11936
12053
12054
12060
12061
12067
12069
12070
12170
12172
12173
12175
12179
12183
12187
12188
12189
12190
12196
12197
12199
12286
12287
12294
12295
12299
12302
12306
12308
12312
12314
12316
12318
12320
12326
12412
12414
12417
12418
12420
12423
12424
12425
12426
12427
12430
12431
12433
12440
12444
12445
12446
12448
12449
12538
12539
12540
12543
12545
12546
12547
12548
12549
12552
12553
12554
12555
12558
12559
12561
12562
12563
12565
12566
12567
12568
12569
12571
12573
12576
12579
12660
12663
12664
12665
12666
12668
12672
12673
12674
12675
12682
12683
12684
12685
12687
12688
12692
12693
12694
12698
12699
12700
12701
12703
12786
12787
12790
12793
12795
12796
12797
12798
12799
12803
12805
12807
12813
12814
12816
12821
12917
12919
12920
12921
12922
12923
12924
12925
12926
12927
12930
12936
12937
12942
12943
12948
13042
13043
13048
13050
13051
13053
13054
13062
13063
13065
13177
13180
13182
