409
410
415
418
423
425
427
428
429
432
433
440
444
445
446
450
452
453
534
536
539
543
546
548
549
551
553
555
557
558
559
560
561
562
563
566
567
568
663
665
667
669
670
671
672
674
675
677
682
683
684
686
687
692
693
793
796
797
799
801
803
804
805
808
811
812
813
815
6046
6049
6050
6052
6053
6055
6056
6059
6063
6064
6066
6163
6164
6167
6169
6170
6175
6178
6180
6181
6184
6185
6188
6193
6195
6196
6289
6292
6297
6298
6299
6300
6301
6302
6304
6306
6308
6310
6311
6314
6315
6318
6319
6321
6322
6325
6326
6415
6419
6423
6424
6425
6429
6433
6434
6437
6438
6439
6440
6446
6448
6449
6536
6538
6539
6540
6541
6542
6543
6544
6548
6549
6550
6553
6555
6557
6561
6562
6564
6567
6573
6574
6671
6674
6682
6686
6688
6690
6692
6693
6696
6698
6802
6803
6812
10304
12188
12295
12296
12301
12308
12309
12313
12424
12425
12426
12428
12436
12439
12442
12550
12554
12555
