1178
1184
1185
1186
1190
1299
1302
1303
1304
1311
1315
1319
1321
1323
1420
1422
1425
1427
1429
1433
1434
1435
1438
1439
1440
1442
1445
1446
1447
1448
1449
1537
1538
1543
1545
1546
1549
1552
1555
1560
1564
1565
1566
1567
1570
1571
1577
1660
1666
1667
1672
1673
1674
1675
1678
1681
1683
1684
1685
1686
1692
1695
1696
1699
1701
1702
1787
1788
1798
1800
1801
1804
1809
1810
1815
1816
1818
1821
1826
1827
1910
1912
1913
1915
1918
1919
1922
1923
1924
1925
1928
1932
1938
1941
1942
1944
1949
1951
1952
2038
2041
2043
2045
2047
2049
2050
2051
2052
2053
2054
2055
2056
2057
2063
2066
2067
2069
2071
2076
2077
2163
2164
2167
2174
2176
2178
2180
2181
2184
2191
2192
2193
2290
2291
2292
2295
2296
2299
2301
2302
2303
2305
2307
2311
2312
2314
2315
2316
2317
2319
2321
2322
2422
2423
2428
2431
2432
2435
2436
2437
2438
2439
7422
7429
7430
7431
7432
7434
7437
7439
7440
7544
7545
7546
7548
7549
7552
7556
7558
7559
7561
7565
7566
7567
7570
7666
7667
7668
7671
7672
7673
7674
7675
7678
7680
7682
7687
7692
7694
7695
7696
7698
7790
7792
7795
7796
7799
7802
7804
7805
7807
7814
7815
7816
7821
7822
7823
7918
7920
7923
7925
7927
7928
7931
7934
7935
7936
7937
7939
7940
7944
7945
7947
8040
8043
8044
8045
8046
8048
8049
8050
8052
8057
8058
8060
8062
8063
8073
8074
8167
8168
8170
8171
8177
8178
8179
8180
8181
8185
8187
8188
8189
8191
8192
8194
8196
8299
8303
8308
8310
8312
8314
8316
8424
8430
8431
8433
8434
8435
