2519
2522
2523
2524
2526
2534
2637
2641
2643
2644
2645
2649
2653
2655
2660
2665
2666
2667
2669
2763
2764
2765
2769
2770
2773
2775
2776
2777
2778
2779
2782
2785
2796
2881
2883
2888
2892
2894
2895
2896
2897
2900
2910
2911
2912
2913
2916
2918
2919
2920
3004
3007
3010
3011
3012
3013
3014
3015
3017
3019
3020
3021
3022
3025
3026
3029
3030
3033
3034
3036
3045
3046
3048
3131
3133
3141
3149
3151
3153
3154
3155
3156
3158
3160
3161
3162
3167
3168
3169
3170
3262
3267
3268
3270
3274
3275
3276
3279
3284
3286
3287
3288
8535
8637
8643
8645
8646
8654
8659
8661
8664
8757
8760
8761
8762
8764
8773
8775
8776
8779
8781
8782
8783
8787
8788
8789
8794
8795
8882
8885
8887
8888
8889
8894
8897
8898
8903
8904
8905
8906
8909
8910
8914
8916
8920
9011
9012
9014
9015
9016
9017
9018
9019
9020
9022
9024
9026
9028
9035
9037
9041
9042
9046
9047
9132
9133
9136
9137
9143
9144
9145
9147
9148
9149
9151
9152
9154
9158
9160
9161
9162
9163
9263
9267
9269
9270
9273
9274
9275
9276
9283
9284
9285
9286
9289
12775
12777
