3642
3645
3648
3649
3653
3657
3659
3662
3666
3757
3758
3760
3763
3767
3768
3769
3771
3772
3773
3775
3776
3778
3781
3784
3785
3789
3790
3795
3879
3881
3883
3887
3888
3892
3897
3898
3899
3904
3905
3906
3909
3913
3915
3916
3919
3920
3921
3922
4007
4010
4011
4015
4016
4018
4019
4026
4028
4030
4033
4036
4040
4046
4048
4130
4133
4136
4137
4138
4139
4140
4141
4143
4147
4148
4149
4151
4156
4157
4159
4160
4162
4163
4166
4167
4169
4262
4263
4270
4271
4272
4273
4277
4281
4283
4285
4289
4292
9027
9028
9029
9033
9034
9035
9037
9139
9141
9144
9149
9150
9151
9153
9154
9157
9162
9168
9258
9261
9266
9267
9268
9272
9275
9276
9278
9286
9290
9292
9295
9387
9389
9390
9392
9394
9396
9397
9402
9403
9404
9405
9411
9412
9419
9515
9516
9517
9520
9530
9535
9538
11035
11036
11143
11144
11145
11148
11153
11159
11262
11263
11264
11267
11268
11278
11280
11282
11285
11290
11393
11395
11402
11408
11411
