1023
1027
1032
1035
1036
1040
1142
1143
1145
1146
1151
1152
1155
1156
1159
1160
1164
1169
1171
1172
1263
1264
1269
1271
1278
1280
1281
1282
1283
1289
1292
1294
1295
1299
1391
1396
1400
1401
1404
1405
1407
1409
1410
1418
1420
1421
1422
1423
1425
1513
1519
1521
1523
1524
1525
1528
1529
1531
1533
1535
1538
1540
1544
1545
1546
1547
1637
1638
1640
1642
1644
1646
1647
1649
1654
1655
1656
1661
1662
1670
1671
1675
1676
1677
1765
1766
1768
1770
1773
1774
1776
1777
1778
1780
1781
1785
1786
1787
1790
1793
1794
1795
1797
1798
1799
1801
1896
1897
1899
1902
1904
1905
1908
1909
1910
1911
1913
1916
2015
2017
2020
2024
2028
2029
2034
2035
2036
2038
2039
2040
2041
2042
2147
2148
2150
2152
2153
2158
2161
2162
2163
12775
12776
12778
12779
12780
12785
12786
12787
12895
12900
12901
12905
12908
12911
12912
12915
12917
13016
13018
13019
13021
13023
13024
13025
13029
13031
13033
13034
13037
13040
13042
13043
13044
13046
13142
13145
13146
13148
13150
13151
13152
13162
13163
13172
13174
13265
13266
13267
13268
13269
13270
13271
13272
13273
13275
13277
13281
13285
13287
13291
13293
13294
13295
13296
13299
13300
13386
13389
13393
13395
13396
13399
13402
13403
13406
13408
13410
13411
13412
13413
13414
13416
13420
13421
13516
13517
13518
13520
13522
13523
13528
13530
13531
13532
13533
13534
13536
13537
13538
13539
13544
13546
13547
13549
13550
13553
13635
13639
13648
13649
13651
13653
13654
13655
13658
13660
13661
13662
13664
13668
13674
13675
13676
13677
13764
13765
13767
13769
13772
13775
13776
13778
13780
13781
13785
13786
13787
13788
13792
13793
13795
13797
13798
13799
13802
13887
13891
13894
13896
13898
13903
13905
13906
13910
13911
13913
13916
13918
13920
13921
13926
14013
14018
14019
14021
14024
14026
14027
14029
14030
14031
14032
14033
14036
14043
14044
14045
14138
14140
14143
14145
14146
14147
14150
14152
14154
14158
14159
14160
14161
14166
14265
14266
14267
14270
14272
14274
14278
14280
14281
14282
14284
14287
14288
14289
14290
14292
14293
14398
14399
14400
14402
14407
14408
14413
14414
14415
14416
14521
19904
19905
20025
20026
20028
20033
20034
20039
20040
20041
20042
20043
20142
20143
20147
20148
20149
20152
20154
20155
20157
20160
20165
20167
20168
20169
20171
20172
20265
20266
20267
20268
20272
20275
20276
20280
20281
20282
20285
20287
20291
20297
20298
20395
20396
20397
20399
20400
20401
20402
20403
20405
20409
20410
20413
20414
20417
20419
20423
20424
20513
20514
20517
20519
20520
20526
20529
20530
20531
20536
20537
20538
20540
20543
20545
20546
