144
145
148
150
156
157
158
159
160
161
165
168
169
265
268
274
278
279
280
283
286
289
291
292
293
294
298
300
388
389
390
395
396
401
406
409
411
414
415
428
513
514
515
516
517
518
520
521
522
523
530
534
535
540
541
547
548
549
550
636
637
639
640
641
645
646
647
651
652
653
658
659
660
662
664
665
669
677
762
764
767
769
773
774
775
776
777
778
779
781
786
788
789
790
797
798
801
889
890
893
894
896
897
900
902
905
914
916
919
1026
1029
1030
2646
2650
2651
2652
2654
2656
2659
2661
2663
2664
2669
2764
2765
2767
2769
2770
2771
2772
2773
2777
2778
2779
2781
2784
2788
2791
2792
2799
2800
2801
2888
2889
2890
2891
2892
2893
2895
2896
2898
2902
2903
2904
2907
2908
2909
2911
2916
2919
2920
2921
2922
2925
3009
3010
3011
3012
3016
3017
3018
3019
3021
3023
3024
3025
3026
3027
3030
3032
3036
3037
3040
3045
3050
3052
3054
3135
3136
3137
3139
3140
3141
3143
3146
3149
3150
3151
3152
3153
3158
3159
3160
3161
3162
3163
3164
3165
3167
3171
3173
3174
3175
3178
3262
3264
3265
3269
3272
3274
3276
3277
3278
3282
3285
3286
3290
3297
3299
3301
3389
3397
3401
3404
3406
3409
3410
3412
3413
3414
3415
3422
3520
3521
3527
3528
3531
3533
3534
5145
5147
5149
5154
5157
5160
5161
5167
5266
5267
5269
5271
5278
5280
5283
5284
5287
5288
5294
5296
5297
5388
5400
5401
5403
5406
5407
5411
5413
5417
5424
5426
5510
5518
5520
5522
5524
5526
5529
5532
5533
5534
5535
5536
5537
5538
5540
5543
5544
5545
5546
5548
5550
5551
5552
5553
5636
5643
5645
5648
5649
5654
5655
5656
5658
5659
5663
5665
5666
5667
5668
5671
5672
5678
5761
5763
5764
5765
5766
5768
5771
5773
5774
5777
5779
5781
5782
5783
5786
5787
5789
5792
5795
5796
5797
5801
5891
5892
5895
5901
5902
5903
5904
5908
5910
5914
5918
5922
6019
6022
6025
6026
6028
6032
6033
7647
7649
7651
7654
7655
7656
7657
7662
7664
7665
7767
7768
7774
7777
7778
7779
7782
7784
7785
7787
7790
7791
7797
7798
7887
7888
7891
7893
7894
7895
7896
7898
7904
7906
7907
7912
7914
7919
7922
7925
7927
8013
8016
8017
8018
8023
8024
8026
8027
8033
8034
8035
8036
8037
8039
8044
8046
8048
8050
8052
8136
8138
8139
8140
8142
8143
8145
8146
8147
8149
8154
8155
8156
8157
8158
8161
8165
8167
8172
8173
8174
8175
8177
8178
8261
8263
8264
8268
8269
8270
8272
8273
8275
8279
8284
8285
8290
8292
8293
8298
8301
8388
8389
8390
8392
8393
8394
8396
8397
8399
8400
8402
8403
8406
8408
8409
8411
8412
8413
8414
8415
8420
8421
8422
8525
8526
8529
8534
8535
10271
10273
10274
10280
10281
10284
10285
10293
10294
10390
10392
10393
10397
10401
10402
10404
10407
10409
10410
10413
10415
10417
10418
10420
10421
10423
10425
10511
10512
10513
10518
10520
10524
10525
10527
10530
10531
10534
10539
10540
10541
10544
10546
10550
10636
10637
10638
10640
10641
10642
10643
10644
10646
10647
10649
10652
10654
10656
10657
10661
10664
10667
10670
10672
10675
10677
10762
10765
10766
10767
10769
10770
10771
10773
10774
10776
10777
10779
10780
10781
10782
10784
10785
10786
10787
10788
10789
10792
10793
10795
10796
10798
10799
10891
10893
10896
10900
10905
10906
10908
10912
10914
10916
10917
11022
11027
11033
11037
11039
11040
12780
12783
12892
12896
12897
12903
12911
12913
12914
12915
13015
13017
13019
13023
13026
13028
13031
13032
13036
13037
13039
13040
13044
13139
13140
13141
13143
13146
13147
13148
13151
13152
13153
13161
13164
13168
13170
13171
13175
13266
13268
13270
13271
13272
13278
13279
13281
13283
13284
13292
13295
13297
13398
13400
13404
13406
13407
13411
13412
13413
13414
13415
13417
13418
13420
13421
13526
13528
13530
13532
13534
13536
13538
