3272
3274
3275
3281
3283
3284
3285
3287
3288
3289
3388
3392
3393
3395
3397
3399
3400
3405
3406
3407
3415
3416
3418
3422
3423
3514
3521
3523
3525
3529
3531
3533
3537
3539
3545
3547
3550
3551
3644
3645
3647
3648
3649
3650
3651
3652
3653
3654
3657
3662
3664
3666
3670
3671
3673
3674
3768
3772
3776
3779
3783
3784
3786
3791
3792
3793
3794
3795
5406
5407
5408
5411
5414
5525
5527
5532
5537
10401
10403
10404
10405
10406
10409
10410
10416
10517
10525
10527
10529
10531
10533
10535
10538
10539
10540
10541
10542
10543
10547
10549
10638
10639
10644
10646
10647
10648
10649
10657
10658
10659
10660
10661
10665
10667
10671
10672
10676
10761
10772
10779
10781
10783
10784
10787
10788
10790
10792
10793
10796
10798
10803
10886
10887
10888
10889
10896
10898
10899
10903
10906
10907
10908
10909
10913
10914
10918
10919
10921
10923
10926
10927
11012
11013
11014
11015
11016
11018
11019
11020
11021
11022
11024
11025
11028
11029
11034
11037
11146
11148
11149
11151
11152
11154
11160
