2027
2028
2029
2030
2037
2146
2148
2149
2151
2152
2154
2155
2157
2159
2163
2164
2165
2269
2271
2272
2274
2275
2276
2278
2280
2281
2282
2284
2286
2289
2292
2394
2400
2402
2406
2416
2419
2519
2520
2523
2529
2530
2531
2532
2533
2536
2537
2541
2543
2650
2654
2656
2664
5022
5025
5026
5027
5028
5030
5031
5034
5035
5036
5043
5143
5144
5145
5146
5155
5156
5158
5162
5164
5165
5166
5168
5169
5170
5173
5264
5267
5269
5271
5272
5274
5279
5281
5282
5287
5289
5290
5293
5295
5296
5298
5299
5300
5301
5302
5386
5389
5390
5391
5393
5394
5395
5397
5401
5403
5405
5408
5409
5410
5411
5413
5417
5419
5420
5421
5422
5427
5512
5513
5514
5517
5518
5519
5521
5525
5527
5528
5531
5533
5534
5535
5536
5539
5540
5542
5543
5544
5546
5547
5548
5549
5551
5553
5635
5642
5643
5644
5645
5647
5648
5650
5652
5656
5657
5658
5660
5661
5664
5666
5670
5672
5677
5678
5764
5768
5769
5774
5775
5777
5779
5780
5784
5786
5788
5789
5790
5791
5794
5795
5796
5799
5802
5887
5889
5892
5893
5896
5899
5900
5907
5912
5913
5914
5916
5917
5918
5919
5925
6014
6017
6020
6021
6025
6028
6029
6030
6031
6032
6033
6036
6038
6042
6043
6046
6049
6146
6147
6151
6156
6158
6160
6163
6167
