156
162
163
273
276
280
281
284
287
411
413
526
532
533
534
536
5897
5899
5900
5902
5903
5904
5905
5912
5914
5917
6016
6019
6020
6021
6022
6024
6026
6027
6029
6030
6031
6032
6035
6041
6043
6046
6140
6141
6142
6143
6144
6145
6148
6150
6152
6154
6156
6157
6160
6161
6162
6170
6172
6262
6264
6265
6270
6272
6277
6279
6281
6285
6288
6290
6291
6292
6293
6295
6388
6390
6394
6395
6396
6400
6403
6407
6409
6410
6411
6416
6417
6418
6420
6422
6514
6515
6516
6519
6520
6521
6522
6524
6527
6533
6534
6535
6538
6539
6544
6546
6547
6550
6551
6638
6639
6640
6643
6644
6645
6646
6648
6654
6656
6657
6659
6661
6662
6665
6666
6671
6675
6764
6765
6766
6772
6773
6774
6775
6776
6780
6782
6784
6786
6787
6792
6794
6890
6892
6895
6900
6906
6911
6917
6918
6919
6920
7020
7021
7024
7027
7028
7029
11907
11909
11912
11913
12020
12021
12023
12027
12030
12031
12037
12042
12044
12140
12142
12143
12147
12149
12150
12153
12154
12158
12159
12162
12164
12165
12169
12171
12172
12173
12174
12268
12269
12270
12272
12274
12276
12277
12279
12280
12281
12285
12290
12291
12292
12295
12296
12297
12299
12300
12301
12385
12386
12387
12389
12393
12394
12397
12398
12399
12400
12401
12402
12404
12405
12407
12408
12409
12410
12415
12420
12421
12422
12423
12424
12425
12426
12511
12512
12513
12515
12519
12520
12521
12522
12523
12524
12525
12529
12531
12533
12536
12537
12538
12539
12541
12542
12543
12637
12638
12640
12641
12642
12643
12646
12647
12648
12649
12650
12651
12655
12656
12657
12658
12665
12666
12667
12670
12671
12676
12677
12760
12762
12763
12764
12765
12767
12769
12772
12779
12780
12781
12782
12784
12785
12789
12794
12797
12802
12803
12886
12888
12890
12891
12892
12894
12897
12899
12901
12902
12906
12911
12912
12915
12916
12918
12919
12920
12923
13015
13017
13019
13020
13023
13024
13025
13027
13028
13031
13032
13033
13034
13035
13042
13044
13046
13143
13144
13150
13151
13153
13155
13157
13162
13164
13165
