3539
3642
3648
3649
3651
3652
3653
3658
3665
3666
3668
3669
3672
3765
3769
3770
3774
3778
3779
3780
3782
3784
3785
3786
3787
3791
3792
3794
3800
3887
3888
3889
3890
3895
3897
3900
3901
3902
3904
3905
3908
3909
3910
3912
3913
3914
3915
3916
3925
3926
3927
4014
4016
4017
4018
4021
4024
4028
4029
4030
4034
4036
4037
4038
4043
4044
4049
4141
4143
4151
4154
4156
4157
4158
4159
4163
5779
5781
5783
5785
5788
5902
5909
5910
10771
10773
10774
10775
10776
10778
10779
10783
10785
10789
10892
10893
10894
10901
10902
10903
10905
10906
10907
10910
10914
10915
10921
10922
10923
11011
11015
11017
11021
11022
11024
11026
11028
11029
11034
11036
11038
11042
11044
11049
11050
11136
11144
11150
11153
11154
11160
11162
11164
11166
11168
11171
11173
11174
11175
11176
11260
11264
11275
11276
11277
11279
11281
11289
11291
11293
11297
11300
11390
11395
11396
11402
11404
11405
11406
11407
11410
11411
11413
11418
11420
11522
11523
11524
11525
11526
