     264.7
     523.9
     706.3
    1033.1
    1110.7
    1194.0
    1355.9
    1359.1
    1655.7
    1771.3
    2389.4
    2580.1
    2585.2
    2735.2
    2738.3
    2762.6
    3217.4
    3263.0
    3317.7
    3560.3
    3786.1
    3952.7
    4209.2
    4306.1
    4468.1
    4472.3
    4518.6
    4619.9
    4622.0
    4710.4
    5206.9
    5456.4
    6265.3
    6601.4
    6609.5
    6756.1
    6994.9
    7027.6
    7341.6
    7512.0
    7620.3
    7630.5
    7653.8
    7965.2
    8977.7
    9330.7
    9667.8
    9931.3
   10233.4
   10406.1
   10543.3
   10602.7
   10607.6
   10648.3
   10710.9
   10936.1
   11359.8
   11499.6
   11511.9
   11702.7
   11947.2
   12282.0
   12318.4
   12466.0
   12742.8
   13478.0
   13555.1
   14122.9
   14180.9
   14315.5
   14364.4
   14717.1
   14807.6
   14929.4
   15104.9
   15208.8
   15328.9
   15374.7
   15484.8
   15891.7
   16072.6
   16090.5
   16229.2
   16621.1
   16677.5
   16831.7
   16960.9
   16980.2
   17258.4
   17302.6
   17535.5
   17563.0
   18199.2
   18430.7
   18758.3
   18992.7
   19023.2
   19352.5
   19725.8
   19821.3
   19888.8
   20478.9
   20559.8
   20634.9
   20733.4
   20746.5
   20858.7
   20897.9
   21450.9
   21875.6
   22338.6
   22492.3
   22546.0
