     149.9
     238.5
     250.3
     546.4
     630.3
     655.1
     745.5
    1677.2
    1720.6
    1901.4
    2023.4
    2304.6
    2472.6
    2474.9
    2476.7
    2590.1
    2713.9
    2724.6
    2799.9
    2825.0
    2849.8
    2939.5
    2974.9
    3651.6
    4265.1
    4501.9
    4856.6
    4951.9
    5005.0
    5362.8
    5369.8
    5395.7
    5524.7
    5956.4
    6046.8
    6069.4
    6235.7
    6396.2
    6400.1
    6858.2
    6971.5
    7009.2
    7154.6
    7624.1
    7794.7
    7853.7
    8070.3
    8209.8
    8213.4
    8334.2
    8598.2
    8726.3
    9141.0
    9262.5
    9444.4
   10102.6
   10410.5
   10674.8
   10745.0
   10800.1
   10989.8
   11788.5
   11942.8
   12072.6
   12395.5
   12653.6
   12818.6
   12858.1
   13127.2
   13130.8
   13167.3
   13171.7
   13437.7
   13727.2
   13764.1
   13940.5
   14185.3
   14216.3
   14281.0
   14541.5
   14554.1
   14983.8
   15105.8
   15584.8
   15798.6
   15874.9
   16486.1
   16496.5
   17021.1
   17047.3
   17061.5
   17100.3
   17307.4
   17816.5
   17818.2
   18002.4
   18039.7
   18042.7
   18102.4
   18111.0
   18128.1
   18357.2
   18393.3
   18498.9
   18522.2
   18801.7
   18878.8
   19264.8
   19558.5
   19644.2
   20143.4
   20309.4
   20410.1
   20415.4
   20463.6
   20464.5
   20949.1
   21159.3
   21209.3
   21241.4
   21392.4
   21415.4
   21734.2
   22201.6
   22400.9
   22460.0
   22645.9
   22736.4
