     117.1
     356.6
     500.0
     904.0
    1779.9
    1833.3
    1835.0
    1900.8
    2185.4
    2331.7
    2597.9
    2767.5
    2912.1
    2916.3
    3082.5
    3327.4
    3808.9
    3868.9
    4205.0
    4358.2
    4553.9
    4637.0
    5045.0
    5291.9
    5466.8
    5801.2
    6381.8
    6394.7
    6719.2
    6814.9
    6937.6
    6984.1
    7011.3
    7146.3
    7320.2
    7438.3
    8150.2
    8492.4
    8765.5
    8790.1
    8875.3
    9051.8
    9099.3
    9105.0
    9168.3
    9448.7
    9547.8
    9558.5
    9660.5
    9803.8
    9850.3
   10279.8
   10348.2
   10536.3
   10716.2
   10792.5
   10836.2
   10982.8
   11314.6
   11453.3
   11719.5
   12094.1
   12109.1
   12507.9
   12962.0
   13078.7
   13545.3
   13802.0
   13827.0
   14033.6
   14277.8
   14509.1
   14532.0
   14678.5
   15125.3
   15331.7
   16100.0
   16168.1
   16213.5
   16241.1
   16941.5
   17140.9
   17502.6
   17831.2
   17885.6
   17999.8
   18000.6
   18212.4
   18258.3
   19146.3
   19172.9
   19208.2
   19218.4
   19467.3
   19603.6
   19624.7
   19678.2
   19940.6
   19959.8
   20508.2
   20677.2
   20862.5
   21359.3
   21451.9
   21480.0
   21523.5
   21828.2
   21930.1
   22117.2
   22176.9
   22363.7
   22494.0
   22678.3
   22805.1
   22860.4
