      52.7
     160.3
     592.0
     606.8
     813.3
     897.1
     897.4
    1029.2
    1326.2
    1353.1
    1387.2
    1537.6
    2093.6
    2485.6
    2495.7
    2635.2
    2780.9
    2835.0
    2946.2
    3677.4
    3710.4
    3750.3
    3857.1
    4187.7
    4465.4
    4634.7
    4852.1
    4854.6
    5217.2
    5245.8
    5383.2
    5943.7
    5981.9
    6209.3
    6884.8
    6945.1
    7001.7
    7306.8
    7529.2
    7732.3
    8130.4
    8143.8
    8267.3
    8355.3
    9257.8
    9284.4
    9368.3
    9937.0
   10342.3
   10503.7
   10619.8
   10775.3
   10937.4
   11102.2
   11204.1
   11221.8
   11575.2
   11741.9
   11993.9
   12390.6
   12919.8
   13274.5
   13524.0
   13598.0
   13658.2
   13691.0
   13860.5
   13974.9
   13995.3
   14007.7
   14042.7
   14268.6
   14311.2
   14359.1
   14421.7
   14475.1
   14601.2
   14847.2
   14851.9
   15355.7
   15478.1
   15534.4
   15800.9
   15933.4
   16468.3
   16734.8
   17009.1
   17138.2
   17682.0
   17700.8
   17825.9
   18187.8
   18552.7
   18608.7
   18728.2
   18797.8
   18903.7
   19179.5
   19370.9
   19550.5
   20102.0
   20313.8
   20384.5
   20660.5
   20669.2
   21054.8
   21242.5
   21388.5
   21781.5
   21829.9
   22138.7
   22296.9
   22364.3
   22495.1
   22541.4
   22634.2
   22686.7
