     198.7
     229.3
     297.8
     486.8
     540.7
     865.8
     966.0
    1388.4
    2594.8
    2772.1
    3840.5
    3849.9
    4145.9
    4301.1
    4349.6
    4740.9
    4837.6
    5468.3
    5530.6
    5806.5
    5806.7
    5846.1
    5869.1
    6099.0
    6553.6
    7076.0
    7258.9
    7569.4
    7677.9
    7753.8
    7790.4
    7870.3
    7932.6
    8037.5
    8229.7
    8245.3
    8255.7
    8291.5
    8311.1
    8460.0
    8520.7
    8766.6
    8844.1
    8876.6
    9663.2
    9708.6
   10409.3
   10637.6
   10823.1
   11186.3
   11841.8
   12002.3
   12773.7
   12861.2
   13045.6
   13170.8
   13530.7
   13705.0
   13846.2
   14015.3
   14281.5
   14474.5
   14598.9
   14647.1
   14781.0
   14872.3
   14953.9
   15194.8
   15208.6
   15574.4
   16159.1
   16365.1
   16511.7
   16522.5
   16705.1
   17394.0
   17503.4
   17913.0
   18435.4
   18654.2
   18860.6
   19049.0
   19104.1
   19471.2
   19499.8
   19692.0
   19730.1
   19831.8
   19946.8
   20257.3
   20359.8
   20520.1
   20524.7
   20917.9
   21312.2
   21504.1
   21620.5
   21644.1
   21918.1
   21986.2
   22034.7
   22301.4
