     184.9
     381.9
     417.9
     649.7
    1038.1
    1134.6
    1734.3
    2014.3
    2359.8
    2577.2
    2625.3
    2656.7
    2916.6
    2989.2
    3782.7
    4067.0
    4119.8
    4569.3
    4685.2
    4888.2
    5087.2
    5118.8
    5215.0
    5403.7
    5673.1
    6281.3
    6482.4
    6544.9
    6561.0
    6568.7
    6591.8
    6823.0
    6925.6
    7370.5
    7575.5
    7746.6
    7895.8
    8122.1
    8227.0
    8466.1
    8668.9
    9259.4
    9284.3
    9852.0
    9866.8
    9982.2
   10044.6
   10210.2
   10401.3
   10627.1
   10689.6
   10802.6
   11104.6
   11282.9
   11303.3
   11344.2
   11598.6
   11631.5
   11656.3
   11909.3
   12129.6
   12430.9
   12512.3
   12564.1
   12582.2
   13032.9
   13241.6
   13598.1
   13748.0
   13941.5
   14344.8
   14846.2
   14890.4
   15013.4
   15247.5
   15400.0
   15839.9
   15992.8
   16157.4
   16335.4
   16453.8
   16807.3
   16835.1
   16878.3
   16924.2
   17035.1
   17048.4
   17484.3
   17547.8
   17920.5
   17963.2
   17964.1
   18030.6
   18133.4
   18240.7
   18715.3
   18848.1
   18861.7
   18892.3
   19015.2
   19037.2
   19261.3
   19452.5
   19645.8
   19793.4
   19818.0
   20250.7
   20331.6
   20550.8
   20600.6
   20671.9
   20747.2
   20771.4
   21043.9
   21139.6
   21170.1
   21548.8
   21692.9
   22561.0
   22618.3
   22675.2
   22750.3
