      59.9
     558.8
     614.6
     904.3
    1142.9
    1405.9
    1664.3
    2006.1
    2147.9
    2453.4
    3154.2
    3690.2
    3771.1
    3829.2
    4187.2
    5080.0
    5480.6
    5632.7
    5770.6
    6206.4
    6255.1
    6453.3
    6575.7
    6695.0
    6810.2
    6989.2
    7106.5
    7114.3
    7229.0
    7375.2
    7717.3
    7801.9
    8030.3
    8118.7
    8218.0
    8240.5
    8327.3
    8865.1
    9151.6
    9370.5
    9387.7
    9518.5
    9596.1
    9778.9
    9819.5
    9962.5
   10239.3
   10432.6
   10496.6
   10527.4
   10748.7
   10888.9
   10953.7
   11005.6
   12168.2
   12367.5
   12464.0
   12490.7
   12760.4
   12973.3
   13260.0
   13472.3
   13549.2
   13840.5
   13848.8
   13961.8
   14272.7
   14454.9
   14631.7
   15741.0
   15832.2
   15912.1
   16109.2
   16298.7
   16318.5
   16359.4
   16569.7
   16696.7
   16802.2
   17467.9
   17489.0
   17576.6
   17661.8
   17865.9
   17987.2
   18499.7
   18683.7
   18745.0
   19058.8
   19211.6
   19278.1
   19387.2
   19407.4
   19425.5
   19556.1
   19683.7
   20008.9
   20503.1
   20850.9
   20920.5
   21128.0
   21571.2
   21586.7
   21610.4
   21689.0
   21705.2
   22204.3
   22363.1
   22571.2
   22692.3
   22739.4
   22777.7
   22791.0
