     182.3
     413.8
     603.7
     624.2
     708.8
    1482.2
    1708.4
    1854.1
    1859.1
    1936.3
    2013.3
    2045.9
    2515.8
    2612.2
    2642.2
    3152.8
    3224.0
    3258.6
    3515.0
    3735.4
    3735.9
    3793.3
    4233.0
    4341.2
    4416.9
    4698.0
    5009.7
    5078.0
    5366.1
    5597.7
    5776.3
    5926.6
    6189.2
    6377.4
    6610.5
    6634.7
    7222.9
    7296.5
    7928.9
    7980.5
    8694.2
    9988.7
   10137.7
   10993.1
   11022.9
   11199.7
   11218.4
   11583.0
   11907.4
   12147.8
   12489.4
   12590.0
   12665.3
   12926.4
   12932.1
   12969.1
   13082.1
   13095.5
   13105.1
   13115.7
   13249.6
   13532.5
   13871.4
   14144.9
   14247.3
   14415.2
   14793.1
   14837.6
   14897.7
   15044.1
   15142.3
   15271.7
   15378.5
   15446.9
   15740.6
   15757.6
   16034.0
   16221.0
   16346.2
   16884.2
   16924.6
   17000.2
   17037.5
   17040.6
   17217.1
   17526.7
   17702.0
   18029.1
   18245.4
   18509.2
   18643.7
   18880.3
   19183.1
   19273.7
   19284.2
   19471.5
   19534.2
   19636.3
   19679.4
   20446.5
   20941.2
   21316.0
   21620.3
   21948.2
   22296.4
   22526.9
   22797.7
   22952.1
