     110.9
     311.6
     517.0
     686.5
    1120.0
    1292.4
    1333.5
    1352.7
    1408.9
    1584.9
    1719.1
    1749.8
    1997.8
    2023.6
    2374.0
    2782.8
    2803.7
    2945.0
    3063.7
    3199.7
    3253.7
    4719.9
    4889.9
    5006.0
    5268.7
    5341.2
    5510.0
    5710.8
    7002.0
    7386.7
    7430.4
    7709.6
    7761.5
    7845.6
    7884.3
    8099.1
    8131.5
    8377.9
    9237.2
    9347.0
    9461.1
    9563.1
    9873.5
   10092.7
   10329.0
   10400.2
   10481.3
   10556.4
   10597.4
   10640.7
   10726.6
   10986.2
   11149.2
   11200.6
   11313.8
   11351.5
   11420.0
   11767.0
   11872.9
   11940.9
   12417.8
   12528.1
   12781.5
   12850.0
   12912.9
   13266.8
   13800.4
   14045.3
   14056.5
   14066.5
   14297.9
   14570.2
   14658.0
   15000.7
   16037.6
   16604.1
   16633.0
   17485.8
   17531.2
   17618.4
   17709.1
   17714.8
   17945.6
   18275.5
   18655.0
   18676.0
   19479.9
   19491.5
   19865.2
   19987.0
   20634.6
   20817.4
   20837.1
   20945.0
   20962.0
   21043.0
   21162.1
   21182.9
   21304.6
   21563.9
   21608.0
   21675.3
   21803.8
   22180.8
   22311.7
   22370.7
   22567.8
