     370.4
     579.3
    1011.0
    1123.8
    1234.4
    1258.6
    1267.0
    1303.7
    1418.4
    1588.5
    1702.8
    1805.3
    1944.6
    2279.7
    2603.1
    2626.8
    2673.5
    2841.6
    2960.4
    3045.2
    3180.8
    3806.5
    3906.0
    4156.2
    4182.8
    4328.2
    4363.8
    4551.7
    4853.1
    5049.8
    5260.2
    5300.1
    5441.4
    5551.6
    6523.9
    6542.8
    6697.2
    6708.8
    6967.3
    7143.8
    7568.8
    7929.5
    8053.9
    8548.4
    8597.0
    8605.3
    8759.3
    8770.8
    8799.3
    9298.8
    9423.0
    9575.5
    9582.9
    9762.5
    9818.6
    9963.4
   10129.1
   10198.3
   10209.4
   10307.0
   10876.6
   10956.0
   10963.0
   10993.0
   11007.6
   11049.7
   11053.6
   11061.4
   11433.1
   11484.4
   12063.4
   12311.6
   12338.3
   12898.4
   13182.0
   13272.6
   13390.7
   13584.3
   13708.2
   13947.4
   14167.7
   14180.2
   14274.0
   14334.7
   14605.5
   14678.5
   14813.1
   15628.6
   15738.8
   16211.7
   16230.8
   16406.6
   16742.6
   16773.7
   16798.4
   17064.5
   17144.5
   17390.6
   17737.1
   17881.2
   17902.2
   18388.0
   18765.6
   19215.0
   19289.6
   19315.5
   19442.5
   19525.5
   20052.3
   20096.8
   20528.9
   20570.4
   20918.3
   20948.0
   20956.2
   21047.7
   21170.8
   21183.8
   21627.3
   21655.9
   21829.6
   22231.9
   22377.8
   22516.6
   22550.6
   22633.7
