     116.8
     819.6
    1286.7
    1354.2
    1637.7
    1787.2
    1972.1
    2367.8
    2556.3
    2643.6
    2826.0
    3174.3
    3396.0
    5150.7
    5290.0
    5374.2
    5565.7
    5628.5
    5705.9
    6009.2
    6273.8
    6306.5
    6782.6
    7243.8
    7288.3
    7310.6
    7665.2
    7871.0
    7913.7
    7920.6
    8009.7
    8109.9
    8124.2
    8135.7
    8636.2
    8910.9
    8925.6
    8928.1
    8969.5
    8985.4
    9079.3
    9513.9
    9714.8
   10126.9
   10243.7
   10283.5
   10346.3
   10378.4
   10494.0
   10638.5
   10949.9
   11023.5
   11031.4
   11032.1
   11083.7
   11311.6
   11418.0
   11596.3
   11697.5
   11843.5
   12020.0
   12112.2
   12329.8
   12641.4
   12705.1
   12964.7
   13073.7
   13112.0
   13272.3
   13535.1
   14190.8
   14270.5
   14505.7
   14912.9
   15231.1
   15392.2
   15525.2
   15641.7
   15893.2
   16579.2
   17396.5
   17405.1
   17852.6
   17856.0
   17898.0
   18010.9
   18073.9
   18125.5
   18196.3
   18550.4
   18642.0
   18676.0
   18774.9
   18938.5
   19006.0
   19370.4
   19465.7
   19502.3
   19951.9
   20056.6
   20083.8
   21034.9
   21596.4
   21866.7
   22185.9
   22273.3
   22820.1
   22882.9
