     225.1
     251.3
     425.2
     828.7
     887.4
    1097.6
    1441.5
    1441.9
    1579.6
    1662.8
    1899.2
    2002.1
    2023.4
    2192.6
    2864.7
    3403.0
    3469.0
    3514.1
    3577.3
    3633.1
    3839.9
    4047.2
    4414.9
    4573.0
    4622.5
    4654.1
    4655.1
    4747.8
    4912.1
    4991.6
    5252.4
    5318.5
    5426.4
    5684.1
    5950.3
    6160.6
    6320.9
    6576.8
    6584.1
    6729.9
    6782.9
    6802.2
    6838.8
    6963.1
    7295.4
    7391.9
    7540.5
    7961.3
    8103.2
    8218.5
    8782.8
    8801.3
    9205.8
    9505.8
    9798.6
    9801.7
   10021.4
   10048.4
   10141.6
   10682.6
   10817.8
   11060.3
   11088.9
   11568.8
   11951.2
   12174.1
   12422.9
   12935.3
   13146.7
   13154.8
   13256.8
   13298.3
   13323.6
   13529.2
   13636.3
   13859.4
   14100.7
   14207.4
   14672.7
   15005.9
   15216.7
   15386.8
   15476.6
   15740.4
   15846.8
   15947.6
   16140.1
   16300.5
   16306.3
   16889.3
   16896.5
   17143.5
   17156.8
   17291.4
   17582.4
   17642.6
   17715.9
   17918.3
   17936.5
   17988.5
   18090.3
   18326.2
   18414.2
   18417.3
   18628.1
   19023.1
   19168.6
   19476.5
   19705.5
   19720.7
   19781.3
   19864.6
   19915.0
   20024.5
   20074.7
   20234.9
   20294.5
   20677.8
   20682.6
   20733.7
   20909.4
   21002.6
   21277.4
   21935.8
   22116.3
   22124.4
   22257.3
   22296.1
   22408.7
   22482.5
   22643.0
   22643.4
