     138.0
     158.4
     164.2
     233.7
     564.9
     846.0
    1167.9
    1341.8
    1549.4
    1738.6
    1820.6
    2064.2
    2109.7
    2298.8
    2344.6
    2751.3
    2773.5
    2791.1
    2925.8
    3075.5
    3434.0
    3458.0
    4533.8
    4647.9
    4715.4
    4894.0
    5505.0
    5759.6
    5808.5
    6101.7
    6418.2
    6504.2
    6694.6
    6826.1
    6831.8
    6899.1
    6901.8
    7107.1
    7622.6
    8220.7
    8240.8
    8353.5
    8625.1
    8681.5
    8744.0
    8832.7
    9359.7
    9370.2
    9406.7
    9474.2
    9629.0
    9976.5
   10301.7
   10468.9
   10694.2
   11220.5
   11779.7
   11869.4
   11902.1
   11999.4
   12033.1
   12156.1
   12453.1
   12456.0
   12592.3
   12815.4
   12939.2
   13350.2
   13572.9
   13836.9
   14505.7
   14784.5
   14866.1
   15670.6
   16069.5
   16276.0
   16333.0
   16396.7
   16644.3
   17080.7
   17091.0
   17209.2
   17302.8
   17635.5
   17768.2
   17908.2
   18282.5
   18294.2
   18467.6
   18528.3
   18998.4
   19056.0
   19395.4
   19497.4
   20080.6
   20220.0
   20364.4
   20519.6
   20629.0
   20882.5
   20907.1
   20936.0
   21132.9
   21383.7
   21395.2
   21487.4
   21595.7
   21614.9
   21934.5
   21939.9
   22022.6
   22482.5
   22544.6
   22560.4
   22859.4
