     177.2
     508.2
     705.5
    1488.6
    1729.9
    1742.5
    1865.9
    1872.7
    2603.7
    2631.1
    2726.0
    2887.9
    3322.3
    3356.7
    3414.7
    3531.5
    3570.7
    3590.2
    3705.3
    3901.6
    4434.3
    4585.7
    4801.0
    4894.2
    5246.3
    5334.4
    5824.3
    5913.5
    6105.6
    6131.7
    6137.4
    6302.9
    6425.8
    6840.8
    7339.1
    7420.9
    7649.0
    7764.5
    7907.4
    8128.1
    8404.6
    8577.7
    8641.7
    8668.2
    9121.5
    9139.8
    9206.8
    9893.3
   10104.5
   10462.5
   10725.1
   10925.7
   10936.2
   11124.1
   11318.0
   11323.8
   11376.5
   11401.7
   11752.7
   11794.6
   12097.8
   12469.7
   12492.9
   12711.4
   12745.8
   13628.6
   13673.1
   13841.1
   13877.0
   13963.2
   14138.4
   14416.2
   14474.1
   14559.6
   14699.4
   14955.7
   15393.2
   15534.5
   15616.9
   15690.4
   15797.9
   16075.2
   16360.8
   16505.3
   16683.1
   16982.3
   17723.7
   17964.0
   17972.2
   18488.6
   18708.7
   18822.1
   19124.3
   19258.9
   19373.8
   19553.9
   20118.7
   20205.0
   20607.7
   20638.4
   20669.4
   21038.8
   21309.7
   21567.3
   21601.0
   21987.8
   22259.0
   22317.3
   22676.6
   23005.8
