     255.5
     400.0
     523.4
     819.3
     883.5
    1181.9
    1454.2
    1540.7
    1971.1
    2162.4
    2247.8
    2537.0
    2568.1
    2736.8
    2986.7
    3254.7
    3302.2
    4347.0
    4649.0
    5119.7
    5692.5
    5844.2
    5936.9
    6001.5
    6453.7
    6925.1
    7161.0
    7543.6
    7551.5
    7578.2
    8194.5
    8202.1
    8267.7
    8287.7
    8739.8
    9369.1
    9453.7
    9698.8
   10017.8
   10089.1
   10195.9
   10288.5
   10678.8
   10731.2
   10953.8
   11079.0
   11274.8
   11540.3
   11721.5
   11762.4
   11811.4
   11879.2
   11935.4
   12130.7
   12253.3
   12261.3
   12412.4
   12629.3
   12699.6
   13042.3
   13268.0
   13380.5
   13486.0
   13627.7
   13636.0
   13858.9
   13907.8
   13927.7
   14078.9
   14108.3
   14647.0
   14976.3
   15124.8
   15225.0
   15393.8
   15459.7
   15774.0
   15810.4
   16231.3
   16265.8
   16581.9
   16584.0
   16596.5
   16692.0
   17056.7
   17601.0
   17701.3
   18344.4
   18609.4
   18724.2
   18754.4
   19177.8
   19228.6
   20077.0
   20481.5
   20703.0
   21053.6
   21337.4
   21742.2
   22027.1
   22254.7
   22770.5
   22982.5
