      95.0
     438.5
     581.6
     648.8
     660.4
     714.7
     960.7
    1326.4
    1363.2
    1407.0
    1465.3
    1791.7
    2755.1
    3259.8
    3335.1
    3590.1
    3668.5
    3924.0
    3986.3
    4087.0
    4155.0
    4394.3
    4641.8
    4645.9
    4829.1
    4896.4
    5278.4
    5286.3
    5324.1
    5462.6
    5643.2
    5689.9
    5706.7
    5793.4
    6261.3
    6416.9
    6541.7
    6790.8
    7031.0
    7131.7
    7298.4
    7434.0
    7489.9
    7727.1
    7891.5
    8131.4
    8216.1
    8225.1
    8386.2
    8788.0
    8867.6
    8896.1
    8958.2
    9194.0
    9384.6
    9426.7
    9800.4
    9933.5
    9945.6
   10536.7
   10874.0
   10911.3
   10937.2
   11185.0
   11934.5
   12140.1
   12366.2
   12420.1
   12936.1
   12955.6
   13029.6
   13284.8
   13685.1
   13820.4
   14402.6
   15079.1
   15083.9
   15245.2
   15275.1
   15590.1
   15638.1
   15697.4
   15934.5
   16307.8
   16493.0
   16633.8
   16916.5
   17316.2
   17484.2
   17890.9
   17956.7
   18150.2
   18210.4
   18346.7
   18401.7
   18584.5
   19321.0
   19328.7
   19544.7
   19869.2
   19941.5
   20027.5
   20120.9
   20164.8
   20761.2
   21047.8
   21086.8
   21234.3
   21325.0
   21440.4
   21905.7
   22573.1
   22641.8
   22743.1
   22987.9
