     473.6
     523.1
     530.9
     634.1
     634.6
     795.9
     822.9
    1010.3
    1402.9
    1408.4
    1414.2
    1473.3
    1503.7
    1576.2
    1753.3
    1756.5
    2084.2
    2209.8
    2267.2
    2391.5
    2409.6
    2555.2
    2746.7
    3102.7
    3145.7
    3482.6
    3491.9
    3987.6
    4044.5
    4059.4
    4169.4
    4178.3
    4543.8
    4709.7
    4829.0
    4837.2
    5049.6
    5200.6
    5265.5
    5312.8
    5748.0
    6108.4
    6193.1
    6238.1
    6485.4
    6741.4
    7476.6
    8019.6
    8243.9
    8392.6
    8443.0
    8458.2
    8480.5
    8689.3
    9323.8
    9477.2
    9771.8
    9785.6
   10319.1
   10495.3
   11231.1
   11349.3
   11600.9
   12094.9
   12338.0
   12449.1
   12565.8
   12730.8
   12767.8
   12776.9
   12979.1
   13119.0
   13127.7
   13495.4
   13510.0
   13772.4
   13864.2
   13932.1
   13997.0
   14378.7
   14603.6
   14611.4
   14985.3
   15139.5
   15503.1
   15782.4
   16042.3
   16059.7
   16105.9
   16947.3
   17151.3
   17242.8
   17246.8
   17248.2
   17276.4
   17383.1
   17498.9
   17988.2
   18089.9
   18447.9
   18513.8
   18563.9
   18637.6
   18681.3
   18842.3
   18868.4
   19072.9
   19125.7
   19199.8
   19269.4
   19607.5
   20098.4
   20138.2
   20698.4
   20750.8
   20825.6
   20832.5
   20893.9
   21114.0
   21134.3
   21615.5
   21863.1
   21935.9
   21996.5
   22140.5
   22234.5
   22390.3
   22442.7
   22487.6
   23037.8
