     183.0
     236.3
     481.2
     820.2
     974.9
    1070.1
    2356.6
    2791.7
    2995.1
    3108.0
    3154.3
    3166.6
    3267.2
    3407.9
    3838.5
    4062.5
    4232.6
    4245.8
    4315.8
    4369.3
    4451.9
    4480.1
    4511.4
    4597.7
    4694.8
    4704.1
    4877.9
    4924.6
    4971.8
    5038.3
    5222.2
    5658.0
    6076.1
    6134.8
    6487.9
    6890.3
    7663.7
    7687.2
    7705.2
    7737.5
    8799.1
    8906.3
    9179.1
    9706.6
   10444.3
   10461.3
   10477.6
   10626.9
   11051.4
   11106.3
   11742.2
   11766.8
   11826.3
   11830.1
   12055.9
   12065.4
   12220.4
   12287.0
   12335.3
   12434.1
   12452.5
   12843.3
   13216.1
   13256.6
   13432.6
   13646.5
   13732.8
   13844.0
   14014.7
   14124.0
   14128.8
   14386.3
   14861.6
   14895.0
   15174.1
   15488.0
   15593.7
   15691.4
   15896.1
   15934.5
   15957.5
   15968.2
   15969.0
   16071.6
   16097.3
   16373.8
   16988.8
   17060.3
   17271.5
   17331.4
   17386.6
   17404.9
   17451.2
   17497.0
   17705.0
   17762.0
   18431.4
   18687.7
   18933.1
   19431.5
   20088.7
   20412.7
   21149.9
   21601.7
   21985.1
   22005.3
   22477.7
   22815.5
