     708.4
     756.9
     851.9
     951.2
    1264.9
    1730.1
    1803.9
    2139.9
    2281.9
    2710.9
    2798.3
    2828.6
    3362.3
    3486.5
    3546.8
    3549.1
    3717.7
    3853.7
    4012.3
    4413.4
    4585.3
    4871.2
    5017.2
    5404.3
    5495.5
    5495.7
    5668.7
    5761.9
    6119.9
    6179.9
    6513.8
    6535.6
    6577.1
    6754.4
    7039.0
    7809.2
    7830.1
    7940.5
    8043.1
    8165.4
    8189.0
    8433.6
    8497.6
    8613.1
    8615.1
    9062.6
    9404.0
    9457.0
    9479.1
   10338.9
   10523.6
   10546.5
   10593.9
   10598.3
   11212.2
   11254.7
   11493.9
   11685.8
   12176.8
   12188.3
   12378.6
   12408.5
   13022.4
   13636.0
   13678.6
   14045.5
   14370.9
   14606.0
   14614.3
   14952.3
   15192.0
   15360.1
   15407.8
   16124.9
   16217.4
   16220.5
   16416.6
   16790.4
   16929.0
   16989.0
   17096.3
   17153.5
   17815.9
   17820.1
   18164.4
   18580.7
   18706.5
   18848.4
   18920.1
   19267.1
   19344.4
   19495.4
   19529.8
   19659.7
   19729.1
   20307.7
   20332.0
   20340.4
   20539.6
   20645.6
   20695.4
   20997.1
   21221.7
   21412.5
   22049.0
   22077.3
   22497.0
   22612.5
   22833.6
   22887.6
