     227.7
     379.8
     659.5
     850.5
    1072.5
    1080.3
    1125.3
    1273.4
    1726.1
    1994.8
    2417.5
    2686.9
    2709.4
    2962.4
    3130.2
    3168.8
    3173.7
    3219.4
    3642.4
    4267.2
    4292.7
    4293.3
    4387.6
    4555.3
    4563.7
    4938.3
    5117.3
    5160.9
    5923.6
    6369.0
    6499.1
    6562.6
    6864.7
    7185.6
    7489.7
    7871.0
    8138.1
    8357.3
    8434.9
    8703.8
    8837.1
    8841.1
    9258.9
    9527.8
    9586.6
    9774.3
    9794.0
    9924.0
    9966.1
   10043.7
   10384.2
   10744.3
   11168.4
   11303.2
   11711.6
   12039.9
   12047.8
   12408.8
   12422.8
   12461.1
   12699.9
   12725.9
   12961.5
   12971.5
   13074.8
   13303.5
   13320.0
   13445.6
   14008.7
   14124.1
   14214.1
   14227.6
   14503.4
   14550.0
   14642.9
   14789.2
   14854.5
   15044.7
   15089.8
   15147.3
   15187.0
   15217.1
   16415.2
   16541.3
   16802.5
   16968.9
   17024.1
   17089.3
   17155.3
   17241.7
   17383.3
   17545.6
   17584.4
   17712.6
   18199.4
   18215.2
   18554.3
   19064.7
   19205.9
   19497.1
   19529.7
   19567.9
   19933.8
   20506.9
   20714.3
   20873.8
   20963.6
   21135.2
   21337.0
   21465.2
   21732.4
   21849.4
   21866.7
   22251.9
   22278.6
   22369.2
   22623.2
   22871.3
   22880.3
   22962.7
