     203.7
     235.6
     571.1
     815.5
     861.4
    1177.1
    1232.6
    1369.4
    1456.4
    2006.6
    2050.3
    2386.5
    2441.0
    2604.9
    2997.9
    3652.5
    3967.4
    4083.5
    4200.9
    4216.2
    4275.6
    4458.0
    4784.8
    4968.5
    5056.0
    5107.1
    5373.8
    5574.4
    5621.5
    5626.2
    5659.9
    5806.8
    5962.8
    6083.9
    6393.0
    6394.9
    6728.2
    6859.2
    6954.0
    7030.0
    7402.5
    7443.2
    7529.2
    7610.7
    7816.1
    8162.4
    8399.7
    8715.5
    8843.1
    8863.6
    8948.3
    9138.1
    9206.7
    9466.7
    9538.6
    9783.4
   10089.6
   10654.7
   10717.1
   10771.1
   11061.8
   11436.1
   11865.3
   11988.5
   12064.7
   12147.0
   12224.7
   12445.0
   12519.2
   13095.1
   13188.4
   13362.8
   13383.1
   13492.5
   13641.0
   13664.9
   13702.7
   13906.8
   14249.6
   14493.6
   15345.7
   15516.3
   15551.3
   15693.7
   15800.6
   15838.2
   15865.3
   16032.6
   16092.8
   16549.2
   16647.5
   16885.1
   16892.1
   17376.9
   17399.8
   17706.0
   17856.0
   18360.2
   18509.0
   18800.3
   18992.5
   19498.7
   19641.7
   19793.2
   20023.9
   20238.4
   20496.4
   20601.8
   20728.7
   20782.2
   20887.2
   21432.6
   21568.9
   21778.8
   22106.2
   22249.6
   22441.8
   22476.2
   22756.7
   22769.9
   22976.3
