     355.5
     557.3
     706.1
     736.7
     761.5
     977.9
    1259.2
    1566.2
    1718.3
    1746.6
    2585.9
    3125.8
    3376.3
    3403.9
    3696.1
    3727.0
    3742.8
    3908.4
    3944.0
    4054.2
    4471.5
    4562.6
    5003.7
    5163.0
    5243.4
    5450.7
    6157.4
    6543.9
    7326.3
    7388.9
    7425.4
    7828.3
    7911.5
    8057.0
    8097.8
    8623.1
    8677.5
    8693.5
    9289.7
    9316.0
    9359.1
   10001.1
   10180.5
   10413.9
   10422.3
   11239.2
   11448.1
   11571.0
   11889.3
   11982.8
   12336.7
   12384.3
   12420.8
   12581.3
   12771.2
   12860.8
   13333.6
   13461.1
   13576.9
   13675.8
   13781.2
   14057.7
   14396.4
   14408.7
   14409.8
   14627.7
   15290.8
   15623.5
   15635.9
   15781.8
   15848.4
   16485.8
   16543.9
   16708.9
   16829.5
   16876.0
   17097.4
   17129.6
   17236.4
   17261.5
   17514.8
   18204.7
   18282.0
   18552.5
   18696.4
   18920.0
   19039.1
   19452.0
   19717.5
   20331.9
   20523.3
   20718.8
   20920.4
   20945.1
   21116.9
   21727.5
   21865.8
   22062.7
   22379.3
   22702.1
   22899.0
   23007.4
