     322.0
     414.1
     457.3
     589.9
     638.3
     865.0
     942.6
    1066.9
    1070.7
    1452.5
    1565.9
    1570.7
    1821.3
    1922.3
    2231.9
    2343.0
    2454.8
    2647.8
    2655.0
    2747.9
    3612.9
    3725.4
    4016.0
    4473.0
    4518.3
    4662.5
    4806.2
    4881.1
    4902.6
    4917.3
    5079.9
    5290.2
    5451.2
    5554.9
    5586.8
    5724.2
    6022.0
    6134.2
    6683.7
    6762.7
    7077.3
    7738.3
    7756.8
    7840.3
    7968.2
    8076.0
    8084.9
    8277.4
    8338.6
    8658.1
    9202.2
    9242.4
    9317.5
    9494.0
   10128.0
   10137.9
   10605.9
   10875.3
   10878.7
   10925.6
   11053.2
   11065.3
   11110.2
   11606.2
   11771.0
   12113.1
   12175.2
   12263.5
   12637.9
   12867.7
   12967.2
   13346.2
   13352.2
   13418.2
   13454.9
   13886.7
   14061.9
   14431.5
   14479.8
   14514.1
   14616.1
   14826.2
   14865.1
   14949.8
   15246.2
   15409.7
   15506.7
   15522.4
   15545.5
   15658.7
   15735.5
   16151.9
   16267.0
   16782.7
   16855.7
   17126.6
   17249.8
   17598.8
   18202.2
   18420.2
   18704.9
   18783.4
   19135.5
   19554.6
   19618.4
   19752.0
   20245.4
   20310.2
   20527.9
   20703.3
   20904.2
   21023.7
   21062.4
   21321.2
   21450.5
   21960.5
   22138.0
   22599.9
   22611.5
   22768.0
   22992.1
