      62.6
     374.1
     593.1
     631.6
     799.5
    1026.4
    1131.3
    1148.3
    1182.8
    1313.5
    1356.5
    1361.1
    2224.8
    2731.3
    2794.5
    2822.5
    2848.5
    3183.7
    3217.3
    3468.9
    3532.1
    3721.1
    3828.7
    3863.3
    4090.6
    4182.2
    4249.1
    4369.9
    4647.3
    4941.6
    5102.3
    5322.9
    5323.8
    5686.9
    5689.3
    5938.6
    5965.2
    6060.1
    6532.2
    6545.1
    7071.7
    7145.7
    7264.2
    8047.7
    8305.1
    8348.3
    8393.9
    8475.5
    8766.3
    8961.0
    9077.9
    9782.2
   10422.5
   10495.2
   10743.8
   10824.0
   10875.4
   11067.0
   11214.1
   11510.2
   12176.8
   12239.6
   12276.1
   12417.0
   12827.7
   12846.8
   12925.0
   13097.6
   13266.7
   13940.7
   13952.5
   14242.9
   14320.4
   14332.4
   14400.4
   14786.3
   15207.6
   15295.8
   15391.9
   15409.4
   15610.3
   15660.3
   15677.9
   16149.6
   16420.1
   16482.3
   16518.1
   16600.0
   16614.6
   16689.7
   16814.2
   16907.6
   17050.0
   17277.1
   17880.2
   18031.8
   18032.5
   18088.6
   18140.5
   18496.6
   19400.5
   19904.6
   20165.6
   20410.0
   20630.7
   20698.1
   20802.0
   20849.5
   20865.6
   20869.7
   20869.8
   21102.7
   21413.4
   21636.2
   21733.2
   21984.1
   22173.8
   22175.8
   22197.7
