     142.6
     200.4
     601.1
     759.8
    2250.7
    2707.3
    3332.1
    3653.4
    3698.5
    3780.0
    3989.9
    4309.9
    4503.9
    4515.7
    4546.3
    4799.1
    4928.3
    4997.9
    5152.7
    5202.8
    5300.7
    5370.8
    5694.5
    6118.8
    6209.5
    6345.7
    7225.6
    7396.2
    7422.5
    7428.2
    7597.8
    7644.3
    7700.3
    7772.4
    8008.4
    8116.4
    8443.7
    8619.2
    8690.5
    8849.4
    9022.0
    9049.8
    9326.3
    9435.2
    9831.3
   10425.6
   10681.6
   10988.6
   11106.6
   11436.2
   11713.7
   11770.0
   12105.4
   12174.0
   12213.6
   12261.5
   12529.7
   12577.1
   13421.1
   14089.2
   14272.0
   15154.2
   15724.5
   15804.7
   15960.5
   16016.0
   16023.5
   16118.5
   16236.1
   16322.5
   16562.7
   16673.6
   16697.0
   16823.4
   17010.0
   17045.0
   17084.5
   17192.6
   17355.8
   17534.2
   17789.2
   18242.5
   18975.6
   19037.6
   19073.1
   19304.2
   19326.6
   19392.2
   19608.3
   20464.9
   20485.9
   20664.4
   20937.6
   21014.7
   21170.9
   21261.8
   21265.3
   21332.4
   21337.7
   21367.6
   21523.6
   21528.2
   21559.2
   21689.6
   21954.8
   22203.5
   22865.3
