     271.6
     314.1
     454.0
     461.1
     547.7
     598.6
     648.4
     736.6
     825.1
    1287.0
    1792.8
    1817.0
    2170.8
    2414.2
    2791.6
    2816.3
    3073.3
    3208.2
    3216.9
    3481.4
    4796.5
    4831.6
    5479.1
    5658.8
    5757.1
    5957.2
    6133.2
    6232.1
    6446.1
    6595.5
    6642.5
    7049.1
    7221.9
    7228.6
    7303.5
    7645.3
    7951.9
    8088.4
    8114.0
    8178.4
    8528.5
    8603.3
    8626.1
    8747.5
    8917.7
    9052.6
    9470.2
    9643.7
    9732.7
    9803.7
   10019.5
   10192.5
   10211.0
   10212.6
   10252.4
   10382.6
   10433.1
   10587.4
   11451.4
   11459.2
   11866.0
   12321.4
   12378.8
   12573.2
   12576.4
   12699.2
   12950.8
   13110.7
   13438.9
   13452.7
   13725.1
   13990.2
   14010.7
   14121.6
   14295.8
   14559.6
   14773.4
   14900.3
   15062.1
   15100.0
   15145.3
   15177.3
   15360.6
   15673.4
   15683.7
   15870.8
   16330.9
   16457.6
   16637.9
   16790.2
   17023.5
   17154.0
   17313.4
   17711.9
   17766.8
   18227.2
   18288.5
   18350.6
   18492.0
   18679.8
   18823.7
   19078.6
   19095.9
   19145.5
   19309.1
   19320.8
   19767.2
   20288.9
   20606.1
   20768.9
   21109.6
   21371.7
   21373.1
   21386.7
   21529.7
   21562.9
   21607.8
   21850.0
   21996.4
   22011.1
   22212.3
   22312.5
   22978.5
