      56.1
     141.6
     183.8
     562.4
     838.1
    1113.6
    1729.2
    1737.1
    1843.2
    2075.2
    2115.3
    2200.3
    2555.1
    3469.7
    3724.9
    4086.9
    4511.9
    4655.6
    5510.4
    6317.1
    6787.8
    6930.9
    6943.9
    6967.5
    7081.1
    7081.3
    7141.4
    7174.1
    7200.6
    7427.8
    7456.5
    7488.1
    7672.8
    7927.7
    8205.1
    8354.8
    8370.2
    8402.1
    8445.1
    8485.0
    9174.7
    9477.0
    9527.0
    9592.5
    9621.5
    9651.2
    9698.0
    9980.3
   10027.5
   10364.6
   10470.4
   10490.5
   10512.1
   10516.5
   11593.6
   11629.4
   11745.8
   11945.0
   12438.5
   12523.2
   12532.5
   12865.1
   13099.5
   13389.8
   14718.6
   15271.9
   15629.8
   15806.5
   16113.6
   16124.7
   16389.9
   16712.0
   16761.5
   16840.6
   16984.3
   17440.4
   17443.4
   17491.4
   18005.8
   18205.5
   18473.2
   19234.6
   19595.2
   19754.9
   19792.4
   20145.6
   20294.8
   20509.9
   20626.3
   21131.9
   21182.7
   21225.3
   21377.1
   21399.1
   21423.9
   21471.3
   21719.1
   21938.1
   22152.3
   22572.3
   22604.5
   22613.7
   22646.1
   23031.0
   23031.6
