     164.6
     464.3
     963.3
    1163.8
    1328.5
    1334.4
    1481.3
    1596.6
    1643.0
    1650.7
    2027.0
    2512.9
    2641.8
    2797.4
    2801.8
    3004.6
    3124.4
    3441.7
    3923.9
    4363.8
    4433.8
    4475.6
    4580.7
    4651.3
    4944.5
    5048.1
    5932.9
    6011.5
    6032.7
    6123.9
    6127.0
    6353.0
    6543.8
    6749.2
    7184.0
    7382.9
    7730.7
    7920.1
    7928.5
    8073.3
    8161.2
    8289.5
    8407.6
    8695.0
    8982.1
    9333.3
    9611.4
    9808.7
    9890.1
   10241.7
   10297.4
   10401.9
   10470.0
   10548.7
   10703.4
   11164.2
   11197.0
   11369.2
   11681.9
   11820.0
   11860.4
   12443.6
   12658.9
   13178.3
   13940.1
   13941.1
   13992.5
   14321.3
   14479.0
   14493.5
   14499.3
   14565.7
   14590.7
   14716.2
   14808.2
   14925.2
   15267.0
   15511.1
   15548.7
   16226.7
   16387.4
   16770.2
   16814.2
   17016.3
   17216.1
   17802.1
   17808.9
   17847.5
   17854.8
   18560.8
   18864.6
   18875.7
   18905.4
   19003.1
   19008.2
   19020.2
   19136.6
   19202.6
   19294.0
   19302.4
   19406.1
   19675.1
   19869.2
   19869.8
   19875.6
   20494.6
   20753.0
   20815.2
   21392.8
   21658.4
   21780.4
   22050.3
   22510.9
   22642.0
   22797.2
   22999.8
   23025.8
