     225.2
     529.9
     565.6
     721.2
    1112.6
    1381.4
    1405.0
    1597.9
    1739.1
    1988.9
    2250.6
    2262.0
    2501.6
    2592.3
    2643.3
    3304.8
    3445.7
    3489.4
    4153.1
    4202.3
    4293.5
    4399.0
    4490.3
    4565.7
    4799.1
    4898.8
    4961.8
    5437.9
    5444.5
    6350.2
    6472.5
    6766.6
    6952.2
    6976.8
    7185.1
    7222.4
    7284.1
    7508.8
    7560.8
    7810.5
    8096.4
    8101.9
    8226.0
    8265.7
    8277.3
    8296.6
    8587.8
    9109.3
    9150.6
   10030.1
   10288.9
   11423.9
   11778.6
   12008.0
   12091.9
   12304.4
   12343.6
   12466.2
   13024.8
   13139.4
   13154.8
   13225.0
   13242.9
   13387.1
   13387.6
   13490.1
   13904.1
   14119.4
   14141.1
   14268.9
   14546.9
   14695.9
   14924.4
   15246.3
   15253.9
   15349.5
   15404.3
   15900.1
   15952.3
   16007.8
   16128.5
   16404.9
   16651.7
   16714.8
   16728.4
   16770.5
   18192.8
   18221.8
   18819.6
   18895.7
   19140.8
   19282.7
   19392.5
   19509.2
   19531.0
   19823.0
   19990.3
   20288.9
   20895.5
   21062.5
   21264.7
   21378.1
   21793.4
   21853.9
   22078.6
   22089.0
   22090.8
