     279.8
     517.4
     890.4
     931.0
     976.5
    1155.4
    1254.2
    1546.1
    1603.1
    1728.1
    1899.5
    2221.9
    2250.6
    2439.9
    2473.7
    2473.8
    2513.3
    2602.7
    2774.8
    3046.7
    3380.2
    3487.4
    3605.6
    4528.4
    4695.9
    4796.7
    4873.3
    5278.8
    5342.6
    5569.4
    5599.3
    6027.1
    6140.1
    6230.5
    6438.1
    6626.0
    6706.2
    6745.8
    6891.3
    7194.5
    7245.5
    7401.0
    7534.2
    8244.0
    8244.1
    8251.1
    8448.2
    8674.7
    9606.4
    9779.1
   10221.1
   10389.6
   10462.3
   10878.2
   10989.0
   11214.9
   11468.0
   12398.8
   12699.9
   12706.1
   12746.7
   12823.0
   13092.5
   13463.3
   13859.3
   13870.9
   13937.4
   14214.7
   14778.6
   14822.2
   15035.9
   15312.0
   15372.9
   15434.4
   15549.2
   15652.9
   15823.0
   15839.9
   16189.1
   16209.3
   16635.7
   16782.6
   17076.2
   17079.8
   17099.4
   17118.0
   17191.7
   18142.0
   18270.9
   18557.3
   18660.3
   19168.0
   19295.8
   19389.4
   19550.1
   19617.5
   19647.9
   19741.4
   20037.6
   20079.9
   20177.1
   20219.7
   20401.4
   20589.1
   21010.1
   21066.8
   21128.5
   21270.8
   21393.9
   21608.4
   21972.3
   22121.6
   22325.3
   22532.3
   22606.9
   22616.2
   22799.8
   23028.8
