     197.9
     513.4
     612.0
     772.1
     832.4
     901.3
     918.1
    1003.6
    1197.9
    1299.3
    1652.9
    1965.2
    2160.0
    2165.1
    2194.9
    2473.1
    2722.4
    2783.1
    3619.5
    3695.4
    3940.0
    4042.9
    4127.1
    5145.6
    5743.5
    5788.2
    6014.9
    6069.0
    6448.1
    6730.5
    7365.6
    7880.6
    7946.1
    8025.6
    8354.2
    8422.4
    8962.0
    8977.3
    9088.4
    9272.8
    9388.1
    9472.6
    9620.4
    9878.3
   10335.5
   10420.3
   10480.7
   10625.4
   10697.1
   10819.2
   11006.8
   11164.1
   11216.6
   11606.1
   11769.8
   12152.6
   12461.0
   12567.3
   13039.1
   13222.2
   14116.9
   14323.4
   14349.0
   15011.4
   15358.8
   15570.8
   15583.8
   15610.9
   15698.3
   15825.0
   16094.9
   16173.5
   16398.4
   17071.4
   17157.8
   17815.7
   18013.2
   18066.5
   18125.7
   18128.6
   18257.4
   18294.9
   18347.9
   18371.3
   18407.0
   18716.3
   18794.2
   18795.2
   18881.9
   18903.6
   19248.5
   19327.2
   19701.1
   19952.1
   20323.8
   20784.1
   21296.3
   21780.3
   22057.3
   22106.7
   22305.7
   22319.7
   22350.1
   22460.2
   22519.7
   22553.4
   22560.6
   22725.8
   22740.9
   23039.6
   23049.4
