     116.0
     220.4
     416.7
     461.9
     814.7
    1451.6
    1681.9
    1702.5
    2093.9
    2180.4
    2568.2
    2981.5
    3036.7
    3708.6
    4161.3
    4197.0
    4277.3
    4417.1
    4587.4
    4622.0
    4643.3
    5924.2
    6051.7
    6113.9
    6179.2
    6402.4
    6859.4
    6956.6
    7090.3
    7238.4
    7421.2
    7707.9
    7967.0
    8084.6
    8197.6
    8387.1
    8588.7
    8620.5
    8803.9
    9129.5
    9247.3
    9313.1
   10023.2
   10041.8
   10118.2
   10217.4
   10793.1
   11174.5
   11245.9
   11306.0
   11354.3
   11643.2
   11701.6
   11753.8
   11792.3
   11813.7
   11839.4
   11986.1
   12208.8
   12729.3
   13141.7
   13168.7
   13262.3
   13301.9
   13331.2
   13350.7
   13443.1
   13466.6
   13471.1
   13489.1
   13546.5
   14560.3
   14693.0
   14839.5
   14984.6
   15055.4
   15274.9
   15572.2
   15653.4
   15848.9
   16069.6
   16286.6
   16328.4
   16365.5
   16577.5
   16609.0
   16646.8
   17358.4
   18155.7
   18527.3
   19016.8
   19360.7
   19656.1
   20048.2
   20080.5
   20230.2
   20809.3
   20850.1
   20851.2
   21201.7
   21209.2
   21225.3
   21827.3
   22022.1
   22546.0
   22795.3
   22862.3
