5299
5301
5305
5306
5308
5311
5314
5419
5421
5423
5424
5426
5429
5433
5434
5436
5439
5442
5444
5545
5549
5551
5553
5554
5555
5556
5557
5560
5565
5566
5567
5569
5570
5572
5574
5665
5666
5672
5673
5679
5682
5687
5688
5689
5690
5692
5695
5697
5699
5702
5792
5793
5803
5807
5808
5810
5812
5815
5816
5817
5818
5819
5820
5821
5824
5826
5914
5916
5919
5921
5923
5924
5928
5929
5931
5932
5934
5935
5937
5938
5941
5942
5944
5947
5948
5949
5952
5953
6034
6036
6038
6039
6040
6042
6045
6046
6047
6048
6052
6053
6054
6055
6056
6057
6059
6060
6061
6064
6066
6068
6069
6072
6074
6075
6076
6078
6161
6164
6166
6167
6169
6170
6173
6178
6180
6184
6185
6188
6189
6190
6197
6198
6199
6202
6286
6288
6289
6291
6293
6303
6307
6309
6310
6311
6312
6313
6314
6315
6317
6321
6322
6323
6324
6325
6326
6414
6417
6418
6420
6424
6436
6438
6441
6442
6445
6448
6544
6548
6552
6561
6568
6677
6678
6679
6681
6682
6685
6689
17922
17925
17926
17938
17940
18044
18048
18049
18051
18053
18054
18055
18056
18057
18061
18063
18065
18066
18067
18069
18070
18072
18074
18163
18164
18167
18168
18171
18172
18173
18174
18177
18180
18181
18183
18185
18186
18187
18189
18191
18192
18194
18196
18197
18285
18286
18287
18290
18291
18295
18297
18298
18299
18300
18301
18303
18304
18306
18307
18309
18311
18316
18323
18325
18326
18410
18413
18414
18415
18419
18420
18421
18422
18423
18424
18425
18426
18427
18429
18430
18431
18432
18433
18437
18449
18452
18537
18540
18541
18542
18544
18545
18547
18550
18553
18555
18557
18559
18562
18565
18566
18567
18568
18572
18573
18672
18675
18676
18678
18680
18682
18685
18686
18688
