2276
2278
2279
2280
2281
2282
2395
2397
2398
2401
2403
2524
2525
2526
2527
7645
7648
7649
7651
7652
7653
7655
7656
7764
7765
7767
7769
7774
7775
7776
7778
7780
7782
7783
7784
7786
7787
7885
7887
7889
7890
7891
7897
7898
7901
7903
7905
7906
7908
7909
7911
7913
7914
7915
7918
8010
8015
8016
8018
8020
8021
8022
8023
8025
8026
8027
8028
8030
8031
8038
8040
8041
8042
8043
8131
8133
8134
8135
8137
8138
8140
8141
8145
8148
8155
8156
8158
8159
8160
8161
8162
8164
8166
8168
8172
8256
8260
8261
8262
8264
8268
8272
8273
8276
8277
8278
8280
8281
8287
8292
8293
8294
8295
8382
8383
8389
8392
8395
8401
8403
8407
8411
8417
8418
8422
8507
8510
8512
8513
8515
8521
8522
8523
8525
8529
8533
8534
8536
8538
8539
8540
8541
8543
8544
8546
8547
8549
8632
8635
8637
8639
8640
8645
8646
8647
8648
8649
8651
8655
8656
8659
8660
8661
8663
8665
8668
8669
8670
8671
8673
8754
8756
8759
8761
8762
8763
8764
8765
8766
8768
8770
8771
8775
8776
8778
8779
8781
8782
8784
8785
8787
8788
8790
8795
8796
8797
8880
8881
8882
8883
8885
8891
8893
8895
8896
8897
8901
8903
8904
8905
8906
8908
8912
8913
8915
8919
8923
8924
9011
9012
9017
9018
9019
9020
9021
9022
9023
9024
9025
9026
9027
9029
9034
9035
9038
9039
9040
9041
9042
9046
9047
9048
9129
9130
9134
9135
9136
9139
9140
9143
9145
9147
9152
9155
9157
9159
9161
9165
9173
9254
9255
9259
9260
9263
9264
9268
9269
9270
9271
9272
9274
9275
9277
9278
9279
9280
9282
9283
9284
9287
9288
9290
9291
9293
9379
9380
9381
9386
9390
9391
9397
9398
9400
9402
9408
9411
9415
9417
9419
9421
9423
9505
9507
9508
9513
9517
9523
9525
9526
9527
9532
9534
9537
9539
9540
9543
9544
9546
9547
9635
9637
9638
9639
9640
9643
9645
9646
9648
9651
9653
9654
9658
9659
9660
9661
9662
9666
9672
9759
9760
9764
9765
9766
9768
9773
9774
9778
9783
9788
9789
9791
9798
9880
9885
9889
9891
9893
9895
9896
9901
9904
9906
9908
9909
9911
9913
9915
9916
9917
9918
9919
9922
9923
10005
10008
10009
10011
10012
10013
10016
10017
10019
10021
10024
10026
10030
10031
10032
10033
10035
10038
10040
10045
10046
10131
10136
10141
10142
10143
10144
10145
10148
10149
10153
10156
10157
10160
10164
10168
10169
10260
10262
10263
10264
10266
10267
10270
10272
10273
10274
10276
10277
10281
10282
10283
10284
10285
10288
10289
10290
10291
10292
10295
10386
10389
10390
10392
10394
10399
10400
10403
10404
10405
10408
10410
10412
10416
10509
10518
10519
10520
10522
10527
10529
10530
10531
10534
10538
10637
10638
10640
10641
10643
10644
10648
10654
10657
10658
10659
10661
10664
10665
10669
10761
10767
10769
10771
10774
10776
10778
10779
10781
10784
10787
10788
10790
10792
10794
10886
10890
10891
10895
10899
10900
10902
10904
10905
10907
10908
10912
10913
10916
10919
11012
11013
11016
11018
11019
11020
11021
11023
11024
11026
11028
11030
11031
11032
11037
11038
11039
11137
11139
11140
11142
11143
11144
11148
11149
11151
11154
11157
11158
11159
11160
11161
11262
11266
11269
11273
11278
11281
11284
11286
11287
11288
11290
11387
11392
11394
11398
11400
11404
11406
11408
11410
11520
11521
11522
11523
11525
11526
11527
11528
11532
11648
11649
11650
11651
11654
11657
11770
11772
11776
11782
11895
11896
11899
11900
11901
11902
11903
11905
18274
18277
18278
18279
18280
18284
18285
18389
18393
18398
18400
18402
18409
18415
18512
18514
18515
18519
18522
18523
18524
18525
18527
18532
18533
18534
18538
18542
18637
18640
18641
18643
18648
18651
18660
18662
18663
18667
18761
18764
18765
18778
18779
18781
18785
18787
18788
18789
18891
18895
18896
18898
18899
18900
18901
18907
18910
18911
