1052
1054
1058
1060
1168
1170
1173
1175
1178
1179
1180
1181
1182
1183
1185
1187
1189
1291
1293
1296
1298
1299
1307
1308
1310
1311
1312
1315
1317
1319
1416
1418
1422
1426
1427
1429
1431
1436
1437
1439
1441
1442
1444
1447
1448
1546
1547
1549
1550
1555
1561
1563
1565
1566
1568
1569
1674
1676
1677
1679
1681
1687
8301
8307
8309
8310
8311
8312
8424
8425
8427
8428
8431
8433
8434
8437
8439
8542
8543
8546
8547
8548
8549
8551
8553
8554
8555
8559
8560
8562
8563
8564
8566
8569
8667
8672
8680
8682
8683
8684
8686
8687
8688
8691
8692
8693
8695
8798
8799
8801
8804
8805
8809
8810
8811
8812
8813
8817
8918
8919
8920
8922
8923
8924
8929
8930
8931
8933
8934
8936
8939
8940
8942
8943
8944
8946
8947
9039
9041
9043
9046
9047
9049
9054
9055
9063
9069
9072
9073
9074
9164
9165
9167
9168
9169
9170
9171
9175
9176
9177
9179
9182
9183
9186
9189
9190
9191
9192
9194
9195
9197
9290
9292
9295
9296
9299
9300
9302
9303
9305
9314
9318
9322
9416
9417
9419
9421
9424
9425
9426
9427
9432
9433
9434
9436
9438
9445
9446
9449
9537
9543
9546
9547
9548
9554
9555
9556
9559
9563
9564
9565
9570
9571
9572
9663
9664
9667
9669
9673
9675
9678
9680
9681
9684
9686
9687
9689
9692
9695
9698
9789
9790
9791
9792
9793
9794
9796
9798
9800
9809
9810
9813
9814
9817
9818
9821
9912
9914
9917
9920
9921
9922
9927
9930
9931
9933
9934
9935
9936
9939
9949
9950
9952
10036
10038
10039
10040
10041
10044
10045
10047
10050
10051
10057
10059
10060
10061
10065
10066
10067
10068
10076
10077
10161
10162
10167
10170
10175
10176
10177
10179
10180
10182
10183
10184
10185
10187
10188
10193
10195
10197
10199
10287
10290
10292
10294
10296
10297
10298
10299
10307
10308
10309
10310
10311
10314
10315
10316
10318
10319
10320
10326
10413
10414
10417
10418
10420
10421
10422
10423
10427
10431
10432
10433
10435
10439
10442
10443
10448
10450
10536
10540
10541
10543
10544
10546
10547
10549
10550
10551
10553
10554
10557
10559
10561
10564
10565
10566
10569
10570
10572
10574
10576
10577
10661
10668
10671
10672
10674
10677
10678
10679
10680
10681
10683
10690
10691
10696
10698
10701
10787
10788
10789
10791
10792
10794
10795
10798
10806
10807
10809
10810
10811
10812
10814
10817
10820
10826
10912
10913
10915
10916
10918
10921
10924
10925
10930
10932
10933
10934
10940
10946
10947
10948
10949
10951
11036
11040
11042
11043
11044
11045
11046
11047
11049
11050
11051
11053
11054
11056
11057
11058
11059
11064
11065
11067
11072
11073
11074
11075
11076
11166
11167
11169
11171
11173
11174
11175
11178
11179
11180
11181
11188
11189
11191
11192
11193
11196
11198
11199
11287
11289
11292
11293
11297
11299
11300
11302
11304
11305
11306
11307
11308
11309
11312
11316
11318
11319
11323
11416
11421
11422
11423
11424
11425
11428
11430
11431
11432
11433
11434
11437
11438
11439
11440
11442
11444
11445
11446
11449
11540
11546
11552
11554
11556
11557
11559
11561
11563
11564
11565
11566
11568
11571
11573
11574
11665
11666
11667
11668
11669
11671
11673
11674
11675
11678
11679
11680
11685
11686
11687
11689
11690
11691
11693
11695
11699
11788
11789
11795
11796
11803
11805
11807
11811
11813
11814
11816
11822
11823
11913
11919
11921
11922
11925
11928
11929
11930
11931
11932
11933
11935
11937
11938
11941
11943
11944
11945
11946
12044
12045
12047
12048
12049
12050
12051
12053
12054
12055
12056
12057
12058
12062
12067
12069
12071
12167
12170
12172
12173
12175
12179
12180
12182
12183
12185
12188
12191
12293
12295
12296
12297
12298
12300
12302
12303
12304
12306
12308
12309
12312
12316
12423
12424
12426
12427
12428
12429
12431
12432
12438
12552
12553
12554
12556
12558
12560
12563
12673
12674
12675
12676
12682
12683
12684
12687
12688
12798
12800
12801
12802
12804
12805
12806
12807
12812
12813
19673
19674
19676
19679
19682
19684
19686
19687
19689
19791
19794
19799
19800
19801
19803
19807
19810
19811
19812
19815
19819
19822
19824
19913
19914
19917
19922
19923
19925
19929
19932
19934
19937
19940
19941
19947
19948
19951
19952
20039
20044
20045
20048
20050
20051
20052
20054
20055
20059
20060
20062
20063
20066
20068
20072
20073
20075
20076
20161
20162
20163
20167
20168
20171
20175
20177
20178
20180
20182
20183
20184
20185
20187
20191
20192
20194
20200
20202
20287
20289
20290
20291
20293
20294
20295
20298
20301
20302
20303
20305
20308
20309
20318
20322
20418
20421
20423
20425
20426
20427
20429
20430
20431
20434
