13184
13304
13305
13306
13307
13309
13421
13424
13425
13426
13427
13431
13435
13436
13437
13439
13442
13446
13541
13543
13547
13548
13549
13553
13557
13558
13566
13569
13571
13663
13666
13670
13673
13674
13676
13678
13679
13680
13681
13682
13684
13687
13688
13691
13694
13695
13699
13787
13788
13789
13793
13794
13796
13797
13798
13799
13800
13802
13805
13806
13808
13809
13811
13813
13816
13821
13824
13825
13826
13911
13914
13915
13917
13918
13922
13923
13926
13932
13937
13938
13939
13940
13941
13942
13943
13944
13946
13947
13948
13949
13950
14041
14042
14044
14047
14048
14049
14050
14051
14054
14055
14057
14060
14062
14064
14065
14071
14073
14162
14163
14166
14181
14182
14184
14185
14193
14200
14201
14293
14294
14295
14298
14300
14301
14302
14303
14306
14307
14311
14314
14316
14317
14318
14320
14321
14324
14326
14413
14414
14415
14418
14421
14422
14427
14432
14433
14434
14440
14443
14445
14446
14450
14546
14548
14550
14551
14555
14557
14560
14561
14562
14565
14566
14568
14569
14570
14572
14668
14669
14670
14677
14678
14679
14680
14681
14683
14684
14686
14690
14693
14800
14803
14804
14806
14807
14811
14813
14814
17679
17682
17684
17807
17808
