511
515
516
519
524
526
529
532
536
537
538
653
656
14267
14270
14277
14279
14281
14282
14284
14390
14394
14396
14399
14402
14403
14405
14407
14411
14516
14518
14521
14522
14523
14525
14526
14529
14530
14532
14534
14537
14643
14645
14649
14650
14652
14654
14655
14657
14660
14663
14768
14769
14771
14772
14776
14778
14780
14781
14784
16645
16650
16651
16652
16659
16660
16661
16663
16664
16760
16761
16764
16765
16771
16775
16776
16779
16780
16781
16787
16791
16792
16795
16880
16891
16893
16895
16896
16897
16902
16905
16908
16909
16910
16912
16919
16920
17005
17007
17011
17014
17016
17018
17019
17022
17024
17030
17031
17032
17035
17037
17038
17040
17042
17044
17135
17136
17138
17140
17141
17146
17152
17156
17158
17159
17160
17162
18396
18397
18407
18408
18508
18509
18513
18514
18516
18517
18519
18520
18522
18524
18529
18531
18532
18539
18542
18635
18636
18639
18640
18644
18648
18649
18650
18651
18653
18656
18659
18660
18661
18666
18667
18668
18672
18760
18761
18762
18763
18764
18765
18766
18767
18769
18771
18776
18780
18786
18787
18788
18789
18790
18794
18885
18888
18892
18899
18902
18904
18905
18908
18916
18918
