1642
1648
1649
1650
1651
1656
1657
1658
1661
1761
1763
1764
1766
1767
1768
1769
1771
1772
1774
1779
1780
1781
1783
1784
1785
1787
1788
1789
1790
1791
1887
1892
1895
1901
1909
1911
1913
2014
2015
2022
2027
2029
2032
16400
16403
16405
16406
16408
16410
16514
16517
16521
16522
16524
16525
16529
16531
16533
16536
16538
16641
16642
16647
16648
16649
16651
16653
16654
16655
16658
16660
18021
18023
18024
18025
18033
18034
18038
18133
18136
18137
18138
18141
18143
18146
18148
18149
18150
18151
18153
18157
18160
18167
18171
18256
18257
18258
18261
18263
18264
18266
18268
18269
18271
18273
18279
18281
18283
18284
18285
18290
18291
18292
18294
18295
18380
18384
18387
18388
18389
18390
18391
18393
18395
18396
18398
18399
18400
18402
18407
18412
18415
18417
18419
18509
18511
18512
18516
18517
18519
18521
18524
18525
18526
18527
18528
18529
18530
18531
18532
18533
18535
18537
18538
18543
18642
19773
19774
19775
19778
19780
19783
19887
19889
19890
19892
19894
19895
19896
19897
19898
19900
19902
19906
19910
19912
20006
20008
20009
20012
20013
20015
20017
20020
20021
20022
20023
20024
20025
20027
20028
20036
20038
20039
20046
20132
20135
20136
20140
20141
20143
20144
20146
20149
20153
20154
20158
20159
20160
20161
20165
20168
20172
20260
20261
20263
20266
20269
20272
20275
20277
20278
20283
20286
20287
20289
20290
20291
20292
