417
418
420
421
422
425
427
428
431
435
436
437
438
439
443
444
538
539
543
544
547
552
553
556
557
558
561
563
564
565
574
576
660
663
664
665
666
667
668
669
674
676
677
678
680
682
683
685
689
690
692
694
785
788
791
792
795
796
801
803
804
808
811
812
813
815
819
820
822
823
824
826
918
919
920
921
931
932
934
937
939
942
944
947
948
949
1054
1056
1057
1059
6046
6048
6049
6051
6052
6054
6055
6060
6062
6166
6167
6169
6170
6171
6173
6175
6176
6179
6180
6181
6182
6183
6184
6191
6192
6194
6195
6197
6290
6292
6293
6295
6298
6300
6303
6305
6308
6311
6314
6315
6318
6322
6324
6412
6414
6416
6421
6423
6428
6429
6430
6434
6441
6442
6443
6444
6445
6447
6449
6451
6536
6539
6541
6543
6544
6546
6552
6554
6555
6557
6561
6562
6564
6565
6570
6571
6573
6575
6576
6662
6664
6669
6670
6672
6677
6678
6679
6681
6682
6684
6685
6687
6688
6693
6694
6695
6699
6701
6787
6794
6796
6805
6807
6810
6816
6820
6821
6823
6825
6914
6918
6919
6920
6922
6925
6926
6927
6928
6932
6933
6934
6936
6941
6942
6943
6944
7041
7042
7044
7045
7046
7052
7054
7056
7058
7059
7064
7068
7070
7071
7177
7178
7180
7182
7188
7189
7190
19675
19676
19679
19680
19682
19683
19684
19685
19688
19690
19693
19696
19697
19787
19792
19793
19794
19798
19800
19801
19803
19804
19805
19808
19812
19813
19814
19815
19816
19819
19820
19822
19824
19825
19826
19916
19917
19918
19921
19924
19926
19927
19929
19931
19933
19934
19937
19939
19940
19941
19942
19946
19950
20036
20038
20039
20040
20044
20045
20046
20048
20049
20051
20052
20053
20055
20057
20060
20061
20063
20065
20066
20070
20071
20072
20074
20165
20167
20168
20172
20174
20180
20181
20185
20188
20189
20192
20193
20194
20196
20198
20200
20294
20295
20301
20303
20312
20314
20315
