1651
1652
1770
1773
1779
1783
1897
1898
1901
1902
1904
1906
2019
2021
2025
2027
2030
2149
2150
10522
10527
10528
10647
10649
10652
10653
10654
10772
10776
10778
10897
10900
10901
11020
11021
11023
11026
11028
11030
11145
11148
11150
11155
11156
11158
11159
11269
11273
11274
11275
11276
11277
11280
11394
11395
11398
11399
11400
11403
11405
11408
11409
11520
11522
11525
11531
11645
11652
11655
11656
11657
11769
11770
11774
11775
11777
11778
11784
11900
11904
11905
11908
11909
12020
12023
12024
12027
12028
12030
12031
12032
12145
12149
12150
12151
12152
12153
12154
12155
12157
12270
12271
12281
12283
12395
12396
12398
12399
12400
12404
12406
12407
12408
12523
12526
12527
12648
12650
12654
12773
12774
12777
12779
13277
13279
13280
13281
13282
13396
13399
13402
13404
13405
13407
13523
13525
13529
13530
13531
13534
13639
13641
13643
13645
13647
13648
13649
13651
13656
13657
13660
13662
13663
13664
13762
13764
13767
13770
13771
13772
13773
13774
13776
13777
13778
13779
13780
13782
13786
13787
13788
13789
13791
13884
13889
13894
13895
13896
13898
13901
13903
13904
13905
13908
13910
13913
13915
13918
14011
14012
14020
14021
14026
14033
14034
14038
14040
14041
14136
14144
14145
14146
14148
14151
14153
14154
14157
14159
14161
14163
14264
14265
14268
14273
14278
14279
14283
14284
14285
14289
14392
14393
14396
14397
14398
14399
14401
14402
14404
14405
14408
14411
14412
14413
14519
14523
14524
14526
14531
14532
14533
14534
14536
14650
20142
20143
20149
20150
20156
20160
20260
20261
20262
20269
20270
20271
20273
20275
20277
20278
20281
20282
20287
20288
20290
20383
20384
20385
20390
20392
20394
20396
20397
20398
20399
20400
20402
20404
20406
20409
20410
20411
20413
20414
20507
20508
20509
20512
20513
20514
20515
20516
20517
20518
20524
20525
20527
20529
20530
20534
20537
20540
20543
20546
20630
20632
20635
20636
20637
20641
20643
20644
20646
20647
20648
20649
20652
20653
20655
20656
20657
20658
20659
20660
20663
20664
20669
20671
20673
20674
20754
20759
20760
20765
20766
20767
20768
20771
20777
20778
20779
20780
20782
20785
20788
20789
20792
20795
20797
20880
20882
20885
20888
20889
20892
20895
20897
20901
20902
20904
20906
20907
20909
20911
20912
20916
20917
20919
20920
20922
21005
21006
21009
21010
21011
21014
21015
21017
21020
21022
21023
21024
21026
21036
21044
21046
