2171
2173
2177
2187
2189
2191
2290
2292
2297
2302
2303
2304
2305
2306
2307
2308
2310
2311
2312
2314
2317
2320
2321
2323
2324
2410
2411
2413
2416
2420
2421
2423
2425
2427
2429
2430
2431
2433
2434
2435
2437
2439
2441
2443
2444
2446
2448
2450
2453
2534
2535
2538
2540
2542
2543
2544
2547
2553
2554
2556
2557
2558
2559
2561
2562
2567
2569
2570
2571
2573
2578
2661
2667
2669
2672
2675
2676
2677
2678
2679
2682
2684
2685
2686
2694
2696
2699
2701
2702
2790
2792
2794
2798
2800
2803
2806
2809
2811
2815
2818
13429
13431
13551
13554
13558
13560
13561
13562
13673
13675
13677
13680
13683
13684
13685
13688
13689
13803
13805
13806
13807
13810
13812
13813
13814
16303
16306
16311
16312
16314
16315
16318
16418
16421
16423
16425
16427
16431
16441
16445
16543
16545
16548
16556
16557
16558
16563
16681
