2397
2402
2404
2405
2406
2409
2514
2515
2517
2518
2519
2524
2526
2531
2532
2535
2536
2539
2540
2541
2636
2637
2638
2641
2642
2644
2652
2654
2655
2657
2662
2663
2665
2755
2757
2761
2765
2769
2775
2776
2778
2781
2782
2783
2784
2785
2788
2789
2796
2879
2880
2882
2884
2886
2887
2888
2893
2894
2896
2898
2899
2902
2903
2904
2908
2909
2914
2916
2917
2918
2920
2921
2923
3004
3005
3006
3007
3009
3010
3012
3019
3020
3021
3024
3026
3027
3028
3031
3032
3034
3036
3040
3042
3046
3048
3132
3144
3145
3148
3150
3153
3155
3157
3158
3161
3169
3170
3171
3259
3261
3262
3263
3265
3268
3271
3274
3276
3280
3283
3284
3289
3291
3294
3390
3392
3393
3396
3398
3399
3407
3410
3411
3412
3414
3520
3521
3525
3532
6151
6152
6153
6277
6278
6279
6280
6397
6400
6401
6403
6405
6525
6526
6527
20144
20145
20146
20147
20150
20151
20152
20154
20157
20162
20262
20264
20267
20271
20272
20274
20276
20277
20278
20280
20282
20284
20285
20289
20290
20384
20386
20388
20389
20390
20392
20393
20394
20395
20397
20398
20401
20405
20408
20409
20411
20415
20417
20418
20510
20512
20513
20514
20515
20516
20517
20518
20529
20530
20532
20536
20537
20538
20539
20542
20544
20634
20635
20637
20639
20644
20646
20647
20649
20652
20659
20660
20661
20663
20666
20670
20762
20767
20768
20769
20770
20771
20772
20773
20774
20775
20776
20780
20783
20784
20785
20787
20789
20888
20894
20895
20897
20905
20907
20910
