3426
3427
3432
3433
3436
3437
3540
3541
3542
3543
3544
3545
3548
3549
3550
3551
3552
3553
3554
3562
3564
3565
3569
3570
3571
3574
3575
3661
3662
3668
3670
3671
3674
3675
3676
3677
3679
3682
3683
3685
3686
3689
3690
3694
3696
3699
3701
3702
3795
3797
3798
3800
3806
3807
3808
3814
3817
3819
3822
3823
3824
3826
3827
3828
3911
3913
3918
3921
3922
3926
3928
3930
3932
3933
3935
3937
3938
3939
3940
3941
3942
3943
3944
3948
3949
3950
3952
4034
4035
4037
4039
4040
4045
4047
4048
4049
4053
4058
4060
4061
4066
4071
4072
4073
4075
4160
4162
4164
4165
4166
4168
4169
4170
4173
4174
4175
4176
4179
4181
4183
4185
4186
4187
4190
4192
4193
4198
4201
4291
4292
4293
4295
4298
4302
4303
4307
4308
4310
4313
4314
4315
4316
4320
4322
4418
4419
4421
4424
4426
4427
4430
4431
4434
4438
4439
4440
4444
7929
7931
7932
8052
8056
8057
8179
8183
8184
