3888
3897
3899
3904
3906
3911
4013
4018
4019
4020
4021
4022
4023
4024
4028
4029
4030
4033
4039
4040
4042
4043
4044
4133
4135
4137
4139
4141
4145
4146
4147
4148
4150
4151
4152
4154
4155
4157
4159
4164
4165
4166
4170
4172
4255
4257
4258
4260
4262
4269
4270
4273
4276
4277
4278
4280
4284
4287
4288
4289
4297
4384
4386
4388
4392
4400
4402
4406
4408
4409
4410
4411
4421
4505
4507
4512
4519
4521
4522
4525
4526
4527
4528
4529
4531
4533
4535
4538
4541
4638
4639
4641
4642
4643
4646
4650
4651
4652
4654
4655
4656
4659
4660
4661
4662
4666
4670
4758
4759
4770
4775
4777
4778
4781
4783
4789
4892
4894
4896
4897
4901
4904
4906
4907
4909
4911
9527
9528
9775
9776
9899
9902
