4393
4394
4395
4396
4397
4400
4402
4406
4409
4410
4411
4508
4511
4513
4514
4516
4517
4519
4520
4521
4525
4529
4533
4534
4537
4540
4541
4542
4544
4545
4634
4636
4637
4638
4639
4643
4645
4646
4647
4651
4652
4654
4655
4656
4657
4659
4663
4667
4672
4754
4757
4759
4760
4762
4763
4764
4766
4770
4773
4774
4776
4777
4779
4781
4790
4792
4796
4880
4882
4885
4886
4889
4890
4891
4896
4898
4900
4901
4905
4911
4913
4914
4916
4917
5014
5016
5020
5026
5030
5031
5033
5039
5040
5041
5042
16406
16410
16512
16514
16515
16517
16518
16521
16525
16526
16530
16532
16534
16537
16634
16635
16638
16641
16642
16650
16652
16654
16655
16656
16657
16661
16664
16665
16666
16667
16670
16768
16771
16775
16776
16777
16784
16785
16885
16886
16890
16891
16893
16894
16895
16896
16897
16900
16905
16910
17021
17025
17029
17030
18514
18515
18519
18520
18521
18522
18524
18527
18529
18533
18535
18536
18639
18643
18644
18648
18650
18652
18653
18655
18657
18659
18660
18665
18767
18772
18774
18777
18781
18785
18899
