1028
1030
1031
1037
1040
1043
1140
1142
1143
1151
1156
1158
1159
1160
1161
1168
1170
1171
1172
1264
1269
1271
1273
1275
1276
1277
1280
1282
1284
1286
1287
1288
1291
1293
1294
1295
1389
1391
1392
1394
1396
1398
1399
1401
1402
1404
1405
1406
1407
1408
1409
1410
1411
1413
1415
1416
1417
1418
1424
1513
1514
1518
1522
1523
1524
1527
1533
1534
1535
1536
1538
1539
1541
1545
1546
1552
1553
1636
1640
1641
1647
1648
1649
1651
1653
1656
1657
1660
1662
1664
1665
1666
1667
1669
1670
1673
1763
1764
1767
1768
1769
1770
1773
1776
1777
1778
1779
1780
1781
1782
1784
1785
1788
1789
1798
1799
1896
1897
1899
1900
1902
1903
1904
1907
1908
1915
1918
8655
8656
8778
8779
8780
8781
8786
8900
8901
8902
8904
8905
8907
8909
8912
13150
13151
13154
13156
13159
13161
13165
13167
13170
13264
13266
13267
13271
13275
13276
13277
13280
13283
13286
13287
13291
13292
13296
13297
13301
13391
13393
13394
13396
13397
13398
13403
13408
13409
13410
13413
13414
13415
13416
13417
13419
13421
13422
13424
13510
13511
13512
13514
13516
13522
13525
13527
13528
13531
13532
13535
13536
13538
13542
13545
13546
13547
13550
13634
13637
13639
13642
13645
13648
13649
13651
13653
13656
13659
13660
13661
13662
13663
13667
13670
13672
13675
13676
13678
13761
13762
13765
13767
13770
13773
13775
13780
13781
13783
13784
13785
13786
13792
13793
13796
13798
13800
13802
13887
13888
13889
13891
13892
13893
13894
13895
13896
13901
13903
13905
13906
13910
13912
13915
13917
13918
13920
