5771
5772
5773
5778
5779
5780
5782
5788
5790
5896
5898
5899
5906
5907
5912
5913
5919
6020
6023
6024
6025
6026
6028
6031
6033
6034
6039
7393
7397
7403
7405
7407
7408
7410
7411
7415
7418
7419
7420
7423
7511
7512
7514
7518
7521
7524
7526
7527
7528
7529
7532
7539
7541
7545
7548
7549
7551
7641
7644
7648
7651
7652
7653
7655
7659
7660
7663
7664
7665
7669
7670
7671
7762
7763
7767
7772
7774
7778
7783
7789
7791
7792
7793
7795
7799
7801
7888
7890
7891
7892
7896
7897
7903
7911
7912
7915
7916
9147
9151
9154
9155
9157
9158
9159
9164
9168
9263
9267
9268
9273
9274
9276
9282
9284
9286
9287
9289
9290
9387
9389
9390
9393
9395
9396
9398
9399
9401
9403
9404
9405
9406
9408
9412
9415
9420
9422
9425
9426
9516
9519
9524
9527
9528
9529
9531
9533
9535
9539
9540
9542
9546
9550
9648
9649
9655
9656
9658
9660
9661
9666
9667
