      54.4
     326.1
     372.5
     710.1
     914.8
    1063.5
    1482.1
    1623.1
    1864.1
    2198.9
    2344.1
    2430.0
    2470.0
    2483.5
    2771.8
    2969.5
    3139.9
    3555.7
    3703.3
    3724.6
    3776.4
    4077.7
    4779.1
    5695.0
    5746.6
    6029.9
    6415.4
    6670.5
    7255.6
    7310.4
    7380.5
    8009.3
    8115.3
    8156.4
    8243.7
    8896.5
    9610.2
    9650.1
    9684.3
    9925.5
   10383.7
   10466.7
   10731.5
   10749.9
   10758.1
   10889.0
   11187.6
   11338.5
   11379.8
   11912.2
   12255.3
   12511.8
   12550.6
   12580.4
   12634.1
   12771.2
   12940.5
   13054.6
   13593.5
   13870.8
   13875.8
   13884.6
   14031.0
   14355.0
   14408.5
   14450.3
   14719.4
   14759.3
   14810.8
   14833.2
   15027.3
   15040.4
   15211.5
   15573.7
   15692.3
   15731.7
   16010.9
   16094.6
   16476.0
   16549.7
   17094.8
   18676.5
   19301.1
   19426.6
   19628.2
   19835.1
   19872.7
   19976.2
   20212.5
   20342.5
   20385.3
   20530.1
   20662.8
   20770.0
   20826.8
   21430.8
   21512.9
   21538.7
   21661.3
   21682.0
   21733.5
   22147.4
   22737.0
   22799.8
