     183.6
     601.9
     832.8
    1788.4
    2475.6
    2752.8
    2819.1
    3235.1
    3289.2
    3559.9
    3632.5
    3970.9
    4223.3
    4245.7
    4393.0
    4489.8
    4732.4
    4789.4
    4814.3
    5051.2
    5555.9
    6253.2
    6409.4
    6455.9
    7048.5
    7050.6
    7406.8
    7416.8
    7898.2
    8396.4
    8596.3
    8897.4
    9027.1
    9891.2
    9918.6
   10142.0
   10149.1
   10392.4
   10529.3
   11042.2
   11403.6
   11411.6
   11580.6
   11620.3
   11813.8
   12199.3
   12247.7
   12491.6
   12498.0
   12671.1
   12823.8
   13090.1
   13296.7
   13441.1
   14266.0
   14449.0
   14603.9
   14759.9
   14947.6
   15080.8
   15104.5
   15845.1
   16125.6
   16208.3
   16328.1
   16369.7
   16558.7
   16566.6
   16715.8
   16932.8
   17063.2
   17112.2
   17302.1
   17407.0
   17667.3
   17964.8
   18142.7
   18167.5
   18670.3
   18718.0
   18803.1
   18844.3
   19247.6
   19381.8
   19398.7
   19419.3
   19446.1
   19459.2
   19664.2
   19930.2
   19954.5
   20515.1
   20562.5
   20647.0
   20842.8
   20849.0
   21819.2
   21908.5
   21993.8
   22302.7
   22473.3
   22488.7
   22712.7
   22790.8
   22885.0
   22969.4
   22982.2
