     338.4
     382.6
     444.4
     604.5
     997.0
    1020.2
    1137.2
    1355.2
    1550.4
    1798.6
    1973.4
    2249.1
    2299.3
    2700.8
    2935.9
    3036.0
    3090.8
    3256.9
    3396.1
    3443.9
    3470.3
    3636.4
    4051.4
    4106.1
    4187.1
    4274.6
    4306.1
    5087.1
    5205.0
    5296.1
    5318.2
    5806.9
    5824.9
    6009.8
    6672.8
    6714.8
    6871.2
    6910.8
    7349.1
    7355.5
    7489.2
    7581.6
    7638.8
    7760.4
    8250.9
    8434.6
    8701.8
    8958.8
    9287.5
    9452.2
    9812.5
    9930.9
    9984.4
   10054.0
   10643.1
   10974.2
   11041.8
   11115.7
   11124.6
   11195.6
   11425.5
   11535.6
   11942.1
   12354.8
   12379.7
   12949.7
   13104.1
   13159.5
   13728.0
   13739.2
   13790.1
   15598.0
   15709.4
   15880.8
   15949.5
   16303.9
   16478.5
   16841.8
   17639.1
   17920.7
   17967.3
   17990.7
   18025.8
   18332.6
   18555.2
   19146.9
   19461.8
   19642.5
   19708.1
   20088.4
   20320.8
   20652.7
   20702.8
   20800.1
   20991.3
   21083.3
   21118.3
   21198.0
   21617.8
   21618.4
   21856.0
   22016.3
   22739.4
