     186.4
     297.8
     339.4
     395.6
     596.6
     715.7
     775.4
     775.7
    1239.4
    1253.8
    1269.7
    1921.8
    1970.4
    2117.2
    2201.7
    2296.7
    2677.1
    3063.6
    3822.0
    4096.7
    4142.6
    4393.7
    4417.6
    5071.7
    5300.6
    6784.4
    6952.7
    7069.0
    7075.6
    7381.0
    7407.2
    7672.6
    8156.8
    8441.9
    9013.0
    9070.5
    9095.8
    9343.9
    9862.2
    9980.3
   10371.2
   10447.1
   10761.7
   10762.5
   10930.6
   11250.4
   11416.2
   11464.7
   11479.1
   11670.5
   11862.4
   12114.0
   12193.8
   13219.7
   13356.1
   13421.5
   13548.2
   13629.7
   13642.1
   13931.3
   14091.5
   14192.3
   14375.4
   14455.4
   14465.7
   14516.6
   14631.0
   14885.3
   15283.2
   15286.3
   15437.3
   15439.6
   15675.5
   15795.6
   16411.5
   17256.5
   17272.3
   17441.4
   17847.7
   18066.0
   18811.8
   19172.0
   19565.0
   19568.2
   19583.0
   19777.2
   20125.9
   20283.8
   20512.4
   21105.0
   21415.7
   21552.9
   21923.3
   22177.0
   22238.0
   22516.6
   23046.2
