      68.8
     503.2
    1146.1
    1652.7
    1809.0
    2041.8
    2346.9
    2682.0
    2831.4
    2919.9
    2958.3
    3394.9
    4025.1
    4292.0
    4306.0
    4353.0
    4383.8
    4495.7
    4644.8
    5025.1
    5027.0
    5147.7
    5409.7
    5490.5
    6010.4
    6367.8
    6572.4
    6874.5
    7055.0
    7112.9
    7146.5
    8086.5
    8425.6
    8793.7
    8896.4
    8950.1
    8957.4
    9069.3
    9228.8
    9323.0
    9554.6
    9648.4
    9654.0
    9693.6
    9726.4
    9834.5
    9964.7
   10084.4
   10113.4
   10417.8
   10523.8
   10711.9
   10856.5
   10922.9
   11082.4
   11317.2
   11430.1
   11554.2
   11738.2
   11757.0
   12022.5
   12088.5
   12585.3
   12894.2
   13188.0
   13237.4
   13462.4
   13695.7
   13987.5
   14663.1
   14936.3
   15012.7
   15025.6
   15096.0
   15206.3
   15305.6
   15313.1
   15314.3
   15480.0
   15522.1
   16058.8
   16209.0
   16228.4
   16365.1
   16418.1
   16462.5
   16560.0
   16585.7
   16745.2
   17119.2
   17167.8
   17185.6
   17363.9
   17377.1
   17498.8
   17559.6
   17777.0
   17815.2
   18466.1
   19031.7
   20076.9
   20645.4
   20723.9
   20907.9
   20988.8
   21149.5
   21487.3
   21503.7
   21576.9
   21903.0
   22380.4
   22730.3
   22868.8
   22880.6
   23046.7
