     116.2
     534.1
     635.6
     752.6
    1023.3
    1048.7
    1301.8
    2603.1
    3058.6
    3085.4
    3291.2
    3513.6
    3559.3
    3749.5
    3904.8
    4088.9
    4201.2
    4232.8
    4505.9
    4894.9
    5476.5
    5853.0
    6160.6
    6541.2
    6781.9
    6951.6
    6963.3
    7433.3
    7609.6
    7637.6
    7647.4
    7744.8
    8025.5
    8225.9
    8357.2
    8889.7
    9137.6
    9655.5
    9869.8
    9874.5
    9981.1
   10053.9
   10197.9
   10628.7
   11067.8
   11153.3
   11336.7
   11964.4
   12126.6
   12135.1
   12567.9
   12879.9
   12930.9
   13514.2
   13557.7
   13763.5
   14576.2
   14891.9
   14954.4
   15311.7
   15515.9
   15703.8
   16368.9
   16450.3
   16477.6
   16690.1
   16699.2
   16831.2
   17013.3
   17124.1
   17339.2
   17461.7
   17735.6
   18013.8
   18059.8
   18191.1
   18290.1
   18303.8
   18470.6
   18481.2
   18483.4
   18519.9
   18678.2
   18796.7
   19012.2
   19332.5
   19494.5
   19543.1
   20262.7
   20543.1
   20683.2
   21045.0
   21055.0
   21090.6
   21528.0
   21548.9
   21665.5
   21702.3
   22099.5
   22263.9
   22268.0
   22632.7
   22649.4
   22934.7
