      88.8
     102.1
     128.3
     145.8
     217.5
     348.7
     548.7
     587.0
     600.8
     838.2
    1165.3
    1221.6
    1233.3
    1537.1
    1996.6
    2748.6
    2801.4
    2891.0
    3127.2
    3181.8
    3354.9
    3530.3
    3663.8
    3721.4
    3741.9
    3802.8
    3856.7
    4234.9
    4380.9
    4677.2
    4844.0
    5137.9
    6077.3
    6264.1
    6369.8
    6670.4
    6674.4
    7054.6
    7394.9
    7444.5
    7459.2
    7459.4
    7544.7
    7645.5
    7714.2
    7976.9
    8240.0
    8667.1
    8710.2
    8731.6
    8833.4
    8902.2
    8933.7
    9317.2
    9431.1
    9605.2
    9640.0
    9735.0
    9796.4
    9957.2
   10207.0
   10843.1
   10927.2
   10998.2
   11664.1
   11743.7
   12384.2
   12783.4
   12789.7
   12881.6
   12955.8
   13286.7
   13410.6
   13614.6
   14163.4
   14258.8
   14269.6
   15166.1
   15531.1
   15737.7
   16713.4
   17168.7
   17360.0
   17375.5
   17715.9
   18029.4
   18168.3
   18726.3
   18768.9
   18873.2
   19071.0
   19073.7
   19252.2
   19332.7
   19449.6
   19453.1
   19977.4
   20159.8
   20484.1
   20561.8
   20638.1
   20991.9
   21108.5
   21241.5
   21702.6
   22087.8
   22326.3
   22611.8
   22872.2
   22924.2
