     238.5
     424.8
     556.5
     664.0
     818.6
     982.5
    1069.9
    1563.5
    1619.8
    1842.0
    2293.2
    2545.2
    2806.4
    2822.3
    3160.4
    3285.5
    3314.9
    3435.9
    3910.7
    3979.3
    4064.8
    4364.3
    4998.9
    5113.6
    5180.1
    5569.5
    5787.7
    6072.0
    6772.6
    6776.6
    6876.1
    6914.3
    7180.1
    7327.4
    8185.2
    8459.1
    9149.9
    9190.7
    9205.1
    9527.5
   10216.5
   10311.7
   10394.2
   10420.2
   10904.9
   11089.5
   11166.6
   11269.4
   11440.9
   11699.6
   11743.4
   12124.0
   12343.7
   12965.0
   13073.7
   13399.4
   13443.5
   13457.5
   13559.3
   13649.5
   13684.7
   13962.0
   13962.4
   13975.9
   14016.6
   14101.5
   14449.9
   14530.9
   14635.3
   14781.7
   15372.0
   15375.2
   15497.4
   15505.1
   15644.4
   15676.3
   15948.1
   16521.3
   16622.3
   16661.4
   16835.2
   17054.0
   17081.9
   17203.7
   17253.1
   17269.4
   17308.8
   17584.2
   17846.5
   18085.6
   18334.1
   18496.5
   18832.1
   19324.9
   19357.5
   19394.8
   19733.4
   20665.8
   21101.8
   21152.4
   21403.3
   21506.3
   21524.4
   21730.4
   21739.9
   21863.1
   22111.0
   22160.4
   22500.5
   22639.7
   22879.6
