     183.2
     302.8
     510.7
     582.4
     611.2
    1203.5
    1375.8
    1425.6
    1498.7
    1653.0
    2052.9
    2054.9
    2222.2
    2556.5
    2648.8
    2710.4
    2823.6
    2934.7
    2986.4
    3001.6
    3267.6
    3267.9
    3804.9
    3818.0
    4218.1
    4308.8
    4427.7
    4606.8
    4903.7
    4978.3
    5189.3
    5332.7
    5350.9
    5357.0
    5448.7
    5474.6
    5542.4
    5729.7
    5750.1
    6183.1
    6216.3
    6224.8
    6343.5
    6378.7
    6861.6
    7067.8
    7458.2
    7579.7
    8533.6
    8717.7
    8891.4
    9036.6
    9746.7
    9799.2
   10056.5
   10143.7
   10443.7
   10814.9
   11686.9
   11865.4
   11869.5
   12366.7
   12430.6
   12644.2
   13127.9
   13170.4
   13317.4
   13612.0
   14154.5
   14287.4
   14642.0
   14927.0
   15242.9
   15347.3
   15462.5
   15829.5
   15835.2
   16347.4
   16781.5
   16817.9
   16945.6
   17083.8
   17111.8
   17130.9
   17266.6
   17620.5
   17815.5
   17836.3
   18117.2
   18376.4
   18468.1
   18619.4
   18762.6
   19056.3
   19558.8
   19946.6
   20231.3
   20448.3
   20487.2
   20563.1
   21002.9
   21404.0
   21568.2
   21590.7
   21704.0
   21744.8
   22016.4
   22337.1
   22785.0
   22840.5
   22916.6
