     163.8
     647.0
    1158.1
    1212.2
    1216.6
    1315.5
    1465.2
    1537.7
    1668.8
    1723.0
    2061.6
    2214.5
    2356.8
    2638.3
    2854.1
    3138.8
    3391.7
    3453.2
    3576.3
    3830.5
    4415.8
    4445.9
    5051.3
    5385.5
    5471.2
    5912.4
    5980.0
    6341.7
    6630.3
    6781.6
    6868.6
    6971.2
    7056.3
    7197.3
    7514.7
    7849.3
    7898.0
    7924.8
    8011.3
    8213.5
    8265.6
    8489.8
    9330.3
    9365.3
    9365.6
    9618.4
    9665.5
    9845.9
    9933.4
   10076.2
   10810.3
   10828.3
   11120.9
   11353.3
   11386.2
   11819.5
   12033.1
   12512.5
   12731.4
   12737.3
   12975.0
   12984.0
   13526.8
   13721.9
   13767.7
   14347.1
   14716.0
   15151.6
   15478.0
   15897.9
   16052.7
   16125.0
   16325.7
   16572.9
   16691.4
   16751.5
   16829.6
   16917.8
   17255.2
   17333.8
   17398.7
   17535.0
   17591.7
   17637.4
   18097.4
   18113.3
   18366.3
   18395.5
   18544.6
   18617.3
   19706.5
   19786.6
   19899.2
   20103.0
   20126.4
   20271.7
   20346.7
   20407.9
   20517.8
   20649.4
   20729.8
   20815.5
   21205.9
   21560.8
   21712.4
   21766.9
   21770.8
   21881.6
   22075.6
   22123.4
   22378.3
   22469.7
   22506.8
