     273.5
     539.0
     755.8
     777.4
     792.4
     874.8
     880.0
     882.7
    1081.5
    1169.8
    1582.9
    2173.6
    2237.4
    2362.4
    2481.1
    2727.5
    2983.8
    3031.9
    3158.0
    3255.1
    3453.6
    3461.1
    3573.6
    3590.7
    3913.9
    3992.0
    4675.1
    4800.4
    5019.8
    5269.8
    5303.5
    5516.3
    5657.8
    5802.8
    6027.2
    6856.8
    7316.9
    7453.5
    7596.8
    7838.2
    7926.2
    8147.2
    8297.9
    8423.4
    8536.8
    8538.4
    8807.4
    8924.6
    9581.3
    9587.3
    9758.9
   10089.5
   10268.5
   10497.5
   10822.7
   10921.4
   11186.0
   11300.4
   11676.9
   12129.4
   12167.8
   12484.4
   12589.9
   13134.7
   13514.1
   13568.9
   14153.7
   14154.8
   14161.2
   14439.5
   14680.5
   14883.4
   15529.1
   15879.5
   16520.5
   16709.7
   16731.1
   17390.0
   17416.6
   17986.7
   18717.8
   18753.9
   18789.6
   19101.0
   19280.8
   19338.8
   19527.8
   20697.6
   20989.9
   21073.9
   21087.5
   21090.9
   21268.2
   21379.3
   21475.3
   21539.6
   21581.0
   21682.9
   21723.7
   21904.6
   22034.4
   22112.5
   22225.4
   22408.7
   22475.2
   22565.0
   22596.5
   22671.6
