     413.5
     824.1
     894.4
    1023.2
    1194.9
    1243.9
    1796.6
    2132.9
    2394.6
    2433.4
    2505.8
    2605.2
    2700.0
    2837.2
    2867.6
    3179.2
    3596.7
    3606.2
    3914.3
    4157.9
    4435.1
    4440.2
    4451.5
    4522.6
    5093.3
    5273.5
    5397.2
    5684.3
    5819.4
    6505.8
    6566.1
    6797.3
    6933.2
    7066.7
    7960.2
    8068.1
    8103.8
    8524.8
    8866.5
    8901.1
    8917.5
    9088.9
    9375.7
    9695.4
    9834.1
    9994.1
   10256.4
   10933.9
   11239.4
   11719.6
   11810.0
   12180.7
   12280.2
   13063.1
   13093.4
   13183.0
   13197.3
   13388.3
   13702.9
   13835.6
   13949.4
   14355.6
   14410.5
   14478.9
   14527.8
   15171.7
   15189.6
   15267.1
   15424.9
   15826.6
   15908.0
   16187.0
   16371.1
   16413.1
   16534.8
   16659.5
   16944.7
   16950.8
   17033.8
   17770.9
   18678.5
   18757.8
   18852.2
   18986.0
   19280.8
   19445.2
   20125.4
   20143.8
   20317.3
   20339.4
   20350.8
   20685.9
   20773.6
   21166.2
   21272.5
   21291.3
   21490.3
   21644.3
   21850.9
   21902.2
   21941.4
   21957.9
   22160.8
   22735.8
   22746.1
   22818.5
