     171.6
     203.0
     209.2
     469.1
     738.9
     989.6
    1443.9
    1481.5
    1937.4
    1949.8
    2583.9
    2824.4
    3006.3
    3617.7
    3634.9
    3752.2
    3754.5
    4010.1
    4385.0
    4409.9
    4586.7
    4658.5
    4947.3
    4969.8
    5079.9
    5295.0
    5295.2
    5321.1
    5328.1
    5518.1
    5863.9
    5864.0
    5935.8
    5997.0
    6200.6
    6297.3
    6500.2
    6648.8
    6668.3
    6768.4
    6818.5
    7425.6
    7466.9
    7501.8
    7585.2
    7666.4
    8088.6
    8121.5
    8186.9
    8270.8
    8321.0
    8654.5
    9464.7
    9655.5
    9961.1
   10005.7
   10460.3
   10649.9
   10962.7
   10996.3
   11367.4
   11411.0
   11705.2
   11922.2
   12178.8
   13032.0
   13037.9
   13046.7
   13092.0
   13259.9
   13553.3
   13825.8
   13844.1
   13857.2
   14011.6
   14027.9
   14230.2
   14467.0
   14627.8
   14690.7
   15199.8
   15368.9
   15641.4
   16069.0
   16327.1
   16532.8
   16597.6
   16715.4
   16829.1
   16985.2
   17606.2
   17698.4
   17744.0
   18020.6
   18206.3
   18907.4
   19513.8
   19564.0
   20139.4
   20287.3
   20306.0
   20320.6
   20343.4
   20375.1
   20689.7
   20974.7
   21075.9
   21305.2
   21571.4
   22045.1
   22075.6
   22115.2
   22341.8
   22584.6
   22591.3
   22912.6
