     177.0
     203.9
     357.3
     676.9
     779.1
     962.1
    1373.2
    1390.8
    1551.8
    1600.5
    1754.9
    1893.6
    2202.7
    2246.9
    2381.9
    2811.3
    2872.5
    3020.2
    3102.2
    3472.5
    4034.2
    4446.5
    4669.3
    4749.4
    5119.8
    5437.7
    5531.3
    5577.8
    5698.2
    5944.3
    5960.7
    6225.5
    6293.4
    6398.9
    6486.6
    6571.9
    6864.9
    6953.6
    7263.4
    7338.1
    7410.6
    7800.8
    8043.1
    8224.4
    8459.2
    9192.0
    9207.1
    9233.3
    9474.4
    9493.9
    9602.4
    9714.6
    9726.3
    9743.6
    9817.5
    9968.2
   10012.0
   10085.4
   10706.7
   10795.8
   10916.3
   11532.8
   11797.9
   11984.3
   12510.9
   12544.7
   12645.0
   12882.2
   13061.3
   13250.5
   13863.7
   14031.1
   14283.3
   14527.0
   14640.8
   14700.5
   14991.0
   15200.9
   15390.7
   15412.1
   15542.6
   15843.9
   16475.3
   16616.9
   16936.2
   16950.5
   16972.8
   17461.3
   17778.0
   17917.7
   18349.4
   18580.8
   18627.8
   19107.3
   19266.0
   19322.4
   19492.1
   19817.9
   20303.2
   20351.5
   20469.8
   20804.2
   21113.5
   21244.3
   21427.6
   21433.9
   21552.8
   21594.4
   21626.6
   21647.5
   21814.8
   22070.8
   22074.9
   22163.3
   22228.9
   22323.9
   22661.7
   22734.6
   22829.6
