     438.3
     579.9
     803.9
     994.1
    1026.6
    1391.2
    1408.0
    1429.3
    1550.2
    1680.4
    1785.2
    1992.8
    2000.3
    2601.5
    3533.1
    4142.0
    4186.1
    4206.9
    4557.6
    4585.5
    4772.4
    5070.1
    5224.8
    5241.6
    5539.5
    5941.7
    5998.6
    6077.9
    6104.5
    6605.6
    6669.1
    6777.9
    7649.3
    7923.8
    8013.0
    8015.0
    8392.0
    8641.4
    9136.2
    9146.2
    9219.9
    9254.3
    9476.5
    9586.3
    9717.6
    9926.5
    9970.9
   10248.6
   10296.6
   10304.0
   10304.4
   10470.3
   10652.9
   11202.1
   11271.6
   11330.8
   11659.8
   11849.1
   12439.0
   12444.9
   12581.2
   12637.2
   12934.1
   13118.9
   13271.0
   13287.5
   13656.2
   13938.0
   14156.8
   14199.2
   14465.6
   14581.6
   14582.2
   14689.4
   14785.7
   14796.6
   14922.3
   15300.4
   15403.4
   15416.7
   15418.7
   15564.7
   15690.0
   15965.3
   16021.4
   16381.6
   16477.4
   16565.6
   16738.2
   17024.8
   17280.8
   17307.9
   17493.0
   17936.7
   18023.2
   18317.2
   18750.3
   18921.0
   19064.9
   19111.8
   19440.9
   19580.5
   19970.1
   20307.3
   20411.2
   20689.2
   20694.1
   21008.7
   21286.8
   21417.5
   21513.5
   21543.1
   21622.9
   21627.2
   22078.4
   22085.9
   22347.4
   22506.2
   22548.4
   22869.8
   22948.2
   23036.6
