     430.3
     444.3
     603.3
    1072.5
    1140.8
    1278.7
    1642.1
    1697.6
    1733.1
    2097.8
    2103.6
    2426.8
    2455.2
    2491.3
    3004.8
    3108.2
    3399.8
    3623.8
    4017.7
    4052.7
    4129.2
    4154.3
    4182.3
    4258.0
    5247.8
    5351.3
    5571.2
    5698.1
    5894.6
    6195.7
    6405.6
    6892.3
    7015.2
    7225.0
    7248.0
    7412.0
    7468.3
    7871.9
    7972.6
    8056.2
    8060.5
    8208.4
    8682.4
    8964.8
    9103.0
    9210.3
    9671.9
   10178.2
   10311.6
   10397.8
   10548.3
   10924.0
   11050.5
   11780.0
   11807.7
   11872.4
   11946.0
   13272.5
   13531.0
   13950.8
   14044.6
   14235.0
   14421.1
   14469.5
   14521.5
   14714.5
   14749.8
   15141.0
   15171.5
   15389.6
   15442.3
   15759.6
   15764.7
   16017.2
   16030.2
   16441.8
   16583.6
   16590.1
   16644.1
   16682.3
   16891.9
   16917.6
   17028.4
   17080.9
   18286.2
   18323.3
   18479.6
   18673.9
   19324.7
   19589.1
   19648.5
   19730.2
   19802.1
   19830.5
   20265.5
   20608.2
   20709.2
   20858.1
   20943.3
   21297.5
   21481.3
   21556.8
   21617.6
   21733.7
   21736.6
   22013.4
   22051.1
   22281.8
   22792.6
   22880.6
