     149.8
     262.3
     336.6
     387.6
     485.5
     674.3
     697.6
     750.0
     903.3
    1375.7
    1394.2
    1401.3
    1520.4
    1703.2
    1911.6
    1979.0
    2039.5
    2593.4
    2941.3
    3137.3
    3380.8
    3864.0
    4119.2
    4126.6
    4160.1
    4276.8
    4442.0
    4504.3
    5209.8
    5286.0
    5304.9
    5337.3
    5923.1
    5995.6
    6326.4
    6331.9
    6716.5
    6764.7
    6930.4
    6937.3
    7145.6
    7331.4
    7352.6
    7701.7
    7856.2
    8135.6
    8259.5
    8271.6
    8470.8
    8500.5
    8561.7
    8634.3
    8706.8
    8767.8
    8924.0
    8932.8
    8974.7
    8978.2
    9104.5
    9148.7
    9220.8
    9375.2
    9706.3
    9714.6
    9755.5
    9783.5
    9916.5
   10191.6
   10486.3
   10515.5
   10550.7
   10740.4
   10856.1
   10907.8
   10996.7
   11186.7
   11224.3
   11520.4
   12116.1
   12165.9
   12182.2
   12318.5
   12442.7
   12839.4
   13002.9
   13245.7
   13366.9
   13397.0
   13702.0
   13766.2
   13790.7
   13960.3
   14286.3
   14358.4
   14727.5
   14788.9
   14966.0
   15074.0
   15106.9
   15296.3
   15418.1
   15445.0
   15861.7
   15959.1
   16521.3
   16919.7
   17133.1
   17248.1
   17256.0
   17868.8
   18049.2
   18085.3
   18145.1
   18734.1
   18829.9
   19017.3
   19131.6
   19179.1
   19272.5
   19602.5
   19648.3
   19862.4
   20492.3
   20736.8
   20811.0
   21356.4
   21532.5
   21864.4
   22176.1
   22196.2
   22309.1
   22379.5
   22696.4
   22718.5
   22804.1
   22853.4
   22887.7
