     140.6
     180.0
     240.4
     307.2
     450.1
     628.4
     705.7
     872.8
    1074.2
    1082.6
    1219.6
    1228.0
    1571.5
    1572.9
    1616.4
    1777.4
    2582.2
    2760.1
    3063.9
    3202.3
    3278.7
    3333.1
    3591.9
    3857.6
    3994.0
    4157.9
    4216.0
    4551.1
    4703.0
    4706.8
    4824.4
    4957.2
    5087.7
    5299.7
    5320.9
    5607.1
    5833.4
    6105.4
    6175.8
    6418.0
    6459.8
    6516.0
    6661.9
    6688.3
    6897.7
    6915.5
    7106.7
    7309.3
    7436.3
    7466.2
    7762.7
    7828.6
    8085.9
    8093.9
    8154.2
    8545.0
    8575.0
    8799.6
    8943.6
    9251.9
    9416.0
    9581.9
    9748.1
    9780.6
    9960.5
   10080.0
   10190.2
   10387.6
   10513.3
   10579.4
   10590.2
   11007.5
   11088.8
   11167.6
   11445.9
   11560.1
   11961.8
   12112.8
   12468.3
   12487.9
   12634.9
   12760.9
   12875.7
   12886.2
   13042.3
   13075.7
   13313.7
   13373.1
   13420.0
   13619.5
   13756.1
   13922.6
   13926.7
   13957.9
   14172.4
   14192.0
   14378.7
   14952.9
   15209.0
   15356.2
   15410.0
   15730.3
   15968.7
   16171.4
   16262.6
   16497.2
   16531.4
   16981.0
   17353.1
   17405.5
   17666.6
   18004.3
   18101.0
   18332.7
   18577.0
   18578.0
   19008.5
   19730.6
   19807.7
   20057.7
   20628.2
   20848.0
   20981.5
   21216.8
   21687.2
   21741.7
   21891.6
   21951.3
   22115.9
   22151.7
   22357.5
   22478.2
   22496.3
   22542.5
   22713.7
   22834.6
