     147.9
     280.5
     718.0
     722.0
     758.0
     762.1
     776.0
    1136.9
    1189.7
    1589.8
    1592.2
    1670.9
    2009.3
    2141.1
    2371.1
    2512.8
    2603.2
    2687.0
    2873.5
    2883.8
    3037.4
    3134.9
    3179.4
    3225.2
    3494.6
    3608.8
    3646.8
    3685.9
    3735.0
    3743.2
    3835.1
    4124.2
    4291.9
    4789.8
    4899.0
    5128.7
    5135.4
    5447.6
    5469.5
    5687.4
    5805.3
    5874.8
    6388.4
    6547.1
    6583.7
    6591.7
    6605.4
    6618.1
    6735.3
    6848.7
    7013.2
    7152.8
    7362.7
    7408.2
    7572.0
    7708.9
    7774.9
    7869.2
    7888.8
    7977.0
    8002.4
    8604.8
    8699.2
    8737.9
    8942.4
    9007.9
    9058.2
    9356.1
    9523.1
   10081.6
   10138.2
   10477.4
   10848.4
   10894.8
   10910.1
   11276.3
   11346.4
   11837.8
   12228.9
   12445.6
   12796.7
   12866.4
   12976.3
   13054.5
   13466.8
   13594.0
   13646.2
   13786.8
   13790.6
   13861.6
   14654.8
   14981.5
   15106.5
   15642.3
   15692.3
   15816.8
   15908.5
   15978.1
   16013.0
   16013.3
   16179.2
   16291.7
   16368.6
   16475.0
   17068.8
   17124.0
   17499.7
   17697.9
   17965.6
   18898.1
   19179.5
   19239.6
   19353.4
   19871.2
   19942.9
   19967.9
   19970.0
   20014.0
   20115.8
   20151.1
   20155.2
   20363.8
   20403.0
   20588.4
   20740.3
   21077.2
   21210.2
   21903.3
   21907.7
   22173.5
   22361.9
   22550.5
   22802.6
   22833.3
   22890.0
