     587.5
     601.4
     634.1
     687.6
     979.1
    1041.8
    1248.8
    1372.5
    1477.8
    1700.5
    2510.0
    2623.0
    2735.1
    3028.2
    3596.8
    3747.2
    3826.8
    3862.2
    3948.8
    4017.3
    4337.5
    5191.3
    5296.9
    5368.3
    5412.4
    5783.7
    5875.1
    6012.7
    6305.9
    6597.4
    7438.2
    7786.0
    7887.9
    8097.6
    8594.0
    8913.1
    9055.3
    9128.5
    9471.7
    9822.9
    9839.3
    9870.9
    9934.2
   10344.1
   10461.6
   10611.3
   10639.4
   10710.7
   10729.4
   10858.2
   11206.9
   11959.3
   12038.7
   12155.2
   12292.2
   12367.3
   12439.4
   12602.0
   12956.1
   13075.3
   13362.5
   13626.8
   13984.8
   13999.2
   14164.6
   14234.5
   14235.2
   14404.9
   14790.6
   14937.7
   15092.8
   15346.9
   15506.2
   15543.3
   15721.1
   15765.8
   15815.6
   16082.5
   16455.1
   16563.6
   16859.2
   17152.0
   17215.9
   17292.2
   17859.8
   17951.8
   18211.3
   18243.7
   18400.7
   18456.9
   18533.7
   18979.4
   19189.0
   19468.6
   19542.9
   19693.6
   20284.7
   21095.2
   21273.3
   21311.5
   21368.3
   21514.5
   21572.8
   21823.1
   21828.6
   22033.7
   22127.3
   22394.0
   22504.2
   22838.4
