     193.6
     371.0
     644.7
     846.1
    1042.6
    1070.0
    1149.7
    1271.1
    1344.2
    1615.7
    1658.0
    1933.1
    2070.8
    2160.6
    2215.8
    2372.6
    2556.7
    2982.0
    3126.8
    3304.4
    3440.9
    3506.4
    3912.3
    4238.1
    4301.8
    5247.6
    5491.3
    5689.3
    5822.8
    5985.5
    6486.1
    6995.1
    7032.8
    7129.2
    7408.3
    7590.1
    7622.4
    7762.1
    7796.6
    7800.2
    7814.9
    8105.9
    8324.1
    8328.5
    8466.7
    8620.2
    8677.2
    8836.9
    8885.2
    9136.8
    9140.3
    9547.9
   10079.4
   10138.8
   10189.3
   10563.6
   10646.1
   10711.2
   11020.6
   11023.7
   11113.6
   11220.6
   11896.3
   12001.4
   12491.1
   12717.2
   12817.2
   12924.0
   13137.8
   13340.5
   13454.7
   13503.3
   13874.4
   13974.6
   14138.5
   14393.8
   14537.3
   14659.8
   14815.5
   14886.8
   15187.8
   15425.5
   15627.3
   15664.6
   16102.0
   16172.2
   16351.9
   16608.7
   16665.0
   16766.6
   16826.4
   16836.5
   17453.5
   17493.9
   17906.3
   18078.0
   18194.3
   18221.8
   18320.5
   18395.9
   18780.4
   18832.0
   18892.0
   18923.7
   18982.5
   19228.6
   19301.5
   19325.0
   19532.4
   19674.4
   19681.9
   19689.6
   19820.7
   20297.3
   20541.3
   20565.3
   20577.2
   20667.6
   20679.0
   20705.0
   20783.3
   20941.2
   21788.6
   21854.8
   22017.1
   22472.9
   22560.8
   22644.5
   22967.6
   22993.2
