     164.3
     672.2
    1023.4
    1074.8
    1246.2
    1428.2
    1504.0
    1701.9
    2108.1
    2263.6
    2400.5
    2580.9
    2770.6
    2823.7
    2906.4
    3171.9
    3235.5
    3317.1
    3473.5
    3544.4
    3690.2
    3977.0
    4367.3
    5276.9
    5318.2
    5318.4
    5654.8
    5725.1
    6037.1
    6227.1
    6271.8
    6456.6
    7018.1
    7028.9
    8258.1
    8663.0
    8814.0
    9086.7
    9123.8
    9172.7
    9491.2
    9542.9
    9601.5
    9628.6
    9758.0
   10814.9
   10910.8
   10931.1
   11041.4
   11629.7
   12013.1
   12447.9
   12808.7
   13144.4
   13212.0
   13217.9
   13451.6
   13656.1
   13680.1
   13772.2
   13930.7
   14297.4
   14427.9
   14530.4
   14730.3
   14772.6
   15452.5
   15712.4
   15809.0
   15849.6
   15879.4
   15968.7
   16226.4
   16347.2
   16487.2
   16594.4
   16796.9
   17071.9
   17109.1
   17274.2
   17521.1
   17812.1
   17846.5
   17943.5
   17952.2
   18278.0
   18793.8
   18847.3
   19000.5
   19118.5
   19182.9
   19326.6
   19331.4
   19566.3
   19586.0
   20472.4
   20639.8
   20904.0
   20948.8
   21175.2
   21242.1
   21280.4
   21418.6
   21537.4
   21673.7
   21893.7
   21983.3
   22493.2
   23001.2
