     212.0
     260.0
     898.7
    1213.4
    1399.1
    1461.6
    1820.8
    1899.5
    2481.6
    2784.5
    3143.1
    3237.8
    3678.6
    3881.5
    4148.4
    4535.1
    4580.0
    4697.3
    4766.3
    4940.4
    5275.2
    5493.9
    5554.9
    5794.0
    5903.9
    5941.9
    6161.3
    6252.4
    6269.1
    6445.8
    6519.3
    6759.6
    6830.1
    6942.6
    7049.6
    7112.1
    7302.6
    7486.0
    7581.1
    7705.5
    8446.6
    8496.8
    9257.4
    9634.9
    9990.6
   10138.1
   10728.8
   11234.9
   11733.9
   12055.7
   12080.9
   12249.2
   12373.0
   12551.8
   12696.9
   12767.4
   12820.5
   13012.7
   13137.9
   13204.1
   13627.1
   13783.3
   13943.2
   14030.1
   14166.6
   14288.0
   14516.5
   14720.1
   15061.3
   15388.4
   16203.7
   16308.3
   16325.2
   16473.0
   16502.7
   16743.8
   17206.4
   17304.9
   17353.1
   17655.9
   17900.0
   18005.7
   18309.5
   18311.2
   18603.1
   19406.5
   19576.4
   19663.9
   19709.9
   19719.5
   19768.0
   19829.8
   19956.2
   20101.1
   20498.8
   20761.0
   20903.7
   20991.7
   21251.5
   22065.8
   22100.1
   22192.2
   22490.4
   22950.0
   23037.5
