     103.9
     369.1
     746.7
     789.7
     960.1
    1191.5
    1426.7
    1569.5
    2095.5
    2162.6
    2303.4
    2873.8
    3089.5
    3216.1
    3519.5
    3799.5
    4210.2
    4231.8
    4383.6
    4752.9
    4755.0
    4943.4
    5228.9
    5626.5
    5634.3
    5770.0
    5850.8
    5890.3
    5950.6
    5962.2
    5979.9
    5982.0
    6323.0
    6483.3
    7063.9
    7621.1
    7920.3
    8027.7
    9206.7
    9934.8
   10098.5
   10453.3
   10491.9
   10874.3
   11179.2
   11242.8
   11773.2
   11872.8
   11967.0
   12034.1
   12583.9
   12626.3
   12722.8
   13266.8
   13271.0
   13549.9
   13669.6
   13930.0
   14154.9
   14350.4
   14411.9
   14762.9
   14871.0
   14876.3
   15000.1
   15169.0
   15191.4
   15282.0
   15477.3
   15606.4
   15641.3
   15672.6
   15708.0
   15787.8
   15893.2
   16016.5
   16438.5
   16476.2
   16533.2
   16604.4
   16741.5
   16746.8
   17243.9
   17493.6
   17618.6
   18031.8
   18383.9
   18441.5
   18473.0
   18677.0
   18677.3
   18689.7
   18704.5
   18752.8
   18991.7
   19122.1
   19193.8
   19220.4
   19938.9
   19997.4
   20200.6
   20422.2
   20464.8
   20469.4
   20612.6
   20754.2
   20973.3
   20990.5
   21336.7
   22014.6
   22031.8
   22429.4
   22496.5
