     284.5
     914.6
    1923.3
    2076.8
    2384.1
    2741.2
    2989.6
    3415.3
    3477.0
    3770.0
    3902.9
    4103.8
    4128.1
    4188.9
    4532.2
    4604.3
    4658.2
    4884.6
    4982.9
    5077.6
    5194.4
    5343.9
    5491.6
    5957.7
    5985.6
    6220.5
    6356.4
    6361.6
    6986.6
    7121.8
    7348.6
    7511.7
    7627.6
    7672.3
    8414.9
    8437.3
    8535.9
    8552.1
    8553.9
    8604.0
    8682.4
    9236.7
    9256.1
    9502.1
   10178.7
   10254.3
   10594.5
   10682.7
   11430.9
   11515.1
   11568.4
   11747.2
   11886.4
   11955.3
   12914.1
   13247.1
   13262.9
   13643.0
   14260.2
   14278.8
   14597.8
   14749.0
   14800.9
   15491.2
   15657.5
   15970.5
   16087.1
   16316.2
   16603.5
   16730.6
   16930.7
   17176.5
   17508.2
   17517.5
   17551.6
   17667.9
   17672.7
   17692.0
   17694.5
   18146.9
   18166.4
   18480.6
   18586.6
   18589.0
   18760.0
   18840.2
   19032.3
   19040.6
   19410.6
   19444.0
   19525.5
   19598.5
   19645.0
   19786.5
   20069.4
   20108.9
   20642.3
   20743.3
   20816.8
   20929.8
   21106.7
   21123.8
   21134.3
   21372.6
   21657.0
   21731.1
   21901.4
   21958.5
   21963.6
   22054.0
   22252.7
   22342.0
   22492.5
