     251.8
     602.6
     895.9
     915.9
    1138.1
    1397.9
    1608.1
    1691.9
    1972.5
    2192.4
    2269.6
    2360.7
    2368.0
    2524.3
    2547.9
    2637.8
    3402.5
    3623.6
    3937.3
    4380.6
    4718.4
    4965.4
    4975.9
    4991.8
    5260.6
    5921.7
    7016.5
    7380.0
    7802.9
    7810.3
    8085.2
    8394.7
    8414.2
    8424.2
    8482.1
    8717.8
    8822.2
    9127.7
    9208.1
    9367.6
    9822.5
    9969.4
   10261.6
   10586.0
   10872.5
   10987.2
   10989.6
   11098.2
   11110.2
   11302.5
   11620.0
   11754.4
   12088.3
   12424.3
   12510.3
   12537.4
   12542.9
   12813.5
   12847.9
   13178.8
   13295.4
   13300.3
   13315.9
   13784.5
   13889.2
   14020.1
   14036.5
   14700.6
   15494.6
   15530.3
   15728.4
   16147.0
   16314.9
   16400.1
   16412.4
   16865.9
   16986.6
   17216.8
   17239.8
   17291.5
   17323.9
   17390.6
   17533.4
   17556.8
   17654.3
   17769.5
   17897.2
   18200.9
   18213.4
   18600.1
   18741.9
   18843.2
   19059.1
   19229.6
   19249.9
   19602.1
   19803.6
   20170.4
   20467.2
   20489.1
   20586.3
   20721.5
   20733.0
   21154.9
   21346.8
   21364.6
   21913.9
   22182.8
   22213.4
   22525.0
   22569.1
   22718.2
   22769.0
   23009.6
