     186.5
     237.0
     518.8
     644.0
     713.6
     861.7
     926.6
    1307.6
    1363.1
    1547.8
    1645.1
    1750.0
    1804.8
    2041.8
    2233.4
    2356.5
    2366.3
    2419.0
    2444.9
    2497.2
    2526.6
    2870.4
    3486.3
    3540.2
    3811.4
    3815.5
    4863.9
    4961.9
    5109.9
    5459.2
    5675.8
    5696.3
    5703.4
    5806.1
    6648.7
    6966.9
    7328.1
    7518.0
    8014.1
    8547.6
    8726.1
    8862.1
    9041.6
    9082.1
   10032.8
   10261.2
   10388.9
   10490.7
   10725.0
   10750.1
   10907.9
   11127.4
   11168.9
   11360.1
   11620.8
   11662.8
   11695.4
   12131.2
   12295.2
   12565.7
   13062.7
   13065.8
   13119.5
   13150.2
   13301.1
   13529.9
   13534.1
   14033.2
   14046.4
   14054.3
   14248.3
   14507.2
   15230.8
   15358.8
   15657.9
   15870.8
   15967.7
   16091.9
   16116.8
   16130.9
   16197.8
   16423.4
   16497.8
   16631.9
   16722.2
   16724.2
   17008.0
   17196.7
   17262.6
   17295.3
   17383.4
   17695.0
   17832.8
   17957.2
   18041.9
   18188.2
   18447.6
   18588.6
   18685.4
   18749.9
   19102.0
   19283.5
   19483.5
   19592.9
   19607.3
   19663.1
   19748.1
   19850.7
   19994.2
   19998.0
   20006.9
   20071.0
   20111.1
   20413.6
   20594.6
   20599.6
   20722.4
   20760.6
   20900.2
   21173.2
   21235.4
   21238.8
   21266.9
   21402.6
   21922.2
   22010.1
   22108.2
   22280.8
   22607.0
   22653.1
   22710.8
