651
652
653
654
657
662
664
766
767
779
781
782
783
785
786
788
790
791
792
797
895
896
899
903
906
907
909
911
912
913
915
916
920
925
1012
1019
1023
1024
1025
1027
1030
1032
1035
1037
1038
1040
1041
1042
1043
1045
1046
1047
1048
1050
1051
1136
1139
1141
1142
1145
1146
1148
1150
1151
1152
1156
1159
1161
1162
1165
1166
1167
1168
1172
1174
1262
1264
1269
1270
1274
1275
1279
1280
1285
1290
1292
1293
1295
1297
1300
1301
1387
1393
1395
1398
1399
1405
1408
1409
1412
1418
1420
1423
1424
1425
1514
1515
1519
1522
1531
1532
1533
1536
1541
1545
1549
1641
1642
1643
1644
1648
1650
1653
1657
1658
1661
1662
1668
1669
1670
1671
1771
1775
1776
1777
1782
1783
1786
1788
1791
1792
8526
8529
8537
8538
8540
8647
8648
8650
8651
8654
8655
8658
8660
8664
8773
8774
8777
8782
8783
8786
8789
8790
8791
8898
8899
8906
8909
8910
8911
9020
9022
9023
9024
9026
9028
9035
9040
9043
9144
9145
9148
9151
9152
9153
9155
9158
9160
9163
9164
9269
9276
9279
9280
9281
9283
9286
9291
9294
9396
9399
9402
9408
9416
9417
9418
9419
9518
9519
9520
9523
9524
9526
9528
9529
9533
9534
9538
9542
9544
9547
9645
9646
9651
9655
9656
9658
9659
9661
9662
9667
9671
9768
9769
9770
9771
9772
9774
9781
9785
9786
9788
9793
9795
9892
9895
9898
9900
9904
9913
9915
9918
9921
10016
10022
10027
10029
10030
10033
10035
10036
10038
10042
10044
10143
10144
10145
10147
10148
10150
10151
10152
10154
10160
10162
10163
10164
10166
10167
10168
10170
10171
10267
10268
10270
10271
10273
10278
10279
10280
10281
10282
10284
10285
10286
10288
10289
10294
10295
10392
10393
10396
10398
10399
10401
10402
10404
10405
10406
10407
10409
10411
10412
10414
10415
10416
10422
10517
10518
10522
10524
10525
10528
10533
10534
10535
10537
10540
10542
10543
10546
10547
10640
10642
10643
10648
10652
10653
10654
10655
10656
10657
10658
10660
10661
10663
10669
10670
10671
10765
10776
10781
10782
10783
10784
10786
10788
10789
10790
10791
10892
10894
10896
10897
10900
10901
10904
10911
10912
10913
10915
10919
10921
11015
11021
11024
11026
11027
11030
11033
11036
11039
11040
11041
11047
11140
11142
11145
11146
11148
11151
11152
11154
11155
11158
11161
11162
11165
11166
11169
11171
11266
11269
11270
11274
11277
11278
11281
11292
11293
11294
11295
11394
11398
11399
11400
11401
11405
11411
11412
11414
11415
11417
11418
11517
11518
11519
11523
11524
11526
11530
11533
11534
11535
11536
11541
11542
11543
11642
11644
11646
11647
11648
11649
11650
11652
11654
11655
11656
11657
11660
11663
11665
11666
11668
11670
11767
11770
11774
11775
11777
11783
11784
11785
11786
11788
11789
11794
11795
11893
11896
11899
11900
11901
11902
11903
11904
11906
11911
11913
11915
11916
12020
12022
12025
12027
12028
12029
12030
12031
12034
12035
12036
12037
12039
12040
12043
12044
12145
12146
12148
12155
12156
12157
12158
12159
12160
12162
12165
12168
12269
12272
12275
12276
12279
12280
12281
12285
12287
12290
12292
12394
12396
12397
12399
12400
12405
12406
12411
12412
12414
12415
12416
12417
12522
12524
12529
12530
12532
12533
12540
12541
12542
12648
12650
12651
12652
12653
12656
12661
12664
12773
12777
12779
12780
12781
12782
12783
12784
12785
12788
12792
12896
12897
12900
12902
12905
12906
12907
12908
12910
12911
12913
12914
12915
12916
12917
12918
13019
13021
13022
13024
13026
13027
13029
13030
13031
13033
13034
13035
13042
13046
13142
13143
13151
13153
13154
13158
13159
13160
13162
13165
13166
13170
13269
13271
13272
13273
13277
13279
13283
13284
13285
13286
13294
13295
13297
13391
13393
13396
13401
13403
13405
13406
13409
13410
13412
13414
13416
13417
13419
13421
13423
13517
13519
13521
13526
13530
13531
13532
13533
13535
13537
13541
13543
13546
13641
13645
13647
13648
13652
13653
13654
13655
13660
13662
13664
13667
13669
13670
13671
13770
13772
13776
13777
13778
13779
13783
13785
13786
13787
13788
13791
13792
13898
13900
13901
13905
13906
13908
13912
13913
13915
19654
19657
19658
19663
19767
19771
19772
19774
19775
19777
19781
19785
19788
19790
19792
19893
19894
19895
19896
19897
19899
19904
19905
19907
19910
19912
19913
19914
19915
19916
19917
19921
20017
20020
20026
20027
20032
20033
20035
20036
20038
20042
20043
20044
20141
20142
20143
20148
20149
20150
20154
20156
20158
20159
20163
20168
20169
20270
20272
20273
20276
20282
20288
20290
20292
20295
20297
20298
20299
20391
20396
20397
20398
20399
20401
20402
20403
20406
20407
20409
20414
20518
20519
20523
20527
20531
20532
20535
20538
20539
20541
20543
