147
149
150
153
156
160
163
166
266
268
271
278
280
283
284
287
292
296
297
392
403
406
411
412
413
414
416
528
529
532
8274
8278
8280
8284
8289
8397
8399
8400
8403
8405
8406
8408
8409
8415
8418
9769
9770
9771
9779
9780
9784
9786
9787
9789
9792
9793
9891
9893
9894
9900
9902
9903
9904
9907
9910
9916
9918
9922
9923
9925
10010
10011
10016
10018
10020
10022
10023
10024
10026
10027
10029
10032
10033
10036
10041
10046
10048
10050
10052
10135
10138
10139
10143
10144
10147
10152
10157
10159
10160
10162
10164
10167
10170
10171
10173
10175
10177
10265
10267
10268
10271
10274
10278
10281
10282
10283
10285
10286
10287
10288
10289
10291
10292
10298
10393
10395
10397
10398
11526
11527
11529
11532
11535
11536
11647
11649
11654
11656
11657
11658
11659
11661
11662
11663
11665
11668
11672
11767
11769
11770
11776
11778
11781
11782
11785
11786
11787
11789
11790
11793
11795
11796
11799
11801
11802
11886
11888
11890
11894
11895
11896
11897
11898
11899
11902
11904
11908
11909
11910
11911
11913
11916
11923
11924
12017
12023
12027
12029
12035
12037
12040
12041
12043
12045
