1771
1779
1780
1781
1783
1784
1786
1787
1788
1791
1792
1887
1889
1893
1898
1901
1902
1903
1904
1905
1909
1911
1912
1913
1914
1915
1917
1919
1922
1924
2010
2013
2015
2016
2019
2023
2026
2028
2030
2031
2034
2035
2038
2040
2041
2042
2045
2046
2050
2051
2147
2148
2149
2150
2151
2153
2158
2160
2161
2162
2163
2170
2175
2176
2178
2261
2262
2264
2265
2266
2267
2271
2272
2273
2277
2279
2280
2281
2283
2286
2289
2291
2292
2296
2297
2299
2391
2394
2397
2399
2400
2401
2402
2403
2405
2406
2407
2408
2409
2412
2414
2416
2417
12904
12905
13027
13028
13029
13030
13033
13034
13036
13038
13039
13150
13151
13153
13155
13158
13160
13161
13164
13273
13276
13278
13279
13281
13287
13288
13400
13402
13406
15897
15898
15900
15901
15906
15907
15908
15911
15913
15915
15917
16021
16024
16030
16031
16032
16034
16037
16038
16039
16041
16044
16144
16145
16146
16148
16150
16152
16155
16158
16159
16161
16279
16280
16284
