3893
3901
3906
3910
3912
3914
3917
4013
4015
4016
4018
4020
4021
4023
4024
4027
4028
4031
4032
4039
4042
4043
4044
4046
4047
4048
4049
4142
4143
4144
4145
4153
4155
4160
4163
4164
4165
4166
4177
4259
4263
4264
4265
4267
4268
4269
4272
4274
4276
4277
4279
4282
4284
4287
4289
4290
4291
4294
4299
4390
4391
4392
4394
4399
4401
4402
4403
4404
4405
4406
4409
4410
4413
4416
4420
4424
4523
4525
4526
4527
4531
4538
4539
4540
9270
9274
9277
9283
9285
9286
9288
9289
9389
9390
9394
9395
9398
9403
9406
9409
9410
9411
9412
9413
9422
9424
9523
9524
9525
9526
9527
9539
9540
9546
9548
9550
9643
9644
9646
9648
9649
9650
9653
9654
9659
9662
9663
9665
9667
9775
9776
9777
9778
9780
9785
11274
11276
11281
11282
11283
11284
11393
11395
11396
11397
11398
11399
11400
11403
11406
11407
11410
11411
11413
11419
11521
11524
11526
11528
11531
11533
11534
11540
11541
11544
11647
11654
11659
