3649
3655
3658
3659
3663
3665
3668
3769
3772
3773
3777
3781
3783
3785
3787
3789
3794
3795
3797
3887
3888
3893
3897
3898
3899
3901
3904
3907
3911
3912
3914
3915
3917
3920
3921
3923
4009
4010
4014
4015
4019
4022
4023
4026
4028
4029
4030
4031
4034
4035
4036
4040
4041
4043
4044
4046
4047
4048
4137
4138
4139
4143
4144
4147
4148
4149
4150
4153
4155
4156
4158
4162
4165
4167
4168
4173
4175
4176
4179
4264
4265
4268
4269
4275
4278
4280
4282
4284
4286
4290
4292
4293
4294
4295
4296
4297
4298
4301
4302
4386
4388
4389
4390
4393
4394
4397
4399
4400
4402
4404
4405
4406
4407
4409
4411
4413
4414
4416
4417
4420
4422
4425
4426
4515
4518
4519
4520
4521
4525
4527
4528
4530
4532
4533
4534
4538
4546
4646
4649
4652
4655
4660
4661
4662
4667
4668
7029
7032
7152
7154
7159
