281
282
283
284
286
288
393
397
399
400
403
406
408
410
411
414
415
419
420
516
517
519
522
524
527
529
530
531
532
533
534
535
536
538
541
542
543
544
545
549
638
640
643
644
645
648
650
655
660
661
662
666
668
669
672
673
675
676
763
765
766
768
770
772
774
776
777
780
783
784
786
788
789
790
792
794
797
800
887
890
891
895
898
899
900
901
902
903
905
906
910
913
914
916
921
922
923
1018
1020
1021
1022
1023
1026
1027
1028
1029
1031
1032
1033
1035
1036
1037
1040
1044
1045
1046
1047
1151
1152
1154
1158
1161
1162
2789
2894
2897
2909
2913
2914
2915
2916
2919
3017
3022
3023
3025
3026
3030
3031
3033
3034
3036
3040
3041
3042
3043
3045
3047
3136
3138
3139
3143
3147
3149
3151
3154
3155
3157
3158
3159
3161
3162
3165
3170
3173
3260
3265
3266
3267
3270
3271
3274
3275
3277
3278
3279
3281
3282
3286
3289
3291
3292
3293
3298
3299
3301
3385
3386
3388
3389
3395
3396
3399
3400
3402
3403
3404
3406
3407
3409
3411
3412
3413
3414
3418
3419
3422
3423
3424
3425
3520
3523
3524
3525
3526
3527
3528
3540
3543
3545
3547
3645
3648
3649
3654
3655
3657
3660
3663
3664
3667
5648
5650
5652
5656
5659
5661
5662
5663
5771
5775
5777
5786
5788
5789
5792
5795
5891
5893
5895
5903
5905
5906
5913
5915
5918
5920
6015
6018
6019
6023
6024
6033
6035
6036
6038
6040
6045
6048
6051
6139
6141
6143
6144
6145
6146
6147
6148
6150
6151
6152
6155
6159
6163
6168
6170
6172
6259
6262
6264
6265
6268
6269
6270
6272
6273
6274
6275
6279
6280
6284
6285
6286
6292
6296
6297
6299
6303
6385
6386
6388
6390
6392
6393
6394
6399
6400
6403
6406
6409
6410
6413
6416
6426
6511
6522
6524
6529
6531
6532
6534
6537
6539
6540
6541
6544
6546
6547
6548
6552
6635
6636
6637
6639
6640
6646
6647
6650
6652
6657
6659
6660
6663
6673
6674
6675
6676
6677
6760
6761
6762
6764
6769
6775
6777
6778
6779
6781
6782
6783
6784
6788
6790
6791
6793
6794
6798
6890
6891
6895
6899
6901
6902
6903
6906
6907
6908
6910
6913
6915
6917
6918
6923
6924
6925
7016
7017
7018
7025
7027
7028
7030
7031
7033
7034
7036
7040
7043
7044
7046
7048
7143
7145
7146
7147
7148
7151
7156
7159
7160
7162
7166
7167
7168
7169
7273
7274
7277
7281
7283
7285
7287
7290
13535
13538
13539
13650
13651
13652
13653
13657
13658
13659
13662
13669
13670
13768
13769
13771
13773
13778
13781
13784
13793
13796
13797
13889
13892
13893
13895
13896
13898
13900
13901
13905
13908
13909
13911
13914
13915
13919
13920
13922
13926
14014
14022
14025
14028
14032
14035
14036
14038
14039
14041
14046
14047
14048
14050
14052
14135
14141
14145
14146
14148
14150
14154
14155
14157
14158
14161
14162
14165
14167
14168
14171
14172
14173
14175
14259
14260
14261
14264
14268
14271
14272
14274
14276
14280
14281
14283
14285
14287
14292
14293
14294
14295
14301
14303
14384
14386
14392
14393
14397
14399
14400
14401
14402
14406
14410
14411
14412
14414
14416
14417
14419
14421
14422
14424
14425
14428
14511
14513
14514
14515
14516
14517
14518
14525
14527
14533
14534
14535
14536
14537
14539
14540
14542
14543
14547
14551
14553
14634
14636
14639
14642
14643
14644
14645
14646
14650
14652
14653
14656
14657
14658
14659
14660
14663
14668
14671
14672
14676
14677
14764
14767
14771
14773
14776
14783
14784
14785
14786
14789
14794
14796
14798
14799
14800
14894
14896
14897
14898
14900
14901
14902
14904
14905
14906
14907
14909
14910
14912
14914
14917
14918
14920
14921
14922
15026
15027
15030
15033
15034
15035
15036
15038
15039
15042
15043
15044
15045
15046
15147
15148
15155
15158
15163
15165
17019
17029
17031
17032
17033
17034
17138
17142
17143
17144
17145
17154
17155
17158
17159
17168
17169
17173
17263
17264
17270
17272
17276
17282
17285
17288
17289
17292
17294
17296
17297
17300
17301
17302
17303
17385
17387
17388
17389
17391
17395
17396
17398
17399
17402
17406
17407
17408
17409
17412
17416
17421
17423
17424
17426
17510
17511
17512
17513
17524
17525
17526
17528
17529
17530
17533
17534
17535
17536
17537
17538
17541
17542
17543
17545
17547
17550
17552
17553
17637
17639
17640
17644
17645
17654
17655
17659
17660
17663
17668
17671
17672
17673
17764
17765
17776
17777
17779
17780
17783
17785
17791
17794
17797
17897
17900
17902
17903
17905
17906
19522
19524
19528
19530
19531
19532
19650
19651
19655
19657
19658
19660
19662
19663
19664
19665
19667
19669
19673
19763
19764
19767
19768
19769
19770
19772
19774
19776
19777
19781
19783
19788
19789
19792
19793
19795
19801
19802
19888
19890
19892
19894
19904
19908
19909
19911
19912
19916
19918
19919
19922
19923
20012
20013
20017
20018
20021
20022
20025
20026
20027
20028
20030
20031
20032
20037
20038
20039
20043
20045
20047
20050
20051
20136
20139
20141
20143
20144
20145
20147
20148
20151
20154
20157
20160
20161
20166
20167
20168
20171
20268
20269
20270
20271
20274
20275
20279
20281
20283
20289
20293
20296
20394
20400
20402
20404
20409
20410
20417
