16
17
18
21
24
27
30
32
33
35
37
42
44
45
154
156
161
13654
13658
13775
13776
13778
13787
13789
13791
13894
13899
13900
13902
13903
13904
13907
13910
13911
13919
14018
14019
14020
14021
14022
14024
14029
14030
14032
14037
14044
14146
14147
14152
14154
14156
14157
14158
14165
14167
14273
14274
14277
14278
14280
14281
14286
16144
16145
16148
16151
16156
16157
16161
16162
16166
16167
16263
16267
16268
16269
16272
16274
16275
16277
16280
16284
16287
16289
16294
16296
16302
16391
16394
16397
16398
16399
16400
16402
16404
16405
16406
16409
16411
16414
16415
16417
16418
16420
16422
16427
16428
16512
16516
16517
16518
16520
16523
16525
16527
16528
16532
16534
16535
16537
16538
16539
16540
16541
16544
16545
16546
16547
16548
16551
16641
16642
16647
16649
16652
16653
16658
16660
16662
16663
16664
16666
16668
16671
16672
17900
17906
17907
17908
17910
17911
17912
18013
18016
18020
18021
18022
18025
18026
18027
18032
18033
18035
18037
18038
18040
18041
18043
18044
18047
18142
18145
18148
18151
18154
18158
18159
18164
18166
18168
18171
18172
18177
18262
18268
18269
18273
18274
18276
18277
18278
18281
18284
18285
18286
18287
18288
18290
18293
18294
18297
18390
18393
18394
18396
18398
18400
18405
18406
18411
18412
18416
18417
18418
18421
