12
13
16
17
18
21
22
26
30
31
33
34
37
38
41
42
44
45
46
48
51
142
143
144
146
147
151
152
153
156
158
160
164
165
168
170
173
268
270
271
272
273
277
281
282
283
285
287
288
290
294
295
400
405
407
408
414
415
416
5394
5399
5405
5406
5408
5410
5412
5414
5415
5417
5513
5515
5517
5518
5523
5524
5526
5530
5532
5533
5534
5535
5537
5539
5540
5541
5542
5544
5638
5639
5641
5643
5645
5646
5648
5649
5652
5653
5656
5659
5663
5664
5665
5666
5671
5673
5674
5762
5763
5766
5768
5769
5772
5776
5777
5778
5780
5781
5785
5786
5787
5790
5791
5792
5794
5799
5802
5886
5888
5890
5892
5894
5895
5897
5898
5902
5905
5911
5913
5914
5917
5922
6010
6012
6015
6016
6017
6018
6022
6023
6025
6027
6029
6031
6033
6035
6036
6038
6040
6044
6048
6049
6052
6054
6140
6145
6146
6153
6154
6157
6158
6163
6164
6168
6173
6175
6176
6261
6263
6265
6266
6267
6268
6276
6278
6281
6283
6287
6288
6289
6290
6291
6295
6297
6388
6391
6393
6396
6397
6400
6402
6405
6406
6407
6414
6417
6419
6522
6523
6525
6526
6528
6532
6536
6537
6538
6539
6540
6541
6542
6543
11529
11533
11534
11646
11647
11654
11655
11656
11657
11663
11668
11669
11771
11775
11782
11783
11785
11786
11787
11791
11795
11892
11898
11902
11903
11905
11909
11911
11918
11920
11923
12014
12015
12020
12023
12027
12030
12033
12034
12036
12037
12039
12041
12047
12141
12144
12148
12149
12150
12153
12155
12156
12159
12160
12162
12164
12166
12167
12169
12172
12265
12266
12268
12269
12270
12271
12272
12273
12275
12279
12284
12285
12287
12289
12290
12298
12391
12394
12397
12398
12403
12404
12406
12415
12420
12522
12523
12525
12526
12527
12533
12538
