282
287
395
398
399
406
407
413
414
416
420
421
516
519
523
529
530
532
539
540
544
545
547
641
644
645
647
655
657
658
662
665
668
669
671
769
770
773
776
777
778
782
783
785
786
790
791
793
794
900
4147
4150
4151
4154
4156
4159
4164
4165
4166
4168
4268
4269
4275
4280
4281
4282
4283
4284
4288
4293
4296
4297
4389
4390
4391
4392
4394
4395
4396
4401
4402
4403
4404
4408
4410
4411
4412
4414
4415
4419
4423
4516
4518
4520
4521
4523
4524
4525
4529
4530
4532
4536
4537
4538
4539
4546
4547
4644
4648
4651
4654
4657
4660
4661
4663
10033
10036
10038
10039
10140
10141
10142
10146
10150
10151
10153
10154
10156
10159
10162
10171
10262
10264
10270
10271
10273
10277
10278
10279
10280
10286
10287
10290
10295
10298
10302
10303
10385
10386
10392
10393
10395
10397
10398
10400
10402
10403
10406
10407
10409
10411
10415
10416
10421
10427
10513
10516
10520
10521
10522
10523
10526
10531
10534
10535
10536
10542
10543
10545
10546
10548
10643
10648
10649
10650
10651
10655
10656
10657
10658
10661
10663
10664
10665
10666
10667
10668
10671
10675
10771
10773
10776
10778
10781
10787
10788
10790
10791
10792
10794
10795
