901
903
904
905
906
908
910
911
913
1019
1020
1024
1026
1027
1028
1029
1034
1036
1038
1043
1044
1152
1155
1157
1163
1166
1168
2520
2522
2523
2525
2532
2533
2537
2541
2642
2643
2644
2647
2648
2649
2651
2654
2655
2656
2657
2660
2661
2662
2664
2665
2666
2669
2677
2760
2762
2766
2767
2772
2773
2775
2776
2778
2780
2782
2783
2784
2785
2787
2789
2791
2794
2795
2796
2797
2798
2799
2803
2892
2897
2899
2901
2902
2906
2911
2912
2917
2918
2921
2923
2925
2926
3015
3019
3022
3024
3025
3031
3034
3038
3040
3042
3047
4274
4276
4277
4279
4287
4289
4389
4391
4392
4396
4400
4402
4404
4405
4409
4410
4412
4413
4414
4416
4417
4419
4420
4422
4512
4515
4520
4522
4523
4524
4526
4528
4529
4530
4531
4532
4535
4536
4538
4539
4542
4546
4547
4551
4642
4643
4644
4648
4649
4650
4651
4652
4654
4655
4659
4660
4662
4665
4667
4671
4674
4770
4772
4776
4777
4778
4779
4780
4782
4783
4785
4786
4789
4790
4798
