4153
4155
4156
4166
4269
4270
4273
4277
4278
4282
4291
4395
4399
4401
4405
4407
4408
4409
4411
4415
4416
4419
4420
4521
4525
4526
4528
4531
4536
4537
4538
4539
4646
4649
4652
4659
4660
4663
4664
4667
4773
4781
7028
7033
7144
7145
7147
7148
7149
7150
7153
7154
7155
7156
7158
7159
7160
7162
7163
7164
7166
7167
7168
7170
7171
7267
7269
7271
7272
7277
7279
7281
7282
7283
7284
7290
7291
7293
7300
7386
7391
7394
7397
7399
7402
7403
7404
7406
7407
7408
7412
7414
7415
7416
7417
7418
7420
7421
7422
7425
7509
7512
7513
7518
7519
7521
7523
7525
7527
7528
7533
7534
7535
7539
7545
7546
7548
7552
7634
7635
7637
7639
7641
7642
7645
7647
7651
7652
7655
7657
7659
7663
7667
7668
7669
7670
7675
7676
7678
7761
7764
7768
7770
7775
7776
7778
7779
7780
7784
7785
7790
7791
7793
7798
7799
7801
7886
7887
7889
7892
7893
7894
7895
7901
7903
7904
7905
7906
7908
7909
7911
7915
7918
7927
8012
8016
8024
8029
8030
8032
8033
8034
8036
8038
8039
8040
8044
8045
8046
8047
8048
8144
8146
8147
8150
8152
8156
8162
8168
8169
8281
8282
