32
145
146
147
151
154
155
156
157
163
165
168
170
264
272
274
277
278
281
284
285
286
287
288
291
292
294
295
300
389
391
395
399
401
404
406
407
410
411
417
419
421
427
513
516
517
519
520
521
525
526
528
529
532
535
536
537
542
543
549
552
637
641
642
648
649
653
654
655
658
659
660
661
663
668
669
772
774
776
777
778
782
783
788
789
790
793
794
795
796
798
799
800
889
891
892
897
899
900
903
906
908
910
913
918
920
923
1022
1032
1035
1038
1040
1041
1042
1044
1154
1156
1161
17653
17654
17656
17659
17661
17765
17768
17770
17771
17773
17776
17777
17778
17779
17780
17782
17784
17786
17787
17788
17789
17793
17795
17796
17886
17892
17893
17896
17897
17900
17903
17904
17905
17907
17908
17911
17916
17917
17918
17923
17925
17926
18015
18016
18018
18019
18024
18025
18026
18027
18031
18033
18035
18038
18043
18046
18047
18048
18049
18050
18134
18136
18138
18139
18140
18143
18144
18145
18146
18147
18148
18150
18151
18152
18153
18156
18158
18159
18160
18161
18162
18163
18169
18171
18172
18173
18174
18176
18177
18259
18260
18265
18269
18270
18271
18272
18276
18278
18279
18280
18281
18283
18286
18291
18293
18298
18300
18301
18386
18387
18389
18390
18392
18393
18405
18406
18407
18412
18417
18419
18424
18425
18426
18516
18517
18518
18519
18520
18523
18524
18525
18530
18534
18535
18536
18539
18540
18541
18542
18543
18544
18545
18546
18644
18645
18650
18653
18654
18656
18658
18661
18667
