1773
1776
1778
1781
1787
1789
1791
1792
1888
1889
1890
1891
1893
1896
1897
1898
1900
1903
1906
1909
1921
1922
1923
1924
2015
2016
2017
2020
2024
2026
2029
2030
2032
2034
2035
2036
2037
2043
2044
2045
2046
2047
2139
2140
2142
2146
2149
2150
2151
2152
2153
2155
2156
2157
2158
2162
2163
2164
2165
2169
2170
2171
2172
2173
2174
2262
2266
2268
2269
2271
2275
2278
2281
2282
2283
2288
2291
2293
2299
2391
2397
2399
2401
2402
2403
2405
2408
2409
2410
2414
2415
2416
2419
2421
2526
2527
2530
2532
2535
2536
4267
4268
4269
4272
4274
4275
4276
4278
4280
4282
4287
4290
4293
4295
4391
4392
4393
4396
4398
4400
4402
4403
4408
4411
4412
4413
4419
4420
4423
4425
4511
4512
4513
4515
4516
4525
4526
4529
4531
4533
4536
4537
4538
4545
4546
4548
4550
4552
4639
4642
4643
4645
4646
4647
4648
4650
4654
4655
4662
4666
4669
4674
4675
4678
4762
4764
4766
4767
4771
4773
4775
4777
4780
4781
4783
4784
4786
4787
4788
4789
4790
4791
4793
4798
4889
4890
4891
4892
4895
4900
4902
4903
4905
4909
4911
4915
4919
4921
5022
5023
5027
5029
5030
5031
5034
5040
5041
5155
5156
5158
6775
6779
6786
6787
6788
6791
6793
6794
6795
6890
6897
6898
6907
6910
6912
6914
6917
6918
7011
7014
7026
7030
7031
7032
7033
7038
7039
7045
7046
7047
7049
7052
7053
7135
7138
7139
7142
7143
7144
7145
7146
7149
7150
7151
7152
7153
7154
7155
7160
7162
7163
7164
7167
7168
7169
7170
7172
7173
7176
7179
7262
7267
7268
7271
7272
7274
7277
7278
7283
7286
7287
7288
7289
7291
7292
7297
7300
7301
7387
7392
7393
7397
7398
7403
7404
7412
7415
7420
7422
7424
7514
7519
7520
7521
7524
7525
7526
7528
7529
7530
7531
7533
7535
7536
7538
7539
7540
7542
7649
7655
7660
9268
9269
9270
9271
9273
9275
9276
9278
9279
9283
9285
9286
9288
9292
9293
9294
9395
9398
9399
9401
9402
9408
9412
9413
9415
9416
9419
9510
9511
9515
9516
9520
9522
9523
9524
9528
9529
9530
9532
9535
9543
9544
9546
9641
9645
9646
9649
9652
9653
9655
9656
9657
9660
9661
9662
9663
9665
9666
9667
9669
9671
9672
9673
9675
9678
9679
9760
9761
9764
9769
9770
9772
9773
9774
9775
9776
9777
9779
9780
9781
9783
9786
9787
9790
9791
9794
9797
9800
9801
9887
9889
9893
9895
9897
9898
9903
9904
9905
9906
9908
9909
9910
9913
9914
9923
10016
10017
10020
10023
10024
10028
10032
10033
10037
10038
10039
10040
10042
10045
10046
10145
10147
10149
10151
10153
10155
10157
10159
11772
11773
11774
11775
11779
11780
11781
11785
11787
11789
11793
11893
11896
11898
11900
11902
11904
11905
11906
11908
11909
11910
11911
11912
11914
11915
11916
11925
12012
12019
12024
12029
12030
12038
12039
12040
12041
12043
12046
12047
12048
12049
12050
12051
12135
12136
12138
12139
12140
12142
12143
12146
12147
12149
12150
12153
12157
12161
12162
12165
12166
12169
12172
12177
12259
12260
12261
12265
12266
12272
12273
12275
12277
12278
12279
12282
12283
12288
12293
12296
12300
12301
12388
12389
12393
12396
12398
12399
12403
12405
12406
12410
12412
12413
12414
12415
12419
12422
12423
12424
12427
12513
12514
12515
12517
12519
12520
12522
12523
12524
12529
12530
12531
12533
12534
12535
12537
12539
12540
12542
12543
12545
12547
12644
12647
12651
12654
12658
12659
12663
12668
