3551
3553
3555
3556
3678
3681
3683
3684
3688
13550
13551
13552
13554
13555
13556
13561
13562
13678
13680
13681
13682
13684
13685
13686
13688
13695
13792
13797
13799
13801
13802
13804
13806
13807
13808
13809
13811
13812
13813
13817
13818
13819
13822
13823
13913
13914
13915
13920
13927
13928
13930
13931
13933
13935
13937
13944
13945
13946
13947
14036
14037
14040
14042
14043
14045
14047
14050
14052
14054
14055
14057
14061
14068
14073
14076
14078
14160
14163
14166
14168
14169
14172
14173
14178
14180
14182
14184
14185
14189
14193
14196
14197
14198
14287
14288
14296
14297
14299
14302
14303
14304
14308
14314
14315
14316
14320
14321
14323
14324
14325
14328
14409
14410
14417
14418
14419
14420
14421
14425
14427
14430
14434
14436
14437
14438
14439
14440
14441
14442
14443
14448
14450
14451
14453
14541
14544
14545
14547
14549
14550
14551
14553
14555
14556
14560
14562
14563
14571
14572
14573
14574
14576
14660
14662
14667
14668
14670
14672
14674
14676
14679
14680
14685
14686
14691
14694
14695
14699
14700
14701
14786
14788
14791
14794
14796
14797
14798
14801
14802
14804
14806
14808
14809
14812
14815
14818
14820
14826
14912
14915
14916
14919
14923
14924
14925
14928
14930
14931
14932
14936
14942
14947
15039
15047
15050
15051
15053
15054
15055
15057
15058
15059
15062
15064
15065
15171
15174
15175
15180
15181
15182
15185
15186
19548
19551
19555
19556
19557
19558
19564
19566
19567
19568
19667
19671
19674
19676
19678
19680
19683
19687
19690
19692
19796
19798
19799
19803
19805
19807
19810
19812
19815
19816
19820
19821
19916
19920
19921
19922
19929
19934
19937
19938
19940
19942
19944
19947
20043
20044
20047
20048
20050
20052
20059
20061
20064
20069
20172
20176
20179
20180
20181
20183
20185
20186
20187
20188
