14655
14656
14659
14768
14771
14773
14775
14776
14779
14782
14783
14786
14787
14789
14888
14892
14895
14896
14897
14900
14906
14907
14911
14912
14914
15015
15016
15017
15021
15023
15025
15026
15033
15034
15035
15039
15040
15041
15043
15044
15136
15137
15138
15140
15145
15149
15150
15151
15153
15154
15160
15161
15162
15255
15258
15260
15263
15264
15265
15266
15268
15269
15270
15272
15273
15275
15281
15283
15284
15289
15291
15294
15386
15394
15395
15399
15400
15401
15403
15404
15406
15407
15408
15412
15415
15421
15422
15506
15508
15509
15510
15511
15512
15513
15514
15516
15520
15521
15523
15525
15527
15528
15529
15530
15532
15533
15536
15540
15541
15543
15548
15549
15632
15633
15634
15635
15638
15639
15640
15643
15646
15650
15652
15654
15657
15660
15668
15669
15671
15672
15758
15761
15764
15765
15766
15768
15771
15772
15774
15777
15778
15780
15781
15782
15783
15784
15787
15790
15791
15792
15793
15797
15887
15896
15897
15898
15899
15902
15911
15912
15913
15914
15915
15916
15917
15919
15920
15922
16005
16006
16007
16010
16013
16014
16016
16017
16019
16022
16024
16028
16030
16032
16033
16035
16036
16037
16042
16043
16132
16136
16139
16140
16141
16146
16152
16153
16156
16158
16161
16164
16168
16265
16268
16275
16276
16277
16281
16291
16393
16397
16398
16400
16402
16403
16406
16407
18772
18773
18774
18776
18779
18780
