1015
1017
1018
1019
1021
1022
1024
1026
1027
1029
1030
1031
1033
1035
1036
1038
1135
1139
1140
1141
1143
1145
1147
1150
1151
1163
1165
1167
1266
1267
1268
1269
1271
1274
1275
1277
1280
1282
1283
1285
1286
1287
1288
1291
1292
1297
1383
1384
1386
1388
1389
1394
1396
1398
1400
1403
1406
1410
1411
1414
1415
1417
1418
1419
1420
1505
1510
1511
1514
1517
1518
1524
1526
1528
1529
1532
1535
1536
1537
1540
1541
1542
1546
1548
1629
1630
1634
1635
1636
1641
1643
1644
1645
1647
1648
1651
1652
1653
1655
1657
1661
1662
1663
1672
1673
1755
1756
1759
1760
1765
1766
1771
1777
1782
1786
1789
1791
1793
1797
1885
1887
1888
1890
1895
1896
1900
1902
1905
1908
1910
1911
1912
1914
1915
1916
1918
1919
2009
2010
2012
2020
2022
2025
2026
2029
2030
2032
2034
2036
2038
2144
2145
2148
2151
2154
2156
2157
2159
2160
2161
