1422
1424
1425
1427
1428
1431
1440
1538
1539
1541
1542
1547
1551
1554
1555
1556
1557
1558
1564
1566
1567
1570
1662
1664
1665
1666
1668
1669
1673
1675
1677
1679
1680
1686
1687
1688
1690
1693
1694
1695
1696
1698
1701
1703
1786
1787
1791
1793
1794
1797
1799
1809
1810
1812
1814
1816
1819
1820
1825
1826
1912
1914
1915
1916
1920
1922
1927
1929
1930
1936
1938
1939
1940
1942
1943
1946
1947
1948
2044
2047
2048
2049
2055
2057
2058
2059
2060
2065
7921
7925
7927
7933
7935
7937
7938
8043
8046
8048
8053
8056
8061
8062
8066
8070
8072
8166
8167
8168
8171
8172
8173
8174
8176
8178
8180
8182
8183
8187
8188
8191
8194
8195
8291
8293
8295
8298
8304
8306
8307
8311
8312
8313
8315
8317
8321
8322
8412
8413
8414
8420
8421
8423
8425
8429
8432
8436
8437
8438
8442
8448
8452
8536
8538
8540
8547
8548
8550
8552
8553
8554
8555
8558
8559
8560
8563
8564
8565
8568
8570
8571
8572
8574
8575
8576
8661
8663
8667
8671
8675
8677
8678
8679
8684
8685
8687
8688
8698
8700
8701
8787
8789
8790
8791
8795
8796
8806
8809
8810
8814
8815
8816
8820
8822
8823
8826
8911
8912
8917
8918
8919
8923
8924
8925
8928
8936
8939
8942
8944
8945
8946
8947
9039
9040
9041
9043
9047
9048
9049
9052
9053
9054
9055
9056
9057
9058
9059
9063
9070
9073
9074
9161
9162
9165
9167
9170
9172
9174
9176
9177
9179
9180
9181
9183
9186
9190
9191
9192
9197
9198
9199
9200
9286
9287
9288
9290
9294
9296
9297
9298
9301
9305
9307
9310
9312
9316
9318
9321
9322
9323
9412
9416
9419
9421
9426
9433
9434
9435
9437
9440
9441
9442
9445
9446
9447
9448
9540
9542
9545
9549
9551
9553
9555
9559
9563
9565
9568
9572
9574
9575
9666
9667
9669
9670
9672
9675
9676
9679
9681
9683
9685
9693
9696
9789
9791
9792
9793
9800
9802
9808
9810
9811
9814
9815
9818
9819
9821
9822
9823
9916
9923
9925
9927
9929
9932
9936
9937
9938
9941
9945
10040
10042
10045
10048
10049
10053
10054
10056
10060
10061
10063
10064
10065
10067
10068
10071
10073
10168
10169
10172
10176
10179
10180
10183
10184
10185
10187
10190
10191
10196
10197
10289
10291
10297
10299
10300
10302
10304
10307
10311
10315
10320
10424
10426
10428
10430
10431
10434
10438
10442
10443
10545
10546
10549
10551
10553
10554
10556
10557
10558
10561
10562
10563
10567
10569
10670
10671
10676
10680
10681
10684
10685
10687
10688
10690
10795
10796
10800
10802
10804
10807
10811
10812
10816
10818
10819
15176
15184
15303
15307
15427
15428
15432
15436
15554
15555
15556
15558
15560
20673
20674
20675
20678
20680
20687
20689
20692
20694
20696
20790
20796
20797
20798
20802
20803
20806
20807
20808
20809
20810
20811
20813
20814
20818
20821
20822
20826
20912
20914
20916
20918
20920
20921
20923
20924
20927
20928
20929
20931
20932
20934
20935
20938
20941
20944
20945
20949
20951
