1637
1640
1641
1643
1647
1649
1656
1659
1660
1661
1662
1666
1757
1760
1761
1765
1770
1772
1773
1774
1775
1777
1780
1782
1784
1785
1786
1790
1792
1794
1797
1889
1892
1893
1894
1896
1897
1898
1899
1900
1907
1909
1913
1922
2005
2010
2012
2013
2016
2019
2020
2021
2023
2026
2028
2030
2031
2032
2033
2038
2040
2134
2136
2137
2140
2141
2142
2145
2147
2149
2151
2152
2153
2154
2158
2160
2165
2169
2268
2272
2273
2274
2277
2279
2280
8265
8267
8268
8275
8276
8279
8280
8285
8287
8389
8390
8392
8394
8396
8403
8406
8411
8412
8413
8517
8522
8528
8530
8531
8534
8535
8536
8542
8638
8639
8642
8643
8644
8645
8646
8647
8648
8652
8654
8658
8666
8759
8762
8763
8767
8772
8775
8776
8779
8780
8785
8788
8789
8790
8791
8884
8887
8892
8896
8898
8902
8903
8907
8908
8909
8910
8911
8914
8916
8917
9008
9011
9013
9014
9015
9017
9018
9019
9020
9021
9022
9023
9027
9029
9030
9034
9037
9038
9039
9040
9133
9135
9144
9146
9149
9150
9152
9155
9156
9158
9163
9166
9168
9169
9261
9263
9264
9266
9267
9268
9270
9273
9274
9275
9278
9281
9282
9284
9286
9289
9294
9392
9395
9396
9399
9401
9402
9404
9406
9408
9410
9416
9417
9512
9515
9516
9522
9524
9525
9526
9527
9528
9536
9537
9538
9540
9543
9544
9638
9639
9642
9643
9646
9647
9652
9655
9658
9664
9665
9667
9669
9758
9761
9764
9766
9767
9768
9770
9771
9772
9776
9778
9779
9783
9784
9785
9793
9794
9883
9887
9894
9895
9896
9900
9903
9905
9906
9907
9912
9915
9917
10009
10012
10013
10014
10015
10016
10020
10021
10022
10024
10025
10027
10033
10034
10035
10037
10038
10040
10042
10043
10134
10142
10143
10144
10145
10146
10147
10148
10151
10152
10154
10155
10156
10158
10159
10160
10163
10164
10166
10168
10259
10260
10262
10263
10271
10276
10278
10280
10281
10283
10284
10285
10287
10390
10392
10395
10396
10397
10398
10399
10401
10402
10403
10404
10407
10411
10414
10416
10417
10512
10516
10520
10524
10529
10530
10531
10532
10534
10535
10536
10538
10539
10540
10638
10640
10641
10644
10645
10646
10648
10652
10653
10654
10655
10659
10661
10662
10765
10766
10767
10769
10770
10771
10774
10776
10779
10789
10790
10888
10890
10894
10896
10905
10908
10911
10915
11019
11020
11021
11023
11024
11025
11034
11147
11155
11156
11158
11269
11271
11274
11275
11277
11278
11279
11280
11396
11397
11401
11407
15269
15270
15273
15274
15279
15281
15283
15389
15390
15397
15401
15402
15405
15406
15409
15411
15517
15520
15521
15525
15527
15529
15530
15531
15534
15537
15539
15639
15640
15641
15643
15649
15650
15656
15658
15665
15763
15766
15767
15768
15772
15775
15777
15779
15780
15781
15782
15783
15788
15891
15892
15897
15900
15903
15905
15906
15907
15908
15910
15911
16024
16025
16026
16029
20771
20776
20777
20779
20780
20781
20782
20887
20888
20891
20892
20893
20895
20896
20898
20900
20906
20908
20910
20918
21005
21011
21015
21016
21020
21026
21027
21028
21029
21030
21033
21039
21041
21044
