2030
2034
2139
2142
2145
2146
2147
2148
2155
2157
2158
2160
2258
2265
2271
2274
2275
2277
2278
2280
2281
2285
2292
2293
2294
2380
2382
2385
2387
2391
2397
2398
2399
2402
2406
2408
2416
2418
2419
2421
2422
2507
2509
2510
2514
2515
2519
2522
2523
2525
2526
2527
2530
2535
2536
2537
2538
2541
2543
2546
2548
2549
2633
2634
2636
2638
2639
2640
2644
2645
2648
2650
2658
2659
2660
2663
2664
2665
2666
2667
2669
2671
2674
2756
2758
2759
2765
2767
2768
2770
2771
2774
2775
2777
2780
2781
2782
2783
2784
2786
2788
2795
2883
2885
2886
2887
2889
2896
2900
2903
2908
2909
2912
2921
3013
3015
3017
3018
3019
3020
3021
3027
3030
3032
3033
3036
3037
3038
3146
3148
3152
3156
3159
5647
5652
5772
5775
5776
5777
5900
5903
19776
19781
19782
19786
19890
19891
19902
19903
19906
19908
19909
19915
20009
20010
20011
20012
20013
20019
20020
20021
20023
20024
20026
20027
20029
20030
20032
20033
20036
20042
20044
20133
20139
20145
20148
20150
20151
20153
20154
20155
20158
20159
20162
20163
20164
20165
20166
20168
20267
20269
20272
20275
20277
20279
20281
20292
20293
20385
20387
20388
20394
20396
20401
20402
20403
20404
20407
20409
20410
20418
20516
20522
20523
20529
20530
20537
20538
