3796
3799
3803
3805
3807
3810
3812
3821
3915
3921
3928
3930
3933
3934
3935
3937
3939
3940
3941
3943
3944
3947
3950
3951
4036
4037
4042
4046
4051
4056
4059
4062
4063
4064
4069
4070
4071
4075
4162
4164
4166
4167
4175
4179
4180
4181
4183
4185
4186
4187
4188
4193
4196
4199
4202
4286
4288
4291
4292
4294
4298
4300
4301
4302
4303
4304
4305
4307
4308
4315
4317
4318
4319
4320
4324
4325
4328
4415
4416
4417
4418
4419
4421
4422
4423
4424
4426
4428
4429
4434
4436
4438
4440
4441
4442
4445
4446
4448
4449
4451
4537
4539
4541
4543
4549
4550
4551
4553
4554
4556
4557
4558
4559
4560
4561
4562
4563
4564
4565
4566
4570
4572
4574
4667
4673
4674
4677
4678
4681
4682
4683
4684
4686
4688
4694
4695
14802
14805
14807
14810
14811
14814
14925
14928
14929
14930
14941
14943
15044
15045
15047
15048
15050
15053
15056
15060
15061
15062
15065
15066
15067
15069
15070
15169
15170
15171
15172
15174
15178
15181
15182
15183
15187
15188
15189
15190
15290
15293
15294
15296
15298
15299
15300
15302
15304
15305
15308
15309
15310
15311
15312
15315
15316
15318
15319
15416
15418
15420
15421
15422
15424
15425
15430
15431
15432
15434
15435
15436
15446
15540
15541
15546
15547
15552
15560
15562
15567
15667
15668
15670
15671
15676
15678
15680
15682
15684
15691
15692
15696
15794
15795
15796
15804
15805
15808
15811
15812
15815
15816
15820
15922
15924
15925
15927
15929
15930
15931
15932
15941
16052
16057
