778
781
782
892
894
896
897
898
899
903
905
906
910
911
1016
1026
1030
1033
1034
1035
1138
1139
1141
1144
1145
1147
1153
1160
1268
1269
1274
1276
1279
1283
1284
1286
1400
1401
1402
1404
1406
1407
1408
1409
1526
1527
1528
3768
3769
3773
3775
3778
3780
3784
3886
3888
3890
3894
3895
3896
3900
3902
3903
3904
3909
3911
3912
3915
3918
3919
4008
4012
4013
4019
4021
4026
4027
4028
4030
4031
4032
4034
4036
4038
4040
4042
4046
4133
4137
4138
4139
4143
4146
4147
4148
4152
4153
4155
4157
4160
4162
4164
4165
4166
4168
4169
4172
4255
4257
4258
4262
4270
4272
4273
4275
4276
4278
4282
4287
4288
4289
4292
4293
4297
4380
4381
4385
4386
4387
4390
4393
4394
4396
4397
4402
4403
4405
4408
4409
4421
4423
4424
4512
4516
4518
4522
4524
4525
4526
4527
4530
4533
4535
4538
4540
4541
4542
4544
4545
4631
4633
4640
4644
4645
4651
4652
4654
4658
4660
4662
4664
4667
4670
4763
4765
4772
4773
4776
4780
4782
4783
4784
4786
4787
4788
4790
4793
4895
4896
4899
4901
4902
4903
4905
4913
5023
