3776
3778
3779
3781
3782
3783
3784
3785
3793
3794
3795
3889
3891
3892
3893
3896
3898
3899
3904
3907
3909
3913
3917
3918
3919
3920
4012
4013
4014
4023
4025
4026
4027
4030
4032
4033
4035
4036
4039
4041
4047
4135
4139
4140
4145
4146
4147
4148
4149
4150
4152
4153
4156
4158
4160
4162
4163
4166
4170
4171
4173
4175
4177
4179
4263
4264
4265
4266
4270
4271
4272
4273
4275
4276
4277
4278
4281
4282
4285
4288
4295
4297
4299
4387
4390
4391
4393
4395
4396
4400
4401
4402
4404
4409
4411
4412
4415
4420
4421
4422
4424
4426
4516
4517
4518
4522
4525
4527
4528
4531
4535
4541
4542
4642
4644
4645
4647
4650
4654
4658
4661
4664
8650
8652
8656
8662
8663
8769
8772
8779
8780
8785
8786
8790
8794
8891
8892
8894
8895
8899
8901
8904
8906
8909
8915
8917
9018
9020
9024
9026
9028
9029
9030
9034
9035
9037
9038
9039
9041
9043
9044
9045
9144
9145
9147
9148
9149
9150
9158
9162
9164
9167
9171
9275
9277
9280
9282
9283
9285
9287
9288
9292
