24
26
27
29
30
32
33
36
39
40
5024
5026
5027
5034
5035
5036
5037
5038
5043
5140
5141
5142
5143
5144
5147
5149
5152
5154
5155
5160
5162
5163
5165
5169
5174
5264
5266
5268
5272
5273
5275
5278
5279
5281
5284
5286
5290
5293
5294
5387
5388
5389
5390
5394
5401
5404
5405
5410
5411
5412
5415
5419
5422
5423
5424
5427
5510
5512
5515
5516
5517
5521
5527
5529
5531
5533
5535
5536
5543
5544
5545
5549
5550
5552
5635
5636
5637
5640
5646
5648
5649
5650
5651
5652
5653
5656
5658
5659
5665
5670
5673
5675
5759
5760
5762
5764
5766
5767
5769
5770
5773
5775
5776
5784
5785
5787
5788
5789
5791
5792
5796
5798
5800
5887
5889
5893
5894
5896
5897
5898
5899
5903
5904
5907
5908
5910
5912
5915
5916
5923
5924
5926
6013
6014
6020
6021
6023
6024
6027
6028
6030
6036
6037
6040
6041
6043
6046
6048
6049
6145
6146
6154
6156
6157
6158
6159
6162
6166
6167
6169
11156
11159
11273
11277
11281
11284
11286
11287
11289
11291
11292
11392
11396
11397
11399
11400
11403
11405
11406
11407
11408
11409
11414
11415
11416
11417
11418
11419
11422
11515
11522
11524
11525
11526
11535
11536
11540
11545
11638
11647
11649
11650
11651
11653
11655
11658
11664
11666
11671
11674
11765
11767
11768
11770
11772
11773
11774
11775
11776
11777
11783
11785
11786
11787
11790
11791
11798
11892
11894
11895
11896
11900
11902
11905
11909
11910
11912
11913
11916
11917
11919
11921
12018
12020
12021
12022
12024
12026
12031
12033
12036
12039
12040
12042
12043
12145
12146
12148
12152
12153
12156
12160
12161
12166
12167
