5157
5274
5275
5279
5281
5283
5285
5291
5395
5396
5402
5404
5409
5518
5519
5521
5524
5525
5526
5533
5536
5539
5646
5647
5649
5652
5654
5655
5656
5659
5773
5778
5780
5781
5786
5787
8518
8523
8524
8526
8527
8529
8532
8533
8534
8537
8538
8540
8541
8543
8643
8653
8657
8658
8660
8663
8665
8667
8668
8769
8771
8773
8774
8778
8779
8781
8783
8788
8792
8794
8894
8895
8898
8899
8900
8903
8905
8908
8909
8914
8915
8916
9015
9016
9018
9024
9025
9027
9029
9032
9036
9038
9039
9040
9041
9042
9045
9046
9049
9139
9141
9142
9148
9149
9151
9152
9153
9154
9155
9158
9166
9169
9171
9172
9267
9269
9270
9278
9279
9280
9281
9284
9286
9289
9290
9389
9391
9396
9397
9398
9399
9400
9404
9405
9408
9409
9410
9412
9417
9419
9420
9423
9424
9512
9515
9516
9519
9520
9521
9523
9524
9528
9529
9531
9533
9534
9537
9538
9539
9540
9546
9549
9639
9641
9642
9643
9649
9658
9664
9667
9668
9671
9672
9673
9675
9763
9764
9768
9769
9772
9773
9774
9775
9787
9789
9791
9792
9793
9799
9801
9887
9891
9893
9895
9898
9899
9900
9902
9907
9913
9914
9915
9917
9918
9921
9922
9923
9924
10013
10014
10016
10017
10019
10020
10021
10026
10028
10030
10046
10048
10049
10050
10051
10136
10140
10142
10143
10145
10148
10151
10152
10153
10157
10158
10159
10160
10164
10165
10170
10173
10177
10262
10263
10265
10268
10270
10272
10273
10277
10281
10284
10286
10287
10291
10295
10296
10297
10299
10300
10386
10387
10388
10389
10390
10391
10393
10394
10395
10400
10404
10407
10409
10414
10415
10422
10426
10427
10512
10513
10516
10520
10521
10524
10526
10529
10530
10532
10533
10536
10537
10538
10546
10547
10650
10654
10655
10658
10660
10661
10662
10664
10666
10667
10669
10670
10674
10675
10762
10763
10764
10766
10769
10775
10776
10777
10778
10781
10783
10785
10786
10788
10790
10791
10794
10796
10797
10801
10890
10892
10898
10900
10909
10912
10914
10915
10917
10922
10924
10926
11017
11021
11022
11024
11025
11028
11029
11031
11033
11034
11037
11038
11039
11041
11042
11043
11044
11047
11048
11142
11144
11153
11154
11160
11167
11170
11172
11173
11174
11266
11268
11269
11271
11272
11273
11274
11277
11278
11281
11282
11283
11284
11285
11287
11288
11289
11290
11294
11295
11298
11391
11396
11397
11398
11400
11401
11402
11403
11404
11405
11410
11411
11412
11413
11414
11416
11420
11423
11518
11522
11523
11526
11528
11530
11531
11533
11534
11536
11537
11540
11542
11543
11646
11647
11649
11655
11656
11662
11666
11771
11772
11773
11775
11776
11777
11778
11779
11780
11783
11785
11786
11787
11790
11794
11896
11898
11902
11903
11904
11907
11908
11914
11915
11917
11918
14649
14652
14654
14660
14661
14662
14664
14767
14773
14774
14775
14778
14779
14780
14781
14783
14784
14787
14788
14789
14795
14893
14896
14897
14898
14899
14900
14902
14905
14908
14911
14912
14917
14918
14919
14920
14922
14924
15017
15018
15019
15023
15029
15033
15034
15035
15036
15038
15040
15042
15046
15048
15051
15138
15140
15145
15146
15147
15149
15152
15155
15158
15161
15162
15165
15172
15174
15175
15176
15177
15262
15266
15267
15271
15272
15273
15275
15279
15282
15283
15284
15285
15287
15288
15290
15295
15299
15300
15388
15391
15392
15399
15401
15403
15406
15409
15410
15413
15414
15417
15418
15421
15423
15517
15519
15521
15525
15529
15531
15532
15535
15536
15538
15540
15546
15548
15645
15648
15649
15651
15657
15658
15660
15663
