3026
3029
3036
3037
3039
3145
3149
3150
3152
3154
3156
3159
3160
3161
3165
3166
3269
3271
3272
3276
3279
3280
3282
3283
3288
3290
3291
3293
4643
4645
4649
4650
4652
4656
4657
4658
4660
4664
4665
4668
4768
4774
4775
4777
4779
4781
4782
4784
4785
4786
4787
4788
4789
4791
4795
4796
4798
4800
4887
4890
4891
4892
4893
4894
4898
4899
4900
4905
4909
4910
4911
4912
4913
4915
4916
4917
4920
5009
5013
5014
5015
5016
5017
5019
5020
5021
5022
5023
5024
5025
5026
5028
5029
5030
5033
5037
5041
5045
5046
5053
5138
5140
5141
5148
5151
5152
5153
5158
5159
5160
5161
5162
5165
5168
5170
5172
5173
5174
5261
5262
5264
5265
5267
5268
5269
5271
5273
5277
5278
5280
5283
5284
5285
5286
5287
5290
5292
5293
5297
5299
5389
5391
5393
5396
5397
5398
5400
5402
5409
5415
5418
7531
7534
7538
7539
7645
7653
7654
7656
7660
7663
7664
7666
7667
7670
7671
7765
7768
7770
7772
7773
7776
7777
7778
7779
7780
7782
7783
7787
7789
7791
7792
7793
7794
7797
7891
7892
7893
7894
7899
7900
7903
7905
7907
7910
7913
7914
7915
7917
7919
7924
7925
7927
8012
8013
8015
8016
8017
8020
8021
8027
8033
8035
8036
8039
8041
8044
8045
8047
8048
8050
8137
8138
8141
8146
8147
8148
8149
8150
8153
8156
8158
8159
8161
8162
8163
8168
8173
8177
8178
8260
8261
8262
8263
8264
8266
8267
8271
8272
8274
8277
8282
8287
8289
8291
8292
8293
8295
8298
8300
8301
8302
8303
8384
8387
8390
8391
8394
8396
8398
8399
8401
8407
8409
8410
8412
8416
8420
8510
8511
8516
8517
8521
8525
8528
8529
8530
8531
8532
8533
8534
8535
8537
8538
8540
8542
8543
8544
8545
8549
8553
8554
8634
8635
8640
8641
8642
8643
8646
8651
8654
8655
8656
8658
8659
8662
8664
8665
8671
8674
8677
8678
8765
8772
8774
8775
8776
8778
8780
8782
8785
8793
8795
8796
8801
8803
8804
8884
8885
8887
8889
8891
8892
8895
8896
8899
8904
8906
8907
8908
8912
8913
8923
8929
9019
9020
9021
9025
9027
9028
9030
9032
9033
9037
9040
9041
9049
9052
9054
9135
9138
9139
9141
9142
9143
9144
9145
9146
9149
9151
9153
9154
9156
9157
9159
9161
9162
9164
9165
9168
9169
9170
9172
9176
9179
9259
9261
9266
9270
9271
9272
9278
9279
9280
9286
9288
9289
9290
9291
9292
9293
9295
9297
9298
9385
9387
9389
9390
9392
9393
9396
9399
9401
9402
9404
9406
9410
9415
9416
9417
9419
9426
9429
9510
9513
9514
9515
9521
9523
9528
9529
9532
9534
9539
9540
9541
9544
9545
9547
9636
9638
9639
9641
9644
9645
9646
9647
9648
9652
9653
9654
9655
9659
9660
9661
9662
9665
9669
9671
9672
9673
9674
9760
9764
9767
9769
9770
9773
9774
9775
9776
9777
9778
9779
9782
9785
9787
9788
9791
9796
9798
9801
9886
9887
9891
9892
9893
9897
9898
9899
9902
9903
9904
9905
9908
9911
9915
9917
9927
10009
10010
10012
10014
10016
10018
10020
10024
10026
10027
10029
10035
10036
10040
10041
10048
10138
10140
10142
10143
10146
10148
10149
10161
10166
10169
10170
10173
10261
10263
10266
10267
10268
10271
10272
10273
10275
10277
10279
10285
10286
10288
10292
10296
10297
10301
10387
10388
10389
10391
10392
10396
10398
10402
10403
10404
10407
10409
10412
10413
10419
10426
10511
10517
10521
10522
10523
10524
10525
10526
10531
10536
10542
10543
10544
10545
10546
10646
10648
10651
10652
10655
10663
10664
10668
10669
10672
10767
10770
10772
10777
10778
10783
10787
10791
10891
10896
10897
10898
10899
10901
10902
10907
10910
10914
10915
10916
10918
10919
10920
10921
11016
11022
11024
11031
11035
11036
11161
11277
11278
11279
11284
11286
11287
11402
11403
11405
11408
11409
11528
