4017
4024
4027
4029
4031
4032
4033
4035
4036
4037
4041
4042
4043
4045
4138
4139
4142
4143
4151
4155
4156
4157
4161
4162
4163
4164
4169
4171
4172
4173
4175
4261
4263
4266
4267
4269
4270
4271
4272
4274
4276
4279
4280
4281
4282
4283
4290
4291
4292
4295
4298
4300
4387
4389
4393
4396
4398
4401
4402
4403
4404
4405
4406
4413
4415
4416
4419
4422
4423
4517
4519
4523
4526
4528
4529
4533
4534
4535
4540
4541
4544
7027
7028
7033
7034
7035
7036
7037
7153
7160
7162
7164
7277
7278
7279
7287
7288
7289
7406
7409
7410
17890
17893
17894
17895
17896
17897
17899
17900
17906
17908
17911
17912
17914
17919
17920
17922
18012
18014
18022
18023
18024
18028
18029
18030
18037
18039
18044
18049
18052
18135
18142
18144
18145
18146
18147
18149
18151
18153
18156
18157
18159
18160
18164
18166
18168
18169
18170
18171
18259
18260
18262
18263
18268
18270
18275
18278
18283
18285
18288
18289
18290
18292
18293
18295
18297
18298
18301
18387
18396
18397
18403
18404
18406
18408
18409
18411
18414
18416
18417
18418
18419
18420
18421
18521
18523
18525
18529
18530
18531
18534
18536
18540
18542
