1152
1154
1155
1156
1159
1266
1267
1268
1269
1270
1277
1278
1279
1280
1284
1287
1288
1289
1293
1295
1296
1389
1392
1394
1395
1401
1403
1404
1407
1409
1410
1421
1423
1513
1516
1517
1519
1521
1525
1526
1528
1529
1530
1531
1534
1537
1540
1545
1549
1553
1636
1638
1641
1645
1646
1649
1651
1652
1653
1654
1655
1657
1658
1660
1664
1665
1667
1673
1675
1679
1759
1760
1761
1762
1763
1764
1766
1768
1770
1771
1772
1775
1776
1777
1779
1780
1781
1785
1787
1790
1793
1796
1800
1802
1803
1804
1888
1889
1892
1894
1896
1898
1899
1900
1902
1905
1906
1909
1910
1911
1916
1918
1919
1920
1921
1922
1926
2010
2012
2015
2017
2019
2022
2025
2030
2033
2039
2040
2042
2048
2050
2051
2052
2138
2139
2141
2143
2146
2147
2148
2149
2150
2152
2155
2156
2157
2159
2162
2163
2164
2167
2168
2170
2271
2272
2274
2279
2280
2283
2286
2287
2289
2296
2406
2407
20281
