20
23
24
27
28
29
32
36
40
141
142
147
148
149
153
154
159
163
164
168
171
173
263
266
272
273
276
279
280
281
283
285
286
287
291
292
293
295
298
385
388
390
395
397
399
400
401
404
410
413
416
417
421
424
425
426
513
514
515
518
520
521
522
525
528
532
533
534
536
537
539
540
541
542
543
546
547
548
637
638
639
642
643
646
648
650
651
655
656
657
661
663
665
666
676
763
772
773
779
781
784
787
788
790
796
895
900
901
904
905
907
909
911
913
13653
13657
13781
18771
18773
18776
18778
18781
18782
18784
18788
18789
18794
18795
18890
18891
18892
18895
18897
18898
18901
18903
18904
18905
18906
18908
18909
18911
18915
18919
18921
19011
19013
19014
19016
19019
19020
19021
19024
19030
19031
19033
19036
19038
19043
19044
19045
19046
19048
19050
19135
19136
19140
19143
19146
19150
19156
19159
19162
19163
19165
19167
19168
19169
19170
19178
19261
19262
19264
19265
19266
19269
19270
19272
19273
19275
19276
19277
19279
19280
19281
19282
19283
19286
19288
19290
19291
19294
19295
19296
19297
19303
19389
19390
19391
19393
19395
19400
19403
19405
19408
19409
19416
19419
19425
19426
19427
19512
19513
19514
19515
19516
19518
19520
19522
19523
19524
19527
19528
19529
19530
19532
19533
19534
19536
19542
19545
19547
19642
19647
19648
19653
19654
19659
19660
19661
19664
19668
19670
