4167
4168
4170
4171
4172
4174
4175
4177
4180
4189
4192
4193
4195
4196
4292
4294
4295
4296
4299
4301
4302
4307
4314
4315
4320
4322
4326
4411
4412
4414
4415
4419
4420
4421
4423
4424
4425
4427
4428
4434
4437
4440
4442
4446
4447
4449
4451
4453
4534
4544
4546
4549
4551
4553
4556
4558
4560
4562
4563
4566
4567
4570
4571
4572
4574
4579
4659
4663
4673
4676
4677
4681
4684
4685
4686
4687
4688
4689
4691
4695
4696
4697
4785
4787
4792
4793
4794
4799
4801
4803
4807
4808
4812
4813
4817
4819
4821
4822
4827
4913
4914
4915
4917
4918
4921
4923
4924
4925
4931
4932
4935
4937
4941
4943
4944
4947
4949
5042
5044
5045
5046
5047
5049
5052
5059
5061
5064
5065
9049
9051
9053
9055
9059
9062
9063
9170
9171
9173
9174
9181
9182
9183
9184
9185
9186
9187
9189
9195
9294
9300
9304
9305
9307
9311
9314
9317
9319
9322
9416
9417
9418
9419
9422
9426
9428
9429
9430
9433
9434
9435
9440
9441
9443
9447
9448
9546
9547
9548
9549
9551
9555
9556
9557
9559
9560
9563
9564
9565
9570
9676
9686
9687
9800
9803
