4924
4925
4926
4927
4928
4929
4935
4936
4939
4940
4941
4945
5040
5042
5044
5045
5046
5047
5053
5054
5056
5057
5058
5059
5068
5076
5162
5163
5165
5166
5170
5172
5173
5177
5178
5179
5180
5183
5184
5185
5186
5191
5192
5193
5194
5196
5198
5199
5200
5290
5295
5296
5298
5300
5303
5304
5306
5311
5312
5313
5317
5318
5319
5320
5322
5324
5325
5412
5417
5419
5420
5421
5424
5425
5426
5427
5428
5430
5431
5438
5439
5440
5442
5443
5445
5448
5537
5538
5544
5545
5552
5554
5555
5559
5560
5563
5565
5567
5572
5573
5667
5668
5671
5678
5682
5683
5685
5687
5688
5690
5695
10921
10925
10927
10929
10932
10934
10941
11043
11050
11051
11053
11055
11056
11057
11060
11063
11065
11067
11068
11073
11162
11164
11170
11173
11175
11180
11181
11183
11184
11190
11191
11192
11193
11199
11200
11201
11202
11286
11288
11289
11291
11292
11297
11298
11299
11301
11303
11305
11306
11307
11308
11309
11311
11315
11317
11320
11322
11323
11326
11411
11412
11413
11414
11418
11419
11420
11425
11426
11430
11438
11440
11441
11442
11443
11445
11446
11447
11450
11452
11537
11538
11540
11548
11549
11550
11551
11552
11554
11557
11559
11560
11561
11563
11567
11568
11569
11570
11571
11673
11680
11681
11682
11684
