4888
4895
4896
4897
4898
4899
4900
4903
4904
4908
4909
4912
5010
5011
5013
5015
5016
5018
5020
5023
5028
5029
5030
5032
5033
5034
5036
5037
5039
5040
5045
5134
5136
5137
5141
5143
5144
5146
5147
5148
5149
5153
5154
5157
5161
5171
5255
5258
5259
5263
5264
5265
5268
5270
5271
5274
5278
5282
5283
5284
5285
5292
5293
5294
5296
5297
5299
5380
5384
5388
5390
5391
5395
5397
5402
5406
5407
5408
5410
5411
5412
5413
5415
5417
5419
5505
5506
5507
5513
5515
5517
5518
5519
5520
5521
5522
5523
5526
5531
5534
5536
5538
5539
5541
5543
5544
5547
5548
5633
5634
5636
5637
5645
5647
5649
5650
5654
5657
5661
5662
5664
5665
5667
5668
5764
5766
5767
5770
5777
5778
5781
5782
5784
5786
5790
5792
5888
5889
5894
5902
5905
5907
5910
5911
8276
8278
8398
8402
8404
