514
515
521
523
524
528
532
535
540
541
635
636
637
638
639
642
643
644
646
649
652
653
655
656
657
661
667
670
672
756
758
760
762
764
765
767
771
774
778
779
781
784
785
786
790
796
797
798
880
882
888
891
894
895
898
899
900
901
902
903
905
911
912
916
920
1006
1007
1008
1011
1013
1014
1017
1018
1020
1021
1023
1026
1027
1028
1030
1032
1035
1038
1041
1042
1045
1133
1135
1139
1141
1142
1144
1145
1147
1151
1155
1157
1158
1160
1163
1166
1167
1168
1264
1266
1269
1270
1271
1274
1275
1279
1280
1283
1285
3013
3015
3023
3024
3025
3026
3028
3031
3032
3033
3035
3039
3137
3139
3144
3147
3148
3152
3153
3155
3156
3157
3158
3163
3166
3167
3168
3170
3256
3260
3261
3262
3264
3265
3267
3268
3270
3272
3273
3278
3279
3283
3284
3286
3287
3288
3384
3385
3387
3388
3389
3396
3397
3398
3399
3403
3404
3406
3407
3408
3409
3410
3413
3416
3417
3419
3420
3422
3423
3507
3510
3511
3512
3518
3519
3520
3521
3523
3524
3525
3528
3529
3532
3533
3534
3535
3536
3537
3540
3545
3633
3634
3635
3645
3646
3652
3653
3654
3658
3659
3662
3663
3668
3669
3670
3761
3762
3767
3771
3772
3776
3777
3778
3779
3783
3784
3901
5516
5519
5521
5522
5526
5527
5529
5531
5532
5533
5534
5537
5637
5639
5643
5644
5647
5650
5651
5659
5667
5759
5764
5765
5766
5768
5770
5771
5773
5777
5779
5780
5782
5783
5785
5792
5794
5884
5885
5886
5890
5891
5894
5896
5899
5900
5901
5904
5906
5910
5911
5912
5914
5917
5918
5921
6008
6012
6013
6014
6017
6018
6020
6021
6023
6026
6027
6028
6029
6032
6034
6039
6042
6043
6046
6132
6134
6138
6140
6141
6143
6144
6148
6154
6155
6157
6162
6168
6169
6263
6270
6271
6274
6275
6276
6279
6281
6284
6285
6286
6287
8027
8142
8146
8151
8157
8158
8159
8164
8165
8262
8267
8269
8270
8272
8273
8274
8278
8280
8282
8285
8286
8385
8390
8397
8402
8403
8406
8407
8408
8410
8509
8510
8513
8517
8518
8519
8520
8525
8526
8527
8529
8530
8532
8535
8543
8635
8637
8639
8640
8641
8643
8648
8649
8657
8658
8659
8664
8763
8765
8771
8774
8775
8780
8782
8783
10764
10765
10767
10774
10777
10780
10781
10783
10784
10785
10787
10887
10894
10896
10901
10902
10904
10905
10907
10912
10914
10916
11014
11015
11018
11022
11027
11030
11031
11034
11038
11040
11041
11042
11138
11141
11143
11146
11149
11159
11161
11164
11267
11270
11272
11273
11274
11277
11278
13278
13392
13393
13395
13399
13403
13405
13407
13408
13517
13520
13521
13522
13526
13532
13535
13537
13643
13646
13647
13649
13651
13654
13655
13657
