4153
4270
4275
4277
4287
4288
4388
4393
4396
4397
4398
4402
4411
4412
4519
4520
4521
4522
4525
5887
5888
5890
5892
5893
5895
5896
5897
5900
5901
5903
5905
5906
5907
5908
5909
5910
5912
5914
5915
5917
5918
6011
6013
6014
6015
6019
6021
6023
6026
6032
6033
6035
6036
6038
6040
6042
6043
6046
6047
6129
6133
6135
6138
6139
6140
6142
6145
6146
6147
6149
6150
6151
6152
6159
6160
6161
6163
6165
6168
6169
6172
6256
6259
6260
6264
6267
6268
6269
6270
6272
6273
6274
6275
6276
6277
6278
6280
6281
6283
6284
6285
6287
6289
6293
6294
6392
6393
6397
6398
6402
6403
6404
6408
7525
7529
7533
7637
7640
7643
7647
7652
7655
7657
7661
7663
7665
7759
7762
7763
7765
7766
7767
7768
7771
7772
7773
7774
7778
7779
7780
7782
7783
7784
7785
7792
7795
7881
7883
7884
7885
7886
7887
7888
7891
7892
7895
7896
7899
7900
7906
7907
7911
7913
7921
8013
8016
8018
8024
8025
8026
8027
8030
8037
8042
8043
8144
8147
