1769
1770
1771
1772
1775
1776
1777
1781
1783
1784
1899
1900
1901
1903
1905
6766
6768
6770
6772
6774
6775
6786
6787
6885
6886
6889
6891
6892
6893
6894
6895
6896
6897
6898
6900
6901
6903
6906
6907
6908
6909
6912
6913
6914
6915
6917
6918
6919
7008
7010
7011
7013
7016
7017
7018
7019
7021
7023
7028
7029
7030
7032
7035
7036
7042
7043
7044
7045
7132
7133
7135
7136
7139
7142
7143
7144
7145
7150
7151
7154
7155
7156
7157
7158
7159
7163
7167
7168
7171
7255
7259
7263
7266
7267
7268
7270
7271
7272
7273
7274
7275
7276
7281
7284
7285
7286
7289
7291
7292
7293
7294
7297
7385
7391
7394
7396
7398
7400
7401
7404
7406
7410
7412
7414
7417
7517
12261
12266
12269
12273
12275
12276
12277
12280
12281
12282
12283
12286
12288
12290
12385
12387
12390
12393
12395
12397
12399
12400
12401
12402
12406
12407
12413
12419
12508
12510
12512
12516
12517
12520
12522
12526
12532
12635
12638
12639
12643
12644
12645
12649
12651
12652
12653
12654
12655
12656
12658
12659
12663
12770
12772
12773
12776
12777
12780
14267
14272
14275
14276
14278
14282
14286
14289
14387
14389
14392
14393
14396
14397
14399
14403
14406
14408
14410
14412
