3641
3644
3645
3647
3648
3649
3652
3653
3657
3659
3763
3766
3772
3775
3776
3780
3781
3782
3784
3785
3787
3789
3888
3892
3893
3898
3900
3901
3904
3909
3910
3911
3913
4019
4023
4024
4027
4029
4035
4141
4144
4145
4146
4147
4149
4150
4151
4153
4156
4161
4275
4278
6521
6527
6529
6530
6641
6642
6645
6647
6649
6650
6651
6652
6654
6658
6659
6663
6664
6666
6760
6762
6763
6764
6768
6769
6771
6772
6773
6780
6781
6786
6787
6790
6792
6793
6794
6795
6882
6884
6888
6889
6892
6893
6894
6895
6900
6905
6906
6907
6909
6910
6917
6919
6921
6923
7007
7008
7012
7016
7018
7022
7024
7027
7028
7029
7031
7033
7036
7037
7038
7040
7046
7129
7131
7136
7137
7139
7140
7142
7143
7145
7149
7154
7155
7160
7162
7164
7165
7168
7169
7170
7171
7257
7260
7263
7266
7267
7270
7274
7276
7279
7284
7288
7290
7294
7295
7381
7382
7383
7384
7396
7397
7398
7399
7400
7402
7406
7407
7410
7411
7412
7413
7418
7419
7420
7508
7509
7510
7511
7512
7516
7518
7519
7520
7523
7525
7526
7527
7530
7531
7533
7536
7541
7544
7636
7640
7644
7645
7647
7650
7651
7653
7655
7660
7661
7664
7771
7776
7778
