815
819
914
915
917
919
921
925
930
931
933
936
941
942
945
948
1036
1037
1039
1040
1041
1042
1043
1047
1048
1049
1050
1051
1052
1053
1055
1056
1057
1059
1066
1067
1069
1074
1161
1162
1163
1164
1165
1167
1170
1171
1174
1176
1177
1178
1181
1182
1183
1186
1187
1192
1193
1195
1196
1200
1202
1203
1288
1298
1299
1306
1311
1313
1315
1317
1321
1420
1421
1424
1432
1433
1435
1436
2563
2668
2674
2684
2692
2693
2696
2789
2795
2798
2801
2802
2805
2806
2808
2809
2811
2812
2816
2817
2819
2916
2919
2921
2923
2924
2926
2929
2934
2937
2938
2940
2941
2942
2946
2947
3037
3038
3039
3040
3050
3051
3053
3057
3063
3065
3066
3070
3071
3179
12542
12548
12549
12550
12558
12561
12564
12568
12571
12573
12663
12664
12665
12672
12676
12678
12682
12684
12686
12687
12688
12690
12691
12692
12695
12700
12789
12791
12793
12799
12803
12804
12805
12806
12807
12809
12810
12811
12812
12814
12820
12824
12825
12916
12917
12923
12924
12925
12927
12930
12933
12934
12937
12939
14175
14176
14180
14189
14190
14191
14192
14196
14288
14289
14291
14292
14293
14294
14296
14297
14299
14300
14301
14302
14303
14305
14308
14312
14317
14319
14320
14321
