4551
4556
4557
4558
4559
4560
4561
4563
4673
4677
4678
4679
4681
4685
4686
4687
4692
4793
4795
4796
4798
4803
4805
4809
4811
4816
4918
4919
4926
4927
4930
4932
4933
4934
4937
4938
4942
4943
5045
5049
5051
5053
5056
5059
5060
5061
5064
5065
5066
5176
5177
5179
5180
5184
5185
5188
7431
7432
7436
7548
7551
7552
7554
7555
7558
7559
7561
7564
7566
7568
7666
7669
7671
7672
7676
7678
7679
7680
7682
7683
7686
7687
7689
7690
7691
7693
7694
7695
7786
7788
7791
7795
7796
7799
7800
7802
7803
7805
7806
7807
7808
7810
7811
7814
7816
7817
7818
7821
7824
7825
7910
7914
7915
7916
7920
7921
7922
7926
7927
7931
7932
7933
7934
7935
7937
7939
7941
7945
7949
7951
8035
8036
8045
8046
8048
8049
8050
8051
8053
8056
8057
8058
8061
8063
8064
8065
8067
8071
8073
8076
8077
8160
8161
8162
8163
8164
8166
8174
8175
8178
8179
8180
8181
8183
8186
8187
8189
8194
8204
8285
8289
8294
8295
8296
8302
8305
8306
8309
8310
8311
8313
8315
8317
8321
8327
8412
8415
8416
8420
8423
8432
8433
8436
8440
8441
8442
8444
8445
8539
8545
8547
8549
8551
8557
8559
8560
8562
8567
8568
8570
8670
8671
8680
8681
8684
8685
8686
8689
