1894
1897
1898
1901
1902
1903
1905
1908
1909
1912
2013
2021
2025
2026
2027
2040
2133
2134
2137
2139
2141
2149
2150
2151
2152
2156
2157
2161
2163
2167
2168
2170
2258
2259
2261
2262
2263
2266
2268
2270
2271
2273
2274
2275
2276
2277
2280
2284
2287
2288
2291
2292
2293
2295
2383
2385
2387
2391
2393
2394
2396
2397
2398
2402
2404
2407
2408
2414
2415
2417
2418
2419
2422
2512
2515
2516
2518
2519
2521
2523
2524
2525
2526
2527
2529
2530
2534
2535
2536
2540
2541
2543
2547
2633
2639
2640
2641
2642
2644
2649
2650
2652
2653
2654
2656
2657
2658
2659
2660
2663
2666
2668
2669
2670
2759
2763
2764
2766
2768
2769
2771
2773
2776
2781
2783
2784
2786
2788
2791
2888
2890
2892
2893
2896
2902
2904
2905
2909
2911
2913
2915
3021
3022
3023
3026
3028
7892
7895
7896
7897
7899
7907
7909
7911
8014
8016
8018
8019
8020
8021
8022
8026
8029
8030
8031
8033
8035
8037
8040
8041
8134
8136
8137
8141
8143
8146
8147
8148
8149
8151
8157
8159
8162
8164
8168
8171
8256
8257
8258
8262
8266
8268
8271
8273
8274
8275
8276
8284
8288
8289
8294
8296
8380
8381
8382
8386
8387
8392
8395
8397
8402
8403
8405
8406
8408
8409
8413
8420
8421
8509
8510
8511
8514
8517
8518
8519
8520
8522
8527
8534
8537
8538
8539
8541
8543
8544
8545
8546
8549
8632
8641
8643
8644
8648
8652
8654
8656
8658
8659
8661
8667
8668
8757
8758
8761
8767
8768
8770
8771
8772
8775
8776
8777
8780
8783
8784
8785
8789
8790
8791
8794
8795
8882
8883
8884
8885
8887
8889
8894
8896
8903
8906
8907
8909
8913
8914
8915
9013
9014
9015
9017
9023
9024
9026
9029
9034
9035
9036
9037
9038
9039
9040
9141
9143
9144
9145
9149
9153
9154
9156
9157
9159
14143
14145
14148
14149
14154
14156
14157
14158
14160
14265
14266
14269
14272
14273
14274
14280
14284
14285
14287
14385
14388
14390
14391
14394
14395
14402
14404
14405
14409
