3269
3275
3278
3281
3283
3286
3288
3289
3387
3390
3394
3399
3400
3401
3403
3408
3409
3411
3412
3415
3508
3509
3513
3514
3515
3521
3522
3523
3524
3525
3526
3527
3528
3529
3530
3531
3532
3534
3538
3539
3540
3541
3543
3632
3635
3636
3639
3640
3645
3650
3651
3653
3657
3658
3662
3667
3756
3757
3758
3762
3765
3767
3768
3771
3772
3774
3777
3779
3780
3781
3786
3787
3788
3791
3793
3795
3882
3886
3888
3889
3894
3897
3899
3900
3901
3904
3911
3914
3915
3916
3920
3921
4008
4011
4014
4019
4023
4024
4025
4027
4030
4034
4039
4040
4042
4043
4045
4135
4136
4138
4139
4140
4141
4145
4146
4147
4150
4151
4152
4155
4156
4163
4164
4169
4262
4263
4264
4265
4266
4268
4271
4272
4273
4274
4275
4276
4277
4279
4280
4281
4286
4287
4290
4396
4402
4403
9275
9278
9281
9285
9389
9390
9394
9398
9400
9401
9403
9405
9406
9409
9418
9509
9511
9513
9516
9520
9524
9526
9529
9530
9532
9533
9536
9538
9539
9540
9541
9632
9633
9636
9637
9639
9642
9643
9644
9646
9648
9649
9651
9654
9657
9661
9663
9664
9666
9669
9757
9759
9763
9764
9773
9775
9777
9778
9780
9781
9783
9785
9786
9787
9788
9789
9790
9794
9797
9798
9879
9883
9887
9892
9895
9896
9898
9901
9903
9905
9910
9912
9914
9915
9920
9922
10007
10008
10009
10012
10013
10018
10019
10021
10022
10024
10025
10026
10030
10032
10033
10034
10035
10037
10044
10045
10048
10133
10136
10138
10140
10153
10154
10157
10167
10172
10260
10263
10264
10265
10270
10275
10278
10281
10282
10284
10288
10291
10292
10296
10385
10391
10394
10396
10398
10402
10408
10409
10410
10411
10413
10414
10513
10514
10515
10518
10520
10521
10522
10525
10527
10533
10535
10536
