511
512
515
516
518
522
523
524
530
534
536
537
539
540
633
640
641
642
648
649
652
656
658
659
662
666
668
671
757
759
762
764
766
767
771
772
775
776
778
780
783
786
789
791
792
883
892
894
896
898
901
902
903
906
910
914
915
916
918
919
1023
1025
1029
1030
1033
1035
1038
1039
1040
1041
1044
1146
1147
1154
1156
5888
5891
5895
5896
5900
5903
5907
5908
5909
5911
5916
6007
6010
6011
6012
6013
6014
6016
6018
6021
6023
6027
6028
6033
6037
6040
6042
6043
6044
6045
6046
6134
6135
6138
6143
6144
6145
6148
6151
6154
6156
6157
6159
6161
6166
6167
6257
6259
6260
6264
6265
6270
6271
6272
6273
6275
6280
6281
6282
6284
6287
6288
6289
6290
6292
6387
6390
6392
6394
6395
6397
6402
6405
6406
6409
6410
8020
8024
8027
8028
8032
8144
8147
8151
8153
8154
8155
13034
13135
13138
13140
13142
13144
13145
13147
13156
13157
13158
13159
13161
13164
13255
13256
13257
13259
13262
13263
13264
13267
13269
13272
13275
13276
13277
13280
13281
13282
13283
13285
13288
13291
13293
13294
13383
13384
13387
13388
13389
13390
13393
13399
13404
13405
13407
13408
13409
13413
13419
13422
13505
13509
13519
13520
13525
13526
13527
13528
13529
13530
13532
13535
13537
13542
13543
13546
13547
13632
13634
13637
13638
13641
13643
13644
13647
13649
13650
13652
13653
13655
13656
13661
13662
13664
13666
13768
13769
13773
13774
13775
13778
13782
13784
13786
13787
