1672
1673
1676
1679
1683
1685
1687
1688
1689
1691
1793
1795
1797
1801
1802
1803
1805
1807
1809
1810
1811
1813
1814
1817
1921
1922
1924
1925
1926
1931
1933
1937
1938
3298
3300
3304
3305
3307
3316
3317
3323
3411
3413
3418
3419
3426
3427
3428
3430
3431
3432
3436
3443
3444
3445
3450
3534
3538
3539
3541
3542
3543
3544
3548
3550
3551
3552
3554
3558
3561
3563
3564
3566
3567
3568
3573
3574
3576
3577
3578
3660
3661
3665
3668
3672
3673
3676
3677
3680
3681
3683
3684
3690
3694
3695
3700
3702
3788
3789
3791
3792
3795
3797
3798
3799
3800
3801
3806
3811
3812
3814
5051
5055
5056
5061
5063
5067
5068
5070
5071
5164
5168
5172
5176
5178
5181
5184
5188
5189
5198
5289
5297
5300
5302
5304
5306
5308
5311
5312
5315
5317
5319
5323
5326
5411
5413
5415
5416
5417
5418
5419
5420
5421
5424
5425
5426
5427
5428
5429
5435
5439
5440
5441
5442
5445
5446
5449
5551
5555
5563
5565
5566
