3645
3647
3648
3650
3652
3655
3656
3662
3760
3762
3766
3768
3772
3777
3781
3782
3787
3789
3790
3791
3793
3880
3881
3888
3891
3892
3895
3897
3898
3899
3901
3902
3903
3904
3905
3908
3909
3912
3918
3919
3923
4005
4006
4007
4008
4009
4011
4012
4014
4017
4018
4024
4025
4026
4027
4029
4030
4034
4036
4037
4039
4132
4134
4136
4138
4140
4143
4144
4145
4147
4148
4149
4151
4152
4154
4158
4161
4163
4164
4165
4168
4172
4260
4262
4265
4268
4269
4274
4279
4280
4281
4286
4287
4288
4289
4291
4292
9143
9144
9145
9146
9147
9148
9149
9150
9152
9155
9156
9159
9160
9163
9166
9259
9262
9264
9267
9269
9272
9273
9274
9280
9281
9286
9287
9289
9295
9383
9387
9389
9393
9395
9397
9400
9401
9405
9407
9409
9416
9417
9418
9510
9511
9515
9517
9518
9525
9526
9528
9536
9538
9649
9651
9653
11144
11146
11149
11150
11151
11152
11155
11157
11160
11161
11265
11269
11270
11271
11272
11273
11274
11279
11280
11283
11285
11388
11392
11393
11396
11401
11402
11403
11406
