3768
3770
3771
3772
3773
3774
3776
3777
3778
3779
3781
3888
3890
3891
3892
3893
3894
3895
3896
3897
3898
3899
3900
3901
3902
3903
3904
3907
3908
3910
3912
3913
3914
3915
4008
4010
4012
4013
4014
4016
4017
4021
4023
4025
4026
4028
4030
4031
4032
4033
4036
4037
4040
4041
4046
4131
4132
4133
4136
4137
4138
4139
4142
4148
4150
4151
4153
4154
4155
4158
4159
4161
4165
4166
4167
4168
4171
4172
4255
4256
4257
4260
4261
4262
4264
4265
4266
4271
4272
4275
4276
4278
4280
4281
4283
4284
4289
4291
4293
4294
4296
4379
4381
4382
4383
4385
4386
4387
4389
4394
4395
4398
4399
4402
4404
4405
4406
4407
4408
4411
4412
4413
4419
4420
4504
4505
4506
4508
4520
4522
4523
4525
4526
4530
4533
4535
4536
4537
4538
4541
4542
4543
4545
4547
4633
4634
4635
4637
4638
4641
4643
4644
4652
4653
4657
4658
4659
4661
4666
4668
4760
4761
4763
4764
4765
4767
4768
4773
4775
4781
4782
4783
4784
4786
4789
4790
4894
4896
4901
4903
4909
7272
7274
7277
7280
7401
7403
