2778
2889
2891
2893
2895
2898
2899
2902
2906
2911
2914
3019
3025
3030
3031
3036
3038
4391
4392
4401
4402
4404
4406
4407
4411
4512
4514
4515
4516
4517
4518
4519
4520
4521
4522
4524
4525
4527
4529
4532
4543
4632
4634
4635
4637
4640
4642
4643
4644
4645
4646
4647
4648
4651
4652
4656
4658
4659
4660
4664
4668
4672
4755
4756
4760
4761
4762
4763
4764
4767
4769
4770
4772
4773
4776
4777
4778
4779
4780
4781
4785
4786
4787
4788
4791
4797
4798
4882
4883
4884
4886
4888
4889
4890
4895
4902
4906
4907
4910
4912
4914
4917
4918
5014
5016
5017
6144
6146
6148
6150
6151
6152
6153
6154
6157
6159
6262
6264
6265
6271
6272
6275
6280
6281
6282
6285
6286
6288
6289
6290
6294
6381
6382
6383
6391
6392
6394
6396
6399
6403
6406
6407
6408
6411
6412
6415
6417
6418
6420
6422
6513
6515
6516
6518
6520
6521
6523
6524
6525
6531
6532
6533
6534
6535
6536
6537
6542
6543
6544
6547
6636
6640
6642
6646
6648
6650
6660
6661
6662
6663
6665
