1669
1672
1674
1678
1680
1683
1687
1689
1693
1792
1797
1798
1799
1800
1805
1806
1809
1813
1814
1815
1816
1823
1824
1916
1922
1923
1925
1931
1937
1938
1939
1940
1945
1946
1948
2035
2037
2041
2042
2045
2046
2047
2051
2053
2058
2065
2067
2070
2077
2159
2160
2162
2173
2174
2176
2177
2178
2182
2184
2188
2191
2192
2193
2195
2196
2197
2199
2201
2202
2287
2288
2289
2290
2291
2293
2295
2297
2298
2303
2304
2305
2306
2307
2311
2312
2316
2318
2319
2320
2415
2418
2419
2421
2426
2428
2431
2433
2435
2437
2438
2441
2443
2445
2447
2546
2547
2552
4169
4171
4175
4179
4181
4184
4187
4189
4190
4193
4291
4293
4296
4302
4304
4306
4309
4310
4311
4313
4319
4321
4322
4324
4413
4416
4418
4419
4420
4424
4425
4431
4434
4435
4436
4440
4441
4443
4444
4447
4449
4450
4535
4538
4539
4541
4544
4545
4549
4551
4553
4554
4559
4561
4562
4563
4564
4566
4568
4570
4571
4572
4573
4574
4576
4579
4662
4663
4668
4674
4682
4685
4686
4687
4688
4690
4692
4696
4700
4787
4791
4793
4799
4801
4802
4803
4805
4812
4813
4821
4826
4827
4913
4914
4915
4918
4922
4926
4930
4931
4932
4933
4935
4940
4942
5047
5048
5056
5060
5064
6672
6675
6676
6679
6681
6683
6686
6688
6689
6690
6793
6794
6797
6803
6804
6809
6811
6812
6814
6817
6819
6931
6932
6934
6938
6943
6947
6948
6949
6950
7035
7036
7040
7049
7054
7056
7057
7059
7061
7062
7063
7066
7069
7071
7072
7075
7076
7077
7162
7169
7171
7172
7174
7176
7178
7179
7180
7182
7183
7184
7185
7189
7190
7193
7194
7197
7198
7285
7286
7287
7289
7290
7292
7294
7297
7298
7302
7305
7307
7310
7314
7315
7318
7322
7323
7324
7325
7414
7419
7421
7426
7427
7431
7434
7436
7438
7440
7441
7442
7444
7445
7447
7544
7545
7546
7548
7551
7553
7559
7565
7567
9300
9303
9307
9308
9313
9315
9418
9419
9420
9421
9422
9423
9424
9426
9429
9430
9431
9432
9434
9438
9441
9443
9444
9446
9447
9538
9540
9544
9545
9548
9549
9550
9551
9554
9557
9559
9562
9566
9568
9570
9571
9573
9574
9575
9662
9664
9665
9672
9673
9677
9678
9680
9682
9683
9690
9691
9692
9695
9696
9697
9702
9789
9791
9794
9796
9803
9804
9808
9810
9813
9818
9819
9820
9821
9824
9917
9924
9925
9927
9928
9930
9931
9932
9933
9934
9935
9939
9940
9942
9943
9945
10045
10047
10050
10055
10057
10058
10063
10064
10065
11805
11808
11919
11922
11923
11924
11925
11926
11927
11928
11930
11931
11936
11937
11938
11939
11941
12040
12044
12045
12049
12050
12052
12053
12055
12056
12059
12060
12064
12066
12071
12072
12073
12074
12163
12169
12172
12175
12177
12179
12180
12183
12184
12188
12192
12193
12198
12292
12293
12299
12300
12303
12304
12307
12308
12311
12312
12421
12424
12426
12431
12433
12435
12441
12442
12548
12552
12554
12556
12557
12561
