4646
4656
4658
4660
4666
4773
4774
4778
4779
4780
4782
4792
4793
4794
4796
4797
4890
4893
4894
4896
4898
4899
4905
4906
4907
4908
4909
4910
4911
4913
4917
4919
4921
4923
4924
5014
5015
5017
5018
5020
5021
5022
5023
5026
5028
5030
5031
5032
5033
5036
5037
5038
5039
5040
5043
5046
5136
5138
5140
5145
5146
5148
5150
5151
5153
5154
5155
5157
5158
5160
5161
5163
5168
5172
5174
5175
5176
5177
5261
5262
5267
5269
5270
5271
5272
5273
5279
5280
5281
5284
5287
5289
5291
5295
5296
5297
5303
5385
5386
5390
5391
5394
5397
5398
5401
5402
5403
5408
5410
5413
5416
5417
5418
5422
5424
5426
5511
5512
5513
5515
5516
5519
5520
5527
5529
5532
5534
5538
5539
5540
5542
5543
5554
5634
5638
5639
5645
5647
5649
5650
5651
5653
5661
5662
5665
5666
5667
5668
5669
5676
5772
5776
5778
5779
5780
5783
5784
5785
5786
5792
5794
5795
5797
5798
5800
5893
5894
5895
5896
5898
5899
5900
5902
5907
5908
5909
5910
5911
5913
5914
5916
5917
5918
5920
5921
5923
5924
5925
5926
5928
6011
6012
6013
6016
6018
6019
6023
6025
6027
6030
6031
6032
6034
6037
6040
6046
6048
6049
6050
6139
6141
6142
6143
6144
6146
6148
6149
6153
6154
6155
6159
6163
6164
6165
6166
6167
6172
6174
6175
6265
6270
6272
6274
6275
6281
6283
6284
6285
6288
6292
6294
6296
6297
6298
6391
6392
6393
6394
6396
6397
6399
6401
6403
6408
6409
6411
6414
6415
6416
6419
6421
6519
6526
6527
6528
6532
6534
6536
6538
6539
6541
6646
6650
6653
6656
6658
6659
6661
6662
6663
6664
6665
17523
17524
17525
17527
17528
17529
17531
17534
17535
17537
17644
17646
17650
17651
17653
17655
17658
17659
17661
17662
17671
17767
17768
17769
17770
17774
17775
17777
17780
17782
17785
17787
17791
17793
17795
17796
17797
17891
17893
17900
17901
17902
17905
17907
17908
17909
17910
17911
17912
17914
17916
17917
17919
17920
17924
18013
18016
18017
18019
18025
18026
18028
18029
18031
18032
18033
18035
18037
18039
18040
18042
18043
18044
18048
18049
18139
18141
18144
18145
18147
18148
18149
18151
18152
18153
18154
18156
18158
18165
18168
18174
18268
18269
18270
18272
18273
18275
18276
18278
18281
18282
18286
18287
18288
18290
18293
18295
18399
18400
18401
18406
18407
18408
18409
18413
18414
18415
18416
18417
18419
18420
18527
18529
18530
18534
18535
18536
