-65
-64.9848
-64.9714
-64.9581
-64.9453
-64.9331
-64.9218
-64.9115
-64.9021
-64.8937
-64.8861
-64.8793
-64.8732
-64.8678
-64.8629
-64.8585
-64.8546
-64.851
-64.8479
-64.845
-64.8425
-64.8402
-64.8382
-64.8363
-64.8347
-64.8333
-64.832
-64.8309
-64.8299
-64.8291
-64.8284
-64.8278
-64.8273
-64.8269
-64.8266
-64.8264
-64.8262
-64.8262
-64.8262
-64.8263
-64.8264
-64.8267
-64.8269
-64.8272
-64.8276
-64.828
-64.8285
-64.8289
-64.8295
-64.83
-64.8306
-64.8313
-64.8319
-64.8326
-64.8333
-64.8341
-64.8348
-64.8356
-64.8364
-64.8372
-64.838
-64.8389
-64.8397
-64.8406
-64.8415
-64.8424
-64.8433
-64.8442
-64.8452
-64.8461
-64.847
-64.848
-64.8489
-64.8499
-64.8508
-64.8518
-64.8528
-64.8538
-64.8547
-64.8557
-64.8567
-64.8577
-64.8586
-64.8596
-64.8606
-64.8616
-64.8625
-64.8635
-64.8645
-64.8655
-64.8664
-64.8674
-64.8684
-64.8693
-64.8703
-64.8712
-64.8722
-64.8731
-64.8741
-64.875
-64.876
-64.8769
-64.8778
-64.8787
-64.8797
-64.8806
-64.8815
-64.8824
-64.8833
-64.8842
-64.8851
-64.886
-64.8868
-64.8877
-64.8886
-64.8894
-64.8903
-64.8912
-64.892
-64.8928
-64.8937
-64.8945
-64.8953
-64.8961
-64.897
-64.8978
-64.8986
-64.8994
-64.9001
-64.9009
-64.9017
-64.9025
-64.9032
-64.904
-64.9048
-64.9055
-64.9062
-64.907
-64.9077
-64.9084
-64.9091
-64.9099
-64.9106
-64.9113
-64.912
-64.9127
-64.9133
-64.914
-64.9147
-64.9154
-64.916
-64.9167
-64.9173
-64.918
-64.9186
-64.9193
-64.9199
-64.9205
-64.9211
-64.9217
-64.9223
-64.9229
-64.9235
-64.9241
-64.9247
-64.9253
-64.9259
-64.9265
-64.927
-64.9276
-64.9281
-64.9287
-64.9292
-64.9298
-64.9303
-64.9308
-64.9314
-64.9319
-64.9324
-64.9329
-64.9334
-64.9339
-64.9344
-64.9349
-64.9354
-64.9359
-64.9364
-64.9369
-64.9373
-64.9378
-64.9383
-64.9387
-64.9392
-64.9396
-64.9401
-64.9405
-64.9409
-64.9414
-64.9418
-64.9422
-64.9427
-64.9431
-64.9435
-64.9439
-64.9443
-64.9447
-64.9451
-64.9455
-64.9459
-64.9463
-64.9466
-64.947
-64.9474
-64.9478
-64.9481
-64.9485
-64.9489
-64.9492
-64.9496
-64.9499
-64.9503
-64.9506
-64.9509
-64.9513
-64.9516
-64.9519
-64.9523
-64.9526
-64.9529
-64.9532
-64.9535
-64.9538
-64.9542
-64.9545
-64.9548
-64.9551
-64.9553
-64.9556
-64.9559
-64.9562
-64.9565
-64.9568
-64.9571
-64.9573
-64.9576
-64.9579
-64.9581
-64.9584
-64.9586
-64.9589
-64.9592
-64.9594
-64.9597
-64.9599
-64.9601
-64.9604
-64.9606
-64.9609
-64.9611
-64.9613
-64.9616
-64.9618
-64.962
-64.9622
-64.9624
-64.9627
-64.9629
-64.9631
-64.9633
-64.9635
-64.9637
-64.9639
-64.9641
-64.9643
-64.9645
-64.9647
-64.9649
-64.9651
-64.9653
-64.9654
-64.9656
-64.9658
-64.966
-64.9662
-64.9663
-64.9665
-64.9667
-64.9668
-64.967
-64.9672
-64.9673
-64.9675
-64.9677
-64.9678
-64.968
-64.9681
-64.9683
-64.9684
-64.9686
-64.9687
-64.9689
-64.969
-64.9692
-64.9693
-64.9694
-64.9696
-64.9697
-64.9698
-64.97
-64.9701
-64.9702
-64.9703
-64.9705
-64.9706
-64.9707
-64.9708
-64.971
-64.9711
-64.9712
-64.9713
-64.9714
-64.9715
-64.9716
-64.9717
-64.9719
-64.972
-64.9721
-64.9722
-64.9723
-64.9724
-64.9725
-64.9726
-64.9727
-64.9728
-64.9729
-64.9729
-64.973
-64.9731
-64.9732
-64.9733
-64.9734
-64.9735
-64.9736
-64.9736
-64.9737
-64.9738
-64.9739
-64.974
-64.974
-64.9741
-64.9742
-64.9743
-64.9743
-64.9744
-64.9745
-64.9746
-64.9746
-64.9747
-64.9748
-64.9748
-64.9749
-64.975
-64.975
-64.9751
-64.9751
-64.9752
-64.9753
-64.9753
-64.9754
-64.9754
-64.9755
-64.9755
-64.9756
-64.9757
-64.9757
-64.9758
-64.9758
-64.9759
-64.9759
-64.976
-64.976
-64.976
-64.9761
-64.9761
-64.9762
-64.9762
-64.9763
-64.9763
-64.9763
-64.9764
-64.9764
-64.9765
-64.9765
-64.9765
-64.9766
-64.9766
-64.9766
-64.9767
-64.9767
-64.9768
-64.9768
-64.9768
-64.9768
-64.9769
-64.9769
-64.9769
-64.977
-64.977
-64.977
-64.977
-64.9771
-64.9771
-64.9771
-64.9772
-64.9772
-64.9772
-64.9772
-64.9772
-64.9773
-64.9773
-64.9773
-64.9773
-64.9773
-64.9774
-64.9774
-64.9774
-64.9774
-64.9774
-64.9775
-64.9775
-64.9775
-64.9775
-64.9775
-64.9775
-64.9775
-64.9776
-64.9776
-64.9776
-64.9776
-64.9776
-64.9776
-64.9776
-64.9776
-64.9777
-64.9777
-64.9777
-64.9777
-64.9777
-64.9777
-64.9777
-64.9777
-64.9777
-64.9777
-64.9777
-64.9777
-64.9777
-64.9778
-64.9778
-64.9778
-64.9778
-64.9778
-64.9778
-64.9778
-64.9778
-64.9778
-64.9778
-64.9778
-64.9778
-64.9778
-64.9778
-64.9778
-64.9778
-64.9778
-64.9778
-64.9778
-64.9778
-64.9778
-64.9778
-64.9778
-64.9778
-64.9778
-64.9778
-64.9778
-64.9778
-64.9778
-64.9778
-64.9778
-64.9778
-64.9778
-64.9777
-64.9777
-64.9777
-64.9777
-64.9777
-64.9777
-64.9777
-64.9777
-64.9777
-64.9777
-64.9777
-64.9777
-64.9777
-64.9777
-64.9777
-64.9777
-64.9776
-64.9776
-64.9776
-64.9776
-64.9776
-64.9776
-64.9776
-64.9776
-64.9776
-64.9776
-64.9776
-64.9776
-64.9775
-64.9775
-64.9775
-64.9775
-64.9775
-64.9775
-64.9775
-64.9775
-64.9775
-64.9774
-64.9774
-64.9774
-64.9774
-64.9774
-64.9774
-64.9774
-64.9774
-64.9774
-64.9773
-64.9773
-64.9773
-64.9773
-64.9773
-64.9773
-64.9773
-64.9772
-64.9772
-64.9772
-64.9772
-64.9772
-64.9772
-64.9772
-64.9772
-64.9771
-64.9771
-64.9771
-64.9771
-64.9771
-64.9771
-64.9771
-64.977
-64.977
-64.977
-64.977
-64.977
-64.977
-64.9769
-64.9769
-64.9769
-64.9769
-64.9769
-64.9769
-64.9769
-64.9768
-64.9768
-64.9768
-64.9768
-64.9768
-64.9768
-64.9767
-64.9767
-64.9767
-64.9767
-64.9767
-64.9767
-64.9766
-64.9766
-64.9766
-64.9766
-64.9766
-64.9766
-64.9765
-64.9765
-64.9765
-64.9765
-64.9765
-64.9765
-64.9764
-64.9764
-64.9764
-64.9764
-64.9764
-64.9764
-64.9763
-64.9763
-64.9763
-64.9763
-64.9763
-64.9763
-64.9762
-64.9762
-64.9762
-64.9762
-64.9762
-64.9762
-64.9761
-64.9761
-64.9761
-64.9761
-64.9761
-64.9761
-64.976
-64.976
-64.976
-64.976
-64.976
-64.9759
-64.9759
-64.9759
-64.9759
-64.9759
-64.9759
-64.9758
-64.9758
-64.9758
-64.9758
-64.9758
-64.9758
-64.9757
-64.9757
-64.9757
-64.9757
-64.9757
-64.9756
-64.9756
-64.9756
-64.9756
-64.9756
-64.9756
-64.9755
-64.9755
-64.9755
-64.9755
-64.9755
-64.9755
-64.9754
-64.9754
-64.9754
-64.9754
-64.9754
-64.9753
-64.9753
-64.9753
-64.9753
-64.9753
-64.9753
-64.9752
-64.9752
-64.9752
-64.9752
-64.9752
-64.9752
-64.9751
-64.9751
-64.9751
-64.9751
-64.9751
-64.975
-64.975
-64.975
-64.975
-64.975
-64.975
-64.9749
-64.9749
-64.9749
-64.9749
-64.9749
-64.9749
-64.9748
-64.9748
-64.9748
-64.9748
-64.9748
-64.9748
-64.9747
-64.9747
-64.9747
-64.9747
-64.9747
-64.9747
-64.9746
-64.9746
-64.9746
-64.9746
-64.9746
-64.9746
-64.9745
-64.9745
-64.9745
-64.9745
-64.9745
-64.9745
-64.9744
-64.9744
-64.9744
-64.9744
-64.9744
-64.9744
-64.9743
-64.9743
-64.9743
-64.9743
-64.9743
-64.9743
-64.9742
-64.9742
-64.9742
-64.9742
-64.9742
-64.9742
-64.9741
-64.9741
-64.9741
-64.9741
-64.9741
-64.9741
-64.974
-64.974
-64.974
-64.974
-64.974
-64.974
-64.9739
-64.9739
-64.9739
-64.9739
-64.9739
-64.9739
-64.9739
-64.9738
-64.9738
-64.9738
-64.9738
-64.9738
-64.9738
-64.9737
-64.9737
-64.9737
-64.9737
-64.9737
-64.9737
-64.9736
-64.9736
-64.9736
-64.9736
-64.9736
-64.9736
-64.9736
-64.9735
-64.9735
-64.9735
-64.9735
-64.9735
-64.9735
-64.9735
-64.9734
-64.9734
-64.9734
-64.9734
-64.9734
-64.9734
-64.9734
-64.9733
-64.9733
-64.9733
-64.9733
-64.9733
-64.9733
-64.9732
-64.9732
-64.9732
-64.9732
-64.9732
-64.9732
-64.9732
-64.9732
-64.9731
-64.9731
-64.9731
-64.9731
-64.9731
-64.9731
-64.9731
-64.973
-64.973
-64.973
-64.973
-64.973
-64.973
-64.973
-64.9729
-64.9729
-64.9729
-64.9729
-64.9729
-64.9729
-64.9729
-64.9728
-64.9728
-64.9728
-64.9728
-64.9728
-64.9728
-64.9728
-64.9728
-64.9727
-64.9727
-64.9727
-64.9727
-64.9727
-64.9727
-64.9727
-64.9727
-64.9726
-64.9726
-64.9726
-64.9726
-64.9726
-64.9726
-64.9726
-64.9725
-64.9725
-64.9725
-64.9725
-64.9725
-64.9725
-64.9725
-64.9725
-64.9724
-64.9724
-64.9724
-64.9724
-64.9724
-64.9724
-64.9724
-64.9724
-64.9724
-64.9723
-64.9723
-64.9723
-64.9723
-64.9723
-64.9723
-64.9723
-64.9723
-64.9722
-64.9722
-64.9722
-64.9722
-64.9722
-64.9722
-64.9722
-64.9722
-64.9721
-64.9721
-64.9721
-64.9721
-64.9721
-64.9721
-64.9721
-64.9721
-64.9721
-64.972
-64.972
-64.972
-64.972
-64.972
-64.972
-64.972
-64.972
-64.972
-64.9719
-64.9719
-64.9719
-64.9719
-64.9719
-64.9719
-64.9719
-64.9719
-64.9719
-64.9718
-64.9718
-64.9718
-64.9718
-64.9718
-64.9718
-64.9718
-64.9718
-64.9718
-64.9718
-64.9717
-64.9717
-64.9717
-64.9717
-64.9717
-64.9717
-64.9717
-64.9717
-64.9717
-64.9717
-64.9716
-64.9716
-64.9716
-64.9716
-64.9716
-64.9716
-64.9716
-64.9716
-64.9716
-64.9716
-64.9715
-64.9715
-64.9715
-64.9715
-64.9715
-64.9715
-64.9715
-64.9715
-64.9715
-64.9715
-64.9714
-64.9714
-64.9714
-64.9714
-64.9714
-64.9714
-64.9714
-64.9714
-64.9714
-64.9714
-64.9714
-64.9713
-64.9713
-64.9713
-64.9713
-64.9713
-64.9713
-64.9713
-64.9713
-64.9713
-64.9713
-64.9713
-64.9712
-64.9712
-64.9712
-64.9712
-64.9712
-64.9712
-64.9712
-64.9712
-64.9712
-64.9712
-64.9712
-64.9711
-64.9711
-64.9711
-64.9711
-64.9711
-64.9711
-64.9711
-64.9711
-64.9711
-64.9711
-64.9711
-64.9711
-64.971
-64.971
-64.971
-64.971
-64.971
-64.971
-64.971
-64.971
-64.971
-64.971
-64.971
-64.971
-64.9709
-64.9709
-64.9709
-64.9709
-64.9709
-64.9709
-64.9709
-64.9709
-64.9709
-64.9709
-64.9709
-64.9709
-64.9709
-64.9708
-64.9708
-64.9708
-64.9708
-64.9708
-64.9708
-64.9708
-64.9708
-64.9708
-64.9708
-64.9708
-64.9708
-64.9708
-64.9707
-64.9707
-64.9707
-64.9707
-64.9707
-64.9707
-64.9707
-64.9707
-64.9707
-64.9707
-64.9707
-64.9707
-64.9707
-64.9707
-64.9706
-64.9706
-64.9706
-64.9706
-64.9706
-64.9706
-64.9706
-64.9706
-64.9706
-64.9706
-64.9706
-64.9706
-64.9706
-64.9706
-64.9706
-64.9705
-64.9705
-64.9705
-64.9705
-64.9705
-64.9705
-64.9705
-64.9705
-64.9705
-64.9705
-64.9705
-64.9705
-64.9705
-64.9705
-64.9705
-64.9704
-64.9704
-64.9704
-64.9704
-64.9704
-64.9704
-64.9704
-64.9704
-64.9704
-64.9704
-64.9704
-64.9704
-64.9704
-64.9704
-64.9704
-64.9704
-64.9703
-64.9703
-64.9703
-64.9703
-64.9703
-64.9703
-64.9703
-64.9703
-64.9703
-64.9703
-64.9703
-64.9703
-64.9703
-64.9703
-64.9703
-64.9703
-64.9703
-64.9702
-64.9702
-64.9702
-64.9702
-64.9702
-64.9702
-64.9702
-64.9702
-64.9702
-64.9702
-64.9702
-64.9702
-64.9702
-64.9702
-64.9702
-64.9702
-64.9702
-64.9702
-64.9701
-64.9701
-64.9701
-64.9701
-64.9701
-64.9701
-64.9701
-64.9701
-64.9701
-64.9701
-64.9701
-64.9701
-64.9701
-64.9701
-64.9701
-64.9701
-64.9701
-64.9701
-64.9701
-64.97
-64.97
-64.97
-64.97
-64.97
-64.97
-64.97
-64.97
-64.97
-64.97
-64.97
-64.97
-64.97
-64.97
-64.97
-64.97
-64.97
-64.97
-64.97
-64.97
-64.9699
-64.9699
-64.9699
-64.9699
-64.9699
-64.9699
-64.9699
-64.9699
-64.9699
-64.9699
-64.9699
-64.9699
-64.9699
-64.9699
-64.9699
-64.9699
-64.9699
-64.9699
-64.9699
-64.9699
-64.9699
-64.9699
-64.9698
-64.9698
-64.9698
-64.9698
-64.9698
-64.9698
-64.9698
-64.9698
-64.9698
-64.9698
-64.9698
-64.9698
-64.9698
-64.9698
-64.9698
-64.9698
-64.9698
-64.9698
-64.9698
-64.9698
-64.9698
-64.9698
-64.9698
-64.9698
-64.9697
-64.9697
-64.9697
-64.9697
-64.9697
-64.9697
-64.9697
-64.9697
-64.9697
-64.9697
-64.9697
-64.9697
-64.9697
-64.9697
-64.9697
-64.9697
-64.9697
-64.9697
-64.9697
-64.9697
-64.9697
-64.9697
-64.9697
-64.9697
-64.9697
-64.9697
-64.9696
-64.9696
-64.9696
-64.9696
-64.9696
-64.9696
-64.9696
-64.9696
-64.9696
-64.9696
-64.9696
-64.9696
-64.9696
-64.9696
-64.9696
-64.9696
-64.9696
-64.9696
-64.9696
-64.9696
-64.9696
-64.9696
-64.9696
-64.9696
-64.9696
-64.9696
-64.9696
-64.9696
-64.9695
-64.9695
-64.9695
-64.9695
-64.9695
-64.9695
-64.9695
-64.9695
-64.9695
-64.9695
-64.9695
-64.9695
-64.9695
-64.9695
-64.9695
-64.9695
-64.9695
-64.9695
-64.9695
-64.9695
-64.9695
-64.9695
-64.9695
-64.9695
-64.9695
-64.9695
-64.9695
-64.9695
-64.9695
-64.9695
-64.9695
-64.9695
-64.9695
-64.9694
-64.9694
-64.9694
-64.9694
-64.9694
-64.9694
-64.9694
-64.9694
-64.9694
-64.9694
-64.9694
-64.9694
-64.9694
-64.9694
-64.9694
-64.9694
-64.9694
-64.9694
-64.9694
-64.9694
-64.9694
-64.9694
-64.9694
-64.9694
-64.9694
-64.9694
-64.9694
-64.9694
-64.9694
-64.9694
-64.9694
-64.9694
-64.9694
-64.9694
-64.9694
-64.9694
-64.9693
-64.9693
-64.9693
-64.9693
-64.9693
-64.9693
-64.9693
-64.9693
-64.9693
-64.9693
-64.9693
-64.9693
-64.9693
-64.9693
-64.9693
-64.9693
-64.9693
-64.9693
-64.9693
-64.9693
-64.9693
-64.9693
-64.9693
-64.9693
-64.9693
-64.9693
-64.9693
-64.9693
-64.9693
-64.9693
-64.9693
-64.9693
-64.9693
-64.9693
-64.9693
-64.9693
-64.9693
-64.9693
-64.9693
-64.9693
-64.9693
-64.9693
-64.9693
-64.9693
-64.9692
-64.9692
-64.9692
-64.9692
-64.9692
-64.9692
-64.9692
-64.9692
-64.9692
-64.9692
-64.9692
-64.9692
-64.9692
-64.9692
-64.9692
-64.9692
-64.9692
-64.9692
-64.9692
-64.9692
-64.9692
-64.9692
-64.9692
-64.9692
-64.9692
-64.9692
-64.9692
-64.9692
-64.9692
-64.9692
-64.9692
-64.9692
-64.9692
-64.9692
-64.9692
-64.9692
-64.9692
-64.9692
-64.9692
-64.9692
-64.9692
-64.9692
-64.9692
-64.9692
-64.9692
-64.9692
-64.9692
-64.9692
-64.9692
-64.9692
-64.9692
-64.9692
-64.9692
-64.9692
-64.9691
-64.9691
-64.9691
-64.9691
-64.9691
-64.9691
-64.9691
-64.9691
-64.9691
-64.9691
-64.9691
-64.9691
-64.9691
-64.9691
-64.9691
-64.9691
-64.9691
-64.9691
-64.9691
-64.9691
-64.9691
-64.9691
-64.9691
-64.9691
-64.9691
-64.9691
-64.9691
-64.9691
-64.9691
-64.9691
-64.9691
-64.9691
-64.9691
-64.9691
-64.9691
-64.9691
-64.9691
-64.9691
-64.9691
-64.9691
-64.9691
-64.9691
-64.9691
-64.9691
-64.9691
-64.9691
-64.9691
-64.9691
-64.9691
-64.9691
-64.9691
-64.9691
-64.9691
-64.9691
-64.9691
-64.9691
-64.9691
-64.9691
-64.9691
-64.9691
-64.9691
-64.9691
-64.9691
-64.9691
-64.9691
-64.9691
-64.9691
-64.9691
-64.9691
-64.9691
-64.9691
-64.9691
-64.9691
-64.9691
-64.9691
-64.9691
-64.969
-64.969
-64.969
-64.969
-64.969
-64.969
-64.969
-64.969
-64.969
-64.969
-64.969
-64.969
-64.969
-64.969
-64.969
-64.969
-64.969
-64.969
-64.969
-64.969
-64.969
-64.969
-64.969
-64.969
-64.969
-64.969
-64.969
-64.969
-64.969
-64.969
-64.969
-64.969
-64.969
-64.969
-64.969
-64.969
-64.969
-64.969
-64.969
-64.969
-64.969
-64.969
-64.969
-64.969
-64.969
-64.969
-64.969
-64.969
-64.969
-64.969
-64.969
-64.969
-64.969
-64.969
-64.969
-64.969
-64.969
-64.969
-64.969
-64.969
-64.969
-64.969
-64.969
-64.969
-64.969
-64.969
-64.969
-64.969
-64.969
-64.969
-64.969
-64.969
-64.969
-64.969
-64.969
-64.969
-64.969
-64.969
-64.969
-64.969
-64.969
-64.969
-64.969
-64.969
-64.969
-64.969
-64.969
-64.969
-64.969
-64.969
-64.969
-64.969
-64.969
-64.969
-64.969
-64.969
-64.969
-64.969
-64.969
-64.969
-64.969
-64.969
-64.969
-64.969
-64.969
-64.969
-64.969
-64.969
-64.969
-64.969
-64.969
-64.969
-64.969
-64.969
-64.969
-64.969
-64.969
-64.969
-64.969
-64.969
-64.969
-64.969
-64.969
-64.969
-64.969
-64.969
-64.969
-64.969
-64.969
-64.969
-64.969
-64.969
-64.969
-64.969
-64.969
-64.969
-64.969
-64.969
-64.969
-64.969
-64.969
-64.969
-64.969
-64.969
-64.969
-64.969
-64.969
-64.969
-64.969
-64.969
-64.969
-64.969
-64.969
-64.969
-64.969
-64.969
-64.969
-64.969
-64.969
-64.969
-64.969
-64.969
-64.969
-64.969
-64.969
-64.969
-64.969
-64.969
-64.969
-64.969
-64.969
-64.969
-64.969
-64.969
-64.969
-64.969
-64.969
-64.969
-64.969
-64.969
-64.969
-64.969
-64.969
-64.969
-64.969
-64.969
-64.969
-64.969
-64.969
-64.969
-64.969
-64.969
-64.969
-64.969
-64.969
-64.969
-64.969
-64.969
-64.969
-64.969
-64.969
-64.969
-64.969
-64.969
-64.969
-64.969
-64.969
-64.969
-64.969
-64.969
-64.969
-64.969
-64.969
-64.969
-64.969
-64.969
-64.969
-64.969
-64.969
-64.969
-64.969
-64.969
-64.969
-64.969
-64.969
-64.969
-64.969
-64.969
-64.969
-64.969
-64.969
-64.969
-64.969
-64.9658
-64.9566
-64.94
-64.9154
-64.8832
-64.8439
-64.7986
-64.7481
-64.6933
-64.6353
-64.5749
-64.5128
-64.4497
-64.3862
-64.3228
-64.2599
-64.1979
-64.137
-64.0775
-64.0196
-63.9634
-63.909
-63.8566
-63.8061
-63.7576
-63.7112
-63.6668
-63.6244
-63.584
-63.5455
-63.509
-63.4744
-63.4417
-63.4108
-63.3816
-63.3542
-63.3284
-63.3043
-63.2817
-63.2607
-63.2411
-63.2229
-63.2061
-63.1906
-63.1764
-63.1634
-63.1516
-63.1409
-63.1314
-63.1229
-63.1154
-63.1088
-63.1033
-63.0956
-63.083
-63.0642
-63.0388
-63.0068
-62.9691
-62.9263
-62.8794
-62.8294
-62.777
-62.723
-62.6682
-62.6131
-62.5583
-62.5043
-62.4513
-62.3997
-62.3498
-62.3017
-62.2555
-62.2114
-62.1695
-62.1297
-62.0922
-62.0569
-62.0237
-61.9928
-61.9641
-61.9374
-61.9128
-61.8903
-61.8697
-61.851
-61.8342
-61.8192
-61.8059
-61.7942
-61.7842
-61.7757
-61.7687
-61.7632
-61.759
-61.7561
-61.7545
-61.7542
-61.7549
-61.7568
-61.7598
-61.7638
-61.7688
-61.7746
-61.7814
-61.789
-61.7975
-61.8067
-61.8166
-61.8272
-61.8385
-61.8504
-61.8629
-61.876
-61.8896
-61.9037
-61.9183
-61.9333
-61.9488
-61.9647
-61.9809
-61.9975
-62.0145
-62.0317
-62.0493
-62.0671
-62.0851
-62.1035
-62.122
-62.1407
-62.1596
-62.1787
-62.198
-62.2174
-62.2369
-62.2565
-62.2763
-62.2961
-62.316
-62.336
-62.356
-62.3761
-62.3962
-62.4164
-62.4366
-62.4568
-62.477
-62.4972
-62.5174
-62.5375
-62.5577
-62.5778
-62.5979
-62.6179
-62.6379
-62.6579
-62.6778
-62.6976
-62.7173
-62.737
-62.7567
-62.7762
-62.7956
-62.815
-62.8343
-62.8535
-62.8726
-62.8916
-62.9105
-62.9293
-62.948
-62.9665
-62.985
-63.0034
-63.0216
-63.0398
-63.0578
-63.0757
-63.0935
-63.1112
-63.1287
-63.1461
-63.1634
-63.1806
-63.1977
-63.2146
-63.2314
-63.2481
-63.2647
-63.2811
-63.2974
-63.3136
-63.3296
-63.3455
-63.3613
-63.377
-63.3925
-63.4079
-63.4232
-63.4384
-63.4534
-63.4683
-63.4831
-63.4977
-63.5122
-63.5266
-63.5409
-63.555
-63.569
-63.5829
-63.5967
-63.6104
-63.6239
-63.6373
-63.6506
-63.6637
-63.6768
-63.6897
-63.7025
-63.7152
-63.7277
-63.7402
-63.7525
-63.7647
-63.7768
-63.7888
-63.8007
-63.8124
-63.8241
-63.8356
-63.8471
-63.8584
-63.8696
-63.8807
-63.8917
-63.9025
-63.9133
-63.924
-63.9346
-63.945
-63.9554
-63.9656
-63.9758
-63.9858
-63.9958
-64.0057
-64.0154
-64.0251
-64.0346
-64.0441
-64.0535
-64.0628
-64.0719
-64.081
-64.09
-64.0989
-64.1078
-64.1165
-64.1251
-64.1337
-64.1421
-64.1505
-64.1588
-64.167
-64.1751
-64.1832
-64.1911
-64.199
-64.2068
-64.2145
-64.2221
-64.2297
-64.2371
-64.2445
-64.2519
-64.2591
-64.2663
-64.2733
-64.2804
-64.2873
-64.2942
-64.301
-64.3077
-64.3143
-64.3209
-64.3274
-64.3339
-64.3402
-64.3465
-64.3528
-64.359
-64.3651
-64.3711
-64.3771
-64.383
-64.3888
-64.3946
-64.4003
-64.406
-64.4116
-64.4171
-64.4226
-64.428
-64.4334
-64.4387
-64.4439
-64.4491
-64.4543
-64.4593
-64.4643
-64.4693
-64.4742
-64.4791
-64.4839
-64.4886
-64.4933
-64.498
-64.5026
-64.5071
-64.5116
-64.516
-64.5204
-64.5248
-64.529
-64.5333
-64.5375
-64.5416
-64.5457
-64.5498
-64.5538
-64.5578
-64.5617
-64.5656
-64.5694
-64.5732
-64.5769
-64.5806
-64.5843
-64.5879
-64.5915
-64.595
-64.5985
-64.602
-64.6054
-64.6088
-64.6121
-64.6154
-64.6187
-64.6219
-64.6251
-64.6282
-64.6313
-64.6344
-64.6374
-64.6404
-64.6434
-64.6463
-64.6492
-64.6521
-64.6549
-64.6577
-64.6605
-64.6632
-64.6659
-64.6686
-64.6712
-64.6738
-64.6764
-64.6789
-64.6814
-64.6839
-64.6863
-64.6888
-64.6911
-64.6935
-64.6958
-64.6981
-64.7004
-64.7026
-64.7049
-64.707
-64.7092
-64.7113
-64.7134
-64.7155
-64.7176
-64.7196
-64.7216
-64.7236
-64.7255
-64.7275
-64.7294
-64.7313
-64.7331
-64.7349
-64.7368
-64.7385
-64.7403
-64.742
-64.7438
-64.7455
-64.7471
-64.7488
-64.7504
-64.752
-64.7536
-64.7552
-64.7567
-64.7582
-64.7597
-64.7612
-64.7627
-64.7641
-64.7655
-64.767
-64.7683
-64.7697
-64.7711
-64.7724
-64.7737
-64.775
-64.7763
-64.7775
-64.7788
-64.78
-64.7812
-64.7824
-64.7836
-64.7847
-64.7859
-64.787
-64.7881
-64.7892
-64.7903
-64.7913
-64.7924
-64.7934
-64.7944
-64.7954
-64.7964
-64.7974
-64.7983
-64.7993
-64.8002
-64.8011
-64.802
-64.8029
-64.8038
-64.8046
-64.8055
-64.8063
-64.8071
-64.808
-64.8087
-64.8095
-64.8103
-64.8111
-64.8118
-64.8125
-64.8133
-64.814
-64.8147
-64.8154
-64.8161
-64.8167
-64.8174
-64.818
-64.8187
-64.8193
-64.8199
-64.8205
-64.8211
-64.8217
-64.8223
-64.8228
-64.8234
-64.8239
-64.8245
-64.825
-64.8255
-64.826
-64.8265
-64.827
-64.8275
-64.8279
-64.8284
-64.8289
-64.8293
-64.8297
-64.8302
-64.8306
-64.831
-64.8314
-64.8318
-64.8322
-64.8326
-64.833
-64.8333
-64.8337
-64.834
-64.8344
-64.8347
-64.8351
-64.8354
-64.8357
-64.836
-64.8363
-64.8366
-64.8369
-64.8372
-64.8375
-64.8377
-64.838
-64.8383
-64.8385
-64.8388
-64.839
-64.8393
-64.8395
-64.8397
-64.8399
-64.8402
-64.8404
-64.8406
-64.8408
-64.841
-64.8411
-64.8413
-64.8415
-64.8417
-64.8418
-64.842
-64.8422
-64.8423
-64.8425
-64.8426
-64.8428
-64.8429
-64.843
-64.8432
-64.8433
-64.8434
-64.8435
-64.8436
-64.8437
-64.8438
-64.8439
-64.844
-64.8441
-64.8442
-64.8443
-64.8444
-64.8445
-64.8445
-64.8446
-64.8447
-64.8448
-64.8448
-64.8449
-64.8449
-64.845
-64.845
-64.8451
-64.8451
-64.8452
-64.8452
-64.8452
-64.8453
-64.8453
-64.8453
-64.8453
-64.8454
-64.8454
-64.8454
-64.8454
-64.8454
-64.8454
-64.8454
-64.8454
-64.8454
-64.8454
-64.8454
-64.8454
-64.8454
-64.8454
-64.8454
-64.8454
-64.8454
-64.8454
-64.8453
-64.8453
-64.8453
-64.8453
-64.8452
-64.8452
-64.8452
-64.8452
-64.8451
-64.8451
-64.8451
-64.845
-64.845
-64.8449
-64.8449
-64.8449
-64.8448
-64.8448
-64.8447
-64.8447
-64.8446
-64.8446
-64.8445
-64.8445
-64.8444
-64.8443
-64.8443
-64.8442
-64.8442
-64.8441
-64.8441
-64.844
-64.8439
-64.8439
-64.8438
-64.8437
-64.8437
-64.8436
-64.8435
-64.8435
-64.8434
-64.8433
-64.8432
-64.8432
-64.8431
-64.843
-64.843
-64.8429
-64.8428
-64.8427
-64.8427
-64.8426
-64.8425
-64.8424
-64.8423
-64.8423
-64.8422
-64.8421
-64.842
-64.842
-64.8419
-64.8418
-64.8417
-64.8416
-64.8415
-64.8415
-64.8414
-64.8413
-64.8412
-64.8411
-64.841
-64.841
-64.8409
-64.8408
-64.8407
-64.8406
-64.8405
-64.8405
-64.8404
-64.8403
-64.8402
-64.8401
-64.84
-64.84
-64.8399
-64.8398
-64.8397
-64.8396
-64.8395
-64.8394
-64.8394
-64.8393
-64.8392
-64.8391
-64.839
-64.8389
-64.8388
-64.8388
-64.8387
-64.8386
-64.8385
-64.8384
-64.8383
-64.8383
-64.8382
-64.8381
-64.838
-64.8379
-64.8379
-64.8378
-64.8377
-64.8376
-64.8375
-64.8374
-64.8374
-64.8373
-64.8372
-64.8371
-64.837
-64.837
-64.8369
-64.8368
-64.8367
-64.8367
-64.8366
-64.8365
-64.8364
-64.8363
-64.8363
-64.8362
-64.8361
-64.836
-64.836
-64.8359
-64.8358
-64.8358
-64.8357
-64.8356
-64.8355
-64.8355
-64.8354
-64.8353
-64.8353
-64.8352
-64.8351
-64.835
-64.835
-64.8349
-64.8348
-64.8348
-64.8347
-64.8346
-64.8346
-64.8345
-64.8345
-64.8344
-64.8343
-64.8343
-64.8342
-64.8341
-64.8341
-64.834
-64.834
-64.8339
-64.8338
-64.8338
-64.8337
-64.8337
-64.8336
-64.8336
-64.8335
-64.8334
-64.8334
-64.8333
-64.8333
-64.8332
-64.8332
-64.8331
-64.8331
-64.833
-64.833
-64.8329
-64.8329
-64.8328
-64.8328
-64.8327
-64.8327
-64.8326
-64.8326
-64.8325
-64.8325
-64.8325
-64.8324
-64.8324
-64.8323
-64.8323
-64.8322
-64.8322
-64.8322
-64.8321
-64.8321
-64.8321
-64.832
-64.832
-64.8319
-64.8319
-64.8319
-64.8318
-64.8318
-64.8318
-64.8317
-64.8317
-64.8317
-64.8316
-64.8316
-64.8316
-64.8316
-64.8315
-64.8315
-64.8315
-64.8314
-64.8314
-64.8314
-64.8314
-64.8314
-64.8313
-64.8313
-64.8313
-64.8313
-64.8312
-64.8312
-64.8312
-64.8312
-64.8312
-64.8311
-64.8311
-64.8311
-64.8311
-64.8311
-64.8311
-64.831
-64.831
-64.831
-64.831
-64.831
-64.831
-64.831
-64.831
-64.831
-64.8309
-64.8309
-64.8309
-64.8309
-64.8309
-64.8309
-64.8309
-64.8309
-64.8309
-64.8309
-64.8309
-64.8309
-64.8309
-64.8309
-64.8309
-64.8309
-64.8309
-64.8309
-64.8309
-64.8309
-64.8309
-64.8309
-64.8309
-64.8309
-64.8309
-64.8309
-64.8309
-64.8309
-64.8309
-64.8309
-64.8309
-64.8309
-64.831
-64.831
-64.831
-64.831
-64.831
-64.831
-64.831
-64.831
-64.831
-64.8311
-64.8311
-64.8311
-64.8311
-64.8311
-64.8311
-64.8312
-64.8312
-64.8312
-64.8312
-64.8312
-64.8312
-64.8313
-64.8313
-64.8313
-64.8313
-64.8314
-64.8314
-64.8314
-64.8314
-64.8314
-64.8315
-64.8315
-64.8315
-64.8315
-64.8316
-64.8316
-64.8316
-64.8317
-64.8317
-64.8317
-64.8317
-64.8318
-64.8318
-64.8318
-64.8319
-64.8319
-64.8319
-64.832
-64.832
-64.832
-64.8321
-64.8321
-64.8321
-64.8322
-64.8322
-64.8322
-64.8323
-64.8323
-64.8323
-64.8324
-64.8324
-64.8325
-64.8325
-64.8325
-64.8326
-64.8326
-64.8327
-64.8327
-64.8327
-64.8328
-64.8328
-64.8329
-64.8329
-64.833
-64.833
-64.8331
-64.8331
-64.8331
-64.8332
-64.8332
-64.8333
-64.8333
-64.8334
-64.8334
-64.8335
-64.8335
-64.8336
-64.8336
-64.8337
-64.8337
-64.8338
-64.8338
-64.8339
-64.8339
-64.834
-64.834
-64.8341
-64.8341
-64.8342
-64.8342
-64.8343
-64.8344
-64.8344
-64.8345
-64.8345
-64.8346
-64.8346
-64.8347
-64.8348
-64.8348
-64.8349
-64.8349
-64.835
-64.835
-64.8351
-64.8352
-64.8321
-64.823
-64.8064
-64.782
-64.7499
-64.7108
-64.6656
-64.6152
-64.5607
-64.5029
-64.4427
-64.3808
-64.3179
-64.2547
-64.1915
-64.1289
-64.0671
-64.0065
-63.9473
-63.8896
-63.8337
-63.7796
-63.7274
-63.6772
-63.629
-63.5828
-63.5387
-63.4965
-63.4564
-63.4182
-63.3819
-63.3476
-63.3151
-63.2844
-63.2555
-63.2283
-63.2028
-63.1788
-63.1565
-63.1356
-63.1162
-63.0983
-63.0816
-63.0664
-63.0523
-63.0395
-63.0279
-63.0174
-63.008
-62.9997
-62.9923
-62.986
-62.9806
-62.976
-62.9723
-62.9695
-62.9674
-62.9661
-62.9655
-62.9656
-62.9664
-62.9678
-62.9698
-62.9724
-62.9756
-62.9792
-62.9834
-62.9881
-62.9932
-62.9988
-63.0048
-63.0112
-63.0179
-63.0251
-63.0325
-63.0403
-63.0484
-63.0568
-63.0654
-63.0743
-63.0835
-63.0928
-63.1024
-63.1122
-63.1222
-63.1324
-63.1427
-63.1532
-63.1639
-63.1747
-63.1856
-63.1966
-63.2077
-63.2189
-63.2302
-63.2416
-63.2531
-63.2646
-63.2762
-63.2879
-63.2996
-63.3113
-63.3231
-63.3349
-63.3467
-63.3585
-63.3704
-63.3822
-63.3941
-63.4059
-63.4178
-63.4296
-63.4414
-63.4533
-63.465
-63.4768
-63.4885
-63.5003
-63.5119
-63.5236
-63.5352
-63.5467
-63.5582
-63.5697
-63.5811
-63.5925
-63.6038
-63.6151
-63.6263
-63.6375
-63.6485
-63.6596
-63.6706
-63.6815
-63.6923
-63.7031
-63.7138
-63.7245
-63.7351
-63.7456
-63.756
-63.7664
-63.7767
-63.787
-63.7971
-63.8072
-63.8173
-63.8272
-63.8371
-63.8469
-63.8566
-63.8663
-63.8759
-63.8854
-63.8948
-63.9042
-63.9135
-63.9227
-63.9318
-63.9409
-63.9499
-63.9588
-63.9676
-63.9764
-63.9851
-63.9937
-64.0023
-64.0107
-64.0191
-64.0275
-64.0357
-64.0439
-64.052
-64.06
-64.068
-64.0759
-64.0837
-64.0915
-64.0992
-64.1068
-64.1143
-64.1218
-64.1292
-64.1365
-64.1438
-64.151
-64.1581
-64.1652
-64.1722
-64.1791
-64.186
-64.1928
-64.1996
-64.2062
-64.2128
-64.2194
-64.2259
-64.2323
-64.2387
-64.245
-64.2512
-64.2574
-64.2635
-64.2696
-64.2756
-64.2815
-64.2874
-64.2932
-64.299
-64.3047
-64.3104
-64.316
-64.3215
-64.327
-64.3324
-64.3378
-64.3431
-64.3484
-64.3536
-64.3588
-64.3639
-64.369
-64.374
-64.379
-64.3839
-64.3888
-64.3936
-64.3983
-64.4031
-64.4077
-64.4124
-64.4169
-64.4215
-64.4259
-64.4304
-64.4348
-64.4391
-64.4434
-64.4285
-64.3975
-64.3551
-64.3045
-64.2482
-64.1879
-64.1249
-64.0601
-63.9945
-63.9285
-63.8629
-63.7978
-63.7338
-63.6711
-63.61
-63.5505
-63.4929
-63.4373
-63.3837
-63.3322
-63.2829
-63.2357
-63.1906
-63.1477
-63.1069
-63.0682
-63.0316
-62.9971
-62.9644
-62.9338
-62.905
-62.878
-62.8529
-62.8294
-62.8076
-62.7875
-62.7689
-62.7518
-62.7362
-62.722
-62.7091
-62.6975
-62.6872
-62.6781
-62.6702
-62.6634
-62.6576
-62.6529
-62.6492
-62.6464
-62.6445
-62.6435
-62.6433
-62.6439
-62.6453
-62.6474
-62.6502
-62.6536
-62.6577
-62.6624
-62.6677
-62.6735
-62.6798
-62.6867
-62.694
-62.7017
-62.7099
-62.7185
-62.7275
-62.7368
-62.7465
-62.7565
-62.7668
-62.7774
-62.7883
-62.7994
-62.8108
-62.8224
-62.8342
-62.8462
-62.8583
-62.8707
-62.8832
-62.8959
-62.9087
-62.9216
-62.9346
-62.9478
-62.961
-62.9743
-62.9877
-63.0012
-63.0147
-63.0283
-63.0419
-63.0556
-63.0693
-63.083
-63.0968
-63.1105
-63.1243
-63.138
-63.1518
-63.1655
-63.1793
-63.193
-63.2067
-63.2204
-63.234
-63.2476
-63.2612
-63.2747
-63.2882
-63.3016
-63.315
-63.3283
-63.3416
-63.3548
-63.368
-63.3811
-63.3941
-63.4071
-63.42
-63.4329
-63.4456
-63.4583
-63.4709
-63.4835
-63.4959
-63.5083
-63.5206
-63.5328
-63.545
-63.557
-63.569
-63.5809
-63.5927
-63.6045
-63.6161
-63.6276
-63.6391
-63.6505
-63.6618
-63.673
-63.6841
-63.6952
-63.7061
-63.717
-63.7277
-63.7384
-63.749
-63.7595
-63.77
-63.7803
-63.7905
-63.8007
-63.8108
-63.8207
-63.8306
-63.8404
-63.8502
-63.8598
-63.8694
-63.8788
-63.8882
-63.8975
-63.9067
-63.9158
-63.9249
-63.9338
-63.9427
-63.9515
-63.9602
-63.9689
-63.9774
-63.9859
-63.9943
-64.0026
-64.0108
-64.019
-64.027
-64.035
-64.043
-64.0508
-64.0586
-64.0663
-64.0739
-64.0814
-64.0889
-64.0963
-64.1036
-64.1109
-64.118
-64.1251
-64.1322
-64.1391
-64.146
-64.1529
-64.1596
-64.1663
-64.1729
-64.1795
-64.186
-64.1924
-64.1988
-64.2051
-64.2113
-64.2175
-64.2236
-64.2296
-64.2356
-64.2415
-64.2474
-64.2532
-64.2589
-64.2646
-64.2702
-64.2758
-64.2813
-64.2867
-64.2921
-64.2974
-64.3027
-64.3079
-64.3131
-64.3182
-64.3233
-64.3283
-64.3333
-64.3382
-64.343
-64.3478
-64.3526
-64.3573
-64.3619
-64.3665
-64.3711
-64.3756
-64.38
-64.3844
-64.3888
-64.3931
-64.3974
-64.4016
-64.4058
-64.4099
-64.414
-64.418
-64.422
-64.426
-64.4299
-64.4338
-64.4376
-64.4414
-64.4452
-64.4489
-64.4525
-64.4562
-64.4597
-64.4633
-64.4668
-64.4703
-64.4737
-64.4771
-64.4805
-64.4838
-64.4871
-64.4903
-64.4935
-64.4967
-64.4999
-64.503
-64.5061
-64.5091
-64.5121
-64.5151
-64.518
-64.5209
-64.5238
-64.5266
-64.5295
-64.5322
-64.535
-64.5377
-64.5404
-64.5431
-64.5457
-64.5483
-64.5509
-64.5534
-64.5559
-64.5584
-64.5609
-64.5633
-64.5657
-64.5681
-64.5704
-64.5727
-64.575
-64.5773
-64.5795
-64.5817
-64.5839
-64.5861
-64.5882
-64.5904
-64.5925
-64.5945
-64.5966
-64.5986
-64.6006
-64.6026
-64.6045
-64.6064
-64.6083
-64.6102
-64.6121
-64.6139
-64.6158
-64.6176
-64.6193
-64.6211
-64.6228
-64.6245
-64.6262
-64.6279
-64.6296
-64.6312
-64.6328
-64.6344
-64.636
-64.6376
-64.6391
-64.6406
-64.6421
-64.6436
-64.6451
-64.6465
-64.648
-64.6494
-64.6508
-64.6522
-64.6535
-64.6549
-64.6562
-64.6575
-64.6588
-64.6601
-64.6614
-64.6627
-64.6639
-64.6651
-64.6663
-64.6675
-64.6687
-64.6699
-64.671
-64.6722
-64.6733
-64.6744
-64.6755
-64.6766
-64.6776
-64.6787
-64.6797
-64.6808
-64.6818
-64.6828
-64.6838
-64.6848
-64.6857
-64.6867
-64.6876
-64.6885
-64.6895
-64.6904
-64.6913
-64.6921
-64.693
-64.6939
-64.6947
-64.6956
-64.6964
-64.6972
-64.698
-64.6988
-64.6996
-64.7004
-64.7012
-64.7019
-64.7027
-64.7034
-64.7041
-64.7048
-64.7056
-64.7063
-64.7069
-64.7076
-64.7083
-64.709
-64.7096
-64.7103
-64.7109
-64.7115
-64.7122
-64.7128
-64.7134
-64.714
-64.7146
-64.7151
-64.7157
-64.7163
-64.7168
-64.7174
-64.7179
-64.7185
-64.719
-64.7195
-64.72
-64.7205
-64.721
-64.7215
-64.722
-64.7225
-64.723
-64.7234
-64.7239
-64.7243
-64.7248
-64.7252
-64.7257
-64.7261
-64.7265
-64.7269
-64.7273
-64.7278
-64.7282
-64.7285
-64.7289
-64.7293
-64.7297
-64.7301
-64.7304
-64.7308
-64.7312
-64.7315
-64.7319
-64.7322
-64.7325
-64.7329
-64.7332
-64.7335
-64.7338
-64.7341
-64.7345
-64.7348
-64.7351
-64.7354
-64.7356
-64.7359
-64.7362
-64.7365
-64.7368
-64.737
-64.7373
-64.7376
-64.7378
-64.7381
-64.7383
-64.7386
-64.7388
-64.7391
-64.7393
-64.7395
-64.7398
-64.74
-64.7402
-64.7404
-64.7407
-64.7409
-64.7411
-64.7413
-64.7415
-64.7417
-64.7419
-64.7421
-64.7423
-64.7425
-64.7427
-64.7428
-64.743
-64.7432
-64.7434
-64.7436
-64.7437
-64.7439
-64.7441
-64.7442
-64.7444
-64.7445
-64.7447
-64.7448
-64.745
-64.7451
-64.7453
-64.7454
-64.7456
-64.7457
-64.7459
-64.746
-64.7461
-64.7463
-64.7464
-64.7465
-64.7467
-64.7468
-64.7469
-64.747
-64.7471
-64.7473
-64.7474
-64.7475
-64.7476
-64.7477
-64.7478
-64.7479
-64.748
-64.7481
-64.7482
-64.7483
-64.7484
-64.7485
-64.7486
-64.7487
-64.7488
-64.7489
-64.749
-64.7491
-64.7492
-64.7493
-64.7494
-64.7495
-64.7495
-64.7496
-64.7497
-64.7498
-64.7499
-64.75
-64.75
-64.7501
-64.7502
-64.7503
-64.7503
-64.7504
-64.7505
-64.7506
-64.7506
-64.7507
-64.7508
-64.7508
-64.7509
-64.751
-64.751
-64.7511
-64.7512
-64.7512
-64.7513
-64.7482
-64.7391
-64.7226
-64.6982
-64.6661
-64.6271
-64.582
-64.5317
-64.4772
-64.4195
-64.3594
-64.2976
-64.2348
-64.1717
-64.1086
-64.0461
-63.9844
-63.9239
-63.8648
-63.8072
-63.7514
-63.6975
-63.6454
-63.5953
-63.5472
-63.5012
-63.4572
-63.4152
-63.3752
-63.3371
-63.301
-63.2668
-63.2345
-63.204
-63.1752
-63.1482
-63.1228
-63.099
-63.0768
-63.0561
-63.0369
-63.0191
-63.0026
-62.9875
-62.9736
-62.961
-62.9495
-62.9392
-62.93
-62.9218
-62.9146
-62.9084
-62.9031
-62.8988
-62.8952
-62.8925
-62.8906
-62.8895
-62.889
-62.8893
-62.8902
-62.8918
-62.8939
-62.8967
-62.9
-62.9038
-62.9081
-62.9129
-62.9182
-62.9239
-62.93
-62.9365
-62.9434
-62.9507
-62.9582
-62.9661
-62.9743
-62.9828
-62.9916
-63.0006
-63.0099
-63.0194
-63.0291
-63.039
-63.0491
-63.0594
-63.0698
-63.0804
-63.0911
-63.102
-63.113
-63.1241
-63.1353
-63.1466
-63.158
-63.1695
-63.181
-63.1926
-63.2043
-63.216
-63.2278
-63.2396
-63.2514
-63.2633
-63.2752
-63.2871
-63.299
-63.3109
-63.3228
-63.3347
-63.3466
-63.3585
-63.3704
-63.3822
-63.3941
-63.4059
-63.4177
-63.4294
-63.4411
-63.4528
-63.4644
-63.476
-63.4876
-63.4991
-63.5105
-63.5219
-63.5333
-63.5446
-63.5558
-63.567
-63.5781
-63.5892
-63.6002
-63.6111
-63.622
-63.6328
-63.6435
-63.6542
-63.6648
-63.6753
-63.6858
-63.6962
-63.7065
-63.7167
-63.7269
-63.737
-63.7471
-63.757
-63.7669
-63.7767
-63.7864
-63.7961
-63.8057
-63.8152
-63.8246
-63.834
-63.8433
-63.8525
-63.8616
-63.8707
-63.8797
-63.8987
-63.9199
-63.9411
-63.9617
-63.9812
-63.9998
-64.0174
-64.0341
-64.05
-64.0653
-64.0799
-64.094
-64.1077
-64.1209
-64.1337
-64.1462
-64.1583
-64.1702
-64.1817
-64.1929
-64.2039
-64.2147
-64.2252
-64.2354
-64.2455
-64.2553
-64.2649
-64.2743
-64.2835
-64.2925
-64.3013
-64.31
-64.3184
-64.3267
-64.3348
-64.3428
-64.3506
-64.3582
-64.3657
-64.373
-64.3802
-64.3873
-64.3942
-64.4009
-64.4075
-64.414
-64.4204
-64.4267
-64.4328
-64.4388
-64.4447
-64.4504
-64.4561
-64.4617
-64.4671
-64.4724
-64.4777
-64.4828
-64.4878
-64.4928
-64.4976
-64.5024
-64.507
-64.5116
-64.5161
-64.5205
-64.5248
-64.529
-64.5331
-64.5372
-64.5412
-64.5451
-64.549
-64.5527
-64.5564
-64.5601
-64.5636
-64.5671
-64.5706
-64.5739
-64.5772
-64.5805
-64.5836
-64.5867
-64.5898
-64.5928
-64.5957
-64.5986
-64.6015
-64.6042
-64.607
-64.6096
-64.6123
-64.6149
-64.6174
-64.6199
-64.6223
-64.6247
-64.627
-64.6293
-64.6316
-64.6338
-64.636
-64.6381
-64.6402
-64.6422
-64.6443
-64.6462
-64.6482
-64.6501
-64.6519
-64.6538
-64.6556
-64.6573
-64.6591
-64.6607
-64.6624
-64.664
-64.6656
-64.6672
-64.6688
-64.6703
-64.6717
-64.6732
-64.6746
-64.676
-64.6774
-64.6787
-64.6801
-64.6814
-64.6826
-64.6839
-64.6851
-64.6863
-64.6875
-64.6886
-64.6898
-64.6909
-64.692
-64.693
-64.6941
-64.6951
-64.6961
-64.6971
-64.698
-64.699
-64.6999
-64.7008
-64.7017
-64.7026
-64.7035
-64.7043
-64.7051
-64.7059
-64.7067
-64.7075
-64.7083
-64.709
-64.7097
-64.7104
-64.7111
-64.7118
-64.7125
-64.7132
-64.7138
-64.7145
-64.7151
-64.7157
-64.7163
-64.7169
-64.7174
-64.718
-64.7185
-64.7191
-64.7196
-64.7201
-64.7206
-64.7211
-64.7216
-64.7221
-64.7225
-64.723
-64.7234
-64.7239
-64.7243
-64.7247
-64.7251
-64.7255
-64.7259
-64.7263
-64.7267
-64.727
-64.7274
-64.7277
-64.7281
-64.7284
-64.7287
-64.7291
-64.7294
-64.7297
-64.73
-64.7303
-64.7306
-64.7308
-64.7311
-64.7314
-64.7316
-64.7319
-64.7321
-64.7324
-64.7326
-64.7329
-64.7331
-64.7302
-64.7212
-64.7049
-64.6806
-64.6487
-64.6098
-64.5648
-64.5147
-64.4604
-64.4028
-64.3428
-64.2811
-64.2185
-64.1554
-64.0925
-64.03
-63.9684
-63.908
-63.8489
-63.7914
-63.7356
-63.6816
-63.6296
-63.5795
-63.5314
-63.4853
-63.4413
-63.3992
-63.3591
-63.321
-63.2849
-63.2506
-63.2181
-63.1875
-63.1586
-63.1314
-63.1059
-63.082
-63.0597
-63.0388
-63.0194
-63.0015
-62.9848
-62.9695
-62.9555
-62.9427
-62.931
-62.9205
-62.9111
-62.9027
-62.8953
-62.8889
-62.8834
-62.8788
-62.8751
-62.8722
-62.8701
-62.8687
-62.868
-62.8681
-62.8688
-62.8701
-62.872
-62.8746
-62.8776
-62.8812
-62.8853
-62.8899
-62.8949
-62.9004
-62.9063
-62.9126
-62.9302
-62.9507
-62.9717
-62.9922
-63.0121
-63.0312
-63.0497
-63.0675
-63.0848
-63.1017
-63.1182
-63.1343
-63.1503
-63.166
-63.1815
-63.1969
-63.2121
-63.2272
-63.2421
-63.257
-63.2717
-63.2864
-63.3009
-63.3153
-63.3296
-63.3439
-63.358
-63.372
-63.3859
-63.3998
-63.4135
-63.4271
-63.4406
-63.4541
-63.4674
-63.4806
-63.4937
-63.5067
-63.5196
-63.5324
-63.545
-63.5576
-63.5701
-63.5824
-63.5947
-63.6068
-63.6189
-63.6308
-63.6426
-63.6543
-63.6659
-63.6774
-63.6888
-63.7001
-63.7112
-63.7223
-63.7332
-63.7441
-63.7548
-63.7655
-63.776
-63.7864
-63.7967
-63.807
-63.8171
-63.8271
-63.837
-63.8468
-63.8565
-63.8661
-63.8756
-63.885
-63.8943
-63.9035
-63.9126
-63.9216
-63.9305
-63.9394
-63.9481
-63.9567
-63.9621
-63.9616
-63.9537
-63.9379
-63.9145
-63.8842
-63.8478
-63.8064
-63.7608
-63.712
-63.6608
-63.6079
-63.554
-63.4998
-63.4456
-63.3919
-63.3391
-63.2874
-63.237
-63.1882
-63.141
-63.0957
-63.0521
-63.0105
-62.9708
-62.933
-62.8972
-62.8633
-62.8313
-62.8012
-62.773
-62.7465
-62.7219
-62.6989
-62.6776
-62.6579
-62.6398
-62.6232
-62.6081
-62.5944
-62.5821
-62.5711
-62.5613
-62.5528
-62.5454
-62.5392
-62.5341
-62.53
-62.5269
-62.5247
-62.5235
-62.5232
-62.5237
-62.525
-62.527
-62.5299
-62.5334
-62.5376
-62.5424
-62.5478
-62.5539
-62.5605
-62.5676
-62.5752
-62.5833
-62.5919
-62.6008
-62.6102
-62.62
-62.6302
-62.6407
-62.6515
-62.6626
-62.674
-62.6857
-62.6977
-62.7099
-62.7223
-62.7349
-62.7477
-62.7607
-62.7738
-62.7871
-62.8004
-62.8139
-62.8274
-62.8411
-62.8548
-62.8685
-62.8823
-62.896
-62.9098
-62.9236
-62.9374
-62.9512
-62.9649
-62.9787
-62.9923
-63.006
-63.0196
-63.0332
-63.0467
-63.0601
-63.0736
-63.0869
-63.1003
-63.1135
-63.1268
-63.14
-63.1531
-63.1661
-63.1791
-63.192
-63.2049
-63.2176
-63.2303
-63.2428
-63.2553
-63.2677
-63.28
-63.2922
-63.3043
-63.3163
-63.3282
-63.3399
-63.3515
-63.3631
-63.3745
-63.3858
-63.397
-63.4081
-63.4191
-63.43
-63.4408
-63.4515
-63.4622
-63.4727
-63.4832
-63.4936
-63.5039
-63.5142
-63.5244
-63.5345
-63.5446
-63.5546
-63.5646
-63.5745
-63.5843
-63.5941
-63.6038
-63.6134
-63.623
-63.6325
-63.6419
-63.6512
-63.6605
-63.6696
-63.6787
-63.7082
-63.7423
-63.7764
-63.8092
-63.84
-63.8688
-63.8957
-63.9209
-63.9446
-63.967
-63.9882
-64.0085
-64.0279
-64.0464
-64.0642
-64.0814
-64.098
-64.1139
-64.1294
-64.1443
-64.1588
-64.1728
-64.1863
-64.1994
-64.2219
-64.2461
-64.2701
-64.293
-64.3147
-64.3351
-64.3542
-64.3723
-64.3894
-64.4055
-64.4208
-64.4354
-64.4493
-64.4625
-64.4752
-64.4873
-64.4989
-64.51
-64.5206
-64.5308
-64.5406
-64.5499
-64.5589
-64.5674
-64.5756
-64.5835
-64.591
-64.5982
-64.6051
-64.6211
-64.6389
-64.6565
-64.6733
-64.689
-64.7036
-64.7171
-64.7297
-64.7414
-64.7524
-64.7627
-64.7723
-64.7814
-64.79
-64.7981
-64.8058
-64.8131
-64.82
-64.8265
-64.8327
-64.8386
-64.8441
-64.8494
-64.8544
-64.8592
-64.8637
-64.868
-64.872
-64.8759
-64.8795
-64.8829
-64.8861
-64.8891
-64.8919
-64.8945
-64.8969
-64.8991
-64.9012
-64.9031
-64.9048
-64.9063
-64.9076
-64.9088
-64.9098
-64.9107
-64.9114
-64.9119
-64.9123
-64.9126
-64.9127
-64.9127
-64.9127
-64.9125
-64.9122
-64.9118
-64.9113
-64.9108
-64.9101
-64.9094
-64.9087
-64.9079
-64.907
-64.9061
-64.9052
-64.9042
-64.9032
-64.9022
-64.9011
-64.9
-64.8989
-64.8978
-64.8966
-64.8955
-64.8943
-64.8931
-64.8919
-64.8908
-64.8896
-64.8884
-64.8872
-64.886
-64.8848
-64.8836
-64.8824
-64.8812
-64.88
-64.8788
-64.8776
-64.8764
-64.8752
-64.874
-64.8728
-64.8715
-64.8702
-64.8689
-64.8675
-64.8661
-64.8647
-64.8632
-64.8617
-64.8601
-64.8585
-64.8568
-64.8551
-64.8533
-64.8514
-64.8495
-64.8476
-64.8456
-64.8435
-64.8415
-64.8394
-64.8372
-64.8351
-64.8329
-64.8307
-64.8285
-64.8263
-64.824
-64.8218
-64.8195
-64.8172
-64.8149
-64.8125
-64.8102
-64.8078
-64.8054
-64.803
-64.8005
-64.7981
-64.7956
-64.7932
-64.7907
-64.7931
-64.7973
-64.8024
-64.8079
-64.8135
-64.8192
-64.8247
-64.8301
-64.8353
-64.8402
-64.8449
-64.8494
-64.8536
-64.8576
-64.8613
-64.8648
-64.868
-64.871
-64.8739
-64.8765
-64.8789
-64.8812
-64.8832
-64.8851
-64.8869
-64.8885
-64.89
-64.8914
-64.8926
-64.8937
-64.8947
-64.8957
-64.8965
-64.8972
-64.8978
-64.8983
-64.8988
-64.8991
-64.8994
-64.8996
-64.8996
-64.8996
-64.8995
-64.8993
-64.8989
-64.8985
-64.898
-64.8974
-64.8967
-64.896
-64.8951
-64.8941
-64.893
-64.8918
-64.8906
-64.8892
-64.8878
-64.8863
-64.8847
-64.883
-64.8812
-64.8793
-64.8774
-64.8754
-64.8733
-64.8711
-64.8689
-64.8667
-64.8644
-64.8621
-64.8597
-64.8573
-64.8549
-64.8525
-64.85
-64.8476
-64.8452
-64.8427
-64.8403
-64.8379
-64.8355
-64.8331
-64.8307
-64.8284
-64.826
-64.8237
-64.8215
-64.8192
-64.817
-64.8149
-64.8127
-64.8106
-64.8085
-64.8065
-64.8045
-64.8025
-64.8005
-64.7986
-64.7966
-64.7947
-64.7928
-64.7908
-64.7889
-64.787
-64.785
-64.7831
-64.7811
-64.7791
-64.7771
-64.775
-64.7729
-64.7708
-64.7687
-64.7665
-64.7643
-64.7621
-64.7599
-64.7576
-64.7552
-64.7529
-64.7505
-64.7481
-64.7456
-64.7431
-64.7406
-64.7381
-64.7355
-64.733
-64.7304
-64.7279
-64.7253
-64.7227
-64.7202
-64.7177
-64.7152
-64.7127
-64.7103
-64.7079
-64.7055
-64.7032
-64.7009
-64.6986
-64.6772
-64.6398
-64.5909
-64.534
-64.4715
-64.4051
-64.3361
-64.2654
-64.194
-64.1223
-64.0511
-63.9806
-63.9112
-63.8433
-63.7769
-63.7124
-63.6499
-63.5895
-63.5311
-63.475
-63.4212
-63.3695
-63.3202
-63.2731
-63.2282
-63.1855
-63.1449
-63.1173
-63.0942
-63.0734
-63.0539
-63.0353
-63.0177
-63.0009
-62.985
-62.9701
-62.9561
-62.9432
-62.9313
-62.9204
-62.9105
-62.9016
-62.8938
-62.8869
-62.881
-62.876
-62.8718
-62.8686
-62.8661
-62.8645
-62.8636
-62.8635
-62.864
-62.8653
-62.8672
-62.8697
-62.8727
-62.8764
-62.8806
-62.8853
-62.8905
-62.8961
-62.9022
-62.9087
-62.9156
-62.9228
-62.9305
-62.9384
-62.9467
-62.9553
-62.9642
-62.9733
-62.9827
-62.9923
-63.0021
-63.0122
-63.0224
-63.0328
-63.0434
-63.0542
-63.065
-63.0761
-63.0872
-63.0985
-63.1098
-63.1213
-63.1328
-63.1444
-63.1561
-63.1679
-63.1796
-63.1915
-63.2034
-63.2153
-63.2272
-63.2392
-63.2511
-63.2631
-63.2751
-63.2871
-63.2991
-63.311
-63.323
-63.3349
-63.3468
-63.3587
-63.3705
-63.3824
-63.3941
-63.4059
-63.4176
-63.4292
-63.4408
-63.4524
-63.4639
-63.4753
-63.4867
-63.498
-63.5093
-63.5205
-63.5316
-63.5427
-63.5537
-63.5646
-63.5755
-63.5863
-63.597
-63.6076
-63.6182
-63.6287
-63.6391
-63.6495
-63.6597
-63.6699
-63.68
-63.6901
-63.7
-63.7099
-63.7197
-63.7294
-63.7391
-63.7486
-63.7581
-63.7675
-63.7768
-63.7861
-63.7953
-63.8043
-63.8133
-63.8223
-63.8311
-63.8399
-63.8485
-63.8571
-63.8657
-63.8741
-63.8825
-63.8908
-63.899
-63.9071
-63.9152
-63.9232
-63.9311
-63.9389
-63.9467
-63.9543
-63.9619
-63.9695
-63.9769
-63.9843
-63.9916
-63.9989
-64.006
-64.0131
-64.0201
-64.0271
-64.034
-64.0408
-64.0475
-64.0542
-64.0608
-64.0674
-64.0739
-64.0803
-64.0866
-64.0929
-64.0991
-64.1053
-64.1114
-64.1174
-64.1234
-64.1293
-64.1351
-64.1409
-64.1466
-64.1523
-64.1579
-64.1634
-64.1689
-64.1743
-64.1797
-64.185
-64.1903
-64.1955
-64.2006
-64.2057
-64.2108
-64.2158
-64.2207
-64.2256
-64.2304
-64.2352
-64.2399
-64.2446
-64.2493
-64.2538
-64.2584
-64.2629
-64.2673
-64.2717
-64.276
-64.2803
-64.2846
-64.2888
-64.293
-64.2971
-64.3012
-64.3052
-64.3092
-64.3131
-64.317
-64.3209
-64.3247
-64.3285
-64.3322
-64.3359
-64.3396
-64.3432
-64.3468
-64.3503
-64.3538
-64.3573
-64.3607
-64.3641
-64.3675
-64.3708
-64.3741
-64.3773
-64.3806
-64.3837
-64.3869
-64.39
-64.3931
-64.3961
-64.3992
-64.4021
-64.4051
-64.408
-64.4109
-64.4138
-64.4166
-64.4194
-64.4221
-64.4249
-64.4276
-64.4303
-64.4329
-64.4355
-64.4381
-64.4407
-64.4432
-64.4457
-64.4482
-64.4507
-64.4531
-64.4555
-64.4579
-64.4603
-64.4626
-64.4649
-64.4672
-64.4694
-64.4717
-64.4739
-64.4761
-64.4782
-64.4804
-64.4825
-64.4846
-64.4866
-64.4887
-64.4907
-64.4927
-64.4947
-64.4966
-64.4986
-64.5005
-64.5024
-64.5043
-64.5061
-64.508
-64.5098
-64.5116
-64.5134
-64.5152
-64.5169
-64.5186
-64.5203
-64.522
-64.5237
-64.5253
-64.527
-64.5286
-64.5302
-64.5318
-64.5333
-64.5349
-64.5364
-64.5379
-64.5394
-64.5409
-64.5424
-64.5439
-64.5453
-64.5467
-64.5481
-64.5495
-64.5509
-64.5523
-64.5536
-64.555
-64.5563
-64.5576
-64.5589
-64.5602
-64.5614
-64.5627
-64.5639
-64.5652
-64.5664
-64.5676
-64.5688
-64.5699
-64.5711
-64.5723
-64.5734
-64.5745
-64.5756
-64.5736
-64.5656
-64.5501
-64.5267
-64.4957
-64.4577
-64.4136
-64.3643
-64.3108
-64.2541
-64.1949
-64.134
-64.0722
-64.0099
-63.9477
-63.8861
-63.8252
-63.7656
-63.7072
-63.6505
-63.5955
-63.5422
-63.4909
-63.4416
-63.3942
-63.3489
-63.3055
-63.2642
-63.2248
-63.1874
-63.1519
-63.1183
-63.0866
-63.0566
-63.0284
-63.002
-62.9771
-62.9539
-62.9322
-62.912
-62.8933
-62.8759
-62.86
-62.8453
-62.8319
-62.8197
-62.8087
-62.7988
-62.79
-62.7822
-62.7754
-62.7696
-62.7647
-62.7607
-62.7575
-62.7552
-62.7536
-62.7528
-62.7527
-62.7533
-62.7545
-62.7564
-62.7589
-62.7619
-62.7655
-62.7696
-62.7742
-62.7793
-62.7849
-62.7908
-62.7972
-62.804
-62.8111
-62.8186
-62.8265
-62.8346
-62.8431
-62.8518
-62.8608
-62.87
-62.8795
-62.8892
-62.8991
-62.9092
-62.9195
-62.93
-62.9406
-62.9514
-62.9624
-62.9734
-62.9846
-62.9959
-63.0073
-63.0188
-63.0303
-63.042
-63.0537
-63.0655
-63.0773
-63.0892
-63.1011
-63.113
-63.125
-63.137
-63.1491
-63.1611
-63.1732
-63.1852
-63.1973
-63.2093
-63.2213
-63.2334
-63.2454
-63.2574
-63.2693
-63.2813
-63.2932
-63.305
-63.3169
-63.3287
-63.3404
-63.3521
-63.3638
-63.3754
-63.3869
-63.3985
-63.4099
-63.4213
-63.4327
-63.4439
-63.4552
-63.4663
-63.4774
-63.4884
-63.4994
-63.5103
-63.5211
-63.5319
-63.5426
-63.5532
-63.5638
-63.5742
-63.5847
-63.595
-63.6052
-63.6154
-63.6256
-63.6356
-63.6456
-63.6554
-63.6653
-63.675
-63.6847
-63.6943
-63.7038
-63.7132
-63.7226
-63.7318
-63.7411
-63.7502
-63.7592
-63.7682
-63.7771
-63.786
-63.7947
-63.8034
-63.812
-63.8206
-63.829
-63.8374
-63.8457
-63.8539
-63.8621
-63.8702
-63.8782
-63.8862
-63.894
-63.9019
-63.9096
-63.9173
-63.9248
-63.9324
-63.9398
-63.9472
-63.9545
-63.9618
-63.969
-63.9761
-63.9831
-63.9901
-63.9968
-64.0029
-64.0084
-64.0131
-64.0172
-64.0207
-64.0236
-64.026
-64.0281
-64.0298
-64.0311
-64.0317
-64.0316
-64.0307
-64.0293
-64.0273
-64.0248
-64.022
-64.019
-64.0158
-64.0125
-64.0092
-64.006
-64.0029
-63.9809
-63.9432
-63.8945
-63.838
-63.7761
-63.7106
-63.6426
-63.5727
-63.5017
-63.4302
-63.3588
-63.2878
-63.2178
-63.149
-63.0818
-63.0164
-62.9528
-62.8908
-62.8306
-62.7721
-62.7155
-62.6609
-62.6083
-62.5578
-62.5094
-62.4633
-62.4195
-62.3779
-62.3386
-62.3015
-62.2667
-62.2341
-62.2036
-62.1752
-62.149
-62.1247
-62.1024
-62.082
-62.0634
-62.0544
-62.0568
-62.0627
-62.0699
-62.0851
-62.1022
-62.1193
-62.1357
-62.1511
-62.1731
-62.1958
-62.2178
-62.2386
-62.2658
-62.2937
-62.3023
-62.2945
-62.2747
-62.2461
-62.2114
-62.1723
-62.1303
-62.0864
-62.0416
-61.9964
-61.9515
-61.9074
-61.8641
-61.8218
-61.7805
-61.7405
-61.7018
-61.6646
-61.629
-61.5953
-61.5633
-61.5333
-61.5051
-61.4784
-61.4532
-61.4294
-61.4071
-61.3862
-61.3669
-61.3491
-61.3329
-61.3183
-61.3216
-61.3298
-61.3392
-61.3485
-61.3655
-61.3838
-61.4018
-61.4271
-61.4535
-61.4792
-61.5037
-61.5267
-61.5564
-61.5865
-61.6157
-61.6435
-61.6699
-61.6952
-61.7194
-61.7429
-61.7658
-61.7882
-61.8104
-61.8323
-61.8542
-61.8761
-61.8979
-61.9199
-61.9419
-61.964
-61.9859
-62.0076
-62.0288
-62.0495
-62.0698
-62.0896
-62.1091
-62.136
-62.1721
-62.2174
-62.2638
-62.3089
-62.3519
-62.3928
-62.4316
-62.4798
-62.5289
-62.5766
-62.6298
-62.6824
-62.7329
-62.7806
-62.8254
-62.8676
-62.9072
-62.9447
-62.9802
-63.0211
-63.0621
-63.1018
-63.1396
-63.1753
-63.2088
-63.2403
-63.2699
-63.2979
-63.3243
-63.3495
-63.3736
-63.3967
-63.419
-63.4405
-63.4614
-63.4817
-63.5015
-63.5209
-63.5399
-63.5586
-63.5769
-63.5949
-63.6126
-63.6301
-63.6474
-63.6644
-63.6812
-63.6978
-63.7209
-63.7453
-63.751
-63.7406
-63.7475
-63.7563
-63.7611
-63.7603
-63.754
-63.7431
-63.7283
-63.7107
-63.6909
-63.6698
-63.6478
-63.6255
-63.6032
-63.5812
-63.5597
-63.5391
-63.5193
-63.5005
-63.4827
-63.4661
-63.4505
-63.4424
-63.4365
-63.4313
-63.4331
-63.4365
-63.4399
-63.443
-63.4456
-63.448
-63.4499
-63.4582
-63.4675
-63.4764
-63.4846
-63.4988
-63.5138
-63.5282
-63.5418
-63.5545
-63.5664
-63.5777
-63.5885
-63.5991
-63.6095
-63.6265
-63.645
-63.6636
-63.6818
-63.6995
-63.7164
-63.7324
-63.7474
-63.7616
-63.7749
-63.7927
-63.8118
-63.8313
-63.8507
-63.87
-63.889
-63.9076
-63.9259
-63.9439
-63.9616
-63.979
-63.9961
-64.013
-64.0296
-64.0461
-64.062
-64.0774
-64.0919
-64.1057
-64.1187
-64.131
-64.1427
-64.1539
-64.1645
-64.1748
-64.1912
-64.2088
-64.2326
-64.2572
-64.2811
-64.3038
-64.3252
-64.3454
-64.3646
-64.3828
-64.4001
-64.4168
-64.4329
-64.4484
-64.4634
-64.478
-64.4923
-64.5124
-64.5335
-64.5544
-64.5743
-64.5991
-64.6238
-64.647
-64.6943
-64.7487
-64.8028
-64.8541
-64.9077
-64.9587
-65.0061
-65.0494
-65.089
-65.125
-65.1578
-65.188
-65.2157
-65.2413
-65.265
-65.2872
-65.3077
-65.3266
-65.3437
-65.3594
-65.3735
-65.3864
-65.3981
-65.4088
-65.4187
-65.4277
-65.4361
-65.4439
-65.4512
-65.4581
-65.4703
-65.4834
-65.4963
-65.5085
-65.52
-65.5307
-65.5408
-65.5502
-65.5647
-65.5799
-65.5947
-65.6087
-65.6218
-65.6396
-65.6578
-65.6752
-65.6915
-65.7067
-65.7207
-65.7337
-65.7458
-65.7569
-65.7673
-65.777
-65.786
-65.7944
-65.8019
-65.8084
-65.8138
-65.8181
-65.8213
-65.8235
-65.8248
-65.8252
-65.8249
-65.8239
-65.8222
-65.8194
-65.8156
-65.8108
-65.8051
-65.8096
-65.8157
-65.8213
-65.8256
-65.8284
-65.8297
-65.8291
-65.827
-65.8233
-65.8182
-65.812
-65.8048
-65.7968
-65.7882
-65.779
-65.7694
-65.7596
-65.7495
-65.7394
-65.7291
-65.7189
-65.7142
-65.7108
-65.7076
-65.7041
-65.7001
-65.6958
-65.6911
-65.6861
-65.6808
-65.6753
-65.6696
-65.6637
-65.6577
-65.6516
-65.6454
-65.6391
-65.6326
-65.6262
-65.6196
-65.613
-65.6063
-65.5996
-65.5928
-65.586
-65.5791
-65.5779
-65.5779
-65.578
-65.6068
-65.6446
-65.6833
-65.72
-65.7535
-65.7838
-65.811
-65.8355
-65.8576
-65.8776
-65.8958
-65.9124
-65.9275
-65.9413
-65.954
-65.9657
-65.9763
-65.986
-65.9949
-66.003
-66.0103
-66.0169
-66.0228
-66.0281
-66.0328
-66.0369
-66.0405
-66.0436
-66.0461
-66.0482
-66.0499
-66.0511
-66.052
-66.0524
-66.0525
-66.0522
-66.0516
-66.0507
-66.0495
-66.048
-66.0462
-66.0441
-66.0418
-66.0393
-66.0365
-66.0335
-66.0302
-66.0268
-66.0232
-66.0194
-66.0153
-66.0111
-66.0068
-66.0076
-66.0095
-66.0112
-66.0124
-66.0129
-66.0128
-66.012
-66.0107
-66.0088
-66.0064
-66.0037
-66.0005
-65.997
-65.9932
-65.9891
-65.9848
-65.9802
-65.9753
-65.9703
-65.965
-65.9596
-65.9539
-65.9535
-65.9541
-65.9545
-65.9545
-65.958
-65.9624
-65.967
-65.9713
-65.9751
-65.9785
-65.9813
-65.9835
-65.9853
-65.9864
-65.9871
-65.9873
-65.987
-65.9862
-65.9849
-65.9832
-65.9811
-65.9786
-65.9757
-65.9724
-65.9688
-65.9648
-65.9605
-65.9558
-65.9509
-65.9456
-65.9401
-65.9342
-65.9281
-65.9218
-65.9152
-65.9083
-65.9012
-65.8939
-65.8864
-65.8787
-65.8708
-65.8626
-65.8543
-65.8459
-65.8372
-65.8284
-65.8194
-65.8103
-65.8011
-65.7917
-65.7821
-65.7725
-65.7627
-65.7528
-65.7428
-65.7327
-65.7225
-65.7122
-65.7018
-65.6914
-65.6808
-65.6702
-65.6595
-65.6487
-65.6379
-65.627
-65.616
-65.605
-65.5938
-65.5827
-65.5714
-65.5601
-65.5487
-65.5372
-65.5257
-65.5141
-65.5025
-65.4908
-65.4791
-65.4674
-65.4556
-65.4439
-65.4322
-65.4205
-65.4088
-65.3971
-65.3855
-65.3739
-65.3623
-65.3508
-65.3392
-65.3278
-65.3164
-65.305
-65.2936
-65.2823
-65.2711
-65.2599
-65.2488
-65.2378
-65.2268
-65.2159
-65.2051
-65.1943
-65.1837
-65.1731
-65.1626
-65.1522
-65.1419
-65.1316
-65.1214
-65.1113
-65.1013
-65.0913
-65.0814
-65.0716
-65.0619
-65.0522
-65.0426
-65.0331
-65.0236
-65.0143
-65.005
-64.9959
-64.9868
-64.9778
-64.9689
-64.9601
-64.9514
-64.9428
-64.9343
-64.926
-64.9177
-64.9095
-64.9014
-64.8935
-64.8856
-64.8779
-64.8702
-64.8627
-64.8552
-64.8479
-64.8406
-64.8335
-64.8265
-64.8195
-64.8127
-64.8059
-64.7992
-64.7926
-64.786
-64.7795
-64.7731
-64.7667
-64.7604
-64.7541
-64.7478
-64.7415
-64.7352
-64.729
-64.7227
-64.7164
-64.7101
-64.7038
-64.6975
-64.6911
-64.6848
-64.6783
-64.6719
-64.6655
-64.659
-64.6525
-64.646
-64.6394
-64.6329
-64.6264
-64.6198
-64.6133
-64.6067
-64.6001
