-65
-64.9848
-64.9714
-64.9581
-64.9453
-64.9331
-64.9218
-64.9115
-64.9021
-64.8937
-64.8861
-64.8793
-64.8732
-64.8678
-64.8629
-64.8585
-64.8546
-64.851
-64.8479
-64.845
-64.8425
-64.8402
-64.8382
-64.8363
-64.8347
-64.8333
-64.832
-64.8309
-64.8299
-64.8291
-64.8284
-64.8278
-64.8273
-64.8269
-64.8266
-64.8264
-64.8262
-64.8262
-64.8262
-64.8263
-64.8264
-64.8267
-64.8269
-64.8272
-64.8276
-64.828
-64.8285
-64.8289
-64.8295
-64.83
-64.8306
-64.8313
-64.8319
-64.8326
-64.8333
-64.8341
-64.8348
-64.8356
-64.8364
-64.8372
-64.838
-64.8389
-64.8397
-64.8406
-64.8415
-64.8424
-64.8433
-64.8442
-64.8452
-64.8461
-64.847
-64.848
-64.8489
-64.8499
-64.8508
-64.8518
-64.8528
-64.8538
-64.8547
-64.8557
-64.8567
-64.8577
-64.8586
-64.8596
-64.8606
-64.8616
-64.8625
-64.8635
-64.8645
-64.8655
-64.8664
-64.8674
-64.8684
-64.8693
-64.8703
-64.8712
-64.8722
-64.8731
-64.8741
-64.875
-64.876
-64.8769
-64.8778
-64.8787
-64.8797
-64.8806
-64.8815
-64.8824
-64.8833
-64.8842
-64.8851
-64.886
-64.8868
-64.8877
-64.8886
-64.8894
-64.8903
-64.8912
-64.892
-64.8928
-64.8937
-64.8945
-64.8953
-64.8961
-64.897
-64.8978
-64.8986
-64.8994
-64.9001
-64.9009
-64.9017
-64.9025
-64.9032
-64.904
-64.9048
-64.9055
-64.9062
-64.907
-64.9077
-64.9084
-64.9091
-64.9099
-64.9106
-64.9113
-64.912
-64.9127
-64.9133
-64.914
-64.9147
-64.9154
-64.916
-64.9167
-64.9173
-64.918
-64.9186
-64.9193
-64.9199
-64.9205
-64.9211
-64.9217
-64.9223
-64.9229
-64.9235
-64.9241
-64.9247
-64.9253
-64.9259
-64.9265
-64.927
-64.9276
-64.9281
-64.9287
-64.9292
-64.9298
-64.9303
-64.9308
-64.9314
-64.9319
-64.9324
-64.9329
-64.9334
-64.9339
-64.9344
-64.9349
-64.9354
-64.9359
-64.9364
-64.9369
-64.9373
-64.9378
-64.9383
-64.9387
-64.9392
-64.9396
-64.9401
-64.9405
-64.9409
-64.9414
-64.9418
-64.9422
-64.9427
-64.9431
-64.9435
-64.9439
-64.9443
-64.9447
-64.9451
-64.9455
-64.9459
-64.9463
-64.9466
-64.947
-64.9474
-64.9478
-64.9481
-64.9485
-64.9489
-64.9492
-64.9496
-64.9499
-64.9503
-64.9506
-64.9509
-64.9513
-64.9516
-64.9519
-64.9523
-64.9526
-64.9529
-64.9532
-64.9535
-64.9538
-64.9542
-64.9545
-64.9548
-64.9551
-64.9553
-64.9556
-64.9559
-64.9562
-64.9565
-64.9568
-64.9571
-64.9573
-64.9576
-64.9579
-64.9581
-64.9584
-64.9586
-64.9589
-64.9592
-64.9594
-64.9597
-64.9599
-64.9601
-64.9604
-64.9606
-64.9609
-64.9611
-64.9613
-64.9616
-64.9618
-64.962
-64.9622
-64.9624
-64.9627
-64.9629
-64.9631
-64.9633
-64.9635
-64.9637
-64.9639
-64.9641
-64.9643
-64.9645
-64.9647
-64.9649
-64.9651
-64.9653
-64.9654
-64.9656
-64.9658
-64.966
-64.9662
-64.9663
-64.9665
-64.9667
-64.9668
-64.967
-64.9672
-64.9673
-64.9675
-64.9677
-64.9678
-64.968
-64.9681
-64.9683
-64.9684
-64.9686
-64.9687
-64.9689
-64.969
-64.9692
-64.9693
-64.9694
-64.9696
-64.9697
-64.9698
-64.97
-64.9701
-64.9702
-64.9703
-64.9705
-64.9706
-64.9707
-64.9708
-64.971
-64.9711
-64.9712
-64.9713
-64.9714
-64.9715
-64.9716
-64.9717
-64.9719
-64.972
-64.9721
-64.9722
-64.9723
-64.9724
-64.9725
-64.9726
-64.9727
-64.9728
-64.9729
-64.9729
-64.973
-64.9731
-64.9732
-64.9733
-64.9734
-64.9735
-64.9736
-64.9736
-64.9737
-64.9738
-64.9739
-64.974
-64.974
-64.9741
-64.9742
-64.9743
-64.9743
-64.9744
-64.9745
-64.9746
-64.9746
-64.9747
-64.9748
-64.9748
-64.9749
-64.975
-64.975
-64.9751
-64.9751
-64.9752
-64.9753
-64.9753
-64.9754
-64.9754
-64.9755
-64.9755
-64.9756
-64.9757
-64.9757
-64.9758
-64.9758
-64.9759
-64.9759
-64.976
-64.976
-64.976
-64.9761
-64.9761
-64.9762
-64.9762
-64.9763
-64.9763
-64.9763
-64.9764
-64.9764
-64.9765
-64.9765
-64.9765
-64.9766
-64.9766
-64.9766
-64.9767
-64.9767
-64.9768
-64.9768
-64.9768
-64.9768
-64.9769
-64.9769
-64.9769
-64.977
-64.977
-64.977
-64.977
-64.9771
-64.9771
-64.9771
-64.9772
-64.9772
-64.9772
-64.9772
-64.9772
-64.9773
-64.9773
-64.9773
-64.9773
-64.9773
-64.9774
-64.9774
-64.9774
-64.9774
-64.9774
-64.9775
-64.9775
-64.9775
-64.9775
-64.9775
-64.9775
-64.9775
-64.9776
-64.9776
-64.9776
-64.9776
-64.9776
-64.9776
-64.9776
-64.9776
-64.9777
-64.9777
-64.9777
-64.9777
-64.9777
-64.9777
-64.9777
-64.9777
-64.9777
-64.9777
-64.9777
-64.9777
-64.9777
-64.9778
-64.9778
-64.9778
-64.9778
-64.9778
-64.9778
-64.9778
-64.9778
-64.9778
-64.9778
-64.9778
-64.9778
-64.9778
-64.9778
-64.9778
-64.9778
-64.9778
-64.9778
-64.9778
-64.9778
-64.9778
-64.9778
-64.9778
-64.9778
-64.9778
-64.9778
-64.9778
-64.9778
-64.9778
-64.9778
-64.9778
-64.9778
-64.9778
-64.9777
-64.9777
-64.9777
-64.9777
-64.9777
-64.9777
-64.9777
-64.9777
-64.9777
-64.9777
-64.9777
-64.9777
-64.9777
-64.9777
-64.9777
-64.9777
-64.9776
-64.9776
-64.9776
-64.9776
-64.9776
-64.9776
-64.9776
-64.9776
-64.9776
-64.9776
-64.9776
-64.9776
-64.9775
-64.9775
-64.9775
-64.9775
-64.9775
-64.9775
-64.9775
-64.9775
-64.9775
-64.9774
-64.9774
-64.9774
-64.9774
-64.9774
-64.9774
-64.9774
-64.9774
-64.9774
-64.9773
-64.9773
-64.9773
-64.9773
-64.9773
-64.9773
-64.9773
-64.9772
-64.9772
-64.9772
-64.9772
-64.9772
-64.9772
-64.9772
-64.9772
-64.9771
-64.9771
-64.9771
-64.9771
-64.9771
-64.9771
-64.9771
-64.977
-64.977
-64.977
-64.977
-64.977
-64.977
-64.9769
-64.9769
-64.9769
-64.9769
-64.9769
-64.9769
-64.9769
-64.9768
-64.9768
-64.9768
-64.9768
-64.9768
-64.9768
-64.9767
-64.9767
-64.9767
-64.9767
-64.9767
-64.9767
-64.9766
-64.9766
-64.9766
-64.9766
-64.9766
-64.9766
-64.9765
-64.9765
-64.9765
-64.9765
-64.9765
-64.9765
-64.9764
-64.9764
-64.9764
-64.9764
-64.9764
-64.9764
-64.9763
-64.9763
-64.9763
-64.9763
-64.9763
-64.9763
-64.9762
-64.9762
-64.9762
-64.9762
-64.9762
-64.9762
-64.9761
-64.9761
-64.9761
-64.9761
-64.9761
-64.9761
-64.976
-64.976
-64.976
-64.976
-64.976
-64.9759
-64.9759
-64.9759
-64.9759
-64.9759
-64.9759
-64.9758
-64.9758
-64.9758
-64.9758
-64.9758
-64.9758
-64.9757
-64.9757
-64.9757
-64.9757
-64.9757
-64.9756
-64.9756
-64.9756
-64.9756
-64.9756
-64.9756
-64.9755
-64.9755
-64.9755
-64.9755
-64.9755
-64.9755
-64.9754
-64.9754
-64.9754
-64.9754
-64.9754
-64.9753
-64.9753
-64.9753
-64.9753
-64.9753
-64.9753
-64.9752
-64.9752
-64.9752
-64.9752
-64.9752
-64.9752
-64.9751
-64.9751
-64.9751
-64.9751
-64.9751
-64.975
-64.975
-64.975
-64.975
-64.975
-64.975
-64.9749
-64.9749
-64.9749
-64.9749
-64.9749
-64.9749
-64.9748
-64.9748
-64.9748
-64.9748
-64.9748
-64.9748
-64.9747
-64.9747
-64.9747
-64.9747
-64.9747
-64.9747
-64.9746
-64.9746
-64.9746
-64.9746
-64.9746
-64.9746
-64.9745
-64.9745
-64.9745
-64.9745
-64.9745
-64.9745
-64.9744
-64.9744
-64.9744
-64.9744
-64.9744
-64.9744
-64.9743
-64.9743
-64.9743
-64.9743
-64.9743
-64.9743
-64.9742
-64.9742
-64.9742
-64.9742
-64.9742
-64.9742
-64.9741
-64.9741
-64.9741
-64.9741
-64.9741
-64.9741
-64.974
-64.974
-64.974
-64.974
-64.974
-64.974
-64.9739
-64.9739
-64.9739
-64.9739
-64.9739
-64.9739
-64.9739
-64.9738
-64.9738
-64.9738
-64.9738
-64.9738
-64.9738
-64.9737
-64.9737
-64.9737
-64.9737
-64.9737
-64.9737
-64.9736
-64.9736
-64.9736
-64.9736
-64.9736
-64.9736
-64.9736
-64.9735
-64.9735
-64.9735
-64.9735
-64.9735
-64.9735
-64.9735
-64.9734
-64.9734
-64.9734
-64.9734
-64.9734
-64.9734
-64.9734
-64.9733
-64.9733
-64.9733
-64.9733
-64.9733
-64.9733
-64.9732
-64.9732
-64.9732
-64.9732
-64.9732
-64.9732
-64.9732
-64.9732
-64.9731
-64.9731
-64.9731
-64.9731
-64.9731
-64.9731
-64.9731
-64.973
-64.973
-64.973
-64.973
-64.973
-64.973
-64.973
-64.9729
-64.9729
-64.9729
-64.9729
-64.9729
-64.9729
-64.9729
-64.9728
-64.9728
-64.9728
-64.9728
-64.9728
-64.9728
-64.9728
-64.9728
-64.9727
-64.9727
-64.9727
-64.9727
-64.9727
-64.9727
-64.9727
-64.9727
-64.9726
-64.9726
-64.9726
-64.9726
-64.9726
-64.9726
-64.9726
-64.9725
-64.9725
-64.9725
-64.9725
-64.9725
-64.9725
-64.9725
-64.9725
-64.9724
-64.9724
-64.9724
-64.9724
-64.9724
-64.9724
-64.9724
-64.9724
-64.9724
-64.9723
-64.9723
-64.9723
-64.9723
-64.9723
-64.9723
-64.9723
-64.9723
-64.9722
-64.9722
-64.9722
-64.9722
-64.9722
-64.9722
-64.9722
-64.9722
-64.9721
-64.9721
-64.9721
-64.9721
-64.9721
-64.9721
-64.9721
-64.9721
-64.9721
-64.972
-64.972
-64.972
-64.972
-64.972
-64.972
-64.972
-64.972
-64.972
-64.9719
-64.9719
-64.9719
-64.9719
-64.9719
-64.9719
-64.9719
-64.9719
-64.9719
-64.9718
-64.9718
-64.9718
-64.9718
-64.9718
-64.9718
-64.9718
-64.9718
-64.9718
-64.9718
-64.9717
-64.9717
-64.9717
-64.9717
-64.9717
-64.9717
-64.9717
-64.9717
-64.9717
-64.9717
-64.9716
-64.9716
-64.9716
-64.9716
-64.9716
-64.9716
-64.9716
-64.9716
-64.9716
-64.9716
-64.9715
-64.9715
-64.9715
-64.9715
-64.9715
-64.9715
-64.9715
-64.9715
-64.9715
-64.9715
-64.9714
-64.9714
-64.9714
-64.9714
-64.9714
-64.9714
-64.9714
-64.9714
-64.9714
-64.9714
-64.9714
-64.9713
-64.9713
-64.9713
-64.9713
-64.9713
-64.9713
-64.9713
-64.9713
-64.9713
-64.9713
-64.9713
-64.9712
-64.9712
-64.9712
-64.9712
-64.9712
-64.9712
-64.9712
-64.9712
-64.9712
-64.9712
-64.9712
-64.9711
-64.9711
-64.9711
-64.9711
-64.9711
-64.9711
-64.9711
-64.9711
-64.9711
-64.9711
-64.9711
-64.9711
-64.971
-64.971
-64.971
-64.971
-64.971
-64.971
-64.971
-64.971
-64.971
-64.971
-64.971
-64.971
-64.9709
-64.9709
-64.9709
-64.9709
-64.9709
-64.9709
-64.9709
-64.9709
-64.9709
-64.9709
-64.9709
-64.9709
-64.9709
-64.9708
-64.9708
-64.9708
-64.9708
-64.9708
-64.9708
-64.9708
-64.9708
-64.9708
-64.9708
-64.9708
-64.9708
-64.9708
-64.9707
-64.9707
-64.9707
-64.9707
-64.9707
-64.9707
-64.9707
-64.9707
-64.9707
-64.9707
-64.9707
-64.9707
-64.9707
-64.9707
-64.9706
-64.9706
-64.9706
-64.9706
-64.9706
-64.9706
-64.9706
-64.9706
-64.9706
-64.9706
-64.9706
-64.9706
-64.9706
-64.9706
-64.9706
-64.9705
-64.9705
-64.9705
-64.9705
-64.9705
-64.9705
-64.9705
-64.9705
-64.9705
-64.9705
-64.9705
-64.9705
-64.9705
-64.9705
-64.9705
-64.9704
-64.9704
-64.9704
-64.9704
-64.9704
-64.9704
-64.9704
-64.9704
-64.9704
-64.9704
-64.9704
-64.9704
-64.9704
-64.9704
-64.9704
-64.9704
-64.9703
-64.9703
-64.9703
-64.9703
-64.9703
-64.9703
-64.9703
-64.9703
-64.9703
-64.9703
-64.9703
-64.9703
-64.9703
-64.9703
-64.9703
-64.9703
-64.9703
-64.9702
-64.9702
-64.9702
-64.9702
-64.9702
-64.9702
-64.9702
-64.9702
-64.9702
-64.9702
-64.9702
-64.9702
-64.9702
-64.9702
-64.9702
-64.9702
-64.9702
-64.9702
-64.9701
-64.9701
-64.9701
-64.9701
-64.9701
-64.9701
-64.9701
-64.9701
-64.9701
-64.9701
-64.9701
-64.9701
-64.9701
-64.9701
-64.9701
-64.9701
-64.9701
-64.9701
-64.9701
-64.97
-64.97
-64.97
-64.97
-64.97
-64.97
-64.97
-64.97
-64.97
-64.97
-64.97
-64.97
-64.97
-64.97
-64.97
-64.97
-64.97
-64.97
-64.97
-64.97
-64.9699
-64.9699
-64.9699
-64.9699
-64.9699
-64.9699
-64.9699
-64.9699
-64.9699
-64.9699
-64.9699
-64.9699
-64.9699
-64.9699
-64.9699
-64.9699
-64.9699
-64.9699
-64.9699
-64.9699
-64.9699
-64.9699
-64.9698
-64.9698
-64.9698
-64.9698
-64.9698
-64.9698
-64.9698
-64.9698
-64.9698
-64.9698
-64.9698
-64.9698
-64.9698
-64.9698
-64.9698
-64.9698
-64.9698
-64.9698
-64.9698
-64.9698
-64.9698
-64.9698
-64.9698
-64.9698
-64.9697
-64.9697
-64.9697
-64.9697
-64.9697
-64.9697
-64.9697
-64.9697
-64.9697
-64.9697
-64.9697
-64.9697
-64.9697
-64.9697
-64.9697
-64.9697
-64.9697
-64.9697
-64.9697
-64.9697
-64.9697
-64.9697
-64.9697
-64.9697
-64.9697
-64.9697
-64.9696
-64.9696
-64.9696
-64.9696
-64.9696
-64.9696
-64.9696
-64.9696
-64.9696
-64.9696
-64.9696
-64.9696
-64.9696
-64.9696
-64.9696
-64.9696
-64.9696
-64.9696
-64.9696
-64.9696
-64.9696
-64.9696
-64.9696
-64.9696
-64.9696
-64.9696
-64.9696
-64.9696
-64.9695
-64.9695
-64.9695
-64.9695
-64.9695
-64.9695
-64.9695
-64.9695
-64.9695
-64.9695
-64.9695
-64.9695
-64.9695
-64.9695
-64.9695
-64.9695
-64.9695
-64.9695
-64.9695
-64.9695
-64.9695
-64.9695
-64.9695
-64.9695
-64.9695
-64.9695
-64.9695
-64.9695
-64.9695
-64.9663
-64.9571
-64.9405
-64.9159
-64.8837
-64.8445
-64.7991
-64.7486
-64.6939
-64.636
-64.5756
-64.5135
-64.4504
-64.3869
-64.3236
-64.2607
-64.1987
-64.1378
-64.0783
-64.0204
-63.9642
-63.9099
-63.8574
-63.8069
-63.7585
-63.712
-63.6676
-63.6252
-63.5848
-63.5464
-63.5099
-63.4753
-63.4425
-63.4116
-63.3824
-63.355
-63.3292
-63.305
-63.2824
-63.2614
-63.2418
-63.2236
-63.2067
-63.1912
-63.177
-63.164
-63.1522
-63.1415
-63.1319
-63.1234
-63.1159
-63.1093
-63.1037
-63.099
-63.0952
-63.0922
-63.0899
-63.0885
-63.0877
-63.0877
-63.0991
-63.1137
-63.129
-63.1442
-63.159
-63.1733
-63.1872
-63.2007
-63.2139
-63.2268
-63.2397
-63.2524
-63.265
-63.2777
-63.2903
-63.3029
-63.3156
-63.3283
-63.341
-63.3538
-63.3665
-63.3793
-63.3922
-63.405
-63.4179
-63.4308
-63.4437
-63.4567
-63.4696
-63.4825
-63.4954
-63.5083
-63.5212
-63.5341
-63.5469
-63.5597
-63.5725
-63.5853
-63.598
-63.6107
-63.6233
-63.6359
-63.6484
-63.6609
-63.6733
-63.6857
-63.698
-63.7102
-63.7224
-63.7345
-63.7466
-63.7585
-63.7704
-63.7823
-63.794
-63.8057
-63.8173
-63.8288
-63.8402
-63.8516
-63.8629
-63.874
-63.8852
-63.8962
-63.9071
-63.918
-63.9287
-63.9394
-63.95
-63.9605
-63.9709
-63.9813
-63.9915
-64.0016
-64.0117
-64.0217
-64.0316
-64.0414
-64.0511
-64.0607
-64.0702
-64.0797
-64.089
-64.0983
-64.1075
-64.1166
-64.1256
-64.1345
-64.1433
-64.1521
-64.1608
-64.1693
-64.1778
-64.1862
-64.1946
-64.2028
-64.211
-64.219
-64.227
-64.2349
-64.2428
-64.2505
-64.2582
-64.2658
-64.2733
-64.2807
-64.2881
-64.2953
-64.3025
-64.3097
-64.3167
-64.3237
-64.3306
-64.3374
-64.3441
-64.3508
-64.3574
-64.364
-64.3704
-64.3768
-64.3831
-64.3894
-64.3956
-64.4017
-64.4077
-64.4137
-64.4196
-64.4255
-64.4313
-64.437
-64.4427
-64.4483
-64.4538
-64.4593
-64.4647
-64.47
-64.4753
-64.4806
-64.4857
-64.4908
-64.4959
-64.5009
-64.5058
-64.5107
-64.5156
-64.5203
-64.5251
-64.5297
-64.5343
-64.5389
-64.5434
-64.5479
-64.5523
-64.5566
-64.5609
-64.5652
-64.5694
-64.5736
-64.5777
-64.5817
-64.5858
-64.5897
-64.5937
-64.5975
-64.6014
-64.6052
-64.6089
-64.6126
-64.6163
-64.6199
-64.6235
-64.627
-64.6305
-64.6339
-64.6374
-64.6407
-64.6441
-64.6474
-64.6506
-64.6538
-64.657
-64.6601
-64.6632
-64.6663
-64.6693
-64.6723
-64.6753
-64.6782
-64.6811
-64.684
-64.6868
-64.6896
-64.6923
-64.6951
-64.6977
-64.7004
-64.703
-64.7056
-64.7082
-64.7107
-64.7132
-64.7157
-64.7181
-64.7206
-64.7229
-64.7253
-64.7276
-64.7299
-64.7322
-64.7344
-64.7367
-64.7388
-64.741
-64.7431
-64.7453
-64.7473
-64.7494
-64.7514
-64.7534
-64.7554
-64.7574
-64.7593
-64.7612
-64.7631
-64.765
-64.7668
-64.7687
-64.7705
-64.7722
-64.774
-64.7757
-64.7774
-64.7791
-64.7808
-64.7825
-64.7841
-64.7857
-64.7873
-64.7888
-64.7904
-64.7919
-64.7934
-64.7949
-64.7964
-64.7978
-64.7993
-64.8007
-64.8021
-64.8035
-64.8048
-64.8062
-64.8075
-64.8088
-64.8101
-64.8114
-64.8127
-64.8139
-64.8151
-64.8164
-64.8176
-64.8187
-64.8199
-64.8211
-64.8222
-64.8233
-64.8244
-64.8255
-64.8266
-64.8277
-64.8287
-64.8297
-64.8308
-64.8318
-64.8328
-64.8338
-64.8347
-64.8357
-64.8366
-64.8376
-64.8385
-64.8394
-64.8403
-64.8412
-64.842
-64.8429
-64.8437
-64.8446
-64.8454
-64.8462
-64.847
-64.8478
-64.8486
-64.8494
-64.8501
-64.8509
-64.8516
-64.8523
-64.8531
-64.8538
-64.8545
-64.8551
-64.8558
-64.8565
-64.8571
-64.8578
-64.8584
-64.8591
-64.8597
-64.8603
-64.8609
-64.8615
-64.8621
-64.8627
-64.8632
-64.8638
-64.8644
-64.8649
-64.8654
-64.866
-64.8665
-64.867
-64.8675
-64.868
-64.8685
-64.869
-64.8695
-64.8699
-64.8704
-64.8708
-64.8713
-64.8717
-64.8722
-64.8726
-64.873
-64.8734
-64.8738
-64.8742
-64.8746
-64.875
-64.8754
-64.8758
-64.8761
-64.8765
-64.8769
-64.8772
-64.8776
-64.8779
-64.8782
-64.8786
-64.8789
-64.8792
-64.8795
-64.8798
-64.8801
-64.8804
-64.8807
-64.881
-64.8813
-64.8816
-64.8818
-64.8821
-64.8824
-64.8826
-64.8829
-64.8831
-64.8834
-64.8836
-64.8839
-64.8841
-64.8843
-64.8845
-64.8848
-64.885
-64.8852
-64.8854
-64.8856
-64.8858
-64.886
-64.8862
-64.8864
-64.8865
-64.8867
-64.8869
-64.8871
-64.8873
-64.8874
-64.8876
-64.8877
-64.8879
-64.8688
-64.8335
-64.7867
-64.7318
-64.6711
-64.6065
-64.5391
-64.4701
-64.4001
-64.3299
-64.26
-64.1907
-64.1226
-64.0557
-63.9904
-63.9269
-63.8652
-63.8056
-63.748
-63.6926
-63.6393
-63.5883
-63.5394
-63.4927
-63.4482
-63.4059
-63.3656
-63.3275
-63.2913
-63.2571
-63.2249
-63.1945
-63.166
-63.1392
-63.1142
-63.0908
-63.069
-63.0488
-63.0301
-63.0128
-62.9969
-62.9824
-62.9692
-62.9572
-62.9464
-62.9368
-62.9283
-62.9208
-62.9144
-62.909
-62.9045
-62.9009
-62.8982
-62.8964
-62.8953
-62.895
-62.8954
-62.8965
-62.8983
-62.9007
-62.9037
-62.9073
-62.9115
-62.9162
-62.9214
-62.927
-62.9332
-62.9397
-62.9467
-62.9541
-62.9618
-62.9699
-62.9783
-62.9871
-62.9961
-63.0054
-63.015
-63.0249
-63.035
-63.0453
-63.0558
-63.0665
-63.0774
-63.0884
-63.0996
-63.111
-63.1225
-63.1341
-63.1459
-63.1577
-63.1696
-63.1817
-63.1938
-63.206
-63.2182
-63.2306
-63.2429
-63.2553
-63.2678
-63.2802
-63.2927
-63.3053
-63.3178
-63.3303
-63.3429
-63.3554
-63.3679
-63.3805
-63.393
-63.4055
-63.418
-63.4304
-63.4428
-63.4552
-63.4676
-63.4799
-63.4921
-63.5044
-63.5165
-63.5287
-63.5408
-63.5528
-63.5648
-63.5767
-63.5885
-63.6003
-63.6121
-63.6237
-63.6353
-63.6469
-63.6584
-63.6698
-63.6811
-63.6924
-63.7036
-63.7147
-63.7257
-63.7367
-63.7476
-63.7584
-63.7692
-63.7798
-63.7904
-63.8009
-63.8114
-63.8217
-63.832
-63.8422
-63.8523
-63.8624
-63.8723
-63.8822
-63.892
-63.9017
-63.9114
-63.921
-63.9304
-63.9399
-63.9492
-63.9584
-63.9676
-63.9767
-63.9857
-63.9946
-64.0035
-64.0123
-64.021
-64.0296
-64.0382
-64.0466
-64.055
-64.0634
-64.0716
-64.0798
-64.0879
-64.0959
-64.1038
-64.1117
-64.1195
-64.1272
-64.1349
-64.1425
-64.15
-64.1574
-64.1648
-64.1721
-64.1793
-64.1865
-64.1936
-64.2006
-64.2076
-64.2144
-64.2213
-64.228
-64.2347
-64.2413
-64.2479
-64.2544
-64.2608
-64.2672
-64.2735
-64.2797
-64.2859
-64.292
-64.2981
-64.3041
-64.31
-64.3159
-64.3217
-64.3275
-64.3332
-64.3388
-64.3444
-64.3499
-64.3554
-64.3608
-64.3662
-64.3715
-64.3768
-64.382
-64.3871
-64.3922
-64.3973
-64.4022
-64.4072
-64.4121
-64.4169
-64.4217
-64.4264
-64.4311
-64.4358
-64.4404
-64.4449
-64.4494
-64.4539
-64.4583
-64.4626
-64.4669
-64.4712
-64.4754
-64.4796
-64.4837
-64.4878
-64.4919
-64.4959
-64.4998
-64.5037
-64.5076
-64.5115
-64.5153
-64.519
-64.5227
-64.5264
-64.53
-64.5336
-64.5372
-64.5407
-64.5442
-64.5476
-64.551
-64.5544
-64.5578
-64.5611
-64.5643
-64.5675
-64.5707
-64.5739
-64.577
-64.5801
-64.5832
-64.5862
-64.5892
-64.5921
-64.5951
-64.5979
-64.6008
-64.6036
-64.6064
-64.6092
-64.6119
-64.6146
-64.6173
-64.62
-64.6226
-64.6252
-64.6277
-64.6303
-64.6135
-64.5807
-64.5364
-64.4839
-64.4257
-64.3634
-64.2985
-64.2318
-64.1642
-64.0963
-64.0286
-63.9617
-63.8957
-63.8311
-63.768
-63.7066
-63.6471
-63.5895
-63.5341
-63.4807
-63.4295
-63.3804
-63.3335
-63.2888
-63.2463
-63.2058
-63.1674
-63.1311
-63.0968
-63.0644
-63.034
-63.0053
-62.9785
-62.9535
-62.9301
-62.9084
-62.8882
-62.8696
-62.8525
-62.8368
-62.8225
-62.8094
-62.7977
-62.7872
-62.7779
-62.7697
-62.7626
-62.7566
-62.7515
-62.7474
-62.7443
-62.742
-62.7406
-62.74
-62.7402
-62.7411
-62.7427
-62.745
-62.748
-62.7516
-62.7557
-62.7605
-62.7657
-62.7715
-62.7778
-62.7845
-62.7917
-62.7993
-62.8073
-62.8157
-62.8244
-62.8335
-62.8429
-62.8526
-62.8626
-62.8728
-62.8833
-62.894
-62.905
-62.9162
-62.9275
-62.9391
-62.9508
-62.9627
-62.9747
-62.9869
-62.9992
-63.0116
-63.0241
-63.0367
-63.0494
-63.0621
-63.075
-63.0879
-63.1008
-63.1138
-63.1269
-63.1399
-63.1531
-63.1662
-63.1793
-63.1925
-63.2056
-63.2188
-63.2319
-63.2451
-63.2582
-63.2713
-63.2844
-63.2975
-63.3105
-63.3235
-63.3365
-63.3494
-63.3623
-63.3751
-63.3879
-63.4006
-63.4133
-63.4259
-63.4385
-63.451
-63.4635
-63.4759
-63.4882
-63.5004
-63.5126
-63.5247
-63.5368
-63.5487
-63.5606
-63.5725
-63.5842
-63.5959
-63.6075
-63.619
-63.6304
-63.6418
-63.653
-63.6642
-63.6753
-63.6864
-63.6973
-63.7082
-63.719
-63.7297
-63.7403
-63.7508
-63.7613
-63.7716
-63.7819
-63.7921
-63.8022
-63.8123
-63.8222
-63.8321
-63.8418
-63.8515
-63.8612
-63.8707
-63.8801
-63.8895
-63.8988
-63.908
-63.9171
-63.9261
-63.9351
-63.944
-63.9528
-63.9615
-63.9701
-63.9787
-63.9871
-63.9955
-64.0039
-64.0121
-64.0203
-64.0284
-64.0364
-64.0443
-64.0522
-64.0599
-64.0677
-64.0753
-64.0829
-64.0903
-64.0978
-64.1051
-64.1124
-64.1196
-64.1267
-64.1338
-64.1408
-64.1477
-64.1546
-64.1613
-64.1681
-64.1747
-64.1813
-64.1878
-64.1943
-64.2007
-64.207
-64.2133
-64.2195
-64.2256
-64.2317
-64.2377
-64.2436
-64.2495
-64.2554
-64.2611
-64.2668
-64.2725
-64.2781
-64.2836
-64.2891
-64.2945
-64.2999
-64.3052
-64.3105
-64.3157
-64.3208
-64.3259
-64.331
-64.336
-64.3409
-64.3458
-64.3506
-64.3554
-64.3601
-64.3648
-64.3695
-64.374
-64.3786
-64.3831
-64.3875
-64.3919
-64.3963
-64.4006
-64.4048
-64.409
-64.4132
-64.4173
-64.4214
-64.4254
-64.4294
-64.4334
-64.4373
-64.4411
-64.445
-64.4487
-64.4525
-64.4562
-64.4598
-64.4635
-64.467
-64.4706
-64.4741
-64.4775
-64.481
-64.4939
-64.509
-64.5242
-64.5387
-64.5524
-64.5651
-64.5769
-64.588
-64.5984
-64.6082
-64.6174
-64.6262
-64.6346
-64.6426
-64.6502
-64.6576
-64.6647
-64.6715
-64.6781
-64.6845
-64.6906
-64.6965
-64.7023
-64.7079
-64.7132
-64.7185
-64.7235
-64.7284
-64.7331
-64.7377
-64.7422
-64.7465
-64.7506
-64.7547
-64.7393
-64.7078
-64.6648
-64.6135
-64.5564
-64.4953
-64.4313
-64.3656
-64.299
-64.232
-64.1651
-64.0989
-64.0337
-63.9697
-63.9072
-63.8464
-63.7874
-63.7303
-63.6752
-63.6221
-63.5712
-63.5223
-63.4756
-63.431
-63.3885
-63.348
-63.3096
-63.2732
-63.2387
-63.2061
-63.1754
-63.1465
-63.1193
-63.0939
-63.0701
-63.0479
-63.0273
-63.0081
-62.9904
-62.9741
-62.9591
-62.9454
-62.933
-62.9218
-62.9117
-62.9027
-62.8948
-62.8879
-62.882
-62.877
-62.8729
-62.8697
-62.8673
-62.8657
-62.8649
-62.8648
-62.8654
-62.8667
-62.8686
-62.8711
-62.8742
-62.8778
-62.882
-62.8866
-62.8917
-62.8973
-62.9034
-62.8911
-62.8637
-62.8256
-62.78
-62.7292
-62.675
-62.6186
-62.5609
-62.5028
-62.4447
-62.3873
-62.331
-62.2759
-62.2225
-62.1709
-62.1213
-62.0737
-62.0283
-61.9852
-61.9443
-61.9057
-61.8693
-61.8353
-61.8034
-61.7738
-61.7463
-61.7209
-61.6976
-61.6763
-61.6691
-61.6664
-61.6658
-61.6663
-61.6673
-61.6688
-61.6709
-61.6735
-61.6767
-61.6805
-61.685
-61.6903
-61.6963
-61.703
-61.7104
-61.7186
-61.7274
-61.7369
-61.7471
-61.7579
-61.7693
-61.7813
-61.7939
-61.8069
-61.8205
-61.8345
-61.849
-61.8639
-61.8792
-61.8949
-61.9109
-61.9273
-61.9439
-61.9609
-61.9781
-61.9955
-62.0132
-62.0311
-62.0492
-62.0675
-62.0859
-62.1045
-62.1349
-62.168
-62.2014
-62.2341
-62.2658
-62.2964
-62.3261
-62.3549
-62.3829
-62.4102
-62.4369
-62.4631
-62.4888
-62.5141
-62.539
-62.5635
-62.5877
-62.6116
-62.6352
-62.6585
-62.6815
-62.7042
-62.7267
-62.7489
-62.7709
-62.7926
-62.8141
-62.8353
-62.8563
-62.877
-62.8976
-62.9178
-62.9379
-62.9577
-62.9773
-62.9967
-63.0159
-63.0348
-63.0535
-63.0721
-63.0904
-63.1084
-63.1263
-63.144
-63.1615
-63.1787
-63.1958
-63.2127
-63.2293
-63.2458
-63.2621
-63.2782
-63.2941
-63.3098
-63.3253
-63.3407
-63.3559
-63.3708
-63.3856
-63.4003
-63.4147
-63.429
-63.4431
-63.4571
-63.4708
-63.4844
-63.4979
-63.5112
-63.5243
-63.5373
-63.5501
-63.5627
-63.5752
-63.5876
-63.5998
-63.6118
-63.6237
-63.6355
-63.6471
-63.6586
-63.6699
-63.6811
-63.6922
-63.7031
-63.7139
-63.7245
-63.7351
-63.7454
-63.7557
-63.7659
-63.7759
-63.7858
-63.7955
-63.8052
-63.8147
-63.8241
-63.8334
-63.8426
-63.8517
-63.8607
-63.8695
-63.8783
-63.8869
-63.8954
-63.9038
-63.9121
-63.9204
-63.9285
-63.9365
-63.9444
-63.9522
-63.9599
-63.9676
-63.9751
-63.9825
-63.9899
-63.9971
-64.0043
-64.0113
-64.0183
-64.0252
-64.032
-64.0388
-64.0454
-64.052
-64.0585
-64.0649
-64.0712
-64.0774
-64.0836
-64.0897
-64.0957
-64.1016
-64.1075
-64.1133
-64.119
-64.1247
-64.1303
-64.1358
-64.1412
-64.1466
-64.1519
-64.1572
-64.1623
-64.1675
-64.1725
-64.1775
-64.1824
-64.1873
-64.1921
-64.1969
-64.2016
-64.2062
-64.2108
-64.2153
-64.2198
-64.2242
-64.2285
-64.2328
-64.2371
-64.2413
-64.2454
-64.2495
-64.2535
-64.2575
-64.2615
-64.2654
-64.2692
-64.273
-64.2768
-64.2805
-64.2842
-64.2878
-64.2913
-64.2949
-64.2984
-64.3018
-64.3052
-64.3086
-64.3119
-64.3152
-64.3184
-64.3216
-64.3248
-64.3279
-64.331
-64.334
-64.337
-64.34
-64.3429
-64.3458
-64.3487
-64.3515
-64.3543
-64.3571
-64.3598
-64.3625
-64.3651
-64.3678
-64.3704
-64.3729
-64.3755
-64.378
-64.3804
-64.3829
-64.3853
-64.3877
-64.39
-64.3923
-64.3946
-64.3969
-64.3992
-64.4014
-64.4036
-64.4057
-64.4078
-64.41
-64.412
-64.4141
-64.4161
-64.4181
-64.4201
-64.4221
-64.424
-64.4259
-64.4278
-64.4297
-64.4315
-64.4334
-64.4352
-64.4369
-64.4387
-64.4404
-64.4421
-64.4438
-64.4455
-64.4472
-64.4488
-64.4504
-64.452
-64.4536
-64.4551
-64.4567
-64.4582
-64.4597
-64.4612
-64.4626
-64.4641
-64.4655
-64.4669
-64.4683
-64.4697
-64.4711
-64.4724
-64.4738
-64.4751
-64.4764
-64.4777
-64.4789
-64.4802
-64.4814
-64.4826
-64.4839
-64.485
-64.4862
-64.4874
-64.4885
-64.4897
-64.4908
-64.4919
-64.493
-64.4941
-64.4952
-64.4962
-64.4973
-64.4983
-64.4994
-64.5004
-64.5014
-64.5024
-64.5033
-64.5043
-64.5052
-64.5062
-64.5071
-64.508
-64.509
-64.5099
-64.5107
-64.5116
-64.5125
-64.5134
-64.5142
-64.515
-64.5159
-64.5167
-64.5175
-64.5183
-64.5191
-64.5199
-64.5206
-64.5214
-64.5222
-64.5229
-64.5237
-64.5244
-64.5251
-64.5258
-64.5265
-64.5272
-64.5279
-64.5286
-64.5293
-64.5299
-64.5306
-64.5312
-64.5319
-64.5325
-64.5332
-64.5338
-64.5344
-64.535
-64.5356
-64.5362
-64.5368
-64.5374
-64.538
-64.5385
-64.5391
-64.5397
-64.5402
-64.5408
-64.5413
-64.5418
-64.5424
-64.5429
-64.5434
-64.5439
-64.5444
-64.5449
-64.5454
-64.5459
-64.5464
-64.5469
-64.5474
-64.5478
-64.5483
-64.5488
-64.5492
-64.5497
-64.5501
-64.5506
-64.551
-64.5514
-64.5519
-64.5523
-64.5527
-64.5531
-64.5535
-64.554
-64.5544
-64.5548
-64.5552
-64.5364
-64.5015
-64.4552
-64.4008
-64.3406
-64.2765
-64.2098
-64.1413
-64.0719
-64.0023
-63.933
-63.8645
-63.7969
-63.7308
-63.6662
-63.6033
-63.5424
-63.4834
-63.4266
-63.3719
-63.3194
-63.2691
-63.221
-63.1751
-63.1313
-63.0897
-63.0503
-63.0129
-62.9775
-62.9441
-62.9126
-62.883
-62.8552
-62.8292
-62.8049
-62.7823
-62.7612
-62.7417
-62.7238
-62.7072
-62.6921
-62.6782
-62.6657
-62.6544
-62.6444
-62.6354
-62.6276
-62.6208
-62.6151
-62.6103
-62.6065
-62.6035
-62.6014
-62.6002
-62.5997
-62.6
-62.601
-62.6027
-62.6051
-62.6081
-62.6117
-62.6158
-62.6205
-62.6258
-62.6315
-62.6377
-62.6443
-62.6514
-62.6589
-62.6667
-62.675
-62.6835
-62.6924
-62.7016
-62.7111
-62.7209
-62.7309
-62.7412
-62.7517
-62.7624
-62.7733
-62.7844
-62.7957
-62.8071
-62.8187
-62.8305
-62.8423
-62.8543
-62.8664
-62.8786
-62.8909
-62.9033
-62.9157
-62.9282
-62.9408
-62.9534
-62.9661
-62.9788
-63.0024
-63.0286
-63.0548
-63.0804
-63.1051
-63.1286
-63.1513
-63.173
-63.194
-63.2143
-63.234
-63.2532
-63.2719
-63.2902
-63.3081
-63.3257
-63.3429
-63.3599
-63.3765
-63.3929
-63.409
-63.4248
-63.4404
-63.4558
-63.471
-63.4859
-63.5006
-63.5151
-63.5293
-63.5434
-63.5573
-63.571
-63.5844
-63.5977
-63.6108
-63.6238
-63.6365
-63.6491
-63.6615
-63.6737
-63.6857
-63.6976
-63.7093
-63.7178
-63.7202
-63.7151
-63.7021
-63.6815
-63.6539
-63.6201
-63.5812
-63.5381
-63.4916
-63.4427
-63.3921
-63.3403
-63.2852
-63.2246
-63.1576
-63.0843
-63.0052
-62.9213
-62.8335
-62.7431
-62.6508
-62.5578
-62.4648
-62.3725
-62.2815
-62.1925
-62.1056
-62.0214
-61.9401
-61.8618
-61.7866
-61.7148
-61.6463
-61.5812
-61.5195
-61.461
-61.4059
-61.354
-61.3053
-61.2597
-61.2171
-61.1775
-61.1407
-61.1067
-61.0753
-61.0466
-61.0203
-60.9964
-60.9749
-60.9555
-60.9384
-60.9232
-60.9101
-60.8988
-60.8894
-60.8817
-60.8757
-60.8712
-60.8684
-60.867
-60.8669
-60.8683
-60.8709
-60.8747
-60.8797
-60.8859
-60.8931
-60.9013
-60.9104
-60.9205
-60.9315
-60.9432
-60.9558
-60.9691
-60.9832
-60.9979
-61.0132
-61.0292
-61.0457
-61.0627
-61.0803
-61.0983
-61.1168
-61.1357
-61.155
-61.1747
-61.1947
-61.2151
-61.2357
-61.2566
-61.2778
-61.2992
-61.3209
-61.3427
-61.3647
-61.3869
-61.4093
-61.4318
-61.4544
-61.4771
-61.4999
-61.5228
-61.5457
-61.5688
-61.5918
-61.6149
-61.638
-61.6612
-61.6843
-61.7075
-61.7306
-61.7537
-61.7768
-61.7998
-61.8228
-61.8458
-61.8687
-61.8915
-61.9143
-61.9369
-61.9596
-61.9821
-62.0045
-62.0269
-62.0491
-62.0713
-62.0933
-62.1153
-62.1371
-62.1588
-62.1804
-62.2019
-62.2232
-62.2445
-62.2656
-62.2865
-62.3074
-62.3281
-62.3486
-62.3691
-62.3893
-62.4095
-62.4295
-62.4494
-62.4691
-62.4887
-62.5081
-62.5274
-62.5466
-62.5656
-62.5844
-62.6031
-62.6217
-62.6401
-62.6583
-62.6764
-62.6944
-62.7122
-62.7299
-62.7474
-62.7648
-62.782
-62.7991
-62.816
-62.8328
-62.8494
-62.8659
-62.8823
-62.8985
-62.9145
-62.9304
-62.9462
-62.9618
-62.9773
-62.9927
-63.0079
-63.0229
-63.0378
-63.0526
-63.0673
-63.0818
-63.0962
-63.1104
-63.1245
-63.1385
-63.1523
-63.1661
-63.1796
-63.1931
-63.2064
-63.2196
-63.2327
-63.2456
-63.2584
-63.2711
-63.2837
-63.2961
-63.3085
-63.3207
-63.3327
-63.3447
-63.3566
-63.3683
-63.3799
-63.3914
-63.4028
-63.4141
-63.4253
-63.4363
-63.4473
-63.4581
-63.4688
-63.4794
-63.49
-63.5004
-63.5107
-63.5209
-63.531
-63.541
-63.5509
-63.5607
-63.5704
-63.58
-63.5895
-63.5989
-63.6082
-63.6174
-63.6266
-63.6356
-63.6446
-63.6534
-63.6622
-63.6709
-63.6794
-63.6879
-63.6964
-63.7047
-63.7129
-63.7211
-63.7292
-63.7372
-63.7451
-63.7529
-63.7607
-63.7684
-63.776
-63.7835
-63.7909
-63.7983
-63.8056
-63.8128
-63.8199
-63.827
-63.834
-63.8409
-63.8478
-63.8546
-63.8613
-63.8679
-63.8745
-63.881
-63.8875
-63.8939
-63.9002
-63.9064
-63.9126
-63.9187
-63.9248
-63.9308
-63.9367
-63.9426
-63.9484
-63.9542
-63.9599
-63.9655
-63.9711
-63.9766
-63.9821
-63.9875
-63.9928
-63.9981
-64.0034
-64.0085
-64.0137
-64.0188
-64.0238
-64.0288
-64.0337
-64.0386
-64.0434
-64.0482
-64.0529
-64.0576
-64.0622
-64.0668
-64.0713
-64.0758
-64.0803
-64.0847
-64.089
-64.0933
-64.0976
-64.1018
-64.106
-64.1101
-64.1142
-64.1182
-64.1222
-64.1262
-64.1301
-64.134
-64.1379
-64.1417
-64.1454
-64.1491
-64.1528
-64.1565
-64.1601
-64.1637
-64.1672
-64.1707
-64.1742
-64.1776
-64.181
-64.1942
-64.2095
-64.225
-64.2398
-64.2538
-64.2667
-64.2788
-64.2901
-64.3007
-64.3106
-64.32
-64.329
-64.3375
-64.3456
-64.3534
-64.3609
-64.3681
-64.3751
-64.3818
-64.3883
-64.3945
-64.4006
-64.4064
-64.4121
-64.4176
-64.4229
-64.428
-64.433
-64.4378
-64.4425
-64.447
-64.4514
-64.4557
-64.4407
-64.4096
-64.367
-64.3162
-64.2597
-64.1991
-64.1358
-64.0707
-64.0046
-63.9382
-63.872
-63.8064
-63.7417
-63.6783
-63.6164
-63.5561
-63.4977
-63.4411
-63.3865
-63.334
-63.2835
-63.2352
-63.189
-63.1448
-63.1028
-63.0628
-63.0249
-62.9889
-62.9549
-62.9227
-62.8925
-62.864
-62.8373
-62.8123
-62.7889
-62.7671
-62.7469
-62.7281
-62.7108
-62.6949
-62.6803
-62.667
-62.6549
-62.644
-62.6343
-62.6257
-62.6181
-62.6116
-62.606
-62.6014
-62.5976
-62.5947
-62.5927
-62.5914
-62.5909
-62.5911
-62.592
-62.5935
-62.5957
-62.5985
-62.6019
-62.6058
-62.6102
-62.6151
-62.6205
-62.6264
-62.6439
-62.6643
-62.6852
-62.7059
-62.7258
-62.745
-62.7635
-62.7814
-62.7988
-62.8158
-62.8325
-62.8488
-62.8649
-62.8808
-62.8965
-62.9121
-62.9276
-62.9429
-62.9581
-62.9732
-62.9882
-63.0032
-63.018
-63.0327
-63.0473
-63.0619
-63.0763
-63.0907
-63.1049
-63.1191
-63.1331
-63.1471
-63.1609
-63.1747
-63.1883
-63.2019
-63.2153
-63.2287
-63.2419
-63.255
-63.268
-63.2809
-63.2937
-63.3064
-63.319
-63.3315
-63.3438
-63.3561
-63.3682
-63.3802
-63.3922
-63.404
-63.4156
-63.4272
-63.4387
-63.4501
-63.4613
-63.4724
-63.4835
-63.4944
-63.5052
-63.5159
-63.5265
-63.5369
-63.5473
-63.5576
-63.5677
-63.5778
-63.5877
-63.5976
-63.6073
-63.6169
-63.6265
-63.6359
-63.6452
-63.6544
-63.6636
-63.6726
-63.6815
-63.6903
-63.6991
-63.7077
-63.7162
-63.7247
-63.733
-63.7413
-63.7494
-63.7575
-63.7655
-63.7734
-63.7812
-63.7889
-63.7965
-63.804
-63.8115
-63.8188
-63.8261
-63.8333
-63.8404
-63.8474
-63.8544
-63.8613
-63.868
-63.8748
-63.8814
-63.8879
-63.8944
-63.9008
-63.9071
-63.9134
-63.9196
-63.9257
-63.9317
-63.9377
-63.9436
-63.9494
-63.9552
-63.9609
-63.9665
-63.9721
-63.9776
-63.983
-63.9884
-63.9937
-63.9989
-64.0041
-64.0092
-64.0143
-64.0193
-64.0242
-64.0291
-64.0339
-64.0387
-64.0434
-64.048
-64.0527
-64.0572
-64.0617
-64.0661
-64.0705
-64.0749
-64.0792
-64.0834
-64.0876
-64.0917
-64.0958
-64.0999
-64.1039
-64.1078
-64.1117
-64.1156
-64.1194
-64.1232
-64.1269
-64.1306
-64.1342
-64.1378
-64.1414
-64.1449
-64.1484
-64.1518
-64.1552
-64.1586
-64.1619
-64.1651
-64.1684
-64.1716
-64.1748
-64.1779
-64.181
-64.1841
-64.1871
-64.1901
-64.193
-64.1959
-64.1988
-64.2017
-64.2045
-64.2073
-64.2101
-64.2128
-64.2155
-64.2182
-64.2208
-64.2234
-64.226
-64.2286
-64.2311
-64.2336
-64.236
-64.2385
-64.2409
-64.2433
-64.2456
-64.248
-64.2503
-64.2526
-64.2548
-64.2571
-64.2593
-64.2614
-64.2636
-64.2657
-64.2679
-64.2699
-64.272
-64.2741
-64.2761
-64.2781
-64.2801
-64.282
-64.284
-64.2859
-64.2878
-64.2896
-64.2915
-64.2933
-64.2951
-64.2969
-64.2987
-64.3005
-64.3022
-64.3039
-64.3056
-64.3073
-64.309
-64.3107
-64.3123
-64.3139
-64.3155
-64.3171
-64.3187
-64.3202
-64.3218
-64.3233
-64.3248
-64.3263
-64.3277
-64.3292
-64.3306
-64.3321
-64.3335
-64.3349
-64.3363
-64.3377
-64.339
-64.3404
-64.3417
-64.343
-64.3443
-64.3456
-64.3469
-64.3482
-64.3494
-64.3507
-64.3519
-64.3531
-64.3543
-64.3555
-64.3567
-64.3579
-64.359
-64.3602
-64.3613
-64.3625
-64.3636
-64.3647
-64.3658
-64.3669
-64.368
-64.369
-64.3701
-64.3711
-64.3722
-64.3732
-64.3742
-64.3752
-64.3763
-64.3772
-64.3782
-64.3792
-64.3802
-64.3811
-64.3821
-64.383
-64.384
-64.3849
-64.3858
-64.3867
-64.3876
-64.3885
-64.3894
-64.3903
-64.3911
-64.392
-64.3929
-64.3937
-64.3946
-64.3954
-64.3962
-64.397
-64.3979
-64.3987
-64.3995
-64.4003
-64.4011
-64.4018
-64.4026
-64.4034
-64.4041
-64.4049
-64.4057
-64.4064
-64.4071
-64.4079
-64.4086
-64.4093
-64.41
-64.4108
-64.4115
-64.4122
-64.4129
-64.4136
-64.4142
-64.4149
-64.4156
-64.4163
-64.4169
-64.4176
-64.4183
-64.4189
-64.4196
-64.4202
-64.4209
-64.4215
-64.4221
-64.4227
-64.4234
-64.424
-64.4246
-64.4252
-64.4258
-64.4264
-64.427
-64.4276
-64.4282
-64.4288
-64.4294
-64.43
-64.4305
-64.4311
-64.4317
-64.4322
-64.4328
-64.4334
-64.4339
-64.4345
-64.435
-64.4356
-64.4361
-64.4366
-64.4372
-64.4377
-64.4382
-64.4388
-64.4393
-64.4398
-64.4499
-64.4622
-64.4746
-64.4865
-64.4974
-64.5075
-64.5167
-64.5252
-64.533
-64.5403
-64.547
-64.5534
-64.5593
-64.5649
-64.5702
-64.5752
-64.5799
-64.5845
-64.5888
-64.5929
-64.5968
-64.6006
-64.6042
-64.6076
-64.6109
-64.614
-64.617
-64.6199
-64.6226
-64.6252
-64.6277
-64.6301
-64.6324
-64.6345
-64.6366
-64.6385
-64.6404
-64.6421
-64.6438
-64.6454
-64.6469
-64.6483
-64.6496
-64.6509
-64.6521
-64.6532
-64.6542
-64.6552
-64.6561
-64.6569
-64.6577
-64.6584
-64.6591
-64.6597
-64.6603
-64.6608
-64.6612
-64.6616
-64.662
-64.6623
-64.6625
-64.6627
-64.6629
-64.6631
-64.6632
-64.6632
-64.6632
-64.6632
-64.6632
-64.6631
-64.663
-64.6628
-64.6627
-64.6625
-64.6622
-64.662
-64.6617
-64.6614
-64.6611
-64.6607
-64.6603
-64.66
-64.6595
-64.6591
-64.6586
-64.6582
-64.6577
-64.6572
-64.6567
-64.6561
-64.6556
-64.655
-64.6544
-64.6538
-64.6532
-64.6526
-64.652
-64.6513
-64.6507
-64.65
-64.6494
-64.6487
-64.648
-64.6473
-64.6466
-64.6459
-64.6452
-64.6445
-64.6437
-64.643
-64.6423
-64.6415
-64.6408
-64.64
-64.6393
-64.6385
-64.6378
-64.637
-64.6362
-64.6355
-64.6347
-64.6339
-64.6332
-64.6324
-64.6316
-64.6309
-64.6301
-64.6293
-64.6285
-64.6278
-64.627
-64.6262
-64.6255
-64.6247
-64.6239
-64.6232
-64.6224
-64.6216
-64.6209
-64.6201
-64.6194
-64.6186
-64.6179
-64.6171
-64.6164
-64.6156
-64.6149
-64.6142
-64.6134
-64.6127
-64.612
-64.6113
-64.6105
-64.6098
-64.6091
-64.6084
-64.6077
-64.607
-64.6063
-64.6057
-64.605
-64.6043
-64.6036
-64.603
-64.6023
-64.6016
-64.601
-64.6003
-64.5997
-64.5991
-64.5984
-64.5978
-64.5972
-64.5966
-64.596
-64.5954
-64.5948
-64.5942
-64.5936
-64.593
-64.5924
-64.5918
-64.5913
-64.5907
-64.5902
-64.5896
-64.5891
-64.5885
-64.588
-64.5875
-64.587
-64.5864
-64.5859
-64.5854
-64.5849
-64.5844
-64.584
-64.5835
-64.5925
-64.6036
-64.6149
-64.6256
-64.6355
-64.6445
-64.6526
-64.6601
-64.6669
-64.6731
-64.6789
-64.6842
-64.6892
-64.6938
-64.6982
-64.7023
-64.7061
-64.7098
-64.7132
-64.7164
-64.7195
-64.7224
-64.7251
-64.7277
-64.7302
-64.7325
-64.7347
-64.7367
-64.7387
-64.7405
-64.7422
-64.7438
-64.7454
-64.7468
-64.7481
-64.7493
-64.7504
-64.7515
-64.7524
-64.7533
-64.7541
-64.7549
-64.7555
-64.7561
-64.7566
-64.7571
-64.7575
-64.7578
-64.7581
-64.7583
-64.7585
-64.7586
-64.7586
-64.7586
-64.7586
-64.7585
-64.7584
-64.7582
-64.758
-64.7578
-64.7575
-64.7571
-64.7568
-64.7564
-64.756
-64.7555
-64.755
-64.7545
-64.7539
-64.7534
-64.7528
-64.7521
-64.7515
-64.7508
-64.7501
-64.7494
-64.7487
-64.7479
-64.7471
-64.7463
-64.7455
-64.7447
-64.7439
-64.743
-64.7421
-64.7412
-64.7403
-64.7394
-64.7385
-64.7376
-64.7367
-64.7357
-64.7347
-64.7338
-64.7328
-64.7318
-64.7308
-64.7298
-64.7288
-64.7278
-64.7268
-64.7258
-64.7248
-64.7238
-64.7227
-64.7217
-64.7207
-64.7196
-64.7186
-64.7176
-64.7165
-64.7155
-64.7145
-64.7134
-64.7124
-64.7113
-64.7103
-64.7093
-64.7082
-64.7072
-64.7062
-64.7051
-64.7041
-64.7031
-64.7021
-64.701
-64.7
-64.699
-64.698
-64.697
-64.696
-64.695
-64.694
-64.693
-64.692
-64.691
-64.69
-64.6891
-64.6881
-64.6871
-64.6862
-64.6852
-64.6843
-64.6833
-64.6824
-64.6815
-64.6806
-64.6604
-64.6242
-64.5765
-64.5208
-64.4593
-64.3939
-64.3257
-64.256
-64.1853
-64.1144
-64.0438
-63.9739
-63.9051
-63.8376
-63.7717
-63.7076
-63.6454
-63.5852
-63.5271
-63.4711
-63.4173
-63.3658
-63.3164
-63.2693
-63.2243
-63.1815
-63.1408
-63.1022
-63.0656
-63.031
-62.9984
-62.9676
-62.9386
-62.9115
-62.8861
-62.8623
-62.8401
-62.8196
-62.8005
-62.7828
-62.7666
-62.7517
-62.7382
-62.7258
-62.7147
-62.7048
-62.6959
-62.6882
-62.6814
-62.6757
-62.6709
-62.667
-62.664
-62.6618
-62.6604
-62.6598
-62.6599
-62.6607
-62.6621
-62.6643
-62.667
-62.6703
-62.6741
-62.6785
-62.6834
-62.6888
-62.6946
-62.7009
-62.7076
-62.7147
-62.7221
-62.7299
-62.7381
-62.7465
-62.7553
-62.7643
-62.7736
-62.7832
-62.793
-62.803
-62.8132
-62.8236
-62.8342
-62.845
-62.8559
-62.867
-62.8782
-62.8896
-62.901
-62.9126
-62.9243
-62.936
-62.9479
-62.9598
-62.9718
-62.9838
-62.9959
-63.008
-63.0202
-63.0324
-63.0446
-63.0569
-63.0691
-63.0813
-63.0936
-63.1057
-63.1179
-63.13
-63.142
-63.154
-63.1659
-63.1778
-63.1896
-63.2012
-63.2128
-63.2243
-63.2357
-63.247
-63.2581
-63.2692
-63.2801
-63.2909
-63.3017
-63.3123
-63.3228
-63.3332
-63.3436
-63.3538
-63.3639
-63.374
-63.384
-63.3939
-63.4037
-63.4135
-63.4231
-63.4327
-63.4422
-63.4516
-63.4609
-63.4702
-63.4793
-63.4883
-63.4973
-63.5061
-63.5149
-63.5236
-63.5322
-63.5407
-63.5491
-63.5575
-63.5658
-63.574
-63.5821
-63.6006
-63.6213
-63.642
-63.6621
-63.6811
-63.699
-63.716
-63.7321
-63.7473
-63.7619
-63.7757
-63.789
-63.8017
-63.8139
-63.8257
-63.8369
-63.8478
-63.8583
-63.8684
-63.8781
-63.8686
-63.843
-63.8058
-63.7605
-63.7093
-63.654
-63.5959
-63.536
-63.475
-63.4137
-63.3526
-63.292
-63.2324
-63.174
-63.1171
-63.0617
-63.0082
-62.9566
-62.9069
-62.8592
-62.8136
-62.7701
-62.7286
-62.6891
-62.6517
-62.6164
-62.5829
-62.5515
-62.5219
-62.4941
-62.4682
-62.444
-62.4215
-62.4006
-62.3813
-62.3635
-62.3472
-62.3324
-62.3189
-62.3067
-62.2958
-62.2861
-62.2776
-62.2702
-62.2638
-62.2584
-62.254
-62.2505
-62.2479
-62.2462
-62.2453
-62.2451
-62.2457
-62.247
-62.249
-62.2516
-62.2549
-62.2587
-62.2631
-62.2681
-62.2735
-62.2794
-62.2858
-62.2925
-62.2997
-62.3072
-62.3151
-62.3233
-62.3318
-62.3405
-62.3496
-62.3589
-62.3683
-62.378
-62.3879
-62.398
-62.4082
-62.4185
-62.429
-62.4396
-62.4503
-62.4611
-62.4719
-62.4828
-62.4937
-62.5047
-62.5158
-62.5268
-62.5379
-62.549
-62.5601
-62.5713
-62.5825
-62.5936
-62.6048
-62.616
-62.6273
-62.6385
-62.6498
-62.661
-62.6723
-62.6836
-62.6949
-62.7062
-62.7175
-62.7287
-62.74
-62.7513
-62.7626
-62.7739
-62.7851
-62.7963
-62.8074
-62.8185
-62.8295
-62.8404
-62.8512
-62.8619
-62.8726
-62.8831
-62.8935
-62.9038
-62.914
-62.9241
-62.9341
-62.944
-62.9595
-62.977
-62.9954
-63.0142
-63.0331
-63.0518
-63.0703
-63.0886
-63.1064
-63.124
-63.1411
-63.1579
-63.1744
-63.1904
-63.2061
-63.2214
-63.2364
-63.2509
-63.2651
-63.279
-63.2924
-63.3056
-63.3184
-63.3309
-63.343
-63.3548
-63.3664
-63.3776
-63.3885
-63.3992
-63.4096
-63.4197
-63.4295
-63.4392
-63.4485
-63.4576
-63.4665
-63.4752
-63.4836
-63.4918
-63.4998
-63.5076
-63.5152
-63.5226
-63.5299
-63.537
-63.5439
-63.5507
-63.5574
-63.5639
-63.5704
-63.5767
-63.5829
-63.5891
-63.5952
-63.6012
-63.6071
-63.6131
-63.619
-63.6248
-63.6307
-63.6366
-63.6424
-63.6482
-63.6541
-63.66
-63.6659
-63.6718
-63.6777
-63.6836
-63.6896
-63.6956
-63.7017
-63.7077
-63.7139
-63.72
-63.7262
-63.7324
-63.7386
-63.7449
-63.7512
-63.7575
-63.7639
-63.7514
-63.723
-63.6833
-63.6358
-63.5826
-63.5256
-63.4659
-63.4047
-63.3427
-63.2805
-63.2186
-63.1575
-63.0976
-63.039
-62.982
-62.9268
-62.8736
-62.8224
-62.7733
-62.7263
-62.6815
-62.6389
-62.5985
-62.5603
-62.5242
-62.4903
-62.4584
-62.4286
-62.4007
-62.3748
-62.3323
-62.2762
-62.211
-62.1398
-62.0649
-61.988
-61.9103
-61.8327
-61.756
-61.6807
-61.6072
-61.5361
-61.4674
-61.4015
-61.3385
-61.2785
-61.2216
-61.1679
-61.1174
-61.07
-61.0258
-60.9847
-60.9466
-60.9116
-60.8794
-60.8501
-60.8235
-60.7996
-60.7783
-60.7595
-60.7431
-60.729
-60.7171
-60.7073
-60.6996
-60.6938
-60.6899
-60.6878
-60.6875
-60.6887
-60.6915
-60.6958
-60.7015
-60.7086
-60.717
-60.7265
-60.7373
-60.7491
-60.762
-60.7758
-60.7906
-60.8063
-60.8229
-60.8402
-60.8583
-60.8771
-60.8965
-60.9166
-60.9372
-60.9584
-60.9802
-61.0024
-61.025
-61.0481
-61.0716
-61.0954
-61.1196
-61.1441
-61.1688
-61.1938
-61.2191
-61.2446
-61.2703
-61.2961
-61.3221
-61.3483
-61.3746
-61.4009
-61.4274
-61.454
-61.4806
-61.5072
-61.5339
-61.5606
-61.5873
-61.6141
-61.6408
-61.6675
-61.6941
-61.7207
-61.7473
-61.7738
-61.8002
-61.8266
-61.8528
-61.879
-61.9051
-61.9311
-61.957
-61.9828
-62.0084
-62.034
-62.0594
-62.0847
-62.1098
-62.1348
-62.1597
-62.1844
-62.209
-62.2334
-62.2576
-62.2817
-62.3057
-62.3295
-62.3531
-62.3765
-62.3998
-62.4229
-62.4459
-62.4686
-62.4882
-62.5018
-62.508
-62.5064
-62.4973
-62.4813
-62.4592
-62.4321
-62.4007
-62.3661
-62.3291
-62.2903
-62.2505
-62.2102
-62.1699
-62.13
-62.0908
-62.0526
-62.0156
-61.98
-61.946
-61.9135
-61.8828
-61.8538
-61.8266
-61.8012
-61.7775
-61.7557
-61.7355
-61.7171
-61.7004
-61.6854
-61.6719
-61.66
-61.6496
-61.6407
-61.6332
-61.627
-61.6222
-61.6186
-61.6163
-61.6151
-61.6151
-61.6161
-61.6182
-61.6213
-61.6253
-61.6302
-61.636
-61.6426
-61.6501
-61.6583
-61.6672
-61.6767
-61.687
-61.6979
-61.7093
-61.7213
-61.7339
-61.747
-61.7605
-61.7745
-61.7889
-61.8037
-61.8189
-61.8344
-61.8503
-61.8665
-61.883
-61.8998
-61.9168
-61.9341
-61.9516
-61.9693
-61.9872
-62.0052
-62.0235
-62.0418
-62.0603
-62.0789
-62.0977
-62.1165
-62.1354
-62.1544
-62.1734
-62.1925
-62.2116
-62.2308
-62.25
-62.2692
-62.2884
-62.3077
-62.3269
-62.3461
-62.3652
-62.3844
-62.4035
-62.4226
-62.4416
-62.4606
-62.4795
-62.4984
-62.5172
-62.536
-62.5546
-62.5732
-62.5917
-62.6102
-62.6285
-62.6468
-62.6649
-62.683
-62.7009
-62.7188
-62.7366
-62.7542
-62.7718
-62.7892
-62.8066
-62.8238
-62.8409
-62.8689
-62.8993
-62.9297
-62.9592
-62.9877
-63.015
-63.0411
-63.0663
-63.0906
-63.1141
-63.1369
-63.159
-63.1806
-63.2017
-63.2223
-63.2424
-63.2622
-63.2921
-63.3241
-63.3558
-63.3865
-63.4159
-63.4439
-63.4707
-63.4964
-63.521
-63.5447
-63.5676
-63.5897
-63.6112
-63.632
-63.6522
-63.6719
-63.691
-63.7097
-63.7279
-63.7457
-63.763
-63.7799
-63.7964
-63.8126
-63.8284
-63.8438
-63.8589
-63.8736
-63.888
-63.9021
-63.9159
-63.9294
-63.9425
-63.9554
-63.9681
-63.9904
-64.0147
-64.0388
-64.062
-64.0841
-64.105
-64.1248
-64.1436
-64.1614
-64.1784
-64.1947
-64.2103
-64.2253
-64.2398
-64.2538
-64.2673
-64.2803
-64.2929
-64.3051
-64.317
-64.3285
-64.3396
-64.3504
-64.3609
-64.371
-64.3809
-64.3905
-64.3998
-64.4088
-64.4175
-64.426
-64.4343
-64.4423
-64.45
-64.4576
-64.4649
-64.472
-64.4789
-64.4855
-64.492
-64.4983
-64.5044
-64.5103
-64.516
-64.5184
-64.5147
-64.5034
-64.4841
-64.4572
-64.4231
-64.3828
-64.3373
-64.2876
-64.2344
-64.1787
-64.1213
-64.0627
-64.0036
-63.9445
-63.8857
-63.8277
-63.7707
-63.715
-63.6607
-63.608
-63.557
-63.5078
-63.4605
-63.415
-63.3714
-63.3298
-63.29
-63.2521
-63.216
-63.1818
-63.1494
-63.1187
-63.0898
-63.0625
-63.0368
-63.0127
-62.9901
-62.969
-62.9493
-62.9309
-62.914
-62.8983
-62.8838
-62.8705
-62.8584
-62.8474
-62.8375
-62.8286
-62.8206
-62.8136
-62.8076
-62.8024
-62.798
-62.7945
-62.7917
-62.7896
-62.7883
-62.7876
-62.7876
-62.7882
-62.7894
-62.7911
-62.7934
-62.7963
-62.7996
-62.8033
-62.8076
-62.8122
-62.8173
-62.8227
-62.8285
-62.8347
-62.8411
-62.8479
-62.855
-62.8624
-62.87
-62.8779
-62.886
-62.8944
-62.9029
-62.9117
-62.9206
-62.9297
-62.939
-62.9484
-62.9579
-62.9676
-62.9774
-62.9873
-62.9973
-63.0075
-63.0176
-63.0279
-63.0383
-63.0487
-63.0591
-63.0696
-63.0802
-63.0908
-63.1014
-63.112
-63.1227
-63.1334
-63.1441
-63.1548
-63.1655
-63.1762
-63.1868
-63.1975
-63.2082
-63.2188
-63.2294
-63.24
-63.2506
-63.2611
-63.2716
-63.2821
-63.2925
-63.3029
-63.3133
-63.3236
-63.3338
-63.344
-63.3542
-63.3643
-63.3743
-63.3843
-63.3943
-63.4042
-63.414
-63.4237
-63.4334
-63.4431
-63.4526
-63.4622
-63.4716
-63.481
-63.4903
-63.4995
-63.5087
-63.5178
-63.5269
-63.5358
-63.5447
-63.5348
-63.5092
-63.4723
-63.4275
-63.3772
-63.323
-63.2662
-63.2078
-63.1486
-63.0891
-63.03
-62.9716
-62.9143
-62.8584
-62.804
-62.7513
-62.7006
-62.6518
-62.6051
-62.5605
-62.518
-62.4776
-62.4394
-62.4034
-62.3694
-62.3375
-62.3077
-62.2798
-62.2539
-62.2299
-62.2077
-62.1874
-62.1687
-62.1517
-62.1364
-62.1226
-62.1103
-62.0995
-62.09
-62.0819
-62.0751
-62.0696
-62.0652
-62.062
-62.0599
-62.0588
-62.0588
-62.0596
-62.0615
-62.0642
-62.0677
-62.072
-62.0771
-62.083
-62.0895
-62.0967
-62.1045
-62.1129
-62.1219
-62.1314
-62.1414
-62.152
-62.1629
-62.1744
-62.1862
-62.1984
-62.2109
-62.2239
-62.2371
-62.2506
-62.2645
-62.2785
-62.2929
-62.3074
-62.3222
-62.3372
-62.3524
-62.3677
-62.3832
-62.3988
-62.4146
-62.4305
-62.4465
-62.4625
-62.4787
-62.4949
-62.5113
-62.5276
-62.544
-62.5605
-62.577
-62.5935
-62.61
-62.6265
-62.643
-62.6595
-62.676
-62.6925
-62.709
-62.7254
-62.7418
-62.7582
-62.7745
-62.7907
-62.8069
-62.8231
-62.8392
-62.8552
-62.8712
-62.8871
-62.9029
-62.9187
-62.9343
-62.9499
-62.9654
-62.9808
-62.9961
-63.0114
-63.0265
-63.0416
-63.0565
-63.0714
-63.0861
-63.1008
-63.1154
-63.1298
-63.1442
-63.1584
-63.1726
-63.1866
-63.2006
-63.2144
-63.2281
-63.2417
-63.2552
-63.2686
-63.2819
-63.2951
-63.2895
-63.2682
-63.2327
-63.1835
-63.1215
-63.0481
-62.9649
-62.8734
-62.7755
-62.6727
-62.5666
-62.4583
-62.3569
-62.2574
-62.1592
-62.0624
-61.9659
-61.8704
-61.7846
-61.7032
-61.6248
-61.5492
-61.4928
-61.4512
-61.4149
-61.381
-61.3471
-61.3132
-61.2797
-61.247
-61.2155
-61.1855
-61.1572
-61.128
-61.0955
-61.0586
-61.017
-60.9711
-60.9214
-60.8688
-60.8142
-60.7584
-60.7021
-60.646
-60.5908
-60.5369
-60.4844
-60.4337
-60.3847
-60.3376
-60.2927
-60.2501
-60.2099
-60.1722
-60.1371
-60.1135
-60.0946
-60.0785
-60.0645
-60.0523
-60.0418
-60.0329
-60.0258
-60.0294
-60.0367
-60.0458
-60.0559
-60.0663
-60.0949
-60.1365
-60.1805
-60.2236
-60.2648
-60.304
-60.3413
-60.3769
-60.4085
-60.4367
-60.4624
-60.4865
-60.5094
-60.5316
-60.5533
-60.5747
-60.5961
-60.6176
-60.639
-60.6603
-60.6814
-60.7109
-60.742
-60.7732
-60.8037
-60.8335
-60.8626
-60.8911
-60.9189
-60.946
-60.9723
-60.9979
-61.0229
-61.0474
-61.0715
-61.0954
-61.1357
-61.1795
-61.2343
-61.2894
-61.3422
-61.392
-61.4388
-61.4829
-61.5247
-61.5725
-61.6205
-61.6671
-61.7106
-61.7512
-61.7895
-61.8258
-61.8605
-61.8939
-61.9262
-61.9576
-61.9961
-62.0356
-62.073
-62.1078
-62.14
-62.17
-62.198
-62.2244
-62.2494
-62.2732
-62.2961
-62.3259
-62.3564
-62.3861
-62.4144
-62.4411
-62.4985
-62.5657
-62.6337
-62.699
-62.7605
-62.8181
-62.8704
-62.9179
-62.9613
-63.0011
-63.038
-63.0723
-63.1045
-63.135
-63.164
-63.1917
-63.2167
-63.2392
-63.2595
-63.278
-63.2951
-63.311
-63.3258
-63.3399
-63.3535
-63.3666
-63.3764
-63.3836
-63.389
-63.3932
-63.3966
-63.3996
-63.4023
-63.405
-63.4078
-63.4108
-63.4127
-63.4345
-63.4603
-63.4861
-63.5105
-63.5399
-63.576
-63.612
-63.6463
-63.6784
-63.7071
-63.7326
-63.7557
-63.7769
-63.7966
-63.8151
-63.8327
-63.8495
-63.8658
-63.8817
-63.894
-63.9032
-63.91
-63.9148
-63.9181
-63.9254
-63.9338
-63.9424
-63.9511
-63.9597
-63.9664
-63.9714
-63.9749
-63.9772
-63.9786
-63.9793
-63.9795
-63.9794
-63.9791
-63.9788
-63.977
-63.9743
-63.9709
-63.9672
-63.9635
-63.9599
-63.9566
-63.9536
-63.951
-63.9489
-63.9508
-63.9516
-63.9508
-63.955
-63.9591
-63.9621
-63.9639
-63.9645
-63.9641
-63.9632
-63.96
-63.955
-63.9486
-63.941
-63.9327
-63.9239
-63.9149
-63.9059
-63.897
-63.8885
-63.8773
-63.8776
-63.8796
-63.8811
-63.8817
-63.8812
-63.8798
-63.8777
-63.9097
-63.9526
-63.9958
-64.036
-64.0726
-64.1054
-64.1352
-64.1622
-64.1871
-64.2102
-64.2319
-64.2525
-64.2723
-64.2913
-64.3099
-64.3279
-64.3456
-64.3631
-64.3802
-64.3972
-64.414
-64.4369
-64.461
-64.485
-64.5084
-64.531
-64.5529
-64.5741
-64.5946
-64.6145
-64.6401
-64.6665
-64.6924
-64.7175
-64.7415
-64.7646
-64.7959
-64.8282
-64.8598
-64.89
-64.9187
-64.9459
-64.9716
-64.9961
-65.0195
-65.0418
-65.0631
-65.0836
-65.1033
-65.1311
-65.1601
-65.1884
-65.2154
-65.241
-65.2652
-65.288
-65.3095
-65.3299
-65.3493
-65.3677
-65.3853
-65.402
-65.418
-65.4332
-65.4478
-65.4617
-65.475
-65.5047
-65.5375
-65.5698
-65.6003
-65.6342
-65.6671
-65.698
-65.7267
-65.7532
-65.7777
-65.8004
-65.8214
-65.841
-65.8592
-65.8763
-65.8923
-65.9126
-65.9332
-65.9529
-65.9714
-65.9887
-66.0046
-66.0194
-66.0331
-66.0457
-66.0574
-66.0682
-66.0783
-66.0843
-66.0838
-66.0752
-66.0581
-66.0329
-65.9811
-65.9068
-65.8158
-65.7125
-65.6001
-65.4812
-65.3579
-65.2319
-65.1045
-64.9767
-64.8497
-64.724
-64.6004
-64.4794
-64.3613
-64.2465
-64.1322
-64.0163
-63.8974
-63.782
-63.6655
-63.5471
-63.4272
-63.3064
-63.1857
-63.0658
-62.9474
-62.8313
-62.718
-62.6079
-62.5015
-62.3989
-62.3005
-62.2063
-62.1164
-62.0309
-61.9497
-61.8729
-61.8333
-61.8098
-61.7928
-61.7785
-61.7733
-61.7704
-61.7681
-61.766
-61.764
-61.7623
-61.7611
-61.7605
-61.7607
-61.7617
-61.7755
-61.7928
-61.8111
-61.8296
-61.848
-61.8662
-61.8842
-61.9022
-61.9201
-61.9382
-61.9565
-61.975
-61.9937
-62.0126
-62.0318
-62.0513
-62.071
-62.0987
-62.1282
-62.1581
-62.1875
-62.2164
-62.2447
-62.2725
-62.2997
-62.3266
-62.3348
-62.3276
-62.3096
-62.2839
-62.253
-62.2184
-62.1814
-62.1431
-62.104
-62.0649
-62.0262
-61.9882
-61.9514
-61.9159
-61.882
-61.8497
-61.8192
-61.7967
-61.7784
-61.7632
-61.7503
-61.7396
-61.7307
-61.7235
-61.7179
-61.7138
-61.7111
-61.7097
-61.7096
-61.7107
-61.713
-61.7164
-61.7208
-61.7262
-61.7325
-61.7397
-61.7478
-61.7567
-61.7664
-61.7768
-61.7878
-61.7995
-61.8118
-61.8247
-61.8381
-61.8519
-61.8663
-61.881
-61.8962
-61.9117
-61.9275
-61.9436
-61.9599
-61.9765
-61.9933
-62.0103
-62.0274
-62.0447
-62.0621
-62.0795
-62.0971
-62.1147
-62.1142
-62.0987
-62.0725
-62.039
-62.0004
-61.9583
-61.8959
-61.8172
-61.7273
-61.6302
-61.5286
-61.4246
-61.3197
-61.2151
-61.1118
-61.0105
-60.9119
-60.8163
-60.7242
-60.6359
-60.5515
-60.4713
-60.3952
-60.3233
-60.2557
-60.1924
-60.1332
-60.0781
-60.0271
-59.9801
-59.9369
-59.8974
-59.8615
-59.8291
-59.8001
-59.7743
-59.7517
-59.732
-59.7152
-59.7011
-59.6896
-59.6806
-59.674
-59.6697
-59.6676
-59.6675
-59.6694
-59.6731
-59.6786
-59.6858
-59.6946
-59.7049
-59.7166
-59.7297
-59.744
-59.7596
-59.7763
-59.7941
-59.8129
-59.8326
-59.8533
-59.8747
-59.897
-59.92
-59.9437
-59.9681
-59.993
-60.0186
-60.0446
-60.0711
-60.0981
-60.1255
-60.1533
-60.1814
-60.2099
-60.2386
-60.2676
-60.2968
-60.3263
-60.3559
-60.3857
-60.4157
-60.4457
-60.4759
-60.5062
-60.5365
-60.5669
-60.5973
-60.6277
-60.6582
-60.6886
-60.719
-60.7494
-60.7797
-60.81
-60.8402
-60.8704
-60.9004
-60.9303
-60.9602
-60.9899
-61.0195
-61.049
-61.0784
-61.1076
-61.1366
-61.1656
-61.1943
-61.2229
-61.2513
-61.2796
-61.3076
-61.3355
-61.3632
-61.3908
-61.4181
-61.4452
-61.4722
-61.4989
-61.5255
-61.5518
-61.578
-61.6039
-61.6297
-61.6552
-61.6805
-61.7056
-61.7305
-61.7552
-61.7796
-61.8039
