-65
-64.9848
-64.9714
-64.9581
-64.9453
-64.9331
-64.9218
-64.9115
-64.9021
-64.8937
-64.8861
-64.8793
-64.8732
-64.8678
-64.8629
-64.8585
-64.8546
-64.851
-64.8479
-64.845
-64.8425
-64.8402
-64.8382
-64.8363
-64.8347
-64.8333
-64.832
-64.8309
-64.8299
-64.8291
-64.8284
-64.8278
-64.8273
-64.8269
-64.8266
-64.8264
-64.8262
-64.8262
-64.8262
-64.8263
-64.8264
-64.8267
-64.8269
-64.8272
-64.8276
-64.828
-64.8285
-64.8289
-64.8295
-64.83
-64.8306
-64.8313
-64.8319
-64.8326
-64.8333
-64.8341
-64.8348
-64.8356
-64.8364
-64.8372
-64.838
-64.8389
-64.8397
-64.8406
-64.8415
-64.8424
-64.8433
-64.8442
-64.8452
-64.8461
-64.847
-64.848
-64.8489
-64.8499
-64.8508
-64.8518
-64.8528
-64.8538
-64.8547
-64.8557
-64.8567
-64.8577
-64.8586
-64.8596
-64.8606
-64.8616
-64.8625
-64.8635
-64.8645
-64.8655
-64.8664
-64.8674
-64.8684
-64.8693
-64.8703
-64.8712
-64.8722
-64.8731
-64.8741
-64.875
-64.876
-64.8769
-64.8778
-64.8787
-64.8797
-64.8806
-64.8815
-64.8824
-64.8833
-64.8842
-64.8851
-64.886
-64.8868
-64.8877
-64.8886
-64.8894
-64.8903
-64.8912
-64.892
-64.8928
-64.8937
-64.8945
-64.8953
-64.8961
-64.897
-64.8978
-64.8986
-64.8994
-64.9001
-64.9009
-64.9017
-64.9025
-64.9032
-64.904
-64.9048
-64.9055
-64.9062
-64.907
-64.9077
-64.9084
-64.9091
-64.9099
-64.9106
-64.9113
-64.912
-64.9127
-64.9133
-64.914
-64.9147
-64.9154
-64.916
-64.9167
-64.9173
-64.918
-64.9186
-64.9193
-64.9199
-64.9205
-64.9211
-64.9217
-64.9223
-64.9229
-64.9235
-64.9241
-64.9247
-64.9253
-64.9259
-64.9265
-64.927
-64.9276
-64.9281
-64.9287
-64.9292
-64.9298
-64.9303
-64.9308
-64.9314
-64.9319
-64.9324
-64.9329
-64.9334
-64.9339
-64.9344
-64.9349
-64.9354
-64.9359
-64.9364
-64.9369
-64.9373
-64.9378
-64.9383
-64.9387
-64.9392
-64.9396
-64.9401
-64.9405
-64.9409
-64.9414
-64.9418
-64.9422
-64.9427
-64.9431
-64.9435
-64.9439
-64.9443
-64.9447
-64.9451
-64.9455
-64.9459
-64.9463
-64.9466
-64.947
-64.9474
-64.9478
-64.9481
-64.9485
-64.9489
-64.9492
-64.9496
-64.9499
-64.9503
-64.9506
-64.9509
-64.9513
-64.9516
-64.9519
-64.9523
-64.9526
-64.9529
-64.9532
-64.9535
-64.9538
-64.9542
-64.9545
-64.9548
-64.9551
-64.9553
-64.9556
-64.9559
-64.9562
-64.9565
-64.9568
-64.9571
-64.9573
-64.9576
-64.9579
-64.9581
-64.9584
-64.9586
-64.9589
-64.9592
-64.9594
-64.9597
-64.9599
-64.9601
-64.9604
-64.9606
-64.9609
-64.9611
-64.9613
-64.9616
-64.9618
-64.962
-64.9622
-64.9624
-64.9627
-64.9629
-64.9631
-64.9633
-64.9635
-64.9637
-64.9639
-64.9641
-64.9643
-64.9645
-64.9647
-64.9649
-64.9651
-64.9653
-64.9654
-64.9656
-64.9658
-64.966
-64.9662
-64.9663
-64.9665
-64.9667
-64.9668
-64.967
-64.9672
-64.9673
-64.9675
-64.9677
-64.9678
-64.968
-64.9681
-64.9683
-64.9684
-64.9686
-64.9687
-64.9689
-64.969
-64.9692
-64.9693
-64.9694
-64.9696
-64.9697
-64.9698
-64.97
-64.9701
-64.9702
-64.9703
-64.9705
-64.9706
-64.9707
-64.9708
-64.971
-64.9711
-64.9712
-64.9713
-64.9714
-64.9715
-64.9716
-64.9717
-64.9719
-64.972
-64.9721
-64.9722
-64.9723
-64.9724
-64.9725
-64.9726
-64.9727
-64.9728
-64.9729
-64.9729
-64.973
-64.9731
-64.9732
-64.9733
-64.9734
-64.9735
-64.9736
-64.9736
-64.9737
-64.9738
-64.9739
-64.974
-64.974
-64.9741
-64.9742
-64.9743
-64.9743
-64.9744
-64.9745
-64.9746
-64.9746
-64.9747
-64.9748
-64.9748
-64.9749
-64.975
-64.975
-64.9751
-64.9751
-64.9752
-64.9753
-64.9753
-64.9754
-64.9754
-64.9755
-64.9755
-64.9756
-64.9757
-64.9757
-64.9758
-64.9758
-64.9759
-64.9759
-64.976
-64.976
-64.976
-64.9761
-64.9761
-64.9762
-64.9762
-64.9763
-64.9763
-64.9763
-64.9764
-64.9764
-64.9765
-64.9765
-64.9765
-64.9766
-64.9766
-64.9766
-64.9767
-64.9767
-64.9768
-64.9768
-64.9768
-64.9768
-64.9769
-64.9769
-64.9769
-64.977
-64.977
-64.977
-64.977
-64.9771
-64.9771
-64.9771
-64.9772
-64.9772
-64.9772
-64.9772
-64.9772
-64.9773
-64.9773
-64.9773
-64.9773
-64.9773
-64.9774
-64.9774
-64.9774
-64.9774
-64.9774
-64.9775
-64.9775
-64.9775
-64.9775
-64.9775
-64.9775
-64.9775
-64.9776
-64.9776
-64.9776
-64.9776
-64.9776
-64.9776
-64.9776
-64.9776
-64.9777
-64.9777
-64.9777
-64.9777
-64.9777
-64.9777
-64.9777
-64.9777
-64.9777
-64.9777
-64.9777
-64.9777
-64.9777
-64.9778
-64.9778
-64.9778
-64.9778
-64.9778
-64.9778
-64.9778
-64.9778
-64.9778
-64.9778
-64.9778
-64.9778
-64.9778
-64.9778
-64.9778
-64.9778
-64.9778
-64.9778
-64.9778
-64.9778
-64.9778
-64.9778
-64.9778
-64.9778
-64.9778
-64.9778
-64.9778
-64.9778
-64.9778
-64.9778
-64.9778
-64.9778
-64.9778
-64.9777
-64.9777
-64.9777
-64.9777
-64.9777
-64.9777
-64.9777
-64.9777
-64.9777
-64.9777
-64.9777
-64.9777
-64.9777
-64.9777
-64.9777
-64.9777
-64.9776
-64.9776
-64.9776
-64.9776
-64.9776
-64.9776
-64.9776
-64.9776
-64.9776
-64.9776
-64.9776
-64.9776
-64.9775
-64.9775
-64.9775
-64.9775
-64.9775
-64.9775
-64.9775
-64.9775
-64.9775
-64.9774
-64.9774
-64.9774
-64.9774
-64.9774
-64.9774
-64.9774
-64.9774
-64.9774
-64.9773
-64.9773
-64.9773
-64.9773
-64.9773
-64.9773
-64.9773
-64.9772
-64.9772
-64.9772
-64.9772
-64.9772
-64.9772
-64.9772
-64.9772
-64.9771
-64.9771
-64.9771
-64.9771
-64.9771
-64.9771
-64.9771
-64.977
-64.977
-64.977
-64.977
-64.977
-64.977
-64.9769
-64.9769
-64.9769
-64.9769
-64.9769
-64.9769
-64.9769
-64.9768
-64.9768
-64.9768
-64.9768
-64.9768
-64.9768
-64.9767
-64.9767
-64.9767
-64.9767
-64.9767
-64.9767
-64.9766
-64.9766
-64.9766
-64.9766
-64.9766
-64.9766
-64.9765
-64.9765
-64.9765
-64.9765
-64.9765
-64.9765
-64.9764
-64.9764
-64.9764
-64.9764
-64.9764
-64.9764
-64.9763
-64.9763
-64.9763
-64.9763
-64.9763
-64.9763
-64.9762
-64.9762
-64.9762
-64.9762
-64.9762
-64.9762
-64.9761
-64.9761
-64.9761
-64.9761
-64.9761
-64.9761
-64.976
-64.976
-64.976
-64.976
-64.976
-64.9759
-64.9759
-64.9759
-64.9759
-64.9759
-64.9759
-64.9758
-64.9758
-64.9758
-64.9758
-64.9758
-64.9758
-64.9757
-64.9757
-64.9757
-64.9757
-64.9757
-64.9756
-64.9756
-64.9756
-64.9756
-64.9756
-64.9756
-64.9755
-64.9755
-64.9755
-64.9755
-64.9755
-64.9755
-64.9754
-64.9754
-64.9754
-64.9754
-64.9754
-64.9753
-64.9753
-64.9753
-64.9753
-64.9753
-64.9753
-64.9752
-64.9752
-64.9752
-64.9752
-64.9752
-64.9752
-64.9751
-64.9751
-64.9751
-64.9751
-64.9751
-64.975
-64.975
-64.975
-64.975
-64.975
-64.975
-64.9749
-64.9749
-64.9749
-64.9749
-64.9749
-64.9749
-64.9748
-64.9748
-64.9748
-64.9748
-64.9748
-64.9748
-64.9747
-64.9747
-64.9747
-64.9747
-64.9747
-64.9747
-64.9746
-64.9746
-64.9746
-64.9746
-64.9746
-64.9746
-64.9745
-64.9745
-64.9745
-64.9745
-64.9745
-64.9745
-64.9744
-64.9744
-64.9744
-64.9744
-64.9744
-64.9744
-64.9743
-64.9743
-64.9743
-64.9743
-64.9743
-64.9743
-64.9742
-64.9742
-64.9742
-64.9742
-64.9742
-64.9742
-64.9741
-64.9741
-64.9741
-64.9741
-64.9741
-64.9741
-64.974
-64.974
-64.974
-64.974
-64.974
-64.974
-64.9739
-64.9739
-64.9739
-64.9739
-64.9739
-64.9739
-64.9739
-64.9738
-64.9738
-64.9738
-64.9738
-64.9738
-64.9738
-64.9737
-64.9737
-64.9737
-64.9737
-64.9737
-64.9737
-64.9736
-64.9736
-64.9736
-64.9736
-64.9736
-64.9736
-64.9736
-64.9735
-64.9735
-64.9735
-64.9735
-64.9735
-64.9735
-64.9735
-64.9734
-64.9734
-64.9734
-64.9734
-64.9734
-64.9734
-64.9734
-64.9733
-64.9733
-64.9733
-64.9733
-64.9733
-64.9733
-64.9732
-64.9732
-64.9732
-64.9732
-64.9732
-64.9732
-64.9732
-64.9732
-64.9731
-64.9731
-64.9731
-64.9731
-64.9731
-64.9731
-64.9731
-64.973
-64.973
-64.973
-64.973
-64.973
-64.973
-64.973
-64.9729
-64.9729
-64.9729
-64.9729
-64.9729
-64.9729
-64.9729
-64.9728
-64.9728
-64.9728
-64.9728
-64.9728
-64.9728
-64.9728
-64.9728
-64.9727
-64.9727
-64.9727
-64.9727
-64.9727
-64.9727
-64.9727
-64.9727
-64.9726
-64.9726
-64.9726
-64.9726
-64.9726
-64.9726
-64.9726
-64.9725
-64.9725
-64.9725
-64.9725
-64.9725
-64.9725
-64.9725
-64.9725
-64.9724
-64.9724
-64.9724
-64.9724
-64.9724
-64.9724
-64.9724
-64.9724
-64.9724
-64.9723
-64.9723
-64.9723
-64.9723
-64.9723
-64.9723
-64.9723
-64.9723
-64.9722
-64.9722
-64.9722
-64.9722
-64.9722
-64.9722
-64.9722
-64.9722
-64.9721
-64.9721
-64.9721
-64.9721
-64.9721
-64.9721
-64.9721
-64.9721
-64.9721
-64.972
-64.972
-64.972
-64.972
-64.972
-64.972
-64.972
-64.972
-64.972
-64.9719
-64.9719
-64.9719
-64.9719
-64.9719
-64.9719
-64.9719
-64.9719
-64.9719
-64.9718
-64.9718
-64.9718
-64.9718
-64.9718
-64.9718
-64.9718
-64.9718
-64.9718
-64.9718
-64.9717
-64.9717
-64.9717
-64.9717
-64.9717
-64.9717
-64.9717
-64.9717
-64.9717
-64.9717
-64.9716
-64.9716
-64.9716
-64.9716
-64.9716
-64.9716
-64.9716
-64.9716
-64.9716
-64.9716
-64.9715
-64.9715
-64.9715
-64.9715
-64.9715
-64.9715
-64.9715
-64.9715
-64.9715
-64.9715
-64.9714
-64.9714
-64.9714
-64.9714
-64.9714
-64.9714
-64.9714
-64.9714
-64.9714
-64.9714
-64.9714
-64.9713
-64.9713
-64.9713
-64.9713
-64.9713
-64.9713
-64.9713
-64.9713
-64.9713
-64.9713
-64.9713
-64.9712
-64.9712
-64.9712
-64.9712
-64.9712
-64.9712
-64.9712
-64.9712
-64.9712
-64.9712
-64.9712
-64.9711
-64.9711
-64.9711
-64.9711
-64.9711
-64.9711
-64.9711
-64.9711
-64.9711
-64.9711
-64.9711
-64.9711
-64.971
-64.971
-64.971
-64.971
-64.971
-64.971
-64.971
-64.971
-64.971
-64.971
-64.971
-64.971
-64.9709
-64.9709
-64.9709
-64.9709
-64.9709
-64.9709
-64.9709
-64.9709
-64.9709
-64.9709
-64.9709
-64.9709
-64.9709
-64.9708
-64.9708
-64.9708
-64.9708
-64.9708
-64.9708
-64.9708
-64.9708
-64.9708
-64.9708
-64.9708
-64.9708
-64.9708
-64.9707
-64.9707
-64.9707
-64.9707
-64.9707
-64.9707
-64.9707
-64.9707
-64.9707
-64.9707
-64.9707
-64.9707
-64.9707
-64.9707
-64.9706
-64.9706
-64.9706
-64.9706
-64.9706
-64.9706
-64.9706
-64.9706
-64.9706
-64.9706
-64.9706
-64.9706
-64.9706
-64.9706
-64.9706
-64.9705
-64.9705
-64.9705
-64.9705
-64.9705
-64.9705
-64.9705
-64.9705
-64.9705
-64.9705
-64.9705
-64.9705
-64.9705
-64.9705
-64.9705
-64.9704
-64.9704
-64.9704
-64.9704
-64.9704
-64.9704
-64.9704
-64.9704
-64.9704
-64.9704
-64.9704
-64.9704
-64.9704
-64.9704
-64.9704
-64.9704
-64.9703
-64.9703
-64.9703
-64.9703
-64.9703
-64.9703
-64.9703
-64.9703
-64.9703
-64.9703
-64.9703
-64.9703
-64.9703
-64.9703
-64.9703
-64.9703
-64.9703
-64.9702
-64.9702
-64.9702
-64.9702
-64.9702
-64.9702
-64.9702
-64.9702
-64.9702
-64.9702
-64.9702
-64.9702
-64.9702
-64.9702
-64.9702
-64.9702
-64.9702
-64.9702
-64.9701
-64.9701
-64.9701
-64.9701
-64.9701
-64.9701
-64.9701
-64.9701
-64.9701
-64.9701
-64.9701
-64.9701
-64.9701
-64.9701
-64.9701
-64.9701
-64.9701
-64.9701
-64.9701
-64.97
-64.97
-64.97
-64.97
-64.97
-64.97
-64.97
-64.97
-64.97
-64.97
-64.97
-64.97
-64.97
-64.97
-64.97
-64.97
-64.97
-64.97
-64.97
-64.97
-64.9699
-64.9699
-64.9699
-64.9699
-64.9699
-64.9699
-64.9699
-64.9699
-64.9699
-64.9699
-64.9699
-64.9699
-64.9699
-64.9699
-64.9699
-64.9699
-64.9699
-64.9699
-64.9699
-64.9699
-64.9699
-64.9699
-64.9698
-64.9698
-64.9698
-64.9698
-64.9698
-64.9698
-64.9698
-64.9698
-64.9698
-64.9698
-64.9698
-64.9698
-64.9698
-64.9698
-64.9698
-64.9698
-64.9698
-64.9698
-64.9698
-64.9698
-64.9698
-64.9698
-64.9698
-64.9698
-64.9697
-64.9697
-64.9697
-64.9697
-64.9697
-64.9697
-64.9697
-64.9697
-64.9697
-64.9697
-64.9697
-64.9697
-64.9697
-64.9697
-64.9697
-64.9697
-64.9697
-64.9697
-64.9697
-64.9697
-64.9697
-64.9697
-64.9697
-64.9697
-64.9697
-64.9697
-64.9696
-64.9696
-64.9696
-64.9696
-64.9696
-64.9696
-64.9696
-64.9696
-64.9696
-64.9696
-64.9696
-64.9696
-64.9696
-64.9696
-64.9696
-64.9696
-64.9696
-64.9696
-64.9696
-64.9696
-64.9696
-64.9696
-64.9696
-64.9696
-64.9696
-64.9696
-64.9696
-64.9696
-64.9695
-64.9695
-64.9695
-64.9695
-64.9695
-64.9695
-64.9695
-64.9695
-64.9695
-64.9695
-64.9695
-64.9695
-64.9695
-64.9695
-64.9695
-64.9695
-64.9695
-64.9695
-64.9695
-64.9695
-64.9695
-64.9695
-64.9695
-64.9695
-64.9695
-64.9695
-64.9695
-64.9695
-64.9695
-64.9695
-64.9695
-64.9695
-64.9695
-64.9694
-64.9694
-64.9694
-64.9694
-64.9694
-64.9694
-64.9694
-64.9694
-64.9694
-64.9694
-64.9694
-64.9694
-64.9694
-64.9694
-64.9694
-64.9694
-64.9694
-64.9694
-64.9694
-64.9694
-64.9694
-64.9694
-64.9694
-64.9694
-64.9694
-64.9694
-64.9694
-64.9694
-64.9694
-64.9694
-64.9694
-64.9694
-64.9694
-64.9694
-64.9694
-64.9694
-64.9693
-64.9693
-64.9693
-64.9693
-64.9693
-64.9693
-64.9693
-64.9693
-64.9693
-64.9693
-64.9693
-64.9693
-64.9693
-64.9693
-64.9693
-64.9693
-64.9693
-64.9693
-64.9693
-64.9693
-64.9693
-64.9693
-64.9693
-64.9693
-64.9693
-64.9693
-64.9693
-64.9693
-64.9693
-64.9693
-64.9693
-64.9693
-64.9693
-64.9693
-64.9693
-64.9693
-64.9693
-64.9693
-64.9693
-64.9693
-64.9693
-64.9693
-64.9693
-64.9693
-64.9692
-64.9692
-64.9692
-64.9692
-64.9692
-64.9692
-64.9692
-64.9692
-64.9692
-64.9692
-64.9692
-64.9692
-64.9692
-64.9692
-64.9692
-64.9692
-64.9692
-64.9692
-64.9692
-64.9692
-64.9692
-64.9692
-64.9692
-64.9692
-64.9692
-64.9692
-64.9692
-64.9692
-64.9692
-64.9692
-64.9692
-64.9692
-64.9692
-64.9692
-64.9692
-64.9692
-64.9692
-64.9692
-64.9692
-64.9692
-64.9692
-64.9692
-64.9692
-64.9692
-64.9692
-64.9692
-64.9692
-64.9692
-64.9692
-64.9692
-64.9692
-64.9692
-64.9692
-64.9692
-64.9691
-64.9691
-64.9691
-64.9691
-64.9691
-64.9691
-64.9691
-64.9691
-64.9691
-64.9691
-64.9691
-64.9691
-64.9691
-64.9691
-64.9691
-64.9691
-64.9691
-64.9691
-64.9691
-64.9691
-64.9691
-64.9691
-64.9691
-64.9691
-64.9691
-64.9691
-64.9691
-64.9691
-64.9691
-64.9691
-64.9691
-64.9691
-64.9691
-64.9691
-64.9691
-64.9691
-64.9691
-64.9691
-64.9691
-64.9691
-64.9691
-64.9691
-64.9691
-64.9691
-64.9691
-64.9691
-64.9691
-64.9691
-64.9691
-64.9691
-64.9691
-64.9691
-64.9691
-64.9691
-64.9691
-64.9691
-64.9691
-64.9691
-64.9691
-64.9691
-64.9691
-64.9691
-64.9691
-64.9691
-64.9691
-64.9691
-64.9691
-64.9691
-64.9691
-64.9691
-64.9691
-64.9691
-64.9691
-64.9691
-64.9691
-64.9691
-64.969
-64.969
-64.969
-64.969
-64.969
-64.969
-64.969
-64.969
-64.969
-64.969
-64.969
-64.969
-64.9782
-64.9893
-65.0007
-65.0114
-65.0213
-65.0304
-65.0388
-65.0463
-65.0533
-65.0597
-65.0657
-65.0712
-65.0764
-65.0813
-65.0858
-65.0901
-65.0942
-65.0981
-65.1017
-65.1052
-65.1085
-65.1117
-65.1146
-65.1175
-65.1201
-65.1227
-65.1251
-65.1274
-65.1296
-65.1317
-65.1336
-65.1354
-65.1372
-65.1388
-65.1404
-65.1418
-65.1432
-65.1444
-65.1456
-65.1467
-65.1477
-65.1487
-65.1495
-65.1503
-65.1511
-65.1517
-65.1523
-65.1529
-65.1533
-65.1537
-65.1541
-65.1544
-65.1546
-65.1548
-65.155
-65.155
-65.1551
-65.1551
-65.155
-65.1549
-65.1548
-65.1546
-65.1544
-65.1542
-65.1539
-65.1536
-65.1532
-65.1529
-65.1524
-65.152
-65.1515
-65.151
-65.1505
-65.1499
-65.1493
-65.1487
-65.1481
-65.1474
-65.1468
-65.1461
-65.1453
-65.1446
-65.1438
-65.1431
-65.1423
-65.1415
-65.1406
-65.1398
-65.1389
-65.1381
-65.1372
-65.1363
-65.1354
-65.1345
-65.1335
-65.1326
-65.1316
-65.1307
-65.1297
-65.1287
-65.1277
-65.1267
-65.1257
-65.1247
-65.1237
-65.1226
-65.1216
-65.1206
-65.1195
-65.1185
-65.1174
-65.1164
-65.1153
-65.1143
-65.1132
-65.1121
-65.111
-65.11
-65.1089
-65.1078
-65.1067
-65.1057
-65.1046
-65.1035
-65.1024
-65.1013
-65.1002
-65.0992
-65.0981
-65.097
-65.0959
-65.0948
-65.0938
-65.0927
-65.0916
-65.0905
-65.0895
-65.0884
-65.0873
-65.0863
-65.0852
-65.0841
-65.0831
-65.082
-65.081
-65.0799
-65.0789
-65.0778
-65.0768
-65.0757
-65.0747
-65.0737
-65.0727
-65.0716
-65.0706
-65.0696
-65.0686
-65.0676
-65.0666
-65.0656
-65.0646
-65.0636
-65.0626
-65.0617
-65.0607
-65.0597
-65.0588
-65.0578
-65.0568
-65.0559
-65.055
-65.054
-65.0531
-65.0522
-65.0512
-65.0503
-65.0494
-65.0485
-65.0476
-65.0467
-65.0458
-65.0449
-65.0441
-65.0432
-65.0423
-65.0414
-65.0406
-65.0397
-65.0389
-65.0381
-65.0372
-65.0364
-65.0356
-65.0347
-65.0339
-65.0331
-65.0323
-65.0315
-65.0307
-65.03
-65.0292
-65.0284
-65.0276
-65.0269
-65.0261
-65.0254
-65.0246
-65.0239
-65.0231
-65.0224
-65.0217
-65.021
-65.0203
-65.0196
-65.0189
-65.0182
-65.0175
-65.0168
-65.0161
-65.0154
-65.0148
-65.0141
-65.0135
-65.0128
-65.0122
-65.0115
-65.0109
-65.0102
-65.0096
-65.009
-65.0084
-65.0078
-65.0072
-65.0066
-65.006
-65.0054
-65.0048
-65.0042
-65.0037
-65.0031
-65.0025
-65.002
-65.0014
-65.0009
-65.0003
-64.9998
-64.9993
-64.9987
-64.9982
-64.9977
-64.9972
-64.9967
-64.9962
-64.9957
-64.9952
-64.9947
-64.9942
-64.9937
-64.9933
-64.9928
-64.9923
-64.9919
-64.9914
-64.9909
-64.9905
-64.9901
-64.9896
-64.9892
-64.9887
-64.9883
-64.9879
-64.9875
-64.9871
-64.9867
-64.9863
-64.9859
-64.9855
-64.9851
-64.9847
-64.9843
-64.9839
-64.9835
-64.9832
-64.9828
-64.9824
-64.9821
-64.9817
-64.9814
-64.981
-64.9807
-64.9803
-64.98
-64.9796
-64.9793
-64.979
-64.9787
-64.9783
-64.978
-64.9777
-64.9774
-64.9771
-64.9768
-64.9765
-64.9762
-64.9759
-64.9756
-64.9753
-64.975
-64.9748
-64.9745
-64.9742
-64.9739
-64.9737
-64.9734
-64.9732
-64.9729
-64.9726
-64.9724
-64.9721
-64.9719
-64.9717
-64.9714
-64.9712
-64.971
-64.9707
-64.9705
-64.9703
-64.97
-64.9698
-64.9696
-64.9694
-64.9692
-64.969
-64.9688
-64.9686
-64.9684
-64.9682
-64.968
-64.9678
-64.9676
-64.9674
-64.9672
-64.967
-64.9669
-64.9667
-64.9665
-64.9663
-64.9662
-64.966
-64.9658
-64.9657
-64.9655
-64.9653
-64.9652
-64.965
-64.9649
-64.9647
-64.9646
-64.9644
-64.9643
-64.9641
-64.964
-64.9639
-64.9637
-64.9636
-64.9635
-64.9633
-64.9632
-64.9631
-64.963
-64.9628
-64.9627
-64.9626
-64.9625
-64.9624
-64.9622
-64.9621
-64.962
-64.9619
-64.9618
-64.9617
-64.9616
-64.9615
-64.9614
-64.9613
-64.9612
-64.9611
-64.961
-64.9609
-64.9608
-64.9608
-64.9607
-64.9606
-64.9605
-64.9604
-64.9603
-64.9603
-64.9602
-64.9601
-64.96
-64.96
-64.9599
-64.9598
-64.9598
-64.9597
-64.9596
-64.9596
-64.9595
-64.9594
-64.9594
-64.9593
-64.9593
-64.9592
-64.9591
-64.9591
-64.959
-64.959
-64.9589
-64.9589
-64.9588
-64.9588
-64.9587
-64.9587
-64.9586
-64.9586
-64.9586
-64.9585
-64.9585
-64.9584
-64.9584
-64.9584
-64.9583
-64.9583
-64.9583
-64.9582
-64.9582
-64.9582
-64.9581
-64.9581
-64.9581
-64.958
-64.958
-64.958
-64.958
-64.9579
-64.9579
-64.9579
-64.9579
-64.9579
-64.9578
-64.9578
-64.9578
-64.9578
-64.9578
-64.9577
-64.9577
-64.9577
-64.9577
-64.9577
-64.9577
-64.9577
-64.9577
-64.9577
-64.9576
-64.9576
-64.9576
-64.9576
-64.9576
-64.9576
-64.9576
-64.9576
-64.9576
-64.9576
-64.9576
-64.9576
-64.9576
-64.9576
-64.9576
-64.9576
-64.9576
-64.9576
-64.9576
-64.9576
-64.9576
-64.9576
-64.9576
-64.9576
-64.9576
-64.9576
-64.9576
-64.9576
-64.9576
-64.9576
-64.9576
-64.9577
-64.9577
-64.9577
-64.9577
-64.9577
-64.9577
-64.9577
-64.9577
-64.9577
-64.9577
-64.9578
-64.9578
-64.9578
-64.9578
-64.9669
-64.9781
-64.9895
-65.0003
-65.0102
-65.0194
-65.0277
-65.0353
-65.0423
-65.0488
-65.0547
-65.0603
-65.0655
-65.0704
-65.075
-65.0793
-65.0834
-65.0873
-65.091
-65.0945
-65.0978
-65.1009
-65.1039
-65.1068
-65.1095
-65.1121
-65.1145
-65.1168
-65.119
-65.1211
-65.1231
-65.125
-65.1267
-65.1284
-65.1299
-65.1314
-65.1328
-65.1341
-65.1353
-65.1364
-65.1375
-65.1384
-65.1393
-65.1401
-65.1409
-65.1416
-65.1422
-65.1427
-65.1432
-65.1437
-65.1441
-65.1444
-65.1446
-65.1449
-65.145
-65.1451
-65.1452
-65.1452
-65.1452
-65.1452
-65.145
-65.1449
-65.1447
-65.1445
-65.1442
-65.1439
-65.1436
-65.1433
-65.1429
-65.1425
-65.142
-65.1415
-65.141
-65.1405
-65.1399
-65.1394
-65.1388
-65.1381
-65.1375
-65.1368
-65.1361
-65.1444
-65.1546
-65.165
-65.1748
-65.1838
-65.1919
-65.1992
-65.2059
-65.2119
-65.2173
-65.2223
-65.2268
-65.231
-65.2349
-65.2385
-65.2418
-65.2448
-65.2477
-65.2503
-65.2528
-65.2551
-65.2572
-65.2591
-65.2609
-65.2626
-65.2641
-65.2655
-65.2635
-65.2555
-65.2399
-65.2162
-65.1848
-65.1463
-65.1016
-65.0516
-64.9974
-64.9398
-64.8797
-64.8178
-64.7549
-64.6915
-64.6281
-64.5652
-64.503
-64.442
-64.3822
-64.324
-64.2674
-64.2126
-64.1596
-64.1086
-64.0595
-64.0123
-63.9671
-63.9239
-63.8827
-63.8433
-63.8059
-63.7703
-63.7365
-63.7045
-63.6742
-63.6456
-63.6186
-63.5932
-63.5693
-63.5469
-63.5259
-63.5064
-63.4881
-63.4712
-63.4555
-63.441
-63.4277
-63.4155
-63.4043
-63.3942
-63.3851
-63.3769
-63.3697
-63.3633
-63.3578
-63.3531
-63.3491
-63.3459
-63.3435
-63.3417
-63.3406
-63.3401
-63.3402
-63.3409
-63.3421
-63.3438
-63.3461
-63.3489
-63.352
-63.3557
-63.3597
-63.3642
-63.369
-63.3742
-63.3797
-63.3856
-63.3917
-63.3982
-63.4049
-63.4119
-63.4191
-63.4266
-63.4342
-63.4421
-63.4502
-63.4585
-63.4669
-63.4755
-63.4843
-63.4932
-63.5022
-63.5114
-63.5206
-63.53
-63.5395
-63.549
-63.5587
-63.5684
-63.5782
-63.588
-63.5979
-63.6079
-63.6179
-63.6279
-63.6379
-63.648
-63.6581
-63.6682
-63.6784
-63.6885
-63.6986
-63.7088
-63.7189
-63.729
-63.7392
-63.7493
-63.7593
-63.7694
-63.7795
-63.7895
-63.7994
-63.8094
-63.8193
-63.8292
-63.8391
-63.8489
-63.8586
-63.8683
-63.878
-63.8877
-63.8972
-63.9068
-63.9162
-63.9257
-63.9351
-63.9444
-63.9536
-63.9628
-63.972
-63.9811
-63.9901
-63.9991
-64.008
-64.0169
-64.0257
-64.0344
-64.0431
-64.0517
-64.0602
-64.0687
-64.0771
-64.0854
-64.0937
-64.102
-64.1101
-64.1182
-64.1262
-64.1342
-64.1421
-64.1499
-64.1577
-64.1654
-64.173
-64.1806
-64.1881
-64.1955
-64.2029
-64.2102
-64.2175
-64.2247
-64.2318
-64.2388
-64.2458
-64.2528
-64.2596
-64.2664
-64.2732
-64.2799
-64.2865
-64.293
-64.2995
-64.306
-64.3124
-64.3187
-64.3249
-64.3311
-64.3373
-64.3433
-64.3494
-64.3553
-64.3612
-64.3671
-64.3729
-64.3786
-64.3843
-64.3899
-64.3955
-64.401
-64.4065
-64.4119
-64.4172
-64.4225
-64.4278
-64.433
-64.4381
-64.4432
-64.4483
-64.4533
-64.4582
-64.4631
-64.4679
-64.4727
-64.4775
-64.4822
-64.4868
-64.4914
-64.496
-64.5005
-64.5049
-64.5094
-64.5137
-64.5181
-64.5223
-64.5266
-64.5308
-64.5349
-64.539
-64.5431
-64.5471
-64.5511
-64.555
-64.5589
-64.5628
-64.5666
-64.5704
-64.5741
-64.5778
-64.5815
-64.5851
-64.5887
-64.5922
-64.5958
-64.5992
-64.6027
-64.6061
-64.6094
-64.6128
-64.6161
-64.6193
-64.6225
-64.6257
-64.6289
-64.632
-64.6351
-64.6381
-64.6412
-64.6442
-64.6471
-64.65
-64.6529
-64.6558
-64.6586
-64.6614
-64.6642
-64.6669
-64.6697
-64.6723
-64.675
-64.6776
-64.6802
-64.6828
-64.6853
-64.6878
-64.6903
-64.6928
-64.6952
-64.6976
-64.7
-64.7024
-64.7047
-64.707
-64.7093
-64.7115
-64.7138
-64.716
-64.7181
-64.7203
-64.7224
-64.7245
-64.7266
-64.7287
-64.7307
-64.7327
-64.7347
-64.7367
-64.7386
-64.7406
-64.7425
-64.7444
-64.7462
-64.7481
-64.7499
-64.7517
-64.7535
-64.7552
-64.757
-64.7587
-64.7604
-64.7621
-64.7637
-64.7654
-64.7639
-64.7564
-64.7414
-64.7185
-64.6879
-64.6504
-64.6068
-64.5579
-64.5049
-64.4486
-64.3899
-64.3295
-64.2681
-64.2062
-64.1445
-64.0932
-64.045
-63.9983
-63.9524
-63.9072
-63.8629
-63.8195
-63.7774
-63.7364
-63.6969
-63.6589
-63.6225
-63.5876
-63.5544
-63.5228
-63.4928
-63.4645
-63.4377
-63.4125
-63.3888
-63.3666
-63.3459
-63.3266
-63.3087
-63.2921
-63.2767
-63.2627
-63.2498
-63.238
-63.2274
-63.2179
-63.2094
-63.2019
-63.1954
-63.1897
-63.185
-63.1811
-63.178
-63.1757
-63.1741
-63.1733
-63.1731
-63.1736
-63.1748
-63.1765
-63.1788
-63.1817
-63.185
-63.1889
-63.1932
-63.198
-63.2032
-63.2089
-63.2149
-63.2213
-63.228
-63.2351
-63.2425
-63.2502
-63.2581
-63.2664
-63.2749
-63.2836
-63.2925
-63.3017
-63.311
-63.3206
-63.3303
-63.3402
-63.3502
-63.3603
-63.3706
-63.381
-63.3916
-63.4022
-63.4129
-63.4237
-63.4345
-63.4455
-63.4565
-63.4675
-63.4786
-63.4898
-63.5009
-63.5121
-63.5234
-63.5346
-63.5459
-63.5571
-63.5684
-63.5796
-63.5909
-63.6021
-63.6134
-63.6246
-63.6358
-63.6469
-63.6581
-63.6692
-63.6803
-63.6913
-63.7023
-63.7132
-63.7242
-63.735
-63.7458
-63.7566
-63.7673
-63.778
-63.7886
-63.7991
-63.8096
-63.82
-63.8304
-63.8407
-63.861
-63.8836
-63.9062
-63.9281
-63.9491
-63.969
-63.9879
-64.006
-64.0233
-64.0399
-64.0559
-64.0714
-64.0864
-64.101
-64.1152
-64.129
-64.1424
-64.1556
-64.1685
-64.1811
-64.1934
-64.2054
-64.2172
-64.2288
-64.2401
-64.2512
-64.2621
-64.2728
-64.2832
-64.2935
-64.3036
-64.3135
-64.3328
-64.3542
-64.3755
-64.396
-64.4154
-64.4338
-64.4512
-64.4676
-64.4832
-64.4981
-64.5123
-64.5259
-64.539
-64.5516
-64.5638
-64.5756
-64.5869
-64.598
-64.6086
-64.619
-64.629
-64.6388
-64.6483
-64.6575
-64.6664
-64.6751
-64.6835
-64.6917
-64.6997
-64.7075
-64.715
-64.7223
-64.7294
-64.7363
-64.7431
-64.7496
-64.7559
-64.7621
-64.7681
-64.7739
-64.7796
-64.785
-64.7904
-64.7956
-64.8006
-64.8055
-64.8102
-64.8148
-64.8193
-64.8236
-64.8278
-64.8319
-64.8359
-64.8397
-64.8434
-64.8471
-64.8505
-64.8539
-64.8572
-64.8604
-64.8635
-64.8665
-64.8694
-64.8721
-64.8748
-64.8775
-64.88
-64.8824
-64.8848
-64.8871
-64.8893
-64.8914
-64.8934
-64.8954
-64.8973
-64.8991
-64.9009
-64.9026
-64.9042
-64.9058
-64.9073
-64.9087
-64.9101
-64.9115
-64.9127
-64.9139
-64.9151
-64.9162
-64.9173
-64.9183
-64.9193
-64.9202
-64.921
-64.9219
-64.9226
-64.9234
-64.9241
-64.9247
-64.9253
-64.9259
-64.9265
-64.927
-64.9274
-64.9278
-64.9282
-64.9286
-64.9289
-64.9292
-64.9295
-64.9297
-64.9299
-64.9301
-64.9303
-64.9304
-64.9273
-64.9183
-64.9017
-64.8772
-64.845
-64.8058
-64.7604
-64.7098
-64.655
-64.5968
-64.5362
-64.4739
-64.4106
-64.3468
-64.2831
-64.2198
-64.1574
-64.0961
-64.0362
-63.9778
-63.9211
-63.8662
-63.8132
-63.7622
-63.7131
-63.6661
-63.6211
-63.578
-63.537
-63.4979
-63.4607
-63.4255
-63.392
-63.3604
-63.3306
-63.3024
-63.2759
-63.251
-63.2277
-63.2059
-63.1856
-63.1666
-63.1491
-63.1328
-63.1178
-63.1041
-63.0915
-63.08
-63.0697
-63.0604
-63.0521
-63.0448
-63.0384
-63.0329
-63.0283
-63.0245
-63.0215
-63.0192
-63.0177
-63.0169
-63.0167
-63.0172
-63.0183
-63.02
-63.0222
-63.025
-63.0283
-63.0321
-63.0363
-63.041
-63.0461
-63.0516
-63.0575
-63.0637
-63.0703
-63.0772
-63.0844
-63.0919
-63.0997
-63.1078
-63.1161
-63.1247
-63.1334
-63.1424
-63.1516
-63.1609
-63.1705
-63.1802
-63.19
-63.2
-63.2101
-63.2203
-63.2307
-63.2411
-63.2517
-63.2623
-63.273
-63.2838
-63.2946
-63.3055
-63.3165
-63.3275
-63.3385
-63.3496
-63.3607
-63.3718
-63.3829
-63.3941
-63.4052
-63.4164
-63.4276
-63.4387
-63.4499
-63.461
-63.4721
-63.4832
-63.4943
-63.5053
-63.5164
-63.5274
-63.5383
-63.5492
-63.5601
-63.571
-63.5818
-63.5925
-63.6032
-63.6139
-63.6245
-63.635
-63.6455
-63.656
-63.6664
-63.6767
-63.687
-63.6972
-63.7073
-63.7174
-63.7274
-63.7374
-63.7473
-63.7571
-63.7669
-63.7766
-63.7862
-63.7958
-63.8053
-63.8147
-63.824
-63.8333
-63.8426
-63.8517
-63.8608
-63.8698
-63.8787
-63.8876
-63.8964
-63.9051
-63.9138
-63.9223
-63.9309
-63.9393
-63.9477
-63.956
-63.9642
-63.9724
-63.9805
-63.9885
-63.9964
-64.0043
-64.0121
-64.0199
-64.0276
-64.0352
-64.0427
-64.0502
-64.0576
-64.0649
-64.0722
-64.0794
-64.0865
-64.0936
-64.1006
-64.1075
-64.1144
-64.1212
-64.128
-64.1347
-64.1413
-64.1478
-64.1543
-64.1608
-64.1671
-64.1735
-64.1797
-64.1859
-64.192
-64.1981
-64.2041
-64.2101
-64.216
-64.2218
-64.2276
-64.2333
-64.239
-64.2446
-64.2501
-64.2556
-64.2611
-64.2665
-64.2718
-64.2771
-64.2824
-64.2875
-64.2927
-64.2977
-64.3028
-64.3077
-64.3127
-64.3176
-64.3321
-64.3488
-64.3655
-64.3816
-64.3968
-64.411
-64.4244
-64.4369
-64.4487
-64.4599
-64.4705
-64.4807
-64.4904
-64.4998
-64.5088
-64.5174
-64.5258
-64.5339
-64.5418
-64.5494
-64.5568
-64.5639
-64.5709
-64.5777
-64.5842
-64.5906
-64.5968
-64.6029
-64.6087
-64.6145
-64.62
-64.6254
-64.6307
-64.6358
-64.6408
-64.6456
-64.6504
-64.655
-64.6594
-64.6638
-64.668
-64.6721
-64.6761
-64.68
-64.6838
-64.6875
-64.691
-64.6945
-64.6979
-64.7012
-64.7044
-64.7075
-64.7106
-64.7135
-64.7164
-64.7192
-64.7219
-64.7245
-64.7271
-64.7295
-64.7319
-64.7343
-64.7366
-64.7388
-64.7409
-64.743
-64.745
-64.747
-64.7489
-64.7507
-64.7525
-64.7543
-64.7559
-64.7576
-64.7592
-64.7607
-64.7622
-64.7636
-64.765
-64.7664
-64.7677
-64.7689
-64.7701
-64.7713
-64.7725
-64.7736
-64.7746
-64.7756
-64.7766
-64.7776
-64.7785
-64.7794
-64.7803
-64.7811
-64.7819
-64.7826
-64.7834
-64.7841
-64.7847
-64.7854
-64.786
-64.7866
-64.7872
-64.7877
-64.7882
-64.7887
-64.7892
-64.7896
-64.7901
-64.7905
-64.7908
-64.7912
-64.7915
-64.7919
-64.7922
-64.7925
-64.7927
-64.793
-64.7932
-64.7934
-64.7936
-64.7938
-64.794
-64.7941
-64.7943
-64.7944
-64.7945
-64.7946
-64.7947
-64.7948
-64.7948
-64.7949
-64.7949
-64.7949
-64.7949
-64.7949
-64.7949
-64.7949
-64.7949
-64.7948
-64.7948
-64.7947
-64.7946
-64.7946
-64.7945
-64.7944
-64.7943
-64.7942
-64.7941
-64.7939
-64.7938
-64.7937
-64.7935
-64.7934
-64.7932
-64.793
-64.7736
-64.738
-64.691
-64.6358
-64.575
-64.5101
-64.4425
-64.3733
-64.3031
-64.2327
-64.1626
-64.0932
-64.0249
-63.9579
-63.8925
-63.8288
-63.7671
-63.7073
-63.6496
-63.5941
-63.5407
-63.4895
-63.4406
-63.3938
-63.3491
-63.3067
-63.2663
-63.228
-63.1917
-63.1574
-63.125
-63.0945
-63.0658
-63.0389
-63.0137
-62.9901
-62.9682
-62.9478
-62.9289
-62.9114
-62.8953
-62.8806
-62.8672
-62.855
-62.844
-62.8342
-62.8255
-62.8178
-62.8112
-62.8055
-62.8008
-62.797
-62.794
-62.7919
-62.7906
-62.79
-62.7902
-62.7911
-62.7926
-62.7947
-62.7975
-62.8009
-62.8048
-62.8092
-62.8141
-62.8195
-62.8254
-62.8317
-62.8384
-62.8455
-62.8529
-62.8607
-62.8689
-62.8774
-62.8861
-62.8952
-62.9045
-62.914
-62.9238
-62.9338
-62.9441
-62.9545
-62.9651
-62.9758
-62.9868
-62.9978
-63.0091
-63.0204
-63.0318
-63.0434
-63.0551
-63.0668
-63.0786
-63.0906
-63.1025
-63.1145
-63.1266
-63.1387
-63.1509
-63.1631
-63.1753
-63.1875
-63.1998
-63.212
-63.2243
-63.2366
-63.2488
-63.2611
-63.2733
-63.2855
-63.2977
-63.3099
-63.322
-63.3341
-63.3462
-63.3583
-63.3703
-63.3822
-63.3941
-63.406
-63.4178
-63.4296
-63.4413
-63.453
-63.4646
-63.4761
-63.4876
-63.499
-63.5103
-63.5216
-63.5329
-63.544
-63.5551
-63.5661
-63.5771
-63.5879
-63.5987
-63.6095
-63.6201
-63.6307
-63.6412
-63.6517
-63.662
-63.6723
-63.6825
-63.6926
-63.7027
-63.7127
-63.7226
-63.7324
-63.7422
-63.7518
-63.7614
-63.7709
-63.7804
-63.7999
-63.8217
-63.8435
-63.8646
-63.8847
-63.9038
-63.9219
-63.9391
-63.9555
-63.9712
-63.9864
-63.9979
-64.003
-64.0004
-63.9896
-63.9709
-63.945
-63.9129
-63.8753
-63.8335
-63.7881
-63.7402
-63.6903
-63.6394
-63.5849
-63.5248
-63.4583
-63.3854
-63.3067
-63.2231
-63.1356
-63.0453
-62.9533
-62.8604
-62.7676
-62.6754
-62.5846
-62.4957
-62.4089
-62.3248
-62.2435
-62.1653
-62.0903
-62.0185
-61.9501
-61.8851
-61.8234
-61.765
-61.71
-61.6582
-61.6095
-61.564
-61.5215
-61.4819
-61.4452
-61.4113
-61.38
-61.3513
-61.3251
-61.3013
-61.2799
-61.2606
-61.2435
-61.2284
-61.2154
-61.2042
-61.1948
-61.1872
-61.1813
-61.1769
-61.1741
-61.1728
-61.1728
-61.1742
-61.1769
-61.1808
-61.1858
-61.192
-61.1992
-61.2075
-61.2167
-61.2268
-61.2378
-61.2496
-61.2622
-61.2756
-61.2896
-61.3043
-61.3197
-61.3356
-61.3522
-61.3692
-61.3868
-61.4048
-61.4233
-61.4422
-61.4614
-61.4811
-61.5011
-61.5214
-61.542
-61.5629
-61.584
-61.6054
-61.627
-61.6488
-61.6708
-61.6929
-61.7152
-61.7376
-61.7601
-61.7828
-61.8055
-61.8283
-61.8512
-61.8741
-61.8971
-61.9201
-61.9431
-61.9662
-61.9892
-62.0122
-62.0352
-62.0582
-62.0812
-62.1041
-62.127
-62.1498
-62.1726
-62.1953
-62.218
-62.2405
-62.263
-62.2854
-62.3077
-62.3299
-62.352
-62.374
-62.3959
-62.4177
-62.4394
-62.461
-62.4824
-62.5037
-62.5249
-62.5429
-62.5551
-62.5599
-62.557
-62.5466
-62.5293
-62.506
-62.4777
-62.4451
-62.4093
-62.3711
-62.3311
-62.2901
-62.2486
-62.2071
-62.166
-62.1256
-62.0863
-62.0481
-62.0113
-61.9761
-61.9426
-61.9107
-61.8806
-61.8523
-61.8258
-61.8011
-61.7782
-61.7571
-61.7377
-61.72
-61.7039
-61.6866
-61.6655
-61.6391
-61.607
-61.5695
-61.5272
-61.4807
-61.4311
-61.3791
-61.3256
-61.2712
-61.2167
-61.1625
-61.1092
-61.0572
-61.0068
-60.9582
-60.9116
-60.8646
-60.8147
-60.7609
-60.7029
-60.641
-60.576
-60.5085
-60.4394
-60.3696
-60.2998
-60.2307
-60.1628
-60.0967
-60.0328
-59.9714
-59.9127
-59.857
-59.8043
-59.7548
-59.7085
-59.6654
-59.6255
-59.5888
-59.5553
-59.5248
-59.4974
-59.4729
-59.4512
-59.4323
-59.416
-59.4023
-59.3911
-59.3823
-59.3758
-59.3715
-59.3693
-59.3692
-59.3709
-59.3746
-59.38
-59.3871
-59.3958
-59.4061
-59.4178
-59.4309
-59.4454
-59.4612
-59.4782
-59.4963
-59.5155
-59.5358
-59.557
-59.5792
-59.6022
-59.6261
-59.6508
-59.6762
-59.7024
-59.7291
-59.7565
-59.7845
-59.8131
-59.8421
-59.8716
-59.9016
-59.932
-59.9627
-59.9938
-60.0253
-60.057
-60.089
-60.1213
-60.1538
-60.1864
-60.2193
-60.2524
-60.2855
-60.3189
-60.3523
-60.3858
-60.4193
-60.453
-60.4866
-60.5203
-60.554
-60.5877
-60.6214
-60.6551
-60.6887
-60.7223
-60.7559
-60.7893
-60.8227
-60.856
-60.8892
-60.9223
-60.9553
-60.9882
-61.0209
-61.0535
-61.086
-61.1183
-61.1505
-61.1825
-61.2144
-61.2461
-61.2776
-61.309
-61.3401
-61.3711
-61.4019
-61.4326
-61.463
-61.4932
-61.5233
-61.5531
-61.5828
-61.6122
-61.6414
-61.6704
-61.6993
-61.7279
-61.7562
-61.7844
-61.8124
-61.8401
-61.8677
-61.895
-61.9221
-61.949
-61.9756
-62.0021
-62.0283
-62.0543
-62.0801
-62.1057
-62.1311
-62.1562
-62.1811
-62.2058
-62.2303
-62.2546
-62.2787
-62.3025
-62.3261
-62.3496
-62.3728
-62.3958
-62.4185
-62.4411
-62.4635
-62.4856
-62.5076
-62.5293
-62.5509
-62.5722
-62.5933
-62.6143
-62.635
-62.6555
-62.6758
-62.696
-62.7159
-62.7357
-62.7552
-62.7746
-62.7938
-62.8127
-62.8315
-62.8501
-62.8686
-62.8868
-62.9049
-62.9228
-62.9405
-62.958
-62.9753
-62.9925
-63.0095
-63.0263
-63.043
-63.0595
-63.0758
-63.0919
-63.1079
-63.1237
-63.1394
-63.1549
-63.1703
-63.1854
-63.2005
-63.2153
-63.2301
-63.2446
-63.259
-63.2733
-63.2874
-63.3014
-63.3152
-63.3289
-63.3424
-63.3558
-63.3691
-63.3822
-63.3952
-63.408
-63.4207
-63.4333
-63.4457
-63.4581
-63.4702
-63.4823
-63.4942
-63.506
-63.5177
-63.5292
-63.5407
-63.552
-63.5601
-63.5622
-63.5568
-63.5435
-63.5226
-63.4948
-63.4608
-63.4217
-63.3784
-63.3317
-63.2826
-63.2318
-63.18
-63.1277
-63.0754
-63.0235
-62.9724
-62.9224
-62.8736
-62.8263
-62.7806
-62.7366
-62.6944
-62.6541
-62.6156
-62.579
-62.5443
-62.5115
-62.4805
-62.4514
-62.4241
-62.3986
-62.3747
-62.3526
-62.3321
-62.3131
-62.2957
-62.2798
-62.2653
-62.2523
-62.2405
-62.2301
-62.2209
-62.2129
-62.206
-62.2003
-62.1956
-62.1919
-62.1893
-62.1875
-62.1867
-62.1868
-62.1877
-62.1893
-62.1918
-62.1949
-62.1988
-62.2033
-62.2085
-62.2142
-62.2206
-62.2274
-62.2349
-62.2428
-62.2511
-62.26
-62.2692
-62.2789
-62.2889
-62.2994
-62.3101
-62.3212
-62.3326
-62.3442
-62.3562
-62.3684
-62.3808
-62.3935
-62.4063
-62.4194
-62.4326
-62.4461
-62.4596
-62.4733
-62.4872
-62.5012
-62.5152
-62.5294
-62.5437
-62.558
-62.5725
-62.587
-62.6015
-62.6161
-62.6307
-62.6454
-62.6601
-62.6748
-62.6865
-62.6924
-62.6911
-62.6823
-62.666
-62.6542
-62.6391
-62.6193
-62.5948
-62.5663
-62.5345
-62.5001
-62.464
-62.4269
-62.3892
-62.3515
-62.3141
-62.2775
-62.2418
-62.2074
-62.1743
-62.1426
-62.1126
-62.0842
-62.0574
-62.0323
-62.009
-61.9873
-61.9673
-61.949
-61.9323
-61.9171
-61.9035
-61.8914
-61.8808
-61.8716
-61.8637
-61.8572
-61.8519
-61.8478
-61.845
-61.8432
-61.8425
-61.8429
-61.8443
-61.8466
-61.8498
-61.8539
-61.8589
-61.8646
-61.8711
-61.8783
-61.8862
-61.8948
-61.904
-61.9137
-61.9241
-61.9349
-61.9463
-61.9582
-61.9705
-61.9832
-61.9964
-62.0099
-62.0238
-62.038
-62.0525
-62.0674
-62.0825
-62.0978
-62.1135
-62.1293
-62.1453
-62.1616
-62.178
-62.1945
-62.2113
-62.2281
-62.2451
-62.2622
-62.2794
-62.2966
-62.314
-62.3314
-62.3489
-62.3664
-62.3839
-62.4015
-62.4191
-62.4367
-62.4543
-62.4719
-62.4896
-62.5071
-62.5247
-62.5422
-62.5597
-62.5772
-62.5946
-62.612
-62.6293
-62.6466
-62.6638
-62.6809
-62.698
-62.7149
-62.7318
-62.7487
-62.7654
-62.7821
-62.7986
-62.8151
-62.8315
-62.8478
-62.8639
-62.88
-62.896
-62.9119
-62.9276
-62.9433
-62.9589
-62.9743
-62.9896
-63.0049
-63.02
-63.035
-63.0498
-63.0646
-63.0793
-63.0938
-63.1082
-63.1225
-63.1367
-63.1507
-63.1647
-63.1785
-63.1922
-63.2058
-63.2193
-63.2326
-63.2459
-63.259
-63.272
-63.2849
-63.2977
-63.3103
-63.3228
-63.3459
-63.3711
-63.3964
-63.4209
-63.4443
-63.4666
-63.4879
-63.5082
-63.5277
-63.5464
-63.5644
-63.5819
-63.5988
-63.6152
-63.6312
-63.6468
-63.662
-63.6768
-63.6913
-63.7055
-63.7194
-63.7329
-63.7462
-63.7592
-63.772
-63.7845
-63.7967
-63.8087
-63.8205
-63.832
-63.8433
-63.8544
-63.8653
-63.8759
-63.8864
-63.8966
-63.9067
-63.9166
-63.9263
-63.9358
-63.9451
-63.9542
-63.9632
-63.972
-63.9807
-63.9892
-63.9975
-64.0057
-64.0137
-64.0216
-64.0293
-64.0369
-64.0444
-64.0517
-64.0589
-64.066
-64.0729
-64.0797
-64.0864
-64.0929
-64.0994
-64.1057
-64.1119
-64.118
-64.124
-64.1299
-64.1357
-64.1414
-64.147
-64.1524
-64.1578
-64.1631
-64.1683
-64.1734
-64.1784
-64.1833
-64.1881
-64.1929
-64.1976
-64.2021
-64.2066
-64.2111
-64.2154
-64.2197
-64.2239
-64.228
-64.232
-64.236
-64.2399
-64.2437
-64.2475
-64.2512
-64.2549
-64.2584
-64.2619
-64.2654
-64.2688
-64.2721
-64.2754
-64.2786
-64.2818
-64.2849
-64.2879
-64.2909
-64.2938
-64.2967
-64.2996
-64.3024
-64.3051
-64.3078
-64.3105
-64.3131
-64.3156
-64.3181
-64.3206
-64.323
-64.3254
-64.3277
-64.33
-64.3323
-64.3345
-64.3367
-64.3388
-64.3409
-64.343
-64.345
-64.347
-64.349
-64.3509
-64.3528
-64.3547
-64.3565
-64.3583
-64.3601
-64.3618
-64.3635
-64.3652
-64.3668
-64.3684
-64.37
-64.3716
-64.3731
-64.3746
-64.3761
-64.3775
-64.379
-64.3804
-64.3817
-64.3831
-64.3844
-64.3857
-64.387
-64.3883
-64.3895
-64.3907
-64.3919
-64.3931
-64.3942
-64.3954
-64.3965
-64.3976
-64.3986
-64.3997
-64.4007
-64.4017
-64.4027
-64.4037
-64.4047
-64.4056
-64.4066
-64.4075
-64.4084
-64.4092
-64.4101
-64.411
-64.4118
-64.4126
-64.4134
-64.4142
-64.415
-64.4157
-64.4165
-64.4172
-64.418
-64.4187
-64.4194
-64.42
-64.4207
-64.4214
-64.4189
-64.4104
-64.3946
-64.3708
-64.3394
-64.3011
-64.2568
-64.2072
-64.1536
-64.0967
-64.0374
-63.9764
-63.9145
-63.8522
-63.7899
-63.7282
-63.6674
-63.6078
-63.5495
-63.4928
-63.4378
-63.3847
-63.3334
-63.2841
-63.2368
-63.1916
-63.1483
-63.1071
-63.0678
-63.0305
-62.9951
-62.9616
-62.9299
-62.9
-62.8718
-62.8453
-62.8203
-62.7968
-62.7748
-62.7541
-62.7348
-62.7167
-62.6998
-62.6841
-62.6694
-62.6558
-62.6431
-62.6314
-62.6205
-62.6105
-62.6125
-62.6179
-62.6241
-62.6303
-62.6362
-62.6416
-62.6466
-62.6513
-62.6557
-62.6599
-62.664
-62.668
-62.6719
-62.6759
-62.6799
-62.6839
-62.6879
-62.692
-62.6961
-62.7003
-62.7045
-62.7087
-62.713
-62.7174
-62.7219
-62.7264
-62.731
-62.7358
-62.7406
-62.7456
-62.7506
-62.7559
-62.7612
-62.7667
-62.7723
-62.778
-62.7838
-62.7896
-62.7955
-62.8015
-62.8074
-62.8134
-62.8195
-62.8255
-62.8316
-62.8378
-62.8439
-62.8502
-62.8564
-62.8628
-62.8692
-62.8757
-62.8822
-62.8889
-62.8956
-62.9024
-62.9093
-62.9163
-62.9234
-62.9306
-62.9379
-62.9452
-62.9527
-62.9602
-62.9678
-62.9754
-62.9831
-62.9907
-62.9984
-63.006
-63.0135
-63.021
-63.0284
-63.0358
-63.0432
-63.0505
-63.0577
-63.0649
-63.0721
-63.0793
-63.0865
-63.0936
-63.1007
-63.1079
-63.115
-63.122
-63.129
-63.136
-63.1428
-63.1496
-63.1562
-63.1628
-63.1692
-63.1756
-63.1819
-63.1881
-63.1942
-63.2003
-63.2063
-63.2123
-63.2182
-63.2242
-63.2301
-63.236
-63.2419
-63.2478
-63.2537
-63.2596
-63.2656
-63.2716
-63.2776
-63.2836
-63.2897
-63.2958
-63.3019
-63.308
-63.3141
-63.3201
-63.326
-63.3319
-63.3377
-63.3434
-63.349
-63.3545
-63.3599
-63.3651
-63.3702
-63.3752
-63.38
-63.3846
-63.3891
-63.3934
-63.3975
-63.4016
-63.4054
-63.4092
-63.4129
-63.4165
-63.42
-63.4235
-63.4269
-63.4303
-63.4336
-63.4369
-63.4402
-63.4435
-63.4467
-63.4498
-63.4529
-63.4559
-63.4588
-63.4616
-63.4644
-63.4671
-63.4697
-63.4722
-63.4747
-63.477
-63.4793
-63.4815
-63.4836
-63.4856
-63.4875
-63.4893
-63.491
-63.4927
-63.4943
-63.4958
-63.4973
-63.4987
-63.5002
-63.5016
-63.5031
-63.5045
-63.5059
-63.5073
-63.5086
-63.5098
-63.5109
-63.5119
-63.5127
-63.5133
-63.5138
-63.5142
-63.5144
-63.5145
-63.5144
-63.5143
-63.514
-63.5137
-63.5134
-63.513
-63.5126
-63.5122
-63.5118
-63.5115
-63.5112
-63.5109
-63.5108
-63.5107
-63.5108
-63.5109
-63.5112
-63.5115
-63.5119
-63.5124
-63.5129
-63.5134
-63.5138
-63.5142
-63.5145
-63.5147
-63.5148
-63.5148
-63.5146
-63.5143
-63.5139
-63.5133
-63.5126
-63.5117
-63.5107
-63.5095
-63.5082
-63.5068
-63.5053
-63.5036
-63.5018
-63.4998
-63.4977
-63.4954
-63.4929
-63.4902
-63.4874
-63.4844
-63.4814
-63.4782
-63.4749
-63.4716
-63.4682
-63.4648
-63.4615
-63.4582
-63.4549
-63.4517
-63.4485
-63.4455
-63.4425
-63.4395
-63.4366
-63.4337
-63.431
-63.4337
-63.4386
-63.4445
-63.4511
-63.4578
-63.4647
-63.4716
-63.4785
-63.4852
-63.4919
-63.4984
-63.5048
-63.5112
-63.5174
-63.5236
-63.5296
-63.5356
-63.5416
-63.5475
-63.5534
-63.5593
-63.5651
-63.5709
-63.5767
-63.5824
-63.588
-63.5936
-63.5991
-63.6045
-63.6097
-63.6149
-63.62
-63.6249
-63.6297
-63.6344
-63.639
-63.6433
-63.6476
-63.6516
-63.6555
-63.6593
-63.6629
-63.6663
-63.6697
-63.6729
-63.6761
-63.6791
-63.6821
-63.685
-63.6879
-63.6908
-63.6937
-63.6966
-63.6994
-63.7023
-63.7052
-63.7082
-63.7112
-63.7142
-63.7173
-63.7205
-63.7237
-63.7269
-63.7303
-63.7337
-63.7372
-63.7408
-63.7444
-63.7481
-63.7519
-63.7558
-63.7597
-63.7637
-63.7677
-63.7718
-63.7759
-63.7799
-63.7839
-63.7878
-63.7917
-63.7955
-63.7993
-63.8029
-63.8065
-63.8101
-63.8136
-63.817
-63.8204
-63.8238
-63.8271
-63.8305
-63.8338
-63.8371
-63.8403
-63.8435
-63.8467
-63.8498
-63.8528
-63.8556
-63.8584
-63.8611
-63.8637
-63.8662
-63.8687
-63.871
-63.8733
-63.8755
-63.8777
-63.8798
-63.8819
-63.884
-63.8861
-63.8881
-63.8901
-63.8921
-63.8941
-63.896
-63.8978
-63.8995
-63.9011
-63.9027
-63.9041
-63.9055
-63.9068
-63.9079
-63.9089
-63.9098
-63.9106
-63.9112
-63.9117
-63.912
-63.9122
-63.9124
-63.9124
-63.9123
-63.9122
-63.912
-63.9118
-63.9116
-63.9114
-63.9111
-63.9109
-63.9107
-63.9105
-63.9103
-63.9101
-63.9099
-63.9096
-63.9093
-63.9089
-63.9085
-63.9081
-63.9077
-63.9072
-63.9067
-63.9062
-63.9058
-63.9053
-63.9049
-63.9045
-63.9042
-63.9039
-63.9037
-63.9036
-63.9036
-63.9036
-63.9038
-63.904
-63.9044
-63.9048
-63.9054
-63.9061
-63.9069
-63.9078
-63.9089
-63.91
-63.9113
-63.9127
-63.9142
-63.9158
-63.9176
-63.9194
-63.9214
-63.9235
-63.9257
-63.928
-63.9305
-63.933
-63.9356
-63.9384
-63.9412
-63.9441
-63.9472
-63.9503
-63.9535
-63.9568
-63.9602
-63.9637
-63.9672
-63.9708
-63.9745
-63.9783
-63.9821
-63.986
-63.99
-63.994
-63.9981
-64.0022
-64.0064
-64.0107
-64.0149
-64.0193
-64.0237
-64.025
-64.0205
-64.0087
-63.9891
-63.9621
-63.9283
-63.8886
-63.8439
-63.7952
-63.7433
-63.6892
-63.6335
-63.577
-63.5202
-63.4636
-63.4076
-63.3525
-63.2987
-63.2463
-63.2064
-63.1706
-63.137
-63.1047
-63.0736
-63.0434
-63.0144
-62.9866
-62.9601
-62.9349
-62.9111
-62.8888
-62.8678
-62.8483
-62.8303
-62.8136
-62.7983
-62.7844
-62.7718
-62.7605
-62.7504
-62.7415
-62.7338
-62.7272
-62.7217
-62.7172
-62.7138
-62.7112
-62.7096
-62.7089
-62.709
-62.71
-62.7117
-62.7141
-62.7173
-62.7211
-62.7256
-62.7307
-62.7364
-62.7426
-62.7494
-62.7566
-62.7644
-62.7726
-62.7812
-62.7903
-62.7997
-62.8095
-62.8196
-62.8301
-62.8408
-62.8519
-62.8632
-62.8748
-62.8866
-62.8986
-62.9109
-62.9233
-62.936
-62.9487
-62.9617
-62.9748
-62.988
-63.0013
-63.0147
-63.0283
-63.0419
-63.0556
-63.0693
-63.0832
-63.097
-63.111
-63.1249
-63.1389
-63.1529
-63.1669
-63.181
-63.195
-63.209
-63.223
-63.237
-63.251
-63.265
-63.2789
-63.2928
-63.3066
-63.3204
-63.3342
-63.3479
-63.3616
-63.3752
-63.3887
-63.4022
-63.4157
-63.429
-63.4423
-63.4555
-63.4687
-63.4817
-63.4947
-63.5076
-63.5204
-63.5332
-63.5458
-63.5584
-63.5709
-63.5833
-63.5956
-63.6078
-63.62
-63.632
-63.6439
-63.6558
-63.6675
-63.6792
-63.6908
-63.7022
-63.7136
-63.7249
-63.7361
-63.7471
-63.7581
-63.769
-63.7798
-63.7905
-63.8011
-63.8116
-63.822
-63.8323
-63.8425
-63.8527
-63.8627
-63.8726
-63.8824
-63.8922
-63.9018
-63.9114
-63.9208
-63.9402
-63.9618
-63.9834
-64.0043
-64.0241
-64.043
-64.0608
-64.0778
-64.094
-64.1095
-64.1244
-64.1387
-64.1526
-64.166
-64.179
-64.1916
-64.2039
-64.2159
-64.2275
-64.2389
-64.25
-64.2608
-64.2714
-64.2817
-64.2918
-64.3017
-64.3113
-64.3207
-64.33
-64.339
-64.3478
-64.3564
-64.3648
-64.3731
-64.3812
-64.3891
-64.3968
-64.4043
-64.4117
-64.419
-64.4261
-64.433
-64.4398
-64.4464
-64.4529
-64.4593
-64.4655
-64.4716
-64.4775
-64.4834
-64.4891
-64.4947
-64.5001
-64.5055
-64.5107
-64.5158
-64.5209
-64.5258
-64.5306
-64.5353
-64.5399
-64.5444
-64.5488
-64.5531
-64.5573
-64.5614
-64.5655
-64.5789
-64.5943
-64.6098
-64.6247
-64.6386
-64.6515
-64.6635
-64.6747
-64.6852
-64.6951
-64.7043
-64.7131
-64.7215
-64.7294
-64.737
-64.7442
-64.7512
-64.7578
-64.7642
-64.7704
-64.7763
-64.7819
-64.7874
-64.7926
-64.7977
-64.8025
-64.8072
-64.8117
-64.816
-64.8201
-64.8241
-64.828
-64.8316
-64.8352
-64.8385
-64.8418
-64.8449
-64.8479
-64.8507
-64.8534
-64.856
-64.8585
-64.8609
-64.8632
-64.8653
-64.8674
-64.8693
-64.8712
-64.8729
-64.8746
-64.8761
-64.8776
-64.879
-64.8803
-64.8815
-64.8827
-64.8838
-64.8848
-64.8857
-64.8865
-64.8873
-64.888
-64.8887
-64.8893
-64.8898
-64.8903
-64.8907
-64.891
-64.8913
-64.8916
-64.8918
-64.8919
-64.892
-64.8921
-64.8921
-64.892
-64.8919
-64.8918
-64.8916
-64.8914
-64.8912
-64.8909
-64.8906
-64.8902
-64.8898
-64.8894
-64.889
-64.8885
-64.888
-64.8874
-64.8868
-64.8862
-64.8856
-64.8849
-64.8843
-64.8836
-64.8828
-64.8821
-64.8813
-64.8805
-64.8797
-64.8789
-64.878
-64.8772
-64.8763
-64.8754
-64.8745
-64.8735
-64.8726
-64.8716
-64.8706
-64.8696
-64.8686
-64.8676
-64.8666
-64.8655
-64.8645
-64.8634
-64.8624
-64.8613
-64.8602
-64.8683
-64.8785
-64.8888
-64.8985
-64.9074
-64.9155
-64.9227
-64.9292
-64.9351
-64.9404
-64.9452
-64.9497
-64.9537
-64.9574
-64.9609
-64.9641
-64.967
-64.9697
-64.9722
-64.9745
-64.9767
-64.9787
-64.9805
-64.9821
-64.9837
-64.985
-64.9863
-64.9874
-64.9884
-64.9893
-64.9901
-64.9908
-64.9913
-64.9918
-65.0013
-65.0126
-65.0241
-65.0348
-65.0447
-65.0536
-65.0617
-65.069
-65.0756
-65.0816
-65.0871
-65.092
-65.0934
-65.0885
-65.0758
-65.0549
-65.0262
-64.9902
-64.9479
-64.9003
-64.8483
-64.7929
-64.7348
-64.675
-64.614
-64.5524
-64.4907
-64.4294
-64.3688
-64.3092
-64.2508
-64.1939
-64.1385
-64.0849
-64.033
-63.9829
-63.9347
-63.8884
-63.844
-63.8016
-63.7609
-63.7222
-63.6853
-63.6501
-63.6167
-63.5851
-63.5551
-63.5267
-63.4999
-63.4746
-63.4508
-63.4285
-63.4075
-63.3879
-63.3695
-63.3524
-63.3366
-63.3219
-63.3083
-63.2957
-63.2843
-63.2738
-63.2643
-63.2557
-63.2479
-63.2411
-63.235
-63.2298
-63.2253
-63.2215
-63.2184
-63.2159
-63.2141
-63.2129
-63.2123
-63.2123
-63.2127
-63.2137
-63.2152
-63.2171
-63.2194
-63.2222
-63.2254
-63.229
-63.2329
-63.2372
-63.2418
-63.2467
-63.2469
-63.2432
-63.2368
-63.2286
-63.2191
-63.2089
-63.1983
-63.1876
-63.177
-63.1666
-63.1516
-63.1329
-63.1118
-63.0893
-63.0661
-63.0426
-63.0192
-62.9962
-62.9739
-62.9523
-62.9268
-62.8982
-62.8679
-62.8367
-62.8053
-62.7742
-62.7437
-62.7142
-62.6858
-62.6586
-62.628
-62.5949
-62.5603
-62.5254
-62.4907
-62.4567
-62.4237
-62.392
-62.3617
-62.333
-62.306
-62.2807
-62.2572
-62.2355
-62.2157
-62.1975
-62.1812
-62.1665
-62.1536
-62.1422
-62.1276
-62.1106
-62.0922
-62.0732
-62.0542
-62.0357
-62.0179
-62.001
-61.9852
-61.9705
-61.9572
-61.9452
-61.9346
-61.9254
-61.9175
-61.9111
-61.9139
-61.9277
-61.9448
-61.9626
-61.9805
-61.9981
-62.0153
-62.0323
-62.0491
-62.0659
-62.0905
-62.1325
-62.1781
-62.2234
-62.2624
-62.2954
-62.3236
-62.3481
-62.3697
-62.3891
-62.4068
-62.4232
-62.4388
-62.4537
-62.4682
-62.4825
-62.4967
-62.5109
-62.5252
-62.5396
-62.5542
-62.569
-62.5841
-62.5994
-62.6102
-62.6172
-62.6216
-62.6242
-62.6258
-62.6267
-62.6273
-62.6278
-62.6285
-62.6368
-62.6472
-62.6582
-62.6693
-62.6802
-62.6985
-62.7184
-62.7384
-62.7581
-62.7773
-62.796
-62.8144
-62.8324
-62.8576
-62.8987
-62.943
-62.9868
-63.0289
-63.069
-63.107
-63.1431
-63.1728
-63.197
-63.2171
-63.2343
-63.2491
-63.2623
-63.2742
-63.2852
-63.2955
-63.3054
-63.3101
-63.3107
-63.3084
-63.3111
-63.3142
-63.3167
-63.3184
-63.3193
-63.3198
-63.327
-63.3357
-63.3445
-63.3532
-63.3615
-63.3696
-63.3776
-63.3855
-63.3936
-63.4087
-63.4256
-63.4379
-63.446
-63.451
-63.4537
-63.4548
-63.4548
-63.454
-63.4529
-63.4517
-63.4506
-63.4489
-63.4459
-63.4415
-63.4355
-63.4282
-63.4196
-63.41
-63.3998
-63.4031
-63.4093
-63.4158
-63.4215
-63.4264
-63.4305
-63.434
-63.4371
-63.4401
-63.4431
-63.4462
-63.4564
-63.4732
-63.4871
-63.4964
-63.5008
-63.5009
-63.4973
-63.4907
-63.4817
-63.4711
-63.4594
-63.4765
-63.5038
-63.533
-63.5611
-63.5871
-63.6109
-63.6326
-63.6528
-63.6716
-63.6895
-63.7068
-63.7236
-63.7401
-63.7564
-63.7727
-63.7889
-63.8053
-63.8217
-63.8383
-63.8549
-63.866
-63.8784
-63.8875
-63.893
-63.8948
-63.8936
-63.8898
-63.8841
-63.8769
-63.8687
-63.855
-63.857
-63.8605
-63.8625
-63.8623
-63.86
-63.8626
-63.8654
-63.8675
-63.8688
-63.8637
-63.8528
-63.8372
-63.8178
-63.7956
-63.7713
-63.7457
-63.7193
-63.6927
-63.6662
-63.6403
-63.6152
-63.5912
-63.5684
-63.5471
-63.5325
-63.5216
-63.5131
-63.5068
-63.5022
-63.4943
-63.4839
-63.472
-63.4595
-63.4469
-63.4347
-63.423
-63.412
-63.4021
-63.3931
-63.3853
-63.3786
-63.3731
-63.3689
-63.3658
-63.3639
-63.3631
-63.3739
-63.3881
-63.4034
-63.4327
-63.4649
-63.4971
-63.5418
-63.5879
-63.6326
-63.6751
-63.715
-63.7527
-63.7883
-63.8172
-63.8406
-63.8598
-63.8759
-63.8897
-63.9016
-63.9122
-63.9216
-63.9303
-63.9383
-63.9411
-63.943
-63.9377
-63.9233
-63.9273
-63.9323
-63.9316
-63.9234
-63.9078
-63.8857
-63.8584
-63.8271
-63.7928
-63.7565
-63.7192
-63.6814
-63.6437
-63.6067
-63.5706
-63.5357
-63.5023
-63.4705
-63.4507
-63.435
-63.4213
-63.4087
-63.397
-63.3863
-63.3764
-63.3744
-63.375
-63.3766
-63.3789
-63.3817
-63.3918
-63.4038
-63.4163
-63.429
-63.4552
-63.4843
-63.5085
-63.5277
-63.543
-63.5552
-63.565
-63.573
-63.5797
-63.5856
-63.5908
-63.5957
-63.6004
-63.6052
-63.61
-63.6151
-63.6204
-63.626
-63.6321
-63.6385
-63.6453
-63.6626
-63.6777
-63.6892
-63.6976
-63.7035
-63.7076
-63.7102
-63.7119
-63.7131
-63.7138
-63.7145
-63.7153
-63.7163
-63.7176
-63.7193
-63.7214
-63.7307
-63.7418
-63.7534
-63.765
-63.7831
-63.7974
-63.8076
-63.8143
-63.8183
-63.8204
-63.8211
-63.8207
-63.8196
-63.8182
-63.8166
-63.8103
-63.8134
-63.8169
-63.8189
-63.8192
-63.8179
-63.822
-63.8267
-63.8308
-63.8343
-63.8371
-63.8394
-63.8415
-63.8436
-63.8457
-63.848
-63.8507
-63.8537
-63.8572
-63.8611
-63.8606
-63.8566
-63.8503
-63.8425
-63.8339
-63.825
-63.8159
-63.807
-63.7985
-63.7906
-63.7832
-63.7765
-63.7705
-63.7654
-63.789
-63.8231
-63.8598
-63.9026
-63.945
-63.9853
-64.0233
-64.0589
-64.0925
-64.1242
-64.1545
-64.1834
-64.2113
-64.2383
-64.2644
-64.2899
-64.3148
-64.3391
-64.3629
-64.3862
-64.409
-64.4313
-64.4531
-64.4744
-64.4953
-64.5156
-64.5479
-64.5823
-64.6163
-64.6489
-64.6889
-64.7291
-64.7676
-64.8039
-64.8379
-64.8696
-64.8994
-64.9272
-64.9535
-64.9783
-64.9986
-65.0208
-65.0367
-65.0528
-65.0621
-65.06
-65.0442
-65.0141
-64.9704
-64.9144
-64.8479
-64.7727
-64.6904
-64.6027
-64.5111
-64.4169
-64.3212
-64.2251
-64.1292
-64.0345
-63.9413
-63.8503
-63.7617
-63.6759
-63.5931
-63.5134
-63.4371
-63.3641
-63.2944
-63.2282
-63.1653
-63.1056
-63.0492
-62.9959
-62.9457
-62.9056
-62.8701
-62.8374
-62.807
-62.7842
-62.7653
-62.7492
-62.7353
-62.7233
-62.713
-62.7042
-62.6968
-62.6908
-62.686
-62.6824
-62.6799
-62.6784
-62.6779
-62.6782
-62.6794
-62.6814
-62.6842
-62.6876
-62.6916
-62.6963
-62.7015
-62.7072
-62.7133
-62.7199
-62.7269
-62.7342
-62.7418
-62.7497
-62.7579
-62.7665
-62.7752
-62.7842
-62.7935
-62.803
-62.8127
-62.8226
-62.8328
-62.8431
-62.8536
-62.8643
-62.8752
-62.8863
-62.8975
-62.9088
-62.9203
-62.9319
-62.9437
-62.9556
-62.9675
-62.9796
-62.9918
-63.004
-63.0163
-63.0287
-63.0412
-63.0537
-63.0662
-63.0788
-63.0914
-63.104
-63.1165
-63.129
-63.1414
-63.1537
-63.1659
-63.178
-63.1899
-63.2016
-63.2132
-63.2246
-63.2358
-63.2468
-63.2546
-63.2563
-63.2506
-63.2341
-63.2043
-63.1607
-63.1036
-63.0345
-62.9549
-62.8669
-62.7721
-62.6723
-62.5691
-62.464
-62.3582
-62.2526
-62.1482
-62.0458
-61.9458
-61.8488
-61.7551
-61.665
-61.5786
-61.4961
-61.4175
-61.3429
-61.2723
-61.2057
-61.1429
-61.0839
-61.0286
-60.9769
-60.9288
-60.884
-60.8425
-60.8043
-60.769
-60.7368
-60.7073
-60.6806
-60.6565
-60.6349
-60.6157
-60.5989
-60.5842
-60.5717
-60.5612
-60.5526
-60.5458
-60.5409
-60.5376
-60.536
-60.5358
-60.5372
-60.5399
-60.544
-60.5493
-60.5558
-60.5634
-60.572
-60.5816
-60.5921
-60.6164
-60.6444
-60.6733
-60.702
-60.7301
-60.7576
-60.7844
-60.8108
-60.8368
-60.8624
-60.8878
-60.913
-60.9382
-60.9632
-60.9882
-61.0131
-61.0381
-61.063
-61.088
-61.1129
-61.1379
-61.1628
-61.1878
-61.2128
-61.2377
-61.2626
-61.2874
-61.3122
-61.3368
-61.3613
-61.3856
-61.4098
-61.4338
-61.4576
-61.4813
-61.5047
-61.5278
-61.5508
-61.5734
-61.5958
-61.618
