-65
-64.9848
-64.9714
-64.9581
-64.9453
-64.9331
-64.9218
-64.9115
-64.9021
-64.8937
-64.8861
-64.8793
-64.8732
-64.8678
-64.8629
-64.8585
-64.8546
-64.851
-64.8479
-64.845
-64.8425
-64.8402
-64.8382
-64.8363
-64.8347
-64.8333
-64.832
-64.8309
-64.8299
-64.8291
-64.8284
-64.8278
-64.8273
-64.8269
-64.8266
-64.8264
-64.8262
-64.8262
-64.8262
-64.8263
-64.8264
-64.8267
-64.8269
-64.8272
-64.8276
-64.828
-64.8285
-64.8289
-64.8295
-64.83
-64.8306
-64.8313
-64.8319
-64.8326
-64.8333
-64.8341
-64.8348
-64.8356
-64.8364
-64.8372
-64.838
-64.8389
-64.8397
-64.8406
-64.8415
-64.8424
-64.8433
-64.8442
-64.8452
-64.8461
-64.847
-64.848
-64.8489
-64.8499
-64.8508
-64.8518
-64.8528
-64.8538
-64.8547
-64.8557
-64.8567
-64.8577
-64.8586
-64.8596
-64.8606
-64.8616
-64.8625
-64.8635
-64.8645
-64.8655
-64.8664
-64.8674
-64.8684
-64.8693
-64.8703
-64.8712
-64.8722
-64.8731
-64.8741
-64.875
-64.876
-64.8769
-64.8778
-64.8787
-64.8797
-64.8806
-64.8815
-64.8824
-64.8833
-64.8842
-64.8851
-64.886
-64.8868
-64.8877
-64.8886
-64.8894
-64.8903
-64.8912
-64.892
-64.8928
-64.8937
-64.8945
-64.8953
-64.8961
-64.897
-64.8978
-64.8986
-64.8994
-64.9001
-64.9009
-64.9017
-64.9025
-64.9032
-64.904
-64.9048
-64.9055
-64.9062
-64.907
-64.9077
-64.9084
-64.9091
-64.9099
-64.9106
-64.9113
-64.912
-64.9127
-64.9133
-64.914
-64.9147
-64.9154
-64.916
-64.9167
-64.9173
-64.918
-64.9186
-64.9193
-64.9199
-64.9205
-64.9211
-64.9217
-64.9223
-64.9229
-64.9235
-64.9241
-64.9247
-64.9253
-64.9259
-64.9265
-64.927
-64.9276
-64.9281
-64.9287
-64.9292
-64.9298
-64.9303
-64.9308
-64.9314
-64.9319
-64.9324
-64.9329
-64.9334
-64.9339
-64.9344
-64.9349
-64.9354
-64.9359
-64.9364
-64.9369
-64.9373
-64.9378
-64.9383
-64.9387
-64.9392
-64.9396
-64.9401
-64.9405
-64.9409
-64.9414
-64.9418
-64.9422
-64.9427
-64.9431
-64.9435
-64.9439
-64.9443
-64.9447
-64.9451
-64.9455
-64.9459
-64.9463
-64.9466
-64.947
-64.9474
-64.9478
-64.9481
-64.9485
-64.9489
-64.9492
-64.9496
-64.9499
-64.9503
-64.9506
-64.9509
-64.9513
-64.9516
-64.9519
-64.9523
-64.9526
-64.9529
-64.9532
-64.9535
-64.9538
-64.9542
-64.9545
-64.9548
-64.9551
-64.9553
-64.9556
-64.9559
-64.9562
-64.9565
-64.9568
-64.9571
-64.9573
-64.9576
-64.9579
-64.9581
-64.9584
-64.9586
-64.9589
-64.9592
-64.9594
-64.9597
-64.9599
-64.9601
-64.9604
-64.9606
-64.9609
-64.9611
-64.9613
-64.9616
-64.9618
-64.962
-64.9622
-64.9624
-64.9627
-64.9629
-64.9631
-64.9633
-64.9635
-64.9637
-64.9639
-64.9641
-64.9643
-64.9645
-64.9647
-64.9649
-64.9651
-64.9653
-64.9654
-64.9656
-64.9658
-64.966
-64.9662
-64.9663
-64.9665
-64.9667
-64.9668
-64.967
-64.9672
-64.9673
-64.9675
-64.9677
-64.9678
-64.968
-64.9681
-64.9683
-64.9684
-64.9686
-64.9687
-64.9689
-64.969
-64.9692
-64.9693
-64.9694
-64.9696
-64.9697
-64.9698
-64.97
-64.9701
-64.9702
-64.9703
-64.9705
-64.9706
-64.9707
-64.9708
-64.971
-64.9711
-64.9712
-64.9713
-64.9714
-64.9715
-64.9716
-64.9717
-64.9719
-64.972
-64.9721
-64.9722
-64.9723
-64.9724
-64.9725
-64.9726
-64.9727
-64.9728
-64.9729
-64.9729
-64.973
-64.9731
-64.9732
-64.9733
-64.9734
-64.9735
-64.9736
-64.9736
-64.9737
-64.9738
-64.9739
-64.974
-64.974
-64.9741
-64.9742
-64.9743
-64.9743
-64.9744
-64.9745
-64.9746
-64.9746
-64.9747
-64.9748
-64.9748
-64.9749
-64.975
-64.975
-64.9751
-64.9751
-64.9752
-64.9753
-64.9753
-64.9754
-64.9754
-64.9755
-64.9755
-64.9756
-64.9757
-64.9757
-64.9758
-64.9758
-64.9759
-64.9759
-64.976
-64.976
-64.976
-64.9761
-64.9761
-64.9762
-64.9762
-64.9763
-64.9763
-64.9763
-64.9764
-64.9764
-64.9765
-64.9765
-64.9765
-64.9766
-64.9766
-64.9766
-64.9767
-64.9767
-64.9768
-64.9768
-64.9768
-64.9768
-64.9769
-64.9769
-64.9769
-64.977
-64.977
-64.977
-64.977
-64.9771
-64.9771
-64.9771
-64.9772
-64.9772
-64.9772
-64.9772
-64.9772
-64.9773
-64.9773
-64.9773
-64.9773
-64.9773
-64.9774
-64.9774
-64.9774
-64.9774
-64.9774
-64.9775
-64.9775
-64.9775
-64.9775
-64.9775
-64.9775
-64.9775
-64.9776
-64.9776
-64.9776
-64.9776
-64.9776
-64.9776
-64.9776
-64.9776
-64.9777
-64.9777
-64.9777
-64.9777
-64.9777
-64.9777
-64.9777
-64.9777
-64.9777
-64.9777
-64.9777
-64.9777
-64.9777
-64.9778
-64.9778
-64.9778
-64.9778
-64.9778
-64.9778
-64.9778
-64.9778
-64.9778
-64.9778
-64.9778
-64.9778
-64.9778
-64.9778
-64.9778
-64.9778
-64.9778
-64.9778
-64.9778
-64.9778
-64.9778
-64.9778
-64.9778
-64.9778
-64.9778
-64.9778
-64.9778
-64.9778
-64.9778
-64.9778
-64.9778
-64.9778
-64.9778
-64.9777
-64.9777
-64.9777
-64.9777
-64.9777
-64.9777
-64.9777
-64.9777
-64.9777
-64.9777
-64.9777
-64.9777
-64.9777
-64.9777
-64.9777
-64.9777
-64.9776
-64.9776
-64.9776
-64.9776
-64.9776
-64.9776
-64.9776
-64.9776
-64.9776
-64.9776
-64.9776
-64.9776
-64.9775
-64.9775
-64.9775
-64.9775
-64.9775
-64.9775
-64.9775
-64.9775
-64.9775
-64.9774
-64.9774
-64.9774
-64.9774
-64.9774
-64.9774
-64.9774
-64.9774
-64.9774
-64.9773
-64.9773
-64.9773
-64.9773
-64.9773
-64.9773
-64.9773
-64.9772
-64.9772
-64.9772
-64.9772
-64.9772
-64.9772
-64.9772
-64.9772
-64.9771
-64.9771
-64.9771
-64.9771
-64.9771
-64.9771
-64.9771
-64.977
-64.977
-64.977
-64.977
-64.977
-64.977
-64.9769
-64.9769
-64.9769
-64.9769
-64.9769
-64.9769
-64.9769
-64.9768
-64.9768
-64.9768
-64.9768
-64.9768
-64.9768
-64.9767
-64.9767
-64.9767
-64.9767
-64.9767
-64.9767
-64.9766
-64.9766
-64.9766
-64.9766
-64.9766
-64.9766
-64.9765
-64.9765
-64.9765
-64.9765
-64.9765
-64.9765
-64.9764
-64.9764
-64.9764
-64.9764
-64.9764
-64.9764
-64.9763
-64.9763
-64.9763
-64.9763
-64.9763
-64.9763
-64.9762
-64.9762
-64.9762
-64.9762
-64.9762
-64.9762
-64.9761
-64.9761
-64.9761
-64.9761
-64.9761
-64.9761
-64.976
-64.976
-64.976
-64.976
-64.976
-64.9759
-64.9759
-64.9759
-64.9759
-64.9759
-64.9759
-64.9758
-64.9758
-64.9758
-64.9758
-64.9758
-64.9758
-64.9757
-64.9757
-64.9757
-64.9757
-64.9757
-64.9756
-64.9756
-64.9756
-64.9756
-64.9756
-64.9756
-64.9755
-64.9755
-64.9755
-64.9755
-64.9755
-64.9755
-64.9754
-64.9754
-64.9754
-64.9754
-64.9754
-64.9753
-64.9753
-64.9753
-64.9753
-64.9753
-64.9753
-64.9752
-64.9752
-64.9752
-64.9752
-64.9752
-64.9752
-64.9751
-64.9751
-64.9751
-64.9751
-64.9751
-64.975
-64.975
-64.975
-64.975
-64.975
-64.975
-64.9749
-64.9749
-64.9749
-64.9749
-64.9749
-64.9749
-64.9748
-64.9748
-64.9748
-64.9748
-64.9748
-64.9748
-64.9747
-64.9747
-64.9747
-64.9747
-64.9747
-64.9747
-64.9746
-64.9746
-64.9746
-64.9746
-64.9746
-64.9746
-64.9745
-64.9745
-64.9745
-64.9745
-64.9745
-64.9745
-64.9744
-64.9744
-64.9744
-64.9744
-64.9744
-64.9744
-64.9743
-64.9743
-64.9743
-64.9743
-64.9743
-64.9743
-64.9742
-64.9742
-64.9742
-64.9742
-64.9742
-64.9742
-64.9741
-64.9741
-64.9741
-64.9741
-64.9741
-64.9741
-64.974
-64.974
-64.974
-64.974
-64.974
-64.974
-64.9739
-64.9739
-64.9739
-64.9739
-64.9739
-64.9739
-64.9739
-64.9738
-64.9738
-64.9738
-64.9738
-64.9738
-64.9738
-64.9737
-64.9737
-64.9737
-64.9737
-64.9737
-64.9737
-64.9736
-64.9736
-64.9736
-64.9736
-64.9736
-64.9736
-64.9736
-64.9735
-64.9735
-64.9735
-64.9735
-64.9735
-64.9735
-64.9735
-64.9734
-64.9734
-64.9734
-64.9734
-64.9734
-64.9734
-64.9734
-64.9733
-64.9733
-64.9733
-64.9733
-64.9733
-64.9733
-64.9732
-64.9732
-64.9732
-64.9732
-64.9732
-64.9732
-64.9732
-64.9732
-64.9731
-64.9731
-64.9731
-64.9731
-64.9731
-64.9731
-64.9731
-64.973
-64.973
-64.973
-64.973
-64.973
-64.973
-64.973
-64.9729
-64.9729
-64.9729
-64.9729
-64.9729
-64.9729
-64.9729
-64.9728
-64.9728
-64.9728
-64.9728
-64.9728
-64.9728
-64.9728
-64.9728
-64.9727
-64.9727
-64.9727
-64.9727
-64.9727
-64.9727
-64.9727
-64.9727
-64.9726
-64.9726
-64.9726
-64.9726
-64.9726
-64.9726
-64.9726
-64.9725
-64.9725
-64.9725
-64.9725
-64.9725
-64.9725
-64.9725
-64.9725
-64.9724
-64.9724
-64.9724
-64.9724
-64.9724
-64.9724
-64.9724
-64.9724
-64.9724
-64.9723
-64.9723
-64.9723
-64.9723
-64.9723
-64.9723
-64.9723
-64.9723
-64.9722
-64.9722
-64.9722
-64.9722
-64.9722
-64.9722
-64.9722
-64.9722
-64.9721
-64.9721
-64.9721
-64.9721
-64.9721
-64.9721
-64.9721
-64.9721
-64.9721
-64.972
-64.972
-64.972
-64.972
-64.972
-64.972
-64.972
-64.972
-64.972
-64.9719
-64.9719
-64.9719
-64.9719
-64.9719
-64.9719
-64.9719
-64.9719
-64.9719
-64.9718
-64.9718
-64.9718
-64.9718
-64.9718
-64.9718
-64.9718
-64.9718
-64.9718
-64.9718
-64.9717
-64.9717
-64.9717
-64.9717
-64.9717
-64.9717
-64.9717
-64.9717
-64.9717
-64.9717
-64.9716
-64.9716
-64.9716
-64.9716
-64.9716
-64.9716
-64.9716
-64.9716
-64.9716
-64.9716
-64.9715
-64.9715
-64.9715
-64.9715
-64.9715
-64.9715
-64.9715
-64.9715
-64.9715
-64.9715
-64.9714
-64.9714
-64.9714
-64.9714
-64.9714
-64.9714
-64.9714
-64.9714
-64.9714
-64.9714
-64.9714
-64.9713
-64.9713
-64.9713
-64.9713
-64.9713
-64.9713
-64.9713
-64.9713
-64.9713
-64.9713
-64.9713
-64.9712
-64.9712
-64.9712
-64.9712
-64.9712
-64.9712
-64.9712
-64.9712
-64.9712
-64.9712
-64.9712
-64.9711
-64.9711
-64.9711
-64.9711
-64.9711
-64.9711
-64.9711
-64.9711
-64.9711
-64.9711
-64.9711
-64.9711
-64.971
-64.971
-64.971
-64.971
-64.971
-64.971
-64.971
-64.971
-64.971
-64.971
-64.971
-64.971
-64.9709
-64.9709
-64.9709
-64.9709
-64.9709
-64.9709
-64.9709
-64.9709
-64.9709
-64.9709
-64.9709
-64.9709
-64.9709
-64.9708
-64.9708
-64.9708
-64.9708
-64.9708
-64.9708
-64.9676
-64.9585
-64.9418
-64.9173
-64.885
-64.8458
-64.8005
-64.7499
-64.6952
-64.6372
-64.5768
-64.5147
-64.4517
-64.3882
-64.3248
-64.2619
-64.1999
-64.139
-64.0795
-64.0216
-63.9654
-63.911
-63.8585
-63.808
-63.7596
-63.7131
-63.6687
-63.6262
-63.5858
-63.5474
-63.5108
-63.4762
-63.4435
-63.4125
-63.3833
-63.3559
-63.3301
-63.3059
-63.2833
-63.2622
-63.2426
-63.2244
-63.2075
-63.192
-63.1777
-63.1647
-63.1529
-63.1422
-63.1326
-63.124
-63.1165
-63.1099
-63.1043
-63.0996
-63.0957
-63.0927
-63.0904
-63.089
-63.0882
-63.0881
-63.0888
-63.09
-63.0919
-63.0943
-63.0973
-63.1009
-63.1049
-63.1095
-63.1145
-63.1199
-63.1258
-63.132
-63.1387
-63.1457
-63.153
-63.1607
-63.1686
-63.1769
-63.1855
-63.1943
-63.2033
-63.2126
-63.2221
-63.2319
-63.2418
-63.2519
-63.2621
-63.2725
-63.2831
-63.2938
-63.3047
-63.3156
-63.3267
-63.3378
-63.3491
-63.3604
-63.3718
-63.3833
-63.3949
-63.4065
-63.4181
-63.4298
-63.4415
-63.4533
-63.4651
-63.4769
-63.4887
-63.5005
-63.5124
-63.5242
-63.536
-63.5478
-63.5596
-63.5714
-63.5832
-63.595
-63.6067
-63.6184
-63.63
-63.6417
-63.6532
-63.6648
-63.6763
-63.6878
-63.6992
-63.7106
-63.7219
-63.7331
-63.7443
-63.7555
-63.7666
-63.7776
-63.7886
-63.7995
-63.8104
-63.8212
-63.8319
-63.8426
-63.8532
-63.8637
-63.8742
-63.8845
-63.8949
-63.9051
-63.9153
-63.9254
-63.9354
-63.9454
-63.9553
-63.9651
-63.9749
-63.9845
-63.9941
-64.0037
-64.0131
-64.0225
-64.0318
-64.041
-64.0502
-64.0592
-64.0682
-64.0772
-64.086
-64.0948
-64.1035
-64.1122
-64.1207
-64.1292
-64.1376
-64.146
-64.1542
-64.1624
-64.1705
-64.1786
-64.1866
-64.1945
-64.2023
-64.2101
-64.2178
-64.2254
-64.2329
-64.2404
-64.2478
-64.2552
-64.2625
-64.2697
-64.2768
-64.2839
-64.2909
-64.2979
-64.3047
-64.3115
-64.3183
-64.325
-64.3316
-64.3381
-64.3446
-64.3511
-64.3574
-64.3637
-64.37
-64.3762
-64.3823
-64.3883
-64.3943
-64.4003
-64.4062
-64.412
-64.4178
-64.4235
-64.4291
-64.4347
-64.4403
-64.4457
-64.4512
-64.4565
-64.4619
-64.4671
-64.4723
-64.4775
-64.4826
-64.4877
-64.4927
-64.4976
-64.5025
-64.5074
-64.5122
-64.5169
-64.5216
-64.5263
-64.5309
-64.5354
-64.5399
-64.5444
-64.5488
-64.5532
-64.5575
-64.5618
-64.566
-64.5702
-64.5744
-64.5785
-64.5825
-64.5865
-64.5905
-64.5944
-64.5983
-64.6022
-64.606
-64.6098
-64.6135
-64.6172
-64.6208
-64.6244
-64.628
-64.6315
-64.635
-64.6385
-64.6419
-64.6453
-64.6486
-64.6519
-64.6552
-64.6584
-64.6616
-64.6648
-64.6679
-64.671
-64.6741
-64.6771
-64.6801
-64.6831
-64.686
-64.6889
-64.6918
-64.6946
-64.6974
-64.7002
-64.7029
-64.7056
-64.7083
-64.711
-64.7136
-64.7162
-64.7187
-64.7213
-64.7238
-64.7262
-64.7287
-64.7311
-64.7335
-64.7359
-64.7382
-64.7405
-64.7428
-64.7451
-64.7473
-64.7495
-64.7517
-64.7538
-64.756
-64.7581
-64.7602
-64.7622
-64.7643
-64.7663
-64.7683
-64.7702
-64.7722
-64.7741
-64.776
-64.7778
-64.7797
-64.7815
-64.7833
-64.7851
-64.7869
-64.7886
-64.7904
-64.7921
-64.7937
-64.7954
-64.797
-64.7987
-64.8003
-64.8019
-64.8034
-64.805
-64.8065
-64.808
-64.8095
-64.811
-64.8124
-64.8138
-64.8153
-64.8167
-64.818
-64.8194
-64.8208
-64.8221
-64.8234
-64.8247
-64.826
-64.8273
-64.8285
-64.8297
-64.831
-64.8322
-64.8333
-64.8345
-64.8357
-64.8368
-64.8379
-64.8391
-64.8402
-64.8412
-64.8423
-64.8434
-64.8444
-64.8454
-64.8465
-64.8475
-64.8484
-64.8494
-64.8504
-64.8513
-64.8523
-64.8532
-64.8541
-64.855
-64.8559
-64.8568
-64.8576
-64.8585
-64.8593
-64.8602
-64.861
-64.8618
-64.8626
-64.8634
-64.8641
-64.8649
-64.8656
-64.8664
-64.8671
-64.8678
-64.8685
-64.8692
-64.8699
-64.8706
-64.8713
-64.8719
-64.8726
-64.8732
-64.8739
-64.8745
-64.8751
-64.8757
-64.8763
-64.8769
-64.8775
-64.878
-64.8786
-64.8791
-64.8797
-64.8802
-64.8807
-64.8813
-64.8818
-64.8823
-64.8828
-64.8833
-64.8837
-64.8842
-64.8847
-64.8851
-64.8856
-64.886
-64.8864
-64.8869
-64.8873
-64.8877
-64.8881
-64.8885
-64.8889
-64.8893
-64.8897
-64.89
-64.8904
-64.8908
-64.8911
-64.8915
-64.8918
-64.8922
-64.8925
-64.8928
-64.8931
-64.8934
-64.8937
-64.894
-64.8943
-64.8946
-64.8949
-64.8952
-64.8955
-64.8957
-64.896
-64.8963
-64.8965
-64.8968
-64.897
-64.8972
-64.8975
-64.8977
-64.8979
-64.8982
-64.8984
-64.8986
-64.8988
-64.899
-64.8992
-64.8994
-64.8996
-64.8998
-64.8999
-64.9001
-64.9003
-64.9005
-64.9006
-64.9008
-64.9009
-64.9011
-64.9012
-64.9014
-64.9015
-64.9017
-64.9018
-64.9019
-64.9021
-64.9022
-64.9023
-64.9024
-64.9026
-64.9027
-64.9028
-64.9029
-64.903
-64.9031
-64.9032
-64.9033
-64.9034
-64.9035
-64.9035
-64.9036
-64.9037
-64.9038
-64.9039
-64.9039
-64.904
-64.9041
-64.9041
-64.9042
-64.9042
-64.9043
-64.9044
-64.9044
-64.9045
-64.9045
-64.9046
-64.9046
-64.9046
-64.9047
-64.9047
-64.9047
-64.9048
-64.9048
-64.9048
-64.9049
-64.9049
-64.9049
-64.9049
-64.9049
-64.905
-64.905
-64.9018
-64.8927
-64.8761
-64.8516
-64.8194
-64.7803
-64.735
-64.6846
-64.6299
-64.572
-64.5117
-64.4497
-64.3867
-64.3233
-64.26
-64.1972
-64.1353
-64.0745
-64.0151
-63.9573
-63.9013
-63.847
-63.7947
-63.7443
-63.696
-63.6496
-63.6053
-63.5631
-63.5228
-63.4845
-63.4481
-63.4137
-63.3811
-63.3503
-63.3213
-63.294
-63.2683
-63.2443
-63.2219
-63.201
-63.1815
-63.1635
-63.1468
-63.1314
-63.1174
-63.1045
-63.0929
-63.0823
-63.0729
-63.0645
-63.0572
-63.0508
-63.0453
-63.0408
-63.0371
-63.0342
-63.0321
-63.0308
-63.0302
-63.0303
-63.0311
-63.0325
-63.0345
-63.0371
-63.0402
-63.0439
-63.0481
-63.0528
-63.058
-63.0635
-63.0695
-63.0759
-63.0827
-63.0898
-63.0973
-63.1051
-63.1132
-63.1216
-63.1303
-63.1392
-63.1484
-63.1578
-63.1674
-63.1773
-63.1873
-63.1975
-63.2078
-63.2184
-63.229
-63.2398
-63.2508
-63.2618
-63.273
-63.2842
-63.2956
-63.307
-63.3185
-63.3301
-63.3417
-63.3534
-63.3651
-63.3769
-63.3887
-63.4005
-63.4124
-63.4242
-63.4361
-63.448
-63.4599
-63.4718
-63.4836
-63.4955
-63.5074
-63.5192
-63.531
-63.5428
-63.5546
-63.5663
-63.578
-63.5897
-63.6013
-63.6129
-63.6245
-63.636
-63.6474
-63.6588
-63.6702
-63.6814
-63.6927
-63.7039
-63.715
-63.726
-63.737
-63.748
-63.7589
-63.7697
-63.7804
-63.7911
-63.8017
-63.8122
-63.8227
-63.8331
-63.8434
-63.8537
-63.8639
-63.874
-63.884
-63.894
-63.9039
-63.9137
-63.9234
-63.9331
-63.9427
-63.9522
-63.9616
-63.971
-63.9803
-63.9895
-63.9987
-64.0077
-64.0167
-64.0256
-64.0345
-64.0433
-64.0519
-64.0606
-64.0691
-64.0776
-64.086
-64.0943
-64.1025
-64.1107
-64.1188
-64.1268
-64.1348
-64.1427
-64.1505
-64.1582
-64.1659
-64.1735
-64.181
-64.1885
-64.1959
-64.2032
-64.2105
-64.2176
-64.2248
-64.2318
-64.2388
-64.2457
-64.2526
-64.2593
-64.2661
-64.2727
-64.2793
-64.2858
-64.2923
-64.2987
-64.305
-64.3113
-64.3175
-64.3236
-64.3297
-64.3357
-64.3417
-64.3476
-64.3535
-64.3593
-64.365
-64.3707
-64.3763
-64.3818
-64.3873
-64.3928
-64.3982
-64.4035
-64.4088
-64.414
-64.4192
-64.4243
-64.4294
-64.4344
-64.4394
-64.4443
-64.4492
-64.454
-64.4587
-64.4635
-64.4681
-64.4727
-64.4773
-64.4818
-64.4863
-64.4907
-64.4951
-64.4994
-64.5037
-64.508
-64.5122
-64.5163
-64.5204
-64.5245
-64.5285
-64.5325
-64.5364
-64.5403
-64.5442
-64.548
-64.5518
-64.5555
-64.5592
-64.5628
-64.5665
-64.57
-64.5736
-64.5771
-64.5805
-64.5839
-64.5873
-64.5907
-64.594
-64.5973
-64.6005
-64.6037
-64.6069
-64.61
-64.6131
-64.6162
-64.6192
-64.6222
-64.6252
-64.6281
-64.631
-64.6338
-64.6367
-64.6395
-64.6423
-64.645
-64.6477
-64.6504
-64.653
-64.6557
-64.6582
-64.6608
-64.6633
-64.6658
-64.6683
-64.6708
-64.6732
-64.6756
-64.6779
-64.6803
-64.6826
-64.6849
-64.6871
-64.6894
-64.6916
-64.6938
-64.6959
-64.698
-64.7002
-64.7022
-64.7043
-64.7063
-64.7083
-64.7103
-64.7123
-64.7142
-64.7162
-64.7181
-64.7199
-64.7218
-64.7236
-64.7254
-64.7272
-64.729
-64.7307
-64.7324
-64.7341
-64.7358
-64.7375
-64.7391
-64.7408
-64.7424
-64.7439
-64.7455
-64.7471
-64.7486
-64.7501
-64.7516
-64.7531
-64.7545
-64.756
-64.7574
-64.7588
-64.7602
-64.7615
-64.7629
-64.7642
-64.7655
-64.7668
-64.7681
-64.7694
-64.7706
-64.7719
-64.7731
-64.7743
-64.7755
-64.7767
-64.7778
-64.779
-64.7801
-64.7812
-64.7823
-64.7834
-64.7845
-64.7856
-64.7866
-64.7876
-64.7887
-64.7897
-64.7907
-64.7917
-64.7926
-64.7936
-64.7945
-64.7955
-64.7964
-64.7973
-64.7982
-64.7991
-64.7999
-64.8008
-64.8016
-64.8025
-64.8033
-64.8041
-64.8049
-64.8057
-64.8065
-64.8073
-64.808
-64.8088
-64.8095
-64.8102
-64.811
-64.8117
-64.8124
-64.8131
-64.8137
-64.8144
-64.8151
-64.8157
-64.8164
-64.817
-64.8176
-64.8182
-64.8188
-64.8194
-64.82
-64.8206
-64.8212
-64.8217
-64.8223
-64.8228
-64.8234
-64.8239
-64.8244
-64.825
-64.8255
-64.826
-64.8265
-64.8269
-64.8274
-64.8279
-64.8284
-64.8288
-64.8293
-64.8297
-64.8301
-64.8306
-64.831
-64.8314
-64.8318
-64.8322
-64.8326
-64.833
-64.8334
-64.8338
-64.8341
-64.8345
-64.8349
-64.8352
-64.8356
-64.8359
-64.8362
-64.8366
-64.8369
-64.8372
-64.8375
-64.8378
-64.8381
-64.8384
-64.8387
-64.839
-64.8393
-64.8396
-64.8399
-64.8401
-64.8404
-64.8407
-64.8409
-64.8412
-64.8414
-64.8416
-64.8419
-64.8421
-64.8423
-64.8426
-64.8428
-64.843
-64.8432
-64.8434
-64.8436
-64.8438
-64.844
-64.8442
-64.8444
-64.8446
-64.8448
-64.8449
-64.8451
-64.8453
-64.8455
-64.8456
-64.8458
-64.8459
-64.8461
-64.8462
-64.8464
-64.8465
-64.8467
-64.8468
-64.8469
-64.8471
-64.8472
-64.8473
-64.8474
-64.8476
-64.8477
-64.8478
-64.8479
-64.848
-64.8481
-64.8482
-64.8483
-64.8484
-64.8485
-64.8486
-64.8487
-64.8488
-64.8489
-64.849
-64.849
-64.8491
-64.8492
-64.8493
-64.8494
-64.8494
-64.8495
-64.8496
-64.8496
-64.8497
-64.8497
-64.8498
-64.8499
-64.8499
-64.85
-64.85
-64.8501
-64.8501
-64.8502
-64.8502
-64.8503
-64.8503
-64.8503
-64.8504
-64.8504
-64.8504
-64.8505
-64.8505
-64.8505
-64.8506
-64.8506
-64.8506
-64.8507
-64.8507
-64.8507
-64.8507
-64.8507
-64.8508
-64.8508
-64.8508
-64.8508
-64.8508
-64.8508
-64.8509
-64.8509
-64.8509
-64.8509
-64.8509
-64.8509
-64.8509
-64.8509
-64.8509
-64.8509
-64.8509
-64.8509
-64.8509
-64.8509
-64.8509
-64.8509
-64.8509
-64.8509
-64.8509
-64.8509
-64.8509
-64.8509
-64.8509
-64.8509
-64.8509
-64.8509
-64.8509
-64.8508
-64.8508
-64.8508
-64.8508
-64.8508
-64.8508
-64.8508
-64.8508
-64.86
-64.8713
-64.8827
-64.8936
-64.9036
-64.9128
-64.9212
-64.9288
-64.9359
-64.9424
-64.9484
-64.9539
-64.9592
-64.9641
-64.9687
-64.973
-64.9771
-64.981
-64.9847
-64.9882
-64.9915
-64.9947
-64.9977
-65.0005
-65.0032
-65.0058
-65.0082
-65.0105
-65.0127
-65.0147
-65.0167
-65.0185
-65.0203
-65.0219
-65.0235
-65.0249
-65.0262
-65.0275
-65.0287
-65.0298
-65.0308
-65.0317
-65.0326
-65.0334
-65.0341
-65.0347
-65.0353
-65.0358
-65.0363
-65.0367
-65.037
-65.0373
-65.0375
-65.0377
-65.0378
-65.0379
-65.0379
-65.0379
-65.0378
-65.0377
-65.0376
-65.0374
-65.0371
-65.0369
-65.0366
-65.0362
-65.0359
-65.0355
-65.035
-65.0345
-65.034
-65.0335
-65.033
-65.0324
-65.0318
-65.0311
-65.0305
-65.0298
-65.0291
-65.0284
-65.0276
-65.0269
-65.0261
-65.0253
-65.0245
-65.0236
-65.0228
-65.0219
-65.021
-65.0201
-65.0192
-65.0183
-65.0174
-65.0164
-65.0155
-65.0145
-65.0135
-65.0125
-65.0116
-65.0105
-65.0095
-65.0085
-65.0075
-65.0065
-65.0054
-65.0044
-65.0033
-65.0022
-65.0012
-65.0001
-64.999
-64.998
-64.9969
-64.9958
-64.9947
-64.9936
-64.9925
-64.9914
-64.9904
-64.9893
-64.9882
-64.9871
-64.986
-64.9849
-64.9838
-64.9827
-64.9816
-64.9805
-64.9794
-64.9783
-64.9772
-64.9761
-64.975
-64.9739
-64.9728
-64.9717
-64.9706
-64.9696
-64.9685
-64.9674
-64.9663
-64.9653
-64.9642
-64.9631
-64.9621
-64.961
-64.96
-64.9589
-64.9579
-64.9568
-64.9558
-64.9547
-64.9537
-64.9527
-64.9517
-64.9506
-64.9496
-64.9486
-64.9476
-64.9466
-64.9456
-64.9446
-64.9436
-64.9427
-64.9417
-64.9407
-64.9398
-64.9388
-64.9379
-64.9369
-64.936
-64.935
-64.9341
-64.9332
-64.9323
-64.9313
-64.9273
-64.9173
-64.8998
-64.8745
-64.8415
-64.8017
-64.7557
-64.7046
-64.6494
-64.591
-64.5302
-64.4677
-64.4043
-64.3406
-64.277
-64.2139
-64.1517
-64.0908
-64.0312
-63.9733
-63.9171
-63.8628
-63.8104
-63.7601
-63.7117
-63.6655
-63.6212
-63.579
-63.5389
-63.5007
-63.4645
-63.4302
-63.3978
-63.3672
-63.3354
-63.2998
-63.259
-63.2125
-63.1606
-63.1039
-63.0432
-62.9794
-62.9134
-62.8459
-62.7778
-62.7096
-62.642
-62.5755
-62.5104
-62.4471
-62.3858
-62.3268
-62.2702
-62.2161
-62.1647
-62.1158
-62.0697
-62.0262
-61.9854
-61.9471
-61.9115
-61.8784
-61.8478
-61.8195
-61.7936
-61.77
-61.7486
-61.7293
-61.712
-61.6967
-61.6834
-61.6718
-61.662
-61.6539
-61.6475
-61.6426
-61.6392
-61.6372
-61.6366
-61.6373
-61.6392
-61.6424
-61.6467
-61.6521
-61.6585
-61.666
-61.6744
-61.6836
-61.6938
-61.7047
-61.7165
-61.729
-61.7421
-61.756
-61.7704
-61.7855
-61.8011
-61.8173
-61.8339
-61.851
-61.8686
-61.8866
-61.905
-61.9237
-61.9428
-61.9622
-61.9819
-62.0019
-62.0222
-62.0426
-62.0633
-62.0843
-62.1053
-62.1266
-62.148
-62.1696
-62.1912
-62.213
-62.2349
-62.2569
-62.2789
-62.301
-62.3231
-62.3453
-62.3675
-62.3898
-62.412
-62.4343
-62.4565
-62.4787
-62.5009
-62.5231
-62.5452
-62.5673
-62.5893
-62.6113
-62.6332
-62.655
-62.6768
-62.6985
-62.7201
-62.7416
-62.763
-62.7843
-62.8056
-62.8267
-62.8477
-62.8686
-62.8894
-62.9101
-62.9307
-62.9511
-62.9714
-62.9916
-63.0117
-63.0317
-63.0515
-63.0711
-63.0907
-63.1101
-63.1294
-63.1485
-63.1675
-63.1864
-63.2051
-63.2237
-63.2421
-63.2604
-63.2786
-63.2966
-63.3145
-63.3322
-63.3498
-63.3672
-63.3845
-63.4017
-63.4187
-63.4355
-63.4522
-63.4688
-63.4852
-63.5015
-63.5177
-63.5337
-63.5495
-63.5652
-63.5808
-63.5963
-63.6116
-63.6267
-63.6417
-63.6566
-63.6713
-63.6859
-63.7004
-63.7147
-63.7289
-63.743
-63.7569
-63.7707
-63.7843
-63.7979
-63.8113
-63.8245
-63.8376
-63.8507
-63.8635
-63.8763
-63.8889
-63.9014
-63.9138
-63.926
-63.9382
-63.9502
-63.962
-63.9738
-63.9855
-63.997
-64.0084
-64.0197
-64.0309
-64.0419
-64.0529
-64.0637
-64.0744
-64.085
-64.0956
-64.1059
-64.1162
-64.1264
-64.1365
-64.1465
-64.1563
-64.1661
-64.1757
-64.1853
-64.1947
-64.2041
-64.2133
-64.2225
-64.2315
-64.2405
-64.2494
-64.2581
-64.2668
-64.2754
-64.2839
-64.2923
-64.3006
-64.3088
-64.3169
-64.3249
-64.3329
-64.3407
-64.3485
-64.3562
-64.3638
-64.3713
-64.3788
-64.3861
-64.3934
-64.4006
-64.4077
-64.4147
-64.4217
-64.4286
-64.4354
-64.4421
-64.4488
-64.4553
-64.4618
-64.4683
-64.4746
-64.4809
-64.4871
-64.4933
-64.4993
-64.5053
-64.5113
-64.5171
-64.5229
-64.5255
-64.5221
-64.5112
-64.4923
-64.4658
-64.4322
-64.3925
-64.3476
-64.2985
-64.246
-64.191
-64.1344
-64.0766
-64.0184
-63.9602
-63.9024
-63.8455
-63.7896
-63.735
-63.6819
-63.6305
-63.5808
-63.533
-63.4871
-63.4431
-63.401
-63.3609
-63.3228
-63.2866
-63.2522
-63.2198
-63.1892
-63.1604
-63.1333
-63.108
-63.0843
-63.0622
-63.0417
-63.0226
-63.0051
-62.9889
-62.9741
-62.9607
-62.9485
-62.9375
-62.9277
-62.919
-62.9114
-62.9048
-62.8993
-62.8947
-62.8911
-62.8883
-62.8864
-62.8853
-62.885
-62.8855
-62.8867
-62.8885
-62.891
-62.8942
-62.8979
-62.9022
-62.9071
-62.9125
-62.9183
-62.9247
-62.9315
-62.9387
-62.9464
-62.9544
-62.9628
-62.9715
-62.9806
-62.99
-62.9996
-63.0096
-63.0198
-63.0302
-63.0409
-63.0518
-63.0629
-63.0743
-63.0857
-63.0974
-63.1092
-63.1211
-63.1332
-63.1454
-63.1577
-63.1701
-63.1826
-63.1952
-63.2079
-63.2206
-63.2334
-63.2463
-63.2592
-63.2721
-63.2851
-63.2981
-63.3111
-63.3241
-63.3371
-63.3502
-63.3632
-63.3763
-63.3893
-63.4023
-63.4153
-63.4282
-63.4412
-63.4541
-63.4669
-63.4798
-63.4926
-63.5053
-63.518
-63.5307
-63.5433
-63.5558
-63.5683
-63.5807
-63.5931
-63.6054
-63.6177
-63.6298
-63.642
-63.654
-63.666
-63.6779
-63.6897
-63.7014
-63.7131
-63.7247
-63.7362
-63.7477
-63.759
-63.7703
-63.7815
-63.7926
-63.8036
-63.8146
-63.8255
-63.8363
-63.847
-63.8576
-63.8681
-63.8786
-63.8889
-63.8992
-63.9094
-63.9195
-63.9295
-63.9395
-63.9493
-63.9591
-63.9688
-63.9784
-63.9879
-63.9973
-64.0067
-64.016
-64.0251
-64.0342
-64.0432
-64.0522
-64.061
-64.0698
-64.0785
-64.0871
-64.0956
-64.104
-64.1124
-64.1207
-64.1289
-64.137
-64.145
-64.153
-64.1609
-64.1687
-64.1764
-64.184
-64.1916
-64.1991
-64.2065
-64.2139
-64.2212
-64.2284
-64.2355
-64.2425
-64.2495
-64.2564
-64.2633
-64.2701
-64.2768
-64.2834
-64.2899
-64.2964
-64.3029
-64.3092
-64.3155
-64.3217
-64.3279
-64.334
-64.34
-64.346
-64.3519
-64.3577
-64.3635
-64.3692
-64.3749
-64.3805
-64.386
-64.3915
-64.3969
-64.4022
-64.4075
-64.4127
-64.4179
-64.423
-64.4281
-64.4331
-64.4381
-64.443
-64.4478
-64.4526
-64.4574
-64.462
-64.4667
-64.4712
-64.4758
-64.4803
-64.4847
-64.4891
-64.4934
-64.4977
-64.5019
-64.5061
-64.5102
-64.5143
-64.5183
-64.5223
-64.5263
-64.5302
-64.5341
-64.5379
-64.5416
-64.5454
-64.5491
-64.5527
-64.5563
-64.5598
-64.5634
-64.5668
-64.5703
-64.5737
-64.577
-64.5803
-64.5836
-64.5868
-64.59
-64.5932
-64.5963
-64.5994
-64.6024
-64.6054
-64.6084
-64.6114
-64.6143
-64.6171
-64.62
-64.6228
-64.6255
-64.6283
-64.631
-64.6336
-64.6363
-64.6389
-64.6414
-64.644
-64.6465
-64.6489
-64.6514
-64.6538
-64.6562
-64.6585
-64.6609
-64.6632
-64.6654
-64.6677
-64.6699
-64.672
-64.6742
-64.6763
-64.6784
-64.6805
-64.6825
-64.6846
-64.6866
-64.6885
-64.6905
-64.6924
-64.6943
-64.6961
-64.698
-64.6998
-64.7016
-64.7034
-64.7051
-64.7069
-64.7086
-64.7102
-64.7119
-64.7135
-64.7152
-64.7167
-64.7277
-64.7407
-64.7538
-64.7663
-64.778
-64.7888
-64.7987
-64.8079
-64.8164
-64.8244
-64.8318
-64.8389
-64.8455
-64.8518
-64.8577
-64.8634
-64.8688
-64.874
-64.879
-64.8837
-64.8883
-64.8927
-64.8969
-64.9009
-64.9048
-64.9085
-64.9121
-64.9155
-64.9188
-64.9219
-64.9249
-64.9278
-64.9306
-64.9332
-64.9358
-64.9382
-64.9405
-64.9428
-64.9449
-64.9469
-64.9488
-64.9507
-64.9524
-64.9541
-64.9556
-64.9571
-64.9585
-64.9599
-64.9611
-64.9623
-64.9634
-64.9645
-64.9655
-64.9664
-64.9672
-64.968
-64.9688
-64.9694
-64.9701
-64.9706
-64.9711
-64.9716
-64.972
-64.9724
-64.9727
-64.973
-64.9732
-64.9734
-64.9735
-64.9736
-64.9737
-64.9737
-64.9737
-64.9736
-64.9735
-64.9734
-64.9732
-64.973
-64.9728
-64.9726
-64.9723
-64.972
-64.9716
-64.9713
-64.9709
-64.9705
-64.97
-64.9696
-64.9691
-64.9686
-64.9681
-64.9675
-64.967
-64.9664
-64.9658
-64.9651
-64.9645
-64.9638
-64.9632
-64.9625
-64.9618
-64.9611
-64.9603
-64.9596
-64.9588
-64.9581
-64.9573
-64.9565
-64.9557
-64.9548
-64.954
-64.9532
-64.9523
-64.9515
-64.9506
-64.9497
-64.9489
-64.948
-64.9471
-64.9462
-64.9453
-64.9444
-64.9434
-64.9425
-64.9416
-64.9406
-64.9397
-64.9388
-64.9378
-64.9368
-64.9359
-64.9349
-64.934
-64.933
-64.932
-64.9311
-64.9301
-64.9291
-64.9281
-64.9272
-64.9262
-64.9252
-64.9242
-64.9232
-64.9223
-64.9213
-64.9203
-64.9193
-64.9183
-64.9173
-64.9164
-64.9154
-64.9144
-64.9134
-64.9124
-64.9115
-64.9105
-64.9095
-64.9085
-64.9076
-64.9066
-64.9056
-64.9047
-64.9037
-64.9027
-64.9018
-64.9008
-64.8999
-64.8989
-64.898
-64.897
-64.8961
-64.8951
-64.8942
-64.8933
-64.8923
-64.8914
-64.8905
-64.8896
-64.8887
-64.8877
-64.8868
-64.8859
-64.885
-64.8841
-64.8832
-64.8823
-64.8815
-64.8806
-64.8797
-64.8788
-64.8779
-64.8771
-64.8762
-64.8754
-64.8745
-64.8737
-64.8728
-64.872
-64.8711
-64.8703
-64.8695
-64.8687
-64.8678
-64.867
-64.8662
-64.8654
-64.8646
-64.8638
-64.863
-64.8622
-64.8615
-64.8607
-64.8599
-64.8592
-64.8584
-64.8576
-64.8569
-64.8561
-64.8554
-64.8547
-64.8539
-64.8532
-64.8525
-64.8518
-64.851
-64.8503
-64.8496
-64.8489
-64.8482
-64.8475
-64.8469
-64.8462
-64.8455
-64.8448
-64.8442
-64.8435
-64.8429
-64.8422
-64.8416
-64.8409
-64.8403
-64.8396
-64.839
-64.8384
-64.8378
-64.8372
-64.8366
-64.836
-64.8354
-64.8348
-64.8342
-64.8336
-64.833
-64.8324
-64.8319
-64.8313
-64.8307
-64.8302
-64.8296
-64.8291
-64.8285
-64.828
-64.8275
-64.8269
-64.8264
-64.8259
-64.8254
-64.8249
-64.8244
-64.8239
-64.8234
-64.8229
-64.8224
-64.8219
-64.8214
-64.8209
-64.8205
-64.82
-64.8195
-64.8191
-64.8186
-64.8182
-64.8177
-64.8173
-64.8168
-64.8164
-64.816
-64.8156
-64.8151
-64.8147
-64.8143
-64.8139
-64.8135
-64.8131
-64.8127
-64.8123
-64.8119
-64.8115
-64.8111
-64.8108
-64.8104
-64.81
-64.8097
-64.8093
-64.8058
-64.7963
-64.7794
-64.7545
-64.722
-64.6826
-64.637
-64.5862
-64.5313
-64.4731
-64.4124
-64.3501
-64.2868
-64.2231
-64.1595
-64.0963
-64.0341
-63.9729
-63.9132
-63.855
-63.7986
-63.744
-63.6913
-63.6406
-63.5919
-63.5452
-63.5005
-63.4579
-63.4172
-63.3786
-63.3419
-63.307
-63.2741
-63.2429
-63.2135
-63.1859
-63.1599
-63.1355
-63.1128
-63.0915
-63.0717
-63.0533
-63.0363
-63.0206
-63.0062
-62.993
-62.981
-62.9702
-62.9604
-62.9517
-62.944
-62.9373
-62.9315
-62.9267
-62.9226
-62.9195
-62.9171
-62.9155
-62.9146
-62.9144
-62.9149
-62.916
-62.9177
-62.92
-62.9229
-62.9263
-62.9302
-62.9346
-62.9395
-62.9448
-62.9505
-62.9567
-62.9632
-62.9701
-62.9773
-62.9848
-62.9927
-63.0008
-63.0093
-63.018
-63.0269
-63.0361
-63.0455
-63.055
-63.0648
-63.0748
-63.0849
-63.0952
-63.1057
-63.1163
-63.127
-63.1378
-63.1488
-63.1598
-63.1709
-63.1822
-63.1935
-63.2048
-63.2162
-63.2277
-63.2393
-63.2508
-63.2624
-63.2741
-63.2857
-63.2974
-63.3091
-63.3208
-63.3325
-63.3442
-63.3559
-63.3676
-63.3793
-63.391
-63.4026
-63.4143
-63.4259
-63.4374
-63.449
-63.4605
-63.472
-63.4834
-63.4948
-63.5061
-63.5174
-63.5287
-63.5399
-63.551
-63.5621
-63.5732
-63.5842
-63.5951
-63.6059
-63.6167
-63.6275
-63.6382
-63.6488
-63.6593
-63.6698
-63.6802
-63.6906
-63.7009
-63.7111
-63.7212
-63.7313
-63.7413
-63.7512
-63.7611
-63.7709
-63.7806
-63.7902
-63.7998
-63.8093
-63.8187
-63.8281
-63.8374
-63.8466
-63.8557
-63.8749
-63.8963
-63.9177
-63.9384
-63.9582
-63.9769
-63.9946
-64.0115
-64.0276
-64.0431
-64.0579
-64.0722
-64.086
-64.0994
-64.1124
-64.125
-64.1373
-64.1493
-64.161
-64.1724
-64.1836
-64.1945
-64.2051
-64.2156
-64.2258
-64.2357
-64.2455
-64.2551
-64.2645
-64.2736
-64.2826
-64.2914
-64.3001
-64.3085
-64.3168
-64.3249
-64.3329
-64.3407
-64.3483
-64.3558
-64.3631
-64.3703
-64.3774
-64.3843
-64.3911
-64.3978
-64.4043
-64.4107
-64.417
-64.4231
-64.4292
-64.4351
-64.4409
-64.4466
-64.4522
-64.4577
-64.4631
-64.4684
-64.4736
-64.4786
-64.4836
-64.4885
-64.4933
-64.4981
-64.5027
-64.5072
-64.5117
-64.5161
-64.5204
-64.5246
-64.5287
-64.5328
-64.5368
-64.5407
-64.5445
-64.5483
-64.552
-64.5556
-64.5592
-64.5627
-64.5661
-64.5695
-64.5728
-64.5761
-64.5793
-64.5824
-64.5855
-64.5885
-64.5915
-64.5944
-64.5972
-64.6
-64.6028
-64.6055
-64.6082
-64.6108
-64.6133
-64.6159
-64.6183
-64.6208
-64.6231
-64.6255
-64.6278
-64.63
-64.6322
-64.6344
-64.6366
-64.6387
-64.6407
-64.6427
-64.6447
-64.6467
-64.6486
-64.6505
-64.6523
-64.6541
-64.6559
-64.6577
-64.6594
-64.6611
-64.6627
-64.6643
-64.6659
-64.6675
-64.669
-64.6706
-64.672
-64.6735
-64.6749
-64.6763
-64.6777
-64.6791
-64.6804
-64.6817
-64.683
-64.6842
-64.6855
-64.6867
-64.6973
-64.7099
-64.7227
-64.7348
-64.7462
-64.7566
-64.7662
-64.775
-64.7832
-64.7907
-64.7978
-64.8045
-64.8107
-64.7974
-64.7678
-64.7265
-64.6769
-64.6214
-64.5618
-64.4993
-64.4349
-64.3695
-64.3036
-64.2379
-64.1728
-64.1085
-64.0455
-63.9838
-63.9238
-63.8655
-63.8091
-63.7546
-63.7021
-63.6517
-63.6034
-63.5571
-63.5128
-63.4707
-63.4305
-63.3924
-63.3562
-63.3219
-63.2895
-63.2589
-63.2301
-63.203
-63.1776
-63.1538
-63.1316
-63.111
-63.0917
-63.0739
-63.0575
-63.0424
-63.0286
-63.016
-63.0046
-62.9943
-62.9851
-62.9769
-62.9697
-62.9636
-62.9583
-62.9539
-62.9504
-62.9477
-62.9458
-62.9446
-62.9441
-62.9444
-62.9452
-62.9467
-62.9488
-62.9515
-62.9547
-62.9584
-62.9627
-62.9674
-62.9725
-62.9781
-62.984
-62.9904
-62.9971
-63.0041
-63.0115
-63.0192
-63.0272
-63.0355
-63.044
-63.0528
-63.0618
-63.071
-63.0804
-63.09
-63.0998
-63.1097
-63.1198
-63.1301
-63.1405
-63.151
-63.1616
-63.1723
-63.1831
-63.194
-63.205
-63.2161
-63.2272
-63.2384
-63.2496
-63.2609
-63.2722
-63.2835
-63.2949
-63.3063
-63.3177
-63.3291
-63.3405
-63.3519
-63.3633
-63.3747
-63.3861
-63.3974
-63.4088
-63.4201
-63.4314
-63.4427
-63.4539
-63.4651
-63.4762
-63.4873
-63.4984
-63.5094
-63.5204
-63.5313
-63.5422
-63.553
-63.5638
-63.5745
-63.5852
-63.5957
-63.6063
-63.6167
-63.6271
-63.6375
-63.6477
-63.6579
-63.6681
-63.6781
-63.6881
-63.6981
-63.7079
-63.7177
-63.7274
-63.7371
-63.7466
-63.7561
-63.7656
-63.7749
-63.7842
-63.7934
-63.8025
-63.8116
-63.8206
-63.8295
-63.8383
-63.8471
-63.8558
-63.8644
-63.8729
-63.8814
-63.8898
-63.8981
-63.9063
-63.9145
-63.9226
-63.9306
-63.9386
-63.9464
-63.9543
-63.962
-63.9697
-63.9773
-63.9848
-63.9922
-63.9996
-64.0069
-64.0142
-64.0214
-64.0285
-64.0355
-64.0425
-64.0494
-64.0563
-64.063
-64.0697
-64.0764
-64.083
-64.0895
-64.0959
-64.1023
-64.1087
-64.1149
-64.1211
-64.1273
-64.1334
-64.1394
-64.1453
-64.1512
-64.1571
-64.1629
-64.1686
-64.1743
-64.1799
-64.1854
-64.1909
-64.1964
-64.2018
-64.2071
-64.2124
-64.2176
-64.2228
-64.2279
-64.233
-64.238
-64.243
-64.2479
-64.2527
-64.2575
-64.2623
-64.267
-64.2717
-64.2763
-64.2809
-64.2854
-64.2899
-64.2943
-64.2987
-64.303
-64.3073
-64.3116
-64.3158
-64.32
-64.3241
-64.3282
-64.3322
-64.3362
-64.3401
-64.3441
-64.3479
-64.3518
-64.3555
-64.3593
-64.363
-64.3667
-64.3703
-64.3739
-64.3775
-64.381
-64.3845
-64.3879
-64.3913
-64.3947
-64.398
-64.4013
-64.4046
-64.4079
-64.4111
-64.4142
-64.4174
-64.4205
-64.4235
-64.4266
-64.4296
-64.4325
-64.4355
-64.4384
-64.4413
-64.4441
-64.4469
-64.4497
-64.4525
-64.4552
-64.4579
-64.4606
-64.4632
-64.4659
-64.4685
-64.471
-64.4736
-64.4761
-64.4785
-64.481
-64.4834
-64.4858
-64.4882
-64.4906
-64.4929
-64.4952
-64.4975
-64.4997
-64.502
-64.5042
-64.5063
-64.5085
-64.5106
-64.5128
-64.5149
-64.5169
-64.519
-64.521
-64.523
-64.525
-64.5269
-64.5289
-64.5308
-64.5327
-64.5346
-64.5365
-64.5383
-64.5401
-64.5419
-64.5437
-64.5455
-64.5472
-64.5489
-64.5506
-64.5523
-64.554
-64.5556
-64.5573
-64.5589
-64.5605
-64.5621
-64.5637
-64.5652
-64.5667
-64.5683
-64.5698
-64.5712
-64.5727
-64.5742
-64.5756
-64.577
-64.5784
-64.5798
-64.5812
-64.5826
-64.5839
-64.5852
-64.5866
-64.5879
-64.5892
-64.5904
-64.5917
-64.5929
-64.5942
-64.5954
-64.5966
-64.5978
-64.599
-64.6002
-64.6013
-64.6025
-64.6036
-64.6047
-64.6058
-64.6069
-64.608
-64.6091
-64.6102
-64.6112
-64.6123
-64.6133
-64.6143
-64.6153
-64.6163
-64.6173
-64.6183
-64.6193
-64.6202
-64.6212
-64.6221
-64.623
-64.6239
-64.6248
-64.6257
-64.6266
-64.6275
-64.6284
-64.6292
-64.6301
-64.6309
-64.6317
-64.6326
-64.6334
-64.6342
-64.635
-64.6358
-64.6366
-64.6373
-64.6381
-64.6388
-64.6396
-64.6403
-64.6411
-64.6418
-64.6425
-64.6432
-64.6439
-64.6446
-64.6453
-64.646
-64.6467
-64.6473
-64.648
-64.6486
-64.6493
-64.6499
-64.6505
-64.6512
-64.6518
-64.6524
-64.653
-64.6536
-64.6542
-64.6548
-64.6554
-64.6559
-64.6565
-64.6571
-64.6576
-64.6582
-64.6587
-64.6593
-64.6598
-64.6603
-64.6609
-64.6614
-64.6619
-64.6624
-64.6629
-64.6634
-64.6639
-64.6644
-64.6649
-64.6653
-64.6658
-64.6663
-64.6667
-64.6672
-64.6677
-64.6681
-64.6686
-64.669
-64.6694
-64.6699
-64.6703
-64.6707
-64.6711
-64.6716
-64.672
-64.6724
-64.6728
-64.6732
-64.6736
-64.674
-64.6744
-64.6747
-64.6751
-64.6755
-64.6759
-64.6762
-64.6766
-64.677
-64.6773
-64.6777
-64.678
-64.6784
-64.6787
-64.6791
-64.6794
-64.6798
-64.6801
-64.6804
-64.6808
-64.6811
-64.6814
-64.6817
-64.682
-64.6823
-64.6827
-64.683
-64.6833
-64.6836
-64.6839
-64.6842
-64.6845
-64.6848
-64.6851
-64.6853
-64.6856
-64.6859
-64.6862
-64.6865
-64.6867
-64.687
-64.6873
-64.6876
-64.6878
-64.6881
-64.6883
-64.6886
-64.6889
-64.6891
-64.6894
-64.6896
-64.6899
-64.6901
-64.6904
-64.6906
-64.6909
-64.6911
-64.6913
-64.6916
-64.6918
-64.692
-64.6923
-64.6925
-64.6927
-64.693
-64.6932
-64.6934
-64.6936
-64.6939
-64.6941
-64.6943
-64.6945
-64.6947
-64.6949
-64.6952
-64.6954
-64.6956
-64.6958
-64.696
-64.6962
-64.6964
-64.6966
-64.6968
-64.697
-64.6972
-64.6974
-64.6976
-64.6978
-64.698
-64.6982
-64.6984
-64.6986
-64.6988
-64.6989
-64.6991
-64.6993
-64.6995
-64.6997
-64.6999
-64.7001
-64.7002
-64.7004
-64.7006
-64.7008
-64.701
-64.7011
-64.7013
-64.7015
-64.7017
-64.7018
-64.6989
-64.6899
-64.6735
-64.6492
-64.6173
-64.5783
-64.5333
-64.4831
-64.4287
-64.371
-64.3109
-64.2492
-64.1864
-64.1232
-64.0601
-63.9975
-63.9358
-63.8752
-63.816
-63.7584
-63.7025
-63.6484
-63.5962
-63.546
-63.4978
-63.4516
-63.4075
-63.3653
-63.3252
-63.287
-63.2507
-63.2164
-63.1839
-63.1532
-63.1243
-63.0971
-63.0716
-63.0476
-63.0253
-63.0044
-62.9851
-62.9671
-62.9505
-62.9352
-62.9212
-62.9084
-62.8968
-62.8864
-62.877
-62.8687
-62.8613
-62.855
-62.8496
-62.8451
-62.8414
-62.8386
-62.8365
-62.8353
-62.8347
-62.8348
-62.8356
-62.8371
-62.8391
-62.8417
-62.8449
-62.8486
-62.8528
-62.8575
-62.8627
-62.8683
-62.8743
-62.8807
-62.8875
-62.8946
-62.9021
-62.9099
-62.918
-62.9264
-62.9351
-62.9441
-62.9532
-62.9626
-62.9723
-62.9821
-62.9921
-63.0023
-63.0127
-63.0232
-63.0338
-63.0446
-63.0556
-63.0666
-63.0778
-63.089
-63.1003
-63.1117
-63.1232
-63.1348
-63.1464
-63.1581
-63.1698
-63.1815
-63.1933
-63.2051
-63.217
-63.2288
-63.2407
-63.2526
-63.2644
-63.2763
-63.2882
-63.3
-63.3119
-63.3237
-63.3355
-63.3473
-63.359
-63.3707
-63.3824
-63.3941
-63.4057
-63.4173
-63.4288
-63.4403
-63.4517
-63.4631
-63.4744
-63.4857
-63.4969
-63.5081
-63.5192
-63.5302
-63.5412
-63.5521
-63.563
-63.5738
-63.5814
-63.5832
-63.5776
-63.5642
-63.5433
-63.5156
-63.4818
-63.443
-63.4001
-63.3539
-63.3054
-63.2552
-63.2041
-63.1526
-63.1012
-63.0503
-63.0002
-62.9512
-62.9036
-62.8576
-62.8132
-62.7705
-62.7297
-62.6908
-62.6539
-62.6188
-62.5858
-62.5546
-62.5253
-62.4979
-62.4723
-62.4485
-62.4264
-62.406
-62.3871
-62.3698
-62.3539
-62.3394
-62.3263
-62.3144
-62.3037
-62.2943
-62.2859
-62.2787
-62.2725
-62.2674
-62.2632
-62.26
-62.2577
-62.2563
-62.2557
-62.2559
-62.257
-62.2588
-62.2613
-62.2646
-62.2685
-62.2731
-62.2784
-62.2842
-62.2906
-62.2976
-62.3051
-62.3131
-62.3216
-62.3306
-62.34
-62.3499
-62.3602
-62.3708
-62.3818
-62.3931
-62.4048
-62.4167
-62.4288
-62.4411
-62.4536
-62.4662
-62.479
-62.4919
-62.5048
-62.5179
-62.531
-62.5441
-62.5574
-62.5707
-62.584
-62.5974
-62.6109
-62.6243
-62.6379
-62.6515
-62.6651
-62.6788
-62.6925
-62.7062
-62.72
-62.7338
-62.7477
-62.7616
-62.7755
-62.7894
-62.8034
-62.8174
-62.8314
-62.8455
-62.8595
-62.8736
-62.8877
-62.9018
-62.9159
-62.93
-62.9441
-62.9582
-62.9722
-62.9863
-63.0004
-63.0144
-63.0285
-63.0425
-63.0565
-63.0705
-63.0844
-63.0983
-63.1122
-63.1261
-63.1399
-63.1537
-63.1674
-63.1811
-63.1948
-63.2084
-63.2219
-63.2354
-63.2489
-63.2623
-63.2756
-63.2889
-63.3021
-63.3153
-63.3284
-63.3415
-63.3545
-63.3674
-63.3802
-63.393
-63.4057
-63.4184
-63.4309
-63.4434
-63.4558
-63.4681
-63.4803
-63.4924
-63.5043
-63.516
-63.5276
-63.539
-63.5501
-63.5611
-63.5718
-63.5823
-63.5926
-63.6026
-63.6124
-63.6218
-63.6311
-63.64
-63.6486
-63.657
-63.6652
-63.673
-63.6807
-63.6881
-63.6953
-63.7023
-63.7091
-63.7157
-63.7222
-63.7286
-63.7348
-63.7409
-63.7469
-63.7528
-63.7587
-63.7645
-63.7702
-63.7811
-63.7941
-63.8079
-63.8221
-63.8365
-63.8508
-63.8648
-63.8786
-63.8921
-63.9052
-63.918
-63.9303
-63.9423
-63.9539
-63.9651
-63.976
-63.9865
-63.9966
-64.0064
-64.0159
-64.0252
-64.0341
-64.0428
-64.0512
-64.0594
-64.0673
-64.075
-64.0824
-64.0896
-64.0965
-64.1031
-64.1095
-64.1157
-64.1216
-64.1273
-64.1327
-64.1379
-64.143
-64.1479
-64.1526
-64.1571
-64.1615
-64.1657
-64.1699
-64.1739
-64.1779
-64.1817
-64.1855
-64.1892
-64.1929
-64.1965
-64.2
-64.2036
-64.2071
-64.2105
-64.214
-64.2174
-64.2208
-64.2243
-64.2277
-64.2311
-64.2345
-64.2379
-64.2413
-64.2448
-64.2482
-64.2517
-64.2551
-64.2586
-64.2621
-64.2656
-64.2691
-64.2726
-64.2762
-64.2797
-64.2833
-64.2869
-64.2905
-64.2941
-64.2977
-64.3014
-64.305
-64.3087
-64.3124
-64.3161
-64.3198
-64.3235
-64.3272
-64.3309
-64.3347
-64.3384
-64.3421
-64.3459
-64.3496
-64.3534
-64.3571
-64.3609
-64.3646
-64.3684
-64.3721
-64.3759
-64.3796
-64.3834
-64.3871
-64.3908
-64.3946
-64.3983
-64.402
-64.4057
-64.4094
-64.413
-64.4167
-64.4203
-64.424
-64.4276
-64.4312
-64.4348
-64.4384
-64.4419
-64.4455
-64.449
-64.4525
-64.456
-64.4595
-64.4629
-64.4664
-64.4698
-64.4732
-64.4766
-64.4799
-64.4832
-64.4866
-64.4898
-64.4931
-64.4772
-64.4453
-64.4019
-64.3505
-64.2934
-64.2323
-64.1685
-64.103
-64.0366
-63.97
-63.9036
-63.8379
-63.7733
-63.7099
-63.6481
-63.5881
-63.5299
-63.4736
-63.4195
-63.3674
-63.3175
-63.2697
-63.2241
-63.1807
-63.1394
-63.1002
-63.063
-63.028
-62.9949
-62.9637
-62.9344
-62.907
-62.8814
-62.8575
-62.8352
-62.8146
-62.7956
-62.7781
-62.762
-62.7474
-62.7341
-62.7221
-62.7114
-62.7019
-62.6935
-62.6863
-62.6801
-62.675
-62.6709
-62.6677
-62.6654
-62.664
-62.6634
-62.6636
-62.6646
-62.6663
-62.6687
-62.6718
-62.6755
-62.6798
-62.6847
-62.6901
-62.6961
-62.7026
-62.7095
-62.7169
-62.7247
-62.7329
-62.7415
-62.7504
-62.7597
-62.7693
-62.7792
-62.7895
-62.7999
-62.8107
-62.8217
-62.8329
-62.8443
-62.8559
-62.8677
-62.8797
-62.8918
-62.9041
-62.9165
-62.929
-62.9417
-62.9544
-62.9673
-62.9802
-62.9932
-63.0063
-63.0194
-63.0326
-63.0458
-63.0591
-63.0724
-63.0857
-63.0991
-63.1124
-63.1258
-63.1392
-63.1525
-63.1659
-63.1792
-63.1926
-63.2059
-63.2191
-63.2324
-63.2456
-63.2587
-63.2719
-63.285
-63.298
-63.311
-63.3239
-63.3368
-63.3496
-63.3624
-63.3751
-63.3877
-63.4003
-63.4128
-63.4252
-63.4376
-63.4499
-63.4621
-63.4743
-63.4863
-63.4983
-63.5102
-63.522
-63.5338
-63.5455
-63.557
-63.5685
-63.58
-63.5913
-63.6025
-63.6137
-63.6248
-63.6358
-63.6467
-63.6575
-63.6682
-63.6789
-63.6894
-63.6999
-63.7103
-63.7206
-63.7308
-63.7409
-63.751
-63.7609
-63.7708
-63.7806
-63.7902
-63.7998
-63.8094
-63.8188
-63.8281
-63.8374
-63.8466
-63.8557
-63.8647
-63.8736
-63.8824
-63.8912
-63.8999
-63.9085
-63.917
-63.9254
-63.9338
-63.942
-63.9502
-63.9583
-63.9664
-63.9743
-63.9822
-63.99
-63.9977
-64.0054
-64.0129
-64.0204
-64.0278
-64.0352
-64.0425
-64.0497
-64.0568
-64.0638
-64.0708
-64.0777
-64.0846
-64.0913
-64.098
-64.1047
-64.1112
-64.1177
-64.1242
-64.1305
-64.1368
-64.1431
-64.1492
-64.1553
-64.1614
-64.1674
-64.1733
-64.1791
-64.1849
-64.1906
-64.1963
-64.2019
-64.2075
-64.213
-64.2184
-64.2238
-64.2291
-64.2344
-64.2396
-64.2447
-64.2498
-64.2549
-64.2599
-64.2648
-64.2697
-64.2745
-64.2793
-64.284
-64.2887
-64.2933
-64.2979
-64.3024
-64.3069
-64.3113
-64.3157
-64.32
-64.3243
-64.3285
-64.3327
-64.3369
-64.341
-64.3547
-64.3706
-64.3866
-64.4019
-64.4163
-64.4108
-64.3885
-64.3541
-64.3111
-64.2619
-64.2083
-64.1516
-64.0929
-64.033
-63.9726
-63.9123
-63.8524
-63.7934
-63.7354
-63.6789
-63.6239
-63.5706
-63.5191
-63.4696
-63.422
-63.3764
-63.3328
-63.2913
-63.2518
-63.2142
-63.1787
-63.1451
-63.1135
-63.0837
-63.0557
-63.0295
-63.0051
-62.9823
-62.9612
-62.9416
-62.9235
-62.907
-62.8918
-62.878
-62.8656
-62.8544
-62.8444
-62.8356
-62.828
-62.8214
-62.8159
-62.8113
-62.8078
-62.8051
-62.8033
-62.8024
-62.8023
-62.8029
-62.8043
-62.8064
-62.8091
-62.8125
-62.8165
-62.8211
-62.8262
-62.8319
-62.838
-62.8447
-62.8518
-62.8593
-62.8672
-62.8755
-62.8842
-62.8932
-62.9025
-62.9122
-62.9221
-62.9323
-62.9428
-62.9535
-62.9644
-62.9755
-62.9869
-62.9984
-63.0101
-63.0219
-63.0339
-63.046
-63.0582
-63.0706
-63.0831
-63.0956
-63.1082
-63.1209
-63.1337
-63.1465
-63.1594
-63.1723
-63.1853
-63.1982
-63.2112
-63.2243
-63.2373
-63.2503
-63.2634
-63.2764
-63.2894
-63.3024
-63.3154
-63.3283
-63.3412
-63.3541
-63.367
-63.3798
-63.3925
-63.4053
-63.4179
-63.4306
-63.4431
-63.4556
-63.4681
-63.4805
-63.4928
-63.505
-63.5172
-63.5293
-63.5414
-63.5533
-63.5652
-63.5581
-63.5352
-63.5008
-63.4584
-63.4104
-63.3583
-63.3036
-63.2471
-63.1898
-63.1322
-63.0748
-63.0181
-62.9623
-62.9079
-62.855
-62.8037
-62.7543
-62.7068
-62.6613
-62.6178
-62.5764
-62.5372
-62.5
-62.4648
-62.4318
-62.4007
-62.3717
-62.3446
-62.3194
-62.2961
-62.2745
-62.2547
-62.2366
-62.2202
-62.2053
-62.192
-62.1801
-62.1697
-62.1606
-62.1528
-62.1463
-62.1411
-62.137
-62.134
-62.1321
-62.1312
-62.1313
-62.1324
-62.1343
-62.1371
-62.1408
-62.1452
-62.1503
-62.1562
-62.1628
-62.17
-62.1779
-62.1863
-62.1953
-62.2048
-62.2148
-62.2253
-62.2362
-62.2476
-62.2594
-62.2715
-62.2841
-62.2969
-62.3101
-62.3236
-62.3373
-62.3513
-62.3656
-62.3801
-62.3948
-62.4096
-62.4247
-62.44
-62.4554
-62.4709
-62.4866
-62.5024
-62.5183
-62.5343
-62.5503
-62.5665
-62.5827
-62.599
-62.6153
-62.6317
-62.6481
-62.6645
-62.6809
-62.6974
-62.7138
-62.7302
-62.7467
-62.7631
-62.7795
-62.7958
-62.8122
-62.8284
-62.8447
-62.8609
-62.8771
-62.8932
-62.9092
-62.9252
-62.9411
-62.9569
-62.9727
-62.9884
-63.004
-63.0196
-63.0351
-63.0504
-63.0657
-63.0809
-63.0961
-63.1111
-63.126
-63.1409
-63.1556
-63.1703
-63.1848
-63.1993
-63.2136
-63.2279
-63.242
-63.2561
-63.27
-63.2838
-63.2976
-63.3112
-63.3247
-63.3381
-63.3514
-63.3647
-63.3777
-63.3907
-63.4036
-63.4164
-63.4291
-63.4416
-63.4541
-63.4664
-63.4787
-63.4908
-63.5028
-63.5147
-63.5265
-63.5383
-63.5499
-63.5614
-63.5727
-63.584
-63.5952
-63.6063
-63.6173
-63.6282
-63.6389
-63.6496
-63.6602
-63.6707
-63.681
-63.6913
-63.7015
-63.7116
-63.7215
-63.7314
-63.7412
-63.7509
-63.7605
-63.77
-63.7794
-63.7887
-63.7979
-63.8071
-63.8161
-63.8251
-63.8339
-63.8427
-63.8514
-63.86
-63.8685
-63.8769
-63.8853
-63.8935
-63.9017
-63.9098
-63.9178
-63.9257
-63.9335
-63.9413
-63.949
-63.9566
-63.9641
-63.9715
-63.9789
-63.9862
-63.9934
-64.0005
-64.0076
-64.0146
-64.0215
-64.0284
-64.0351
-64.0418
-64.0485
-64.055
-64.0615
-64.0679
-64.0743
-64.0806
-64.0868
-64.093
-64.0991
-64.1051
-64.1111
-64.117
-64.1228
-64.1286
-64.1343
-64.1399
-64.1455
-64.151
-64.1565
-64.1619
-64.1673
-64.1726
-64.1778
-64.183
-64.1881
-64.1932
-64.1982
-64.2032
-64.2081
-64.2129
-64.2177
-64.2356
-64.2562
-64.2771
-64.297
-64.3222
-64.3475
-64.3717
-64.3754
-64.3616
-64.3351
-64.2994
-64.257
-64.2096
-64.1654
-64.1267
-64.0883
-64.0487
-64.0079
-63.9663
-63.9241
-63.8817
-63.8395
-63.7979
-63.757
-63.7171
-63.6783
-63.6409
-63.6048
-63.5702
-63.5371
-63.5055
-63.4754
-63.4469
-63.4199
-63.3944
-63.3704
-63.3478
-63.3267
-63.3069
-63.2885
-63.2714
-63.2556
-63.2411
-63.2277
-63.2154
-63.2043
-63.2013
-63.2073
-63.2143
-63.2201
-63.2236
-63.2319
-63.2395
-63.2453
-63.2491
-63.2511
-63.2515
-63.2509
-63.2493
-63.2543
-63.2675
-63.2823
-63.2967
-63.3102
-63.3227
-63.3343
-63.3451
-63.3554
-63.3652
-63.3747
-63.3841
-63.3934
-63.4027
-63.4121
-63.4215
-63.431
-63.4407
-63.4505
-63.4604
-63.4705
-63.4807
-63.498
-63.5168
-63.5359
-63.5546
-63.5796
-63.6124
-63.6454
-63.6759
-63.7029
-63.7263
-63.7462
-63.7629
-63.7768
-63.7883
-63.8046
-63.8207
-63.8356
-63.849
-63.861
-63.8718
-63.8816
-63.8906
-63.899
-63.907
-63.9146
-63.9219
-63.9291
-63.9363
-63.9434
-63.9505
-63.9576
-63.9648
-63.9721
-63.9794
-63.9934
-64.0089
-64.0246
-64.0399
-64.0546
-64.0688
-64.0825
-64.0957
-64.1084
-64.1209
-64.133
-64.1513
-64.1708
-64.1901
-64.2088
-64.2267
-64.2437
-64.2601
-64.2757
-64.2907
-64.3052
-64.3191
-64.3601
-64.4103
-64.4618
-64.5116
-64.5586
-64.6025
-64.6435
-64.6819
-64.7179
-64.7518
-64.7839
-64.8144
-64.8434
-64.871
-64.8975
-64.9229
-64.9472
-64.9705
-64.9929
-65.0145
-65.0353
-65.0612
-65.0876
-65.1134
-65.1439
-65.1744
-65.2038
-65.2316
-65.2577
-65.291
-65.3238
-65.3652
-65.4053
-65.4414
-65.4728
-65.5053
-65.5347
-65.5604
-65.5825
-65.6013
-65.6165
-65.6277
-65.6349
-65.6385
-65.6388
-65.6362
-65.6312
-65.6241
-65.6154
-65.6055
-65.5946
-65.583
-65.571
-65.5588
-65.5464
-65.5385
-65.5324
-65.5274
-65.5229
-65.519
-65.5154
-65.5121
-65.5091
-65.5064
-65.5039
-65.5016
-65.4995
-65.4976
-65.4959
-65.4944
-65.4923
-65.4887
-65.4834
-65.4763
-65.4673
-65.4567
-65.4447
-65.4316
-65.4176
-65.4029
-65.3936
-65.3852
-65.3826
-65.3867
-65.3917
-65.3961
-65.4051
-65.4143
-65.4225
-65.4296
-65.4346
-65.4371
-65.4369
-65.434
-65.4287
-65.4212
-65.412
-65.4014
-65.3896
-65.377
-65.3637
-65.3559
-65.3492
-65.3425
-65.3596
-65.3848
-65.4112
-65.4363
-65.4593
-65.4799
-65.4985
-65.5152
-65.5304
-65.5444
-65.5572
-65.5693
-65.5806
-65.5913
-65.6015
-65.6113
-65.6207
-65.6297
-65.6385
-65.6469
-65.6551
-65.6631
-65.6708
-65.6783
-65.6855
-65.6926
-65.6994
-65.706
-65.7124
-65.7186
-65.7301
-65.7481
-65.7672
-65.7856
-65.8084
-65.8311
-65.8526
-65.8725
-65.8963
-65.9197
-65.9419
-65.9625
-65.9815
-65.999
-66.0152
-66.0302
-66.0441
-66.057
-66.069
-66.0802
-66.0907
-66.1005
-66.1096
-66.118
-66.1259
-66.1333
-66.1401
-66.1464
-66.1522
-66.1575
-66.1624
-66.1668
-66.1708
-66.1743
-66.1775
-66.1802
-66.1826
-66.1846
-66.1863
-66.1876
-66.1885
-66.1944
-66.2011
-66.2075
-66.2133
-66.2183
-66.2225
-66.2259
-66.2287
-66.2308
-66.2323
-66.2333
-66.2339
-66.2339
-66.2336
-66.2329
-66.2318
-66.2356
-66.2402
-66.2445
-66.2482
-66.2511
-66.2585
-66.2663
-66.2735
-66.2797
-66.2849
-66.2891
-66.2923
-66.2947
-66.2964
-66.3026
-66.3093
-66.3155
-66.3208
-66.3252
-66.3287
-66.3313
-66.3331
-66.3342
-66.3346
-66.3344
-66.3337
-66.3325
-66.3309
-66.3287
-66.3262
-66.3285
-66.3316
-66.3344
-66.3581
-66.3886
-66.4197
-66.449
-66.4756
-66.4996
-66.521
-66.54
-66.557
-66.5722
-66.5859
-66.5981
-66.609
-66.6188
-66.6276
-66.6354
-66.6424
-66.6485
-66.6539
-66.6586
-66.6625
-66.6659
-66.6686
-66.6707
-66.6723
-66.6733
-66.6788
-66.6849
-66.6906
-66.6954
-66.6994
-66.7024
-66.7047
-66.7061
-66.7068
-66.7068
-66.7063
-66.7051
-66.7035
-66.7013
-66.6987
-66.6957
-66.6922
-66.6884
-66.6842
-66.6796
-66.6747
-66.6695
-66.6639
-66.6581
-66.6519
-66.6455
-66.6388
-66.6319
-66.6247
-66.6173
-66.6096
-66.6017
-66.5936
-66.5853
-66.5768
-66.568
-66.5592
-66.5501
-66.5408
-66.5314
-66.5218
-66.5121
-66.5022
-66.4922
-66.4821
-66.4718
-66.4614
-66.4508
-66.4402
-66.4346
-66.43
-66.4254
-66.4204
-66.4189
-66.4183
-66.4179
-66.4173
-66.4164
-66.4151
-66.4134
-66.4113
-66.4087
-66.4057
-66.4023
-66.3985
-66.3995
-66.4012
-66.4027
-66.4112
-66.4013
-66.3746
-66.3355
-66.2871
-66.232
-66.1719
-66.1083
-66.0423
-65.9747
-65.9063
-65.8376
-65.7691
-65.7012
-65.6342
-65.5684
-65.5039
-65.441
-65.3797
-65.3201
-65.2624
-65.2064
-65.1524
-65.1002
-65.05
-65.0016
-64.955
-64.9103
-64.8673
-64.8262
-64.7867
-64.7489
-64.7128
-64.6782
-64.6452
-64.6136
-64.5835
-64.5548
-64.5275
-64.5015
-64.4767
-64.4531
-64.4307
-64.4094
-64.3892
-64.37
-64.3519
-64.3347
-64.3184
-64.303
-64.2885
-64.2748
-64.2619
-64.2497
-64.2383
-64.2275
-64.2175
-64.208
-64.1992
-64.1909
-64.1832
-64.176
-64.1694
-64.1632
-64.1575
-64.1522
-64.1474
-64.1429
-64.1389
-64.1352
-64.1319
-64.1289
-64.1262
-64.1238
-64.1217
-64.1199
-64.1183
-64.117
-64.1159
-64.115
-64.1144
-64.1139
-64.1137
-64.1136
-64.1137
-64.1139
-64.1143
-64.1148
-64.1155
-64.1163
-64.1172
-64.1182
-64.1193
-64.1205
-64.1218
-64.1232
-64.1247
-64.1262
-64.1278
-64.1295
-64.1312
-64.1329
-64.1348
-64.1366
-64.1385
-64.1405
-64.1424
-64.1444
-64.1465
-64.1485
-64.1506
-64.1527
-64.1548
-64.1569
-64.159
-64.1611
-64.1632
-64.1654
-64.1675
-64.1696
-64.1717
-64.1739
-64.176
-64.1781
-64.1802
-64.1823
-64.1843
-64.1864
-64.1885
-64.1905
-64.1925
-64.1945
-64.1965
-64.1985
-64.2004
-64.2024
-64.2043
-64.2062
-64.208
-64.2099
-64.2117
-64.2135
-64.2153
-64.2171
-64.2188
-64.2205
-64.2222
-64.2239
-64.2255
-64.2272
-64.2288
-64.2303
-64.2319
-64.2334
-64.2349
-64.2364
-64.2379
-64.2393
-64.2408
-64.2422
-64.2435
