-65
-64.9848
-64.9714
-64.9581
-64.9453
-64.9331
-64.9218
-64.9115
-64.9021
-64.8937
-64.8861
-64.8793
-64.8732
-64.8678
-64.8629
-64.8585
-64.8546
-64.851
-64.8479
-64.845
-64.8425
-64.8402
-64.8382
-64.8363
-64.8347
-64.8333
-64.832
-64.8309
-64.8299
-64.8291
-64.8284
-64.8278
-64.8273
-64.8269
-64.8266
-64.8264
-64.8262
-64.8262
-64.8262
-64.8263
-64.8264
-64.8267
-64.8269
-64.8272
-64.8276
-64.828
-64.8285
-64.8289
-64.8295
-64.83
-64.8306
-64.8313
-64.8319
-64.8326
-64.8333
-64.8341
-64.8348
-64.8356
-64.8364
-64.8372
-64.838
-64.8389
-64.8397
-64.8406
-64.8415
-64.8424
-64.8433
-64.8442
-64.8452
-64.8461
-64.847
-64.848
-64.8489
-64.8499
-64.8508
-64.8518
-64.8528
-64.8538
-64.8547
-64.8557
-64.8567
-64.8577
-64.8586
-64.8596
-64.8606
-64.8616
-64.8625
-64.8635
-64.8645
-64.8655
-64.8664
-64.8674
-64.8684
-64.8693
-64.8703
-64.8712
-64.8722
-64.8731
-64.8741
-64.875
-64.876
-64.8769
-64.8778
-64.8787
-64.8797
-64.8806
-64.8815
-64.8824
-64.8833
-64.8842
-64.8851
-64.886
-64.8868
-64.8877
-64.8886
-64.8894
-64.8903
-64.8912
-64.892
-64.8928
-64.8937
-64.8945
-64.8953
-64.8961
-64.897
-64.8978
-64.8986
-64.8994
-64.9001
-64.9009
-64.9017
-64.9025
-64.9032
-64.904
-64.9048
-64.9055
-64.9062
-64.907
-64.9077
-64.9084
-64.9091
-64.9099
-64.9106
-64.9113
-64.912
-64.9127
-64.9133
-64.914
-64.9147
-64.9154
-64.916
-64.9167
-64.9173
-64.918
-64.9186
-64.9193
-64.9199
-64.9205
-64.9211
-64.9217
-64.9223
-64.9229
-64.9235
-64.9241
-64.9247
-64.9253
-64.9259
-64.9265
-64.927
-64.9276
-64.9281
-64.9287
-64.9292
-64.9298
-64.9303
-64.9308
-64.9314
-64.9319
-64.9324
-64.9329
-64.9334
-64.9339
-64.9344
-64.9349
-64.9354
-64.9359
-64.9364
-64.9369
-64.9373
-64.9378
-64.9383
-64.9387
-64.9392
-64.9396
-64.9401
-64.9405
-64.9409
-64.9414
-64.9418
-64.9422
-64.9427
-64.9431
-64.9435
-64.9439
-64.9443
-64.9447
-64.9451
-64.9455
-64.9459
-64.9463
-64.9466
-64.947
-64.9474
-64.9478
-64.9481
-64.9485
-64.9489
-64.9492
-64.9496
-64.9499
-64.9503
-64.9506
-64.9509
-64.9513
-64.9516
-64.9519
-64.9523
-64.9526
-64.9529
-64.9532
-64.9535
-64.9538
-64.9542
-64.9545
-64.9548
-64.9551
-64.9553
-64.9556
-64.9559
-64.9562
-64.9565
-64.9568
-64.9571
-64.9573
-64.9576
-64.9579
-64.9581
-64.9584
-64.9586
-64.9589
-64.9592
-64.9594
-64.9597
-64.9599
-64.9601
-64.9604
-64.9606
-64.9609
-64.9611
-64.9613
-64.9616
-64.9618
-64.962
-64.9622
-64.9624
-64.9627
-64.9629
-64.9631
-64.9633
-64.9635
-64.9637
-64.9639
-64.9641
-64.9643
-64.9645
-64.9647
-64.9649
-64.9651
-64.9653
-64.9654
-64.9656
-64.9658
-64.966
-64.9662
-64.9663
-64.9665
-64.9667
-64.9668
-64.967
-64.9672
-64.9673
-64.9675
-64.9677
-64.9678
-64.968
-64.9681
-64.9683
-64.9684
-64.9686
-64.9687
-64.9689
-64.969
-64.9692
-64.9693
-64.9694
-64.9696
-64.9697
-64.9698
-64.97
-64.9701
-64.9702
-64.9703
-64.9705
-64.9706
-64.9707
-64.9708
-64.971
-64.9711
-64.9712
-64.9713
-64.9714
-64.9715
-64.9716
-64.9717
-64.9719
-64.972
-64.9721
-64.9722
-64.9723
-64.9724
-64.9725
-64.9726
-64.9727
-64.9728
-64.9729
-64.9729
-64.973
-64.9731
-64.9732
-64.9733
-64.9734
-64.9735
-64.9736
-64.9736
-64.9737
-64.9738
-64.9739
-64.974
-64.974
-64.9741
-64.9742
-64.9743
-64.9743
-64.9744
-64.9745
-64.9746
-64.9746
-64.9747
-64.9748
-64.9748
-64.9749
-64.975
-64.975
-64.9751
-64.9751
-64.9752
-64.9753
-64.9753
-64.9754
-64.9754
-64.9755
-64.9755
-64.9756
-64.9757
-64.9757
-64.9758
-64.9758
-64.9759
-64.9759
-64.976
-64.976
-64.976
-64.9761
-64.9761
-64.9762
-64.9762
-64.9763
-64.9763
-64.9763
-64.9764
-64.9764
-64.9765
-64.9765
-64.9765
-64.9766
-64.9766
-64.9766
-64.9767
-64.9767
-64.9768
-64.9768
-64.9768
-64.9768
-64.9769
-64.9769
-64.9769
-64.977
-64.977
-64.977
-64.977
-64.9771
-64.9771
-64.9771
-64.9772
-64.9772
-64.9772
-64.9772
-64.9772
-64.9773
-64.9773
-64.9773
-64.9773
-64.9773
-64.9774
-64.9774
-64.9774
-64.9774
-64.9774
-64.9775
-64.9775
-64.9775
-64.9775
-64.9775
-64.9775
-64.9775
-64.9776
-64.9776
-64.9776
-64.9776
-64.9776
-64.9776
-64.9776
-64.9776
-64.9777
-64.9777
-64.9777
-64.9777
-64.9777
-64.9777
-64.9777
-64.9777
-64.9777
-64.9777
-64.9777
-64.9777
-64.9777
-64.9778
-64.9778
-64.9778
-64.9778
-64.9778
-64.9778
-64.9778
-64.9778
-64.9778
-64.9778
-64.9778
-64.9778
-64.9778
-64.9778
-64.9778
-64.9778
-64.9778
-64.9778
-64.9778
-64.9778
-64.9778
-64.9778
-64.9778
-64.9778
-64.9778
-64.9778
-64.9778
-64.9778
-64.9778
-64.9778
-64.9778
-64.9778
-64.9778
-64.9777
-64.9777
-64.9777
-64.9777
-64.9777
-64.9777
-64.9777
-64.9777
-64.9777
-64.9777
-64.9777
-64.9777
-64.9777
-64.9777
-64.9777
-64.9777
-64.9776
-64.9776
-64.9776
-64.9776
-64.9776
-64.9776
-64.9776
-64.9776
-64.9776
-64.9776
-64.9776
-64.9776
-64.9775
-64.9775
-64.9775
-64.9775
-64.9775
-64.9775
-64.9775
-64.9775
-64.9775
-64.9774
-64.9774
-64.9774
-64.9774
-64.9774
-64.9774
-64.9774
-64.9774
-64.9774
-64.9773
-64.9773
-64.9773
-64.9773
-64.9773
-64.9773
-64.9773
-64.9772
-64.9772
-64.9772
-64.9772
-64.9772
-64.9772
-64.9772
-64.9772
-64.9771
-64.9771
-64.9771
-64.9771
-64.9771
-64.9771
-64.9771
-64.977
-64.977
-64.977
-64.977
-64.977
-64.977
-64.9769
-64.9769
-64.9769
-64.9769
-64.9769
-64.9769
-64.9769
-64.9768
-64.9768
-64.9768
-64.9768
-64.9768
-64.9768
-64.9767
-64.9767
-64.9767
-64.9767
-64.9767
-64.9767
-64.9766
-64.9766
-64.9766
-64.9766
-64.9766
-64.9766
-64.9765
-64.9765
-64.9765
-64.9765
-64.9765
-64.9765
-64.9764
-64.9764
-64.9764
-64.9764
-64.9764
-64.9764
-64.9763
-64.9763
-64.9763
-64.9763
-64.9763
-64.9763
-64.9762
-64.9762
-64.9762
-64.9762
-64.9762
-64.9762
-64.9761
-64.9761
-64.9761
-64.9761
-64.9761
-64.9761
-64.976
-64.976
-64.976
-64.976
-64.976
-64.9759
-64.9759
-64.9759
-64.9759
-64.9759
-64.9759
-64.9758
-64.9758
-64.9758
-64.9758
-64.9758
-64.9758
-64.9757
-64.9757
-64.9757
-64.9757
-64.9757
-64.9756
-64.9756
-64.9756
-64.9756
-64.9756
-64.9756
-64.9755
-64.9755
-64.9755
-64.9755
-64.9755
-64.9755
-64.9754
-64.9754
-64.9754
-64.9754
-64.9754
-64.9753
-64.9753
-64.9753
-64.9753
-64.9753
-64.9753
-64.9752
-64.9752
-64.9752
-64.9752
-64.9752
-64.9752
-64.9751
-64.9751
-64.9751
-64.9751
-64.9751
-64.975
-64.975
-64.975
-64.975
-64.975
-64.975
-64.9749
-64.9749
-64.9749
-64.9749
-64.9749
-64.9749
-64.9748
-64.9748
-64.9748
-64.9748
-64.9748
-64.9748
-64.9747
-64.9747
-64.9747
-64.9747
-64.9747
-64.9747
-64.9746
-64.9746
-64.9746
-64.9746
-64.9746
-64.9746
-64.9745
-64.9745
-64.9745
-64.9745
-64.9745
-64.9745
-64.9744
-64.9744
-64.9744
-64.9744
-64.9744
-64.9744
-64.9743
-64.9743
-64.9743
-64.9743
-64.9743
-64.9743
-64.9742
-64.9742
-64.9742
-64.9742
-64.9742
-64.9742
-64.9741
-64.9741
-64.9741
-64.9741
-64.9741
-64.9741
-64.974
-64.974
-64.974
-64.974
-64.974
-64.974
-64.9739
-64.9739
-64.9739
-64.9739
-64.9739
-64.9739
-64.9739
-64.9738
-64.9738
-64.9738
-64.9738
-64.9738
-64.9738
-64.9737
-64.9737
-64.9737
-64.9737
-64.9737
-64.9737
-64.9736
-64.9736
-64.9736
-64.9736
-64.9736
-64.9736
-64.9736
-64.9735
-64.9735
-64.9735
-64.9735
-64.9735
-64.9735
-64.9735
-64.9734
-64.9734
-64.9734
-64.9734
-64.9734
-64.9734
-64.9734
-64.9733
-64.9733
-64.9733
-64.9733
-64.9733
-64.9733
-64.9732
-64.9732
-64.9732
-64.9732
-64.9732
-64.9732
-64.9732
-64.9732
-64.9731
-64.9731
-64.9731
-64.9731
-64.9731
-64.9731
-64.9731
-64.973
-64.973
-64.973
-64.973
-64.973
-64.973
-64.973
-64.9729
-64.9729
-64.9729
-64.9729
-64.9729
-64.9729
-64.9729
-64.9728
-64.9728
-64.9728
-64.9728
-64.9728
-64.9728
-64.9728
-64.9728
-64.9727
-64.9727
-64.9727
-64.9727
-64.9727
-64.9727
-64.9727
-64.9727
-64.9726
-64.9726
-64.9726
-64.9726
-64.9726
-64.9726
-64.9726
-64.9725
-64.9725
-64.9725
-64.9725
-64.9725
-64.9725
-64.9725
-64.9725
-64.9724
-64.9724
-64.9724
-64.9724
-64.9724
-64.9724
-64.9724
-64.9724
-64.9724
-64.9723
-64.9723
-64.9723
-64.9723
-64.9723
-64.9723
-64.9723
-64.9723
-64.9722
-64.9722
-64.9722
-64.9722
-64.9722
-64.9722
-64.9722
-64.9722
-64.9721
-64.9721
-64.9721
-64.9721
-64.9721
-64.9721
-64.9721
-64.9721
-64.9721
-64.972
-64.972
-64.972
-64.972
-64.972
-64.972
-64.972
-64.972
-64.972
-64.9719
-64.9719
-64.9719
-64.9719
-64.9719
-64.9719
-64.9719
-64.9719
-64.9719
-64.9718
-64.9718
-64.9718
-64.9718
-64.9718
-64.9718
-64.9718
-64.9718
-64.9718
-64.9718
-64.9717
-64.9717
-64.9717
-64.9717
-64.9717
-64.9717
-64.9717
-64.9717
-64.9717
-64.9717
-64.9716
-64.9716
-64.9716
-64.9716
-64.9716
-64.9716
-64.9716
-64.9716
-64.9716
-64.9716
-64.9715
-64.9715
-64.9715
-64.9715
-64.9715
-64.9715
-64.9715
-64.9715
-64.9715
-64.9715
-64.9714
-64.9714
-64.9714
-64.9714
-64.9714
-64.9714
-64.9714
-64.9714
-64.9714
-64.9714
-64.9714
-64.9713
-64.9713
-64.9713
-64.9713
-64.9713
-64.9713
-64.9713
-64.9713
-64.9713
-64.9713
-64.9713
-64.9712
-64.9712
-64.9712
-64.9712
-64.9712
-64.9712
-64.9712
-64.9712
-64.9712
-64.9712
-64.9712
-64.9711
-64.9711
-64.9711
-64.9711
-64.9711
-64.9711
-64.9711
-64.9711
-64.9711
-64.9711
-64.9711
-64.9711
-64.971
-64.971
-64.971
-64.971
-64.971
-64.971
-64.971
-64.971
-64.971
-64.971
-64.971
-64.971
-64.9709
-64.9709
-64.9709
-64.9709
-64.9709
-64.9709
-64.9709
-64.9709
-64.9709
-64.9709
-64.9709
-64.9709
-64.9709
-64.9708
-64.9708
-64.9708
-64.9708
-64.9708
-64.9708
-64.9708
-64.9708
-64.9708
-64.9708
-64.9708
-64.9708
-64.9708
-64.9707
-64.9707
-64.9707
-64.9707
-64.9707
-64.9707
-64.9707
-64.9707
-64.9707
-64.9707
-64.9707
-64.9707
-64.9707
-64.9707
-64.9706
-64.9706
-64.9706
-64.9706
-64.9706
-64.9706
-64.9706
-64.9706
-64.9706
-64.9706
-64.9706
-64.9706
-64.9706
-64.9706
-64.9706
-64.9705
-64.9705
-64.9705
-64.9705
-64.9705
-64.9705
-64.9705
-64.9705
-64.9705
-64.9705
-64.9705
-64.9705
-64.9705
-64.9705
-64.9705
-64.9704
-64.9704
-64.9704
-64.9704
-64.9704
-64.9704
-64.9704
-64.9704
-64.9704
-64.9704
-64.9704
-64.9704
-64.9704
-64.9704
-64.9704
-64.9704
-64.9703
-64.9703
-64.9703
-64.9703
-64.9703
-64.9703
-64.9703
-64.9703
-64.9703
-64.9703
-64.9703
-64.9703
-64.9703
-64.9703
-64.9703
-64.9703
-64.9703
-64.9702
-64.9702
-64.9702
-64.9702
-64.9702
-64.9702
-64.9702
-64.9702
-64.9702
-64.9702
-64.9702
-64.9702
-64.9702
-64.9702
-64.9702
-64.9702
-64.9702
-64.9702
-64.9701
-64.9701
-64.9701
-64.9701
-64.9701
-64.9701
-64.9701
-64.9701
-64.9701
-64.9701
-64.9701
-64.9701
-64.9701
-64.9701
-64.9701
-64.9701
-64.9701
-64.9701
-64.9701
-64.97
-64.97
-64.97
-64.97
-64.97
-64.97
-64.97
-64.97
-64.97
-64.97
-64.97
-64.97
-64.97
-64.97
-64.97
-64.97
-64.97
-64.97
-64.97
-64.97
-64.9699
-64.9699
-64.9699
-64.9699
-64.9699
-64.9699
-64.9699
-64.9699
-64.9699
-64.9699
-64.9699
-64.9699
-64.9699
-64.9699
-64.9699
-64.9699
-64.9699
-64.9699
-64.9699
-64.9699
-64.9699
-64.9699
-64.9698
-64.9698
-64.9698
-64.9698
-64.9698
-64.9698
-64.9698
-64.9698
-64.9698
-64.9698
-64.9698
-64.9698
-64.9698
-64.9698
-64.9698
-64.9698
-64.9698
-64.9698
-64.9698
-64.9698
-64.9698
-64.9698
-64.9698
-64.9698
-64.9697
-64.9697
-64.9697
-64.9697
-64.9697
-64.9697
-64.9697
-64.9697
-64.9697
-64.9697
-64.9697
-64.9697
-64.9697
-64.9697
-64.9697
-64.9697
-64.9697
-64.9697
-64.9697
-64.9697
-64.9697
-64.9697
-64.9697
-64.9697
-64.9697
-64.9697
-64.9696
-64.9696
-64.9696
-64.9696
-64.9696
-64.9696
-64.9696
-64.9696
-64.9696
-64.9696
-64.9696
-64.9696
-64.9696
-64.9696
-64.9696
-64.9696
-64.9696
-64.9696
-64.9696
-64.9696
-64.9696
-64.9696
-64.9696
-64.9696
-64.9696
-64.9696
-64.9696
-64.9696
-64.9695
-64.9695
-64.9695
-64.9695
-64.9695
-64.9695
-64.9695
-64.9695
-64.9695
-64.9695
-64.9695
-64.9695
-64.9695
-64.9695
-64.9695
-64.9695
-64.9695
-64.9695
-64.9695
-64.9695
-64.9695
-64.9695
-64.9695
-64.9695
-64.9695
-64.9695
-64.9695
-64.9695
-64.9695
-64.9695
-64.9695
-64.9695
-64.9695
-64.9694
-64.9694
-64.9694
-64.9694
-64.9694
-64.9694
-64.9694
-64.9694
-64.9694
-64.9694
-64.9694
-64.9694
-64.9694
-64.9694
-64.9694
-64.9694
-64.9694
-64.9694
-64.9694
-64.9694
-64.9694
-64.9694
-64.9694
-64.9694
-64.9694
-64.9694
-64.9694
-64.9694
-64.9694
-64.9694
-64.9694
-64.9694
-64.9694
-64.9694
-64.9694
-64.9694
-64.9693
-64.9693
-64.9693
-64.9693
-64.9693
-64.9693
-64.9693
-64.9693
-64.9693
-64.9693
-64.9693
-64.9693
-64.9693
-64.9693
-64.9693
-64.9693
-64.9693
-64.9693
-64.9693
-64.9693
-64.9693
-64.9693
-64.9693
-64.9693
-64.9693
-64.9693
-64.9693
-64.9693
-64.9693
-64.9693
-64.9693
-64.9693
-64.9693
-64.9693
-64.9693
-64.9693
-64.9693
-64.9693
-64.9693
-64.9693
-64.9693
-64.9693
-64.9693
-64.9693
-64.9692
-64.9692
-64.9692
-64.9692
-64.9692
-64.9692
-64.9692
-64.9692
-64.9692
-64.9692
-64.9692
-64.9692
-64.9692
-64.9692
-64.9692
-64.9692
-64.9692
-64.9692
-64.9692
-64.9692
-64.9692
-64.9692
-64.9692
-64.9692
-64.9692
-64.9692
-64.9692
-64.9692
-64.9692
-64.9692
-64.9692
-64.9692
-64.9692
-64.9692
-64.9692
-64.9692
-64.9692
-64.9692
-64.9692
-64.9692
-64.9692
-64.9692
-64.9692
-64.9692
-64.9692
-64.9692
-64.9692
-64.9692
-64.9692
-64.9692
-64.9692
-64.9692
-64.9692
-64.9692
-64.9691
-64.9691
-64.9691
-64.9691
-64.9691
-64.9691
-64.9691
-64.9691
-64.9691
-64.9691
-64.9691
-64.9691
-64.9691
-64.9691
-64.9691
-64.9691
-64.9691
-64.9691
-64.9691
-64.9691
-64.9691
-64.9691
-64.9691
-64.9691
-64.9691
-64.9691
-64.9691
-64.9691
-64.9691
-64.9691
-64.9691
-64.9691
-64.9691
-64.9691
-64.9691
-64.9691
-64.9691
-64.9691
-64.9691
-64.9691
-64.9691
-64.9691
-64.9691
-64.9691
-64.9691
-64.9691
-64.9691
-64.9691
-64.9691
-64.9691
-64.9691
-64.9691
-64.9691
-64.9691
-64.9691
-64.9691
-64.9691
-64.9691
-64.9691
-64.9691
-64.9691
-64.9691
-64.9691
-64.9691
-64.9691
-64.9691
-64.9691
-64.9691
-64.9691
-64.9691
-64.9691
-64.9691
-64.9691
-64.9691
-64.9691
-64.9691
-64.969
-64.969
-64.969
-64.969
-64.969
-64.969
-64.969
-64.969
-64.969
-64.969
-64.969
-64.969
-64.969
-64.969
-64.969
-64.969
-64.969
-64.969
-64.969
-64.969
-64.969
-64.969
-64.969
-64.969
-64.969
-64.969
-64.969
-64.969
-64.969
-64.969
-64.969
-64.969
-64.969
-64.969
-64.969
-64.969
-64.969
-64.969
-64.969
-64.969
-64.969
-64.969
-64.969
-64.969
-64.969
-64.969
-64.969
-64.969
-64.969
-64.969
-64.969
-64.969
-64.969
-64.969
-64.969
-64.969
-64.969
-64.969
-64.969
-64.969
-64.969
-64.969
-64.969
-64.969
-64.969
-64.969
-64.969
-64.969
-64.969
-64.969
-64.969
-64.969
-64.969
-64.969
-64.969
-64.969
-64.969
-64.969
-64.969
-64.969
-64.969
-64.969
-64.969
-64.969
-64.969
-64.969
-64.969
-64.969
-64.969
-64.969
-64.969
-64.969
-64.969
-64.969
-64.969
-64.969
-64.969
-64.969
-64.969
-64.969
-64.969
-64.969
-64.969
-64.969
-64.969
-64.969
-64.969
-64.969
-64.969
-64.969
-64.969
-64.969
-64.969
-64.969
-64.969
-64.969
-64.969
-64.969
-64.969
-64.969
-64.969
-64.969
-64.969
-64.969
-64.969
-64.969
-64.969
-64.969
-64.9781
-64.9893
-65.0006
-65.0113
-65.0213
-65.0304
-65.0387
-65.0463
-65.0532
-65.0597
-65.0656
-65.0712
-65.0763
-65.0812
-65.0858
-65.0901
-65.0942
-65.098
-65.1017
-65.1052
-65.1085
-65.1116
-65.1146
-65.1174
-65.1201
-65.1226
-65.1251
-65.1274
-65.1295
-65.1316
-65.1335
-65.1354
-65.1371
-65.1388
-65.1403
-65.1417
-65.1431
-65.1444
-65.1455
-65.1466
-65.1477
-65.1486
-65.1495
-65.1503
-65.151
-65.1517
-65.1523
-65.1528
-65.1533
-65.1537
-65.154
-65.1543
-65.1546
-65.1548
-65.1549
-65.155
-65.155
-65.155
-65.155
-65.1549
-65.1548
-65.1546
-65.1544
-65.1541
-65.1539
-65.1535
-65.1532
-65.1528
-65.1524
-65.1519
-65.1515
-65.151
-65.1504
-65.1499
-65.1493
-65.1487
-65.148
-65.1474
-65.1467
-65.146
-65.1453
-65.1445
-65.1438
-65.143
-65.1422
-65.1414
-65.1406
-65.1397
-65.1389
-65.138
-65.1371
-65.1362
-65.1353
-65.1344
-65.1335
-65.1325
-65.1316
-65.1306
-65.1296
-65.1287
-65.1277
-65.1267
-65.1257
-65.1247
-65.1236
-65.1226
-65.1216
-65.1205
-65.1195
-65.1184
-65.1174
-65.1163
-65.1153
-65.1142
-65.1132
-65.1121
-65.111
-65.1099
-65.1089
-65.1078
-65.1067
-65.1056
-65.1045
-65.1035
-65.1024
-65.1013
-65.1002
-65.0991
-65.0981
-65.097
-65.0959
-65.0948
-65.0937
-65.0927
-65.0916
-65.0905
-65.0894
-65.0884
-65.0873
-65.0862
-65.0852
-65.0841
-65.083
-65.082
-65.0809
-65.0799
-65.0788
-65.0778
-65.0768
-65.0757
-65.0747
-65.0737
-65.0726
-65.0716
-65.0706
-65.0696
-65.0686
-65.0676
-65.0666
-65.0656
-65.0646
-65.0636
-65.0626
-65.0617
-65.0607
-65.0597
-65.0588
-65.0578
-65.0568
-65.0559
-65.055
-65.054
-65.0531
-65.0522
-65.0512
-65.0503
-65.0494
-65.0485
-65.0476
-65.0467
-65.0458
-65.0449
-65.0441
-65.0432
-65.0423
-65.0415
-65.0406
-65.0397
-65.0389
-65.0381
-65.0372
-65.0364
-65.0356
-65.0348
-65.0339
-65.0331
-65.0323
-65.0315
-65.0308
-65.03
-65.0292
-65.0284
-65.0277
-65.0269
-65.0261
-65.0254
-65.0246
-65.0239
-65.0232
-65.0224
-65.0217
-65.021
-65.0203
-65.0196
-65.0189
-65.0182
-65.0175
-65.0168
-65.0161
-65.0155
-65.0148
-65.0141
-65.0135
-65.0128
-65.0122
-65.0115
-65.0109
-65.0103
-65.0097
-65.009
-65.0084
-65.0078
-65.0072
-65.0066
-65.006
-65.0054
-65.0049
-65.0043
-65.0037
-65.0031
-65.0026
-65.002
-65.0015
-65.0009
-65.0004
-64.9998
-64.9993
-64.9988
-64.9983
-64.9977
-64.9972
-64.9967
-64.9962
-64.9957
-64.9952
-64.9947
-64.9943
-64.9938
-64.9933
-64.9928
-64.9924
-64.9919
-64.9915
-64.991
-64.9906
-64.9901
-64.9897
-64.9892
-64.9888
-64.9884
-64.988
-64.9875
-64.9871
-64.9867
-64.9863
-64.9859
-64.9855
-64.9851
-64.9847
-64.9844
-64.984
-64.9836
-64.9832
-64.9829
-64.9825
-64.9821
-64.9818
-64.9814
-64.9811
-64.9807
-64.9804
-64.98
-64.9797
-64.9794
-64.9791
-64.9787
-64.9784
-64.9781
-64.9778
-64.9775
-64.9772
-64.9769
-64.9766
-64.9763
-64.976
-64.9757
-64.9754
-64.9751
-64.9748
-64.9746
-64.9743
-64.974
-64.9738
-64.9735
-64.9732
-64.973
-64.9727
-64.9725
-64.9722
-64.972
-64.9717
-64.9715
-64.9713
-64.971
-64.9708
-64.9706
-64.9704
-64.9701
-64.9699
-64.9697
-64.9695
-64.9693
-64.9691
-64.9689
-64.9687
-64.9685
-64.9683
-64.9681
-64.9679
-64.9677
-64.9675
-64.9673
-64.9671
-64.9669
-64.9668
-64.9666
-64.9664
-64.9662
-64.9661
-64.9659
-64.9658
-64.9656
-64.9654
-64.9653
-64.9651
-64.965
-64.9648
-64.9647
-64.9645
-64.9644
-64.9642
-64.9641
-64.964
-64.9638
-64.9637
-64.9636
-64.9634
-64.9633
-64.9632
-64.9631
-64.9629
-64.9628
-64.9627
-64.9626
-64.9625
-64.9623
-64.9622
-64.9621
-64.962
-64.9619
-64.9618
-64.9617
-64.9616
-64.9615
-64.9614
-64.9613
-64.9612
-64.9611
-64.961
-64.961
-64.9609
-64.9608
-64.9607
-64.9606
-64.9605
-64.9604
-64.9604
-64.9603
-64.9602
-64.9601
-64.9601
-64.96
-64.9599
-64.9599
-64.9598
-64.9597
-64.9597
-64.9596
-64.9595
-64.9595
-64.9594
-64.9594
-64.9593
-64.9592
-64.9592
-64.9591
-64.9591
-64.959
-64.959
-64.9589
-64.9589
-64.9588
-64.9588
-64.9588
-64.9587
-64.9587
-64.9586
-64.9586
-64.9585
-64.9585
-64.9585
-64.9584
-64.9584
-64.9584
-64.9583
-64.9583
-64.9583
-64.9582
-64.9582
-64.9582
-64.9582
-64.9581
-64.9581
-64.9581
-64.9581
-64.958
-64.958
-64.958
-64.958
-64.9579
-64.9579
-64.9579
-64.9579
-64.9579
-64.9579
-64.9578
-64.9578
-64.9578
-64.9578
-64.9578
-64.9578
-64.9578
-64.9578
-64.9578
-64.9577
-64.9577
-64.9577
-64.9577
-64.9577
-64.9577
-64.9577
-64.9577
-64.9577
-64.9577
-64.9577
-64.9577
-64.9577
-64.9577
-64.9577
-64.9577
-64.9577
-64.9577
-64.9577
-64.9577
-64.9577
-64.9577
-64.9577
-64.9577
-64.9577
-64.9577
-64.9577
-64.9577
-64.9578
-64.9578
-64.9578
-64.9578
-64.9578
-64.9578
-64.9578
-64.9578
-64.9578
-64.9578
-64.9579
-64.9579
-64.9579
-64.9579
-64.9579
-64.9579
-64.9579
-64.9579
-64.958
-64.958
-64.958
-64.958
-64.958
-64.958
-64.9581
-64.9581
-64.9581
-64.9581
-64.9581
-64.9581
-64.9582
-64.9582
-64.9582
-64.9582
-64.9582
-64.9583
-64.9583
-64.9583
-64.9583
-64.9583
-64.9584
-64.9584
-64.9584
-64.9584
-64.9585
-64.9585
-64.9585
-64.9585
-64.9586
-64.9586
-64.9586
-64.9586
-64.9586
-64.9587
-64.9587
-64.9587
-64.9587
-64.9588
-64.9588
-64.9588
-64.9588
-64.9589
-64.9589
-64.9589
-64.959
-64.959
-64.959
-64.959
-64.9591
-64.9591
-64.9591
-64.9591
-64.9592
-64.9592
-64.9592
-64.9593
-64.9593
-64.9593
-64.9593
-64.9594
-64.9594
-64.9594
-64.9595
-64.9595
-64.9595
-64.9595
-64.9596
-64.9596
-64.9596
-64.9597
-64.9597
-64.9597
-64.9597
-64.9598
-64.9598
-64.9598
-64.9599
-64.9599
-64.9599
-64.96
-64.96
-64.96
-64.96
-64.9601
-64.9601
-64.9601
-64.9602
-64.9602
-64.9602
-64.9603
-64.9603
-64.9603
-64.9603
-64.9604
-64.9604
-64.9604
-64.9605
-64.9605
-64.9605
-64.9606
-64.9606
-64.9606
-64.9607
-64.9607
-64.9607
-64.9608
-64.9608
-64.9608
-64.9608
-64.9609
-64.9609
-64.9609
-64.961
-64.961
-64.961
-64.9611
-64.9702
-64.9814
-64.9928
-65.0036
-65.0136
-65.0227
-65.031
-65.0387
-65.0457
-65.0521
-65.0581
-65.0637
-65.0689
-65.0738
-65.0784
-65.0827
-65.0868
-65.0907
-65.0944
-65.0979
-65.1013
-65.1044
-65.1074
-65.1103
-65.113
-65.1156
-65.1181
-65.1204
-65.1226
-65.1247
-65.1267
-65.1285
-65.1303
-65.132
-65.1335
-65.135
-65.1364
-65.1377
-65.1389
-65.14
-65.1411
-65.142
-65.1429
-65.1438
-65.1445
-65.1452
-65.1458
-65.1464
-65.1469
-65.1473
-65.1477
-65.148
-65.1483
-65.1485
-65.1487
-65.1488
-65.1489
-65.1489
-65.1489
-65.1488
-65.1487
-65.1486
-65.1484
-65.1482
-65.1479
-65.1476
-65.1473
-65.1469
-65.1465
-65.1461
-65.1457
-65.1452
-65.1447
-65.1442
-65.1436
-65.143
-65.1424
-65.1418
-65.1411
-65.1405
-65.1398
-65.139
-65.1383
-65.1376
-65.1368
-65.136
-65.1352
-65.1344
-65.1336
-65.1327
-65.1319
-65.131
-65.1301
-65.1292
-65.1283
-65.1274
-65.1265
-65.1255
-65.1246
-65.1236
-65.1226
-65.1217
-65.1207
-65.1197
-65.1187
-65.1177
-65.1167
-65.1157
-65.1147
-65.1136
-65.1126
-65.1116
-65.1106
-65.1185
-65.1285
-65.1386
-65.1481
-65.1569
-65.1648
-65.1719
-65.1783
-65.1842
-65.1894
-65.1942
-65.1986
-65.2027
-65.2064
-65.2099
-65.2131
-65.216
-65.2188
-65.2213
-65.2237
-65.2259
-65.228
-65.2299
-65.2316
-65.2332
-65.2347
-65.2361
-65.2373
-65.2384
-65.2394
-65.2403
-65.2411
-65.2418
-65.2424
-65.2429
-65.2433
-65.2437
-65.2439
-65.2441
-65.2442
-65.2442
-65.2441
-65.244
-65.2438
-65.2436
-65.2433
-65.2429
-65.2424
-65.242
-65.2414
-65.2408
-65.2402
-65.2395
-65.2387
-65.2379
-65.2371
-65.2362
-65.2353
-65.2344
-65.2334
-65.2323
-65.2313
-65.2302
-65.2291
-65.2279
-65.2267
-65.2255
-65.2243
-65.223
-65.2217
-65.2204
-65.2191
-65.2177
-65.2163
-65.2149
-65.2135
-65.2121
-65.2106
-65.2091
-65.2076
-65.2061
-65.2046
-65.2031
-65.2016
-65.2
-65.1984
-65.1969
-65.1953
-65.1937
-65.1921
-65.1905
-65.1888
-65.1872
-65.1856
-65.184
-65.1823
-65.1807
-65.179
-65.1774
-65.1757
-65.174
-65.1724
-65.1707
-65.169
-65.1674
-65.1657
-65.164
-65.1623
-65.1607
-65.159
-65.1573
-65.1557
-65.154
-65.1523
-65.1507
-65.149
-65.1473
-65.1457
-65.144
-65.1424
-65.1407
-65.1391
-65.1375
-65.1358
-65.1342
-65.1326
-65.131
-65.1293
-65.1277
-65.1261
-65.1245
-65.1229
-65.1213
-65.1198
-65.1182
-65.1166
-65.1151
-65.1135
-65.112
-65.1104
-65.1089
-65.1074
-65.1058
-65.1043
-65.1028
-65.1013
-65.0998
-65.0984
-65.0969
-65.0954
-65.094
-65.0925
-65.0911
-65.0896
-65.0882
-65.0868
-65.0854
-65.084
-65.0826
-65.0812
-65.0798
-65.0785
-65.0771
-65.0757
-65.0744
-65.0731
-65.0717
-65.0704
-65.0691
-65.0678
-65.0665
-65.0653
-65.064
-65.0627
-65.0615
-65.0602
-65.059
-65.0578
-65.0566
-65.0553
-65.0541
-65.053
-65.0518
-65.0506
-65.0494
-65.0483
-65.0471
-65.046
-65.0449
-65.0438
-65.0426
-65.0415
-65.0404
-65.0394
-65.0383
-65.0372
-65.0362
-65.0351
-65.0341
-65.033
-65.032
-65.031
-65.03
-65.029
-65.028
-65.027
-65.0261
-65.0251
-65.0241
-65.0232
-65.0223
-65.0213
-65.0204
-65.0195
-65.0186
-65.0177
-65.0168
-65.0159
-65.0151
-65.0142
-65.0133
-65.0125
-65.0116
-65.0108
-65.01
-65.0092
-65.0084
-65.0076
-65.0068
-65.006
-65.0052
-65.0044
-64.9843
-64.9481
-64.9003
-64.8444
-64.7828
-64.7172
-64.6489
-64.5789
-64.508
-64.4369
-64.366
-64.2959
-64.2269
-64.1592
-64.0931
-64.0288
-63.9663
-63.9059
-63.8476
-63.7915
-63.7375
-63.6858
-63.6363
-63.589
-63.5438
-63.5008
-63.46
-63.4212
-63.3845
-63.3498
-63.317
-63.2861
-63.2571
-63.2298
-63.2043
-63.1804
-63.1582
-63.1375
-63.1183
-63.1006
-63.0843
-63.0694
-63.0558
-63.0434
-63.0322
-63.0223
-63.0134
-63.0056
-62.9988
-62.9931
-62.9883
-62.9844
-62.9813
-62.9791
-62.9778
-62.9772
-62.9773
-62.9781
-62.9796
-62.9818
-62.9845
-62.9879
-62.9918
-62.9962
-63.0012
-63.0066
-63.0125
-63.0189
-63.0256
-63.0328
-63.0403
-63.0482
-63.0564
-63.065
-63.0738
-63.0829
-63.0923
-63.102
-63.1119
-63.122
-63.1324
-63.1429
-63.1536
-63.1645
-63.1756
-63.1868
-63.1981
-63.2096
-63.2212
-63.2329
-63.2447
-63.2566
-63.2686
-63.2806
-63.2927
-63.3049
-63.3172
-63.3295
-63.3418
-63.3541
-63.3665
-63.3789
-63.3913
-63.4038
-63.4162
-63.4286
-63.4411
-63.4535
-63.4659
-63.4783
-63.4907
-63.503
-63.5154
-63.5276
-63.5399
-63.5521
-63.5643
-63.5765
-63.5886
-63.6006
-63.6126
-63.6246
-63.6365
-63.6483
-63.6601
-63.6718
-63.6835
-63.6951
-63.7066
-63.7181
-63.7295
-63.7408
-63.7521
-63.7633
-63.7744
-63.7855
-63.7965
-63.8074
-63.8183
-63.829
-63.8397
-63.8503
-63.8609
-63.8713
-63.8817
-63.892
-63.9023
-63.9124
-63.9225
-63.9325
-63.9424
-63.9523
-63.962
-63.9717
-63.9813
-63.9909
-64.0003
-64.0097
-64.019
-64.0282
-64.0373
-64.0464
-64.0554
-64.0643
-64.0731
-64.0819
-64.0906
-64.0992
-64.1077
-64.126
-64.1465
-64.1671
-64.1869
-64.2058
-64.2237
-64.2406
-64.2567
-64.272
-64.2867
-64.3008
-64.3143
-64.3274
-64.3401
-64.3524
-64.3643
-64.3759
-64.3872
-64.3982
-64.409
-64.4194
-64.4297
-64.4397
-64.4495
-64.459
-64.4684
-64.4775
-64.4864
-64.4952
-64.5037
-64.5121
-64.5203
-64.5283
-64.5361
-64.5438
-64.5513
-64.5587
-64.5659
-64.573
-64.5799
-64.5867
-64.5933
-64.5998
-64.6062
-64.6124
-64.6185
-64.6245
-64.6303
-64.6361
-64.6417
-64.6472
-64.6526
-64.6579
-64.6631
-64.6682
-64.6732
-64.6781
-64.6828
-64.6875
-64.6921
-64.6966
-64.701
-64.7054
-64.7096
-64.7138
-64.7178
-64.7218
-64.7257
-64.7296
-64.7333
-64.737
-64.7406
-64.7441
-64.7476
-64.751
-64.7543
-64.7576
-64.7608
-64.7639
-64.767
-64.77
-64.773
-64.7759
-64.7787
-64.7815
-64.7842
-64.7869
-64.7895
-64.7921
-64.7946
-64.7971
-64.7995
-64.8019
-64.8042
-64.8064
-64.8087
-64.8109
-64.813
-64.8151
-64.8171
-64.8192
-64.8211
-64.8231
-64.8249
-64.8268
-64.8286
-64.8304
-64.8321
-64.8338
-64.8355
-64.8372
-64.8388
-64.8403
-64.8419
-64.8434
-64.8448
-64.8463
-64.8477
-64.8491
-64.8504
-64.8518
-64.8531
-64.8543
-64.8556
-64.8568
-64.858
-64.8592
-64.8603
-64.8614
-64.8625
-64.8636
-64.8646
-64.8656
-64.8666
-64.8676
-64.8686
-64.8695
-64.8704
-64.8713
-64.8722
-64.873
-64.8739
-64.8747
-64.8755
-64.8763
-64.877
-64.8778
-64.8785
-64.8792
-64.8799
-64.8806
-64.8812
-64.8819
-64.8825
-64.8831
-64.8837
-64.8843
-64.8848
-64.8854
-64.8859
-64.8865
-64.887
-64.8875
-64.888
-64.8884
-64.8889
-64.8893
-64.8898
-64.8902
-64.8906
-64.891
-64.8914
-64.8918
-64.8922
-64.8925
-64.8929
-64.8932
-64.8935
-64.8939
-64.8942
-64.8945
-64.8948
-64.895
-64.8953
-64.8956
-64.8958
-64.8961
-64.8963
-64.8966
-64.8968
-64.897
-64.8972
-64.8974
-64.8976
-64.8978
-64.898
-64.8981
-64.8983
-64.8985
-64.8986
-64.8988
-64.8989
-64.899
-64.8991
-64.8993
-64.8994
-64.8995
-64.8996
-64.8997
-64.8998
-64.8999
-64.9
-64.9
-64.9001
-64.9002
-64.9002
-64.9003
-64.9004
-64.9004
-64.9005
-64.9005
-64.9005
-64.9006
-64.9006
-64.9006
-64.9006
-64.9007
-64.9007
-64.9007
-64.9007
-64.9007
-64.9007
-64.9007
-64.9007
-64.9007
-64.9007
-64.9006
-64.9006
-64.9006
-64.9006
-64.9005
-64.9005
-64.9005
-64.9004
-64.9004
-64.9004
-64.9003
-64.9003
-64.9002
-64.9002
-64.9001
-64.9001
-64.9
-64.9
-64.8999
-64.8998
-64.8998
-64.8997
-64.8996
-64.8996
-64.8995
-64.8994
-64.8994
-64.8993
-64.8992
-64.8991
-64.899
-64.899
-64.8989
-64.8988
-64.8987
-64.8986
-64.8985
-64.8984
-64.8984
-64.8983
-64.8982
-64.8981
-64.898
-64.8979
-64.8978
-64.8977
-64.8976
-64.8975
-64.8974
-64.8973
-64.8972
-64.8971
-64.897
-64.8969
-64.8968
-64.8967
-64.8966
-64.8965
-64.8964
-64.8963
-64.8962
-64.8961
-64.8959
-64.8958
-64.8957
-64.8956
-64.8955
-64.8954
-64.8953
-64.8952
-64.8951
-64.895
-64.8948
-64.8947
-64.8946
-64.8945
-64.8944
-64.8943
-64.8942
-64.8941
-64.894
-64.8938
-64.8937
-64.8936
-64.8935
-64.8934
-64.8933
-64.8932
-64.8931
-64.8929
-64.8928
-64.8927
-64.8926
-64.8925
-64.8924
-64.8923
-64.8922
-64.8921
-64.8919
-64.8918
-64.8917
-64.8916
-64.8915
-64.8914
-64.8913
-64.8912
-64.8911
-64.891
-64.8909
-64.8907
-64.8906
-64.8905
-64.8904
-64.8903
-64.8902
-64.8901
-64.89
-64.8899
-64.8898
-64.8897
-64.8896
-64.8895
-64.8894
-64.8893
-64.8892
-64.8891
-64.889
-64.8889
-64.8888
-64.8887
-64.8886
-64.8885
-64.8884
-64.8883
-64.8882
-64.8881
-64.888
-64.8879
-64.8878
-64.8877
-64.8876
-64.8875
-64.8874
-64.8873
-64.8872
-64.8871
-64.887
-64.8869
-64.8868
-64.8867
-64.8867
-64.8866
-64.8865
-64.8864
-64.8863
-64.8862
-64.8861
-64.886
-64.886
-64.8859
-64.8858
-64.8857
-64.8856
-64.8855
-64.8855
-64.8854
-64.8853
-64.8852
-64.8851
-64.885
-64.885
-64.8849
-64.8848
-64.8847
-64.8847
-64.8846
-64.8845
-64.8844
-64.8844
-64.8843
-64.8842
-64.8841
-64.8841
-64.884
-64.8839
-64.8839
-64.8838
-64.8837
-64.8837
-64.8836
-64.8835
-64.8835
-64.8834
-64.8833
-64.8833
-64.8832
-64.8831
-64.8831
-64.883
-64.8829
-64.8829
-64.8828
-64.8828
-64.8827
-64.8827
-64.8826
-64.8825
-64.8825
-64.8824
-64.8824
-64.8823
-64.8823
-64.8822
-64.8822
-64.8821
-64.882
-64.882
-64.8819
-64.8819
-64.8818
-64.8818
-64.8818
-64.8817
-64.8909
-64.9021
-64.9135
-64.9243
-64.9342
-64.9434
-64.9517
-64.9593
-64.9663
-64.9728
-64.9787
-64.9843
-64.9894
-64.9943
-64.9989
-65.0032
-65.0073
-65.0111
-65.0148
-65.0183
-65.0216
-65.0247
-65.0277
-65.0305
-65.0332
-65.0357
-65.0381
-65.0404
-65.0426
-65.0446
-65.0465
-65.0484
-65.0501
-65.0517
-65.0532
-65.0515
-65.0437
-65.0283
-65.005
-64.9739
-64.9357
-64.8914
-64.8418
-64.788
-64.7308
-64.6712
-64.6098
-64.5474
-64.4845
-64.4217
-64.3593
-64.2977
-64.2372
-64.1781
-64.1204
-64.0744
-64.0325
-63.9926
-63.9542
-63.9168
-63.8806
-63.8455
-63.8116
-63.7789
-63.7477
-63.7178
-63.6892
-63.6622
-63.6365
-63.6122
-63.5893
-63.5678
-63.5476
-63.5287
-63.5111
-63.4947
-63.4795
-63.4655
-63.4525
-63.4407
-63.4299
-63.4201
-63.4112
-63.4033
-63.3963
-63.3902
-63.3848
-63.3803
-63.3765
-63.3735
-63.3711
-63.3694
-63.3684
-63.3679
-63.3681
-63.3688
-63.3701
-63.3718
-63.3741
-63.358
-63.3266
-63.2844
-63.2348
-63.1801
-63.1219
-63.0615
-62.9999
-62.9378
-62.8759
-62.8147
-62.7546
-62.6959
-62.6389
-62.5837
-62.5306
-62.4796
-62.4308
-62.3844
-62.3403
-62.2985
-62.2591
-62.222
-62.1872
-62.1547
-62.1244
-62.0963
-62.082
-62.0724
-62.0651
-62.059
-62.0537
-62.0491
-62.0453
-62.0422
-62.0399
-62.0384
-62.0379
-62.0382
-62.0393
-62.0414
-62.0444
-62.0482
-62.0529
-62.0584
-62.0646
-62.0717
-62.0794
-62.0879
-62.097
-62.1067
-62.1171
-62.128
-62.1395
-62.1514
-62.1639
-62.1768
-62.1902
-62.2039
-62.2181
-62.2326
-62.2474
-62.2626
-62.2781
-62.2938
-62.3098
-62.326
-62.3425
-62.3591
-62.376
-62.393
-62.4102
-62.4275
-62.4449
-62.4625
-62.4801
-62.4979
-62.5157
-62.5336
-62.5516
-62.5696
-62.5876
-62.6057
-62.6238
-62.6419
-62.66
-62.6781
-62.6962
-62.7142
-62.7323
-62.7503
-62.7683
-62.7862
-62.8041
-62.8219
-62.8397
-62.8574
-62.875
-62.8926
-62.9101
-62.9275
-62.9449
-62.9621
-62.9793
-62.9963
-63.0133
-63.0302
-63.047
-63.0637
-63.0803
-63.0967
-63.1131
-63.1294
-63.1455
-63.1615
-63.1775
-63.1933
-63.209
-63.2246
-63.24
-63.2554
-63.2706
-63.2857
-63.3007
-63.3156
-63.3303
-63.3449
-63.3594
-63.3738
-63.3881
-63.4022
-63.4162
-63.4301
-63.4439
-63.4576
-63.4711
-63.4845
-63.4978
-63.511
-63.524
-63.537
-63.5498
-63.5625
-63.575
-63.5875
-63.5998
-63.6121
-63.6242
-63.6362
-63.648
-63.6598
-63.6525
-63.6293
-63.5947
-63.5521
-63.5037
-63.4514
-63.3962
-63.3394
-63.2816
-63.2235
-63.1656
-63.1083
-63.0521
-62.997
-62.9435
-62.8915
-62.8414
-62.7932
-62.747
-62.7028
-62.6607
-62.6206
-62.5826
-62.5467
-62.5128
-62.481
-62.4512
-62.4232
-62.3972
-62.3731
-62.3507
-62.3301
-62.3112
-62.2939
-62.2782
-62.2641
-62.2514
-62.2402
-62.2303
-62.2218
-62.2145
-62.2084
-62.2036
-62.1998
-62.1972
-62.1955
-62.1949
-62.1952
-62.1965
-62.1986
-62.2015
-62.2052
-62.2097
-62.215
-62.2209
-62.2274
-62.2346
-62.2424
-62.2508
-62.2597
-62.2691
-62.279
-62.2893
-62.3001
-62.3114
-62.323
-62.3349
-62.3472
-62.3599
-62.3728
-62.3861
-62.3996
-62.4134
-62.4274
-62.4416
-62.456
-62.4707
-62.4855
-62.5004
-62.5156
-62.5308
-62.5462
-62.5617
-62.5773
-62.593
-62.6088
-62.6247
-62.6406
-62.6566
-62.6726
-62.6886
-62.7047
-62.7209
-62.737
-62.7532
-62.7693
-62.7855
-62.8016
-62.8177
-62.8338
-62.8499
-62.866
-62.882
-62.898
-62.9139
-62.9298
-62.9456
-62.9614
-62.9771
-62.9928
-63.0084
-63.0239
-63.0394
-63.0548
-63.0701
-63.0853
-63.1005
-63.1156
-63.1306
-63.1455
-63.1603
-63.1858
-63.2136
-63.2414
-63.2685
-63.2944
-63.3193
-63.3432
-63.366
-63.3881
-63.4094
-63.43
-63.45
-63.4695
-63.4885
-63.5071
-63.5252
-63.543
-63.5604
-63.5775
-63.5943
-63.6107
-63.6268
-63.6427
-63.6582
-63.6735
-63.6886
-63.7034
-63.7179
-63.7322
-63.7462
-63.76
-63.7736
-63.787
-63.8001
-63.8131
-63.8258
-63.8383
-63.8506
-63.8627
-63.8747
-63.8864
-63.898
-63.9093
-63.9205
-63.9315
-63.9424
-63.9531
-63.9636
-63.9739
-63.9841
-63.9941
-64.004
-64.0137
-64.0233
-64.0327
-64.042
-64.0511
-64.0601
-64.069
-64.0777
-64.0863
-64.0948
-64.1031
-64.1114
-64.1194
-64.1274
-64.1353
-64.143
-64.1506
-64.1581
-64.1655
-64.1728
-64.18
-64.187
-64.194
-64.2009
-64.2076
-64.2143
-64.2208
-64.2273
-64.2337
-64.2399
-64.2461
-64.2522
-64.2582
-64.2641
-64.2699
-64.2757
-64.2813
-64.2869
-64.2924
-64.2978
-64.3032
-64.3084
-64.3136
-64.3187
-64.3237
-64.3287
-64.3336
-64.3384
-64.3431
-64.3478
-64.3524
-64.357
-64.3614
-64.3659
-64.3702
-64.3745
-64.3787
-64.3829
-64.387
-64.391
-64.395
-64.3989
-64.4028
-64.4066
-64.4104
-64.4141
-64.4177
-64.4213
-64.4249
-64.4284
-64.4318
-64.4352
-64.4386
-64.4419
-64.4451
-64.4579
-64.4728
-64.4878
-64.5022
-64.5157
-64.5282
-64.5398
-64.5507
-64.5608
-64.5704
-64.5794
-64.5879
-64.596
-64.6037
-64.6111
-64.6182
-64.625
-64.6316
-64.6379
-64.6439
-64.6498
-64.6554
-64.6608
-64.6661
-64.6711
-64.676
-64.6808
-64.6853
-64.6897
-64.694
-64.6981
-64.702
-64.7059
-64.7095
-64.7131
-64.7165
-64.7198
-64.723
-64.7261
-64.7291
-64.7319
-64.7347
-64.7373
-64.7399
-64.7423
-64.7446
-64.7469
-64.7491
-64.7511
-64.7531
-64.7551
-64.7569
-64.7586
-64.7603
-64.7619
-64.7635
-64.7649
-64.7663
-64.7676
-64.7689
-64.7701
-64.7712
-64.7723
-64.7733
-64.7743
-64.7752
-64.7761
-64.7769
-64.7776
-64.7783
-64.779
-64.7796
-64.7802
-64.7807
-64.7812
-64.7816
-64.782
-64.7824
-64.7827
-64.783
-64.7832
-64.7834
-64.7836
-64.7837
-64.7839
-64.7839
-64.784
-64.784
-64.784
-64.784
-64.7839
-64.7838
-64.7837
-64.7836
-64.7834
-64.7832
-64.783
-64.7828
-64.7825
-64.7823
-64.782
-64.7816
-64.7813
-64.781
-64.7806
-64.7802
-64.7798
-64.7794
-64.779
-64.7785
-64.7781
-64.7776
-64.7771
-64.7766
-64.7761
-64.7756
-64.775
-64.7745
-64.7739
-64.7734
-64.7728
-64.7722
-64.7716
-64.771
-64.7704
-64.7698
-64.7691
-64.7685
-64.7679
-64.7672
-64.7666
-64.7659
-64.7652
-64.7646
-64.7639
-64.7632
-64.7625
-64.7618
-64.7611
-64.7604
-64.7597
-64.759
-64.7583
-64.7576
-64.7568
-64.7561
-64.7554
-64.7547
-64.7539
-64.7532
-64.7525
-64.7518
-64.751
-64.7503
-64.7496
-64.7488
-64.7481
-64.7473
-64.7466
-64.7459
-64.7451
-64.7444
-64.7437
-64.7429
-64.7422
-64.7414
-64.7407
-64.74
-64.7392
-64.7385
-64.7378
-64.7371
-64.7363
-64.7356
-64.7442
-64.7549
-64.7658
-64.7761
-64.7855
-64.7941
-64.8019
-64.809
-64.8154
-64.8213
-64.8267
-64.8317
-64.8363
-64.8406
-64.8446
-64.8483
-64.8518
-64.8551
-64.8582
-64.861
-64.8638
-64.8663
-64.8687
-64.871
-64.8731
-64.875
-64.8769
-64.8786
-64.8802
-64.8817
-64.883
-64.8843
-64.8855
-64.8865
-64.8875
-64.8884
-64.8892
-64.8899
-64.8905
-64.891
-64.8915
-64.8919
-64.8922
-64.8924
-64.8926
-64.8927
-64.8928
-64.8927
-64.8927
-64.8925
-64.8924
-64.8921
-64.8918
-64.8915
-64.8911
-64.8907
-64.8902
-64.8897
-64.8891
-64.8885
-64.8879
-64.8872
-64.8865
-64.8857
-64.885
-64.8842
-64.8833
-64.8825
-64.8816
-64.8806
-64.8797
-64.8787
-64.8777
-64.8767
-64.8756
-64.8746
-64.8735
-64.8724
-64.8712
-64.8701
-64.8689
-64.8678
-64.8666
-64.8654
-64.8642
-64.8629
-64.8617
-64.8604
-64.8592
-64.8579
-64.8566
-64.8553
-64.854
-64.8527
-64.8514
-64.85
-64.8487
-64.8474
-64.846
-64.8447
-64.8433
-64.8419
-64.8406
-64.8392
-64.8378
-64.8365
-64.8351
-64.8337
-64.8323
-64.831
-64.8296
-64.8282
-64.8268
-64.8254
-64.8241
-64.8227
-64.8213
-64.8199
-64.8185
-64.8172
-64.8158
-64.8144
-64.8131
-64.8117
-64.8103
-64.809
-64.8076
-64.8063
-64.8049
-64.8036
-64.8023
-64.8009
-64.7996
-64.7983
-64.797
-64.7957
-64.7943
-64.793
-64.7917
-64.7905
-64.7892
-64.7879
-64.7866
-64.7854
-64.7841
-64.7828
-64.7816
-64.7804
-64.7791
-64.7779
-64.7767
-64.7755
-64.7743
-64.7731
-64.7719
-64.7707
-64.7695
-64.7683
-64.7672
-64.766
-64.7649
-64.7637
-64.7626
-64.7615
-64.7604
-64.7593
-64.7582
-64.7571
-64.756
-64.7549
-64.7539
-64.7528
-64.7611
-64.7714
-64.782
-64.7919
-64.8011
-64.8093
-64.8168
-64.8236
-64.8297
-64.8353
-64.8404
-64.8451
-64.8495
-64.8535
-64.8572
-64.8607
-64.864
-64.867
-64.8699
-64.8725
-64.875
-64.8774
-64.8795
-64.8816
-64.8835
-64.8853
-64.8869
-64.8884
-64.8898
-64.8911
-64.8923
-64.8934
-64.8944
-64.8953
-64.8961
-64.8969
-64.8975
-64.898
-64.8985
-64.8989
-64.8992
-64.8995
-64.8997
-64.8998
-64.8999
-64.8999
-64.8998
-64.8997
-64.8995
-64.8993
-64.899
-64.8986
-64.8983
-64.8978
-64.8974
-64.8969
-64.8963
-64.8957
-64.8951
-64.8944
-64.8937
-64.893
-64.8922
-64.8914
-64.8906
-64.8897
-64.8888
-64.8879
-64.887
-64.886
-64.885
-64.884
-64.883
-64.8819
-64.8809
-64.8798
-64.8787
-64.8775
-64.8764
-64.8752
-64.8741
-64.8729
-64.8717
-64.8705
-64.8693
-64.868
-64.8668
-64.8655
-64.8643
-64.863
-64.8617
-64.8604
-64.8591
-64.8578
-64.8565
-64.8552
-64.8539
-64.8526
-64.8513
-64.85
-64.8486
-64.8473
-64.846
-64.8446
-64.8433
-64.842
-64.8406
-64.8393
-64.838
-64.8366
-64.8353
-64.834
-64.8326
-64.8313
-64.8299
-64.8285
-64.8271
-64.8256
-64.8241
-64.8317
-64.8413
-64.8509
-64.8598
-64.8678
-64.8748
-64.8809
-64.8861
-64.8905
-64.8943
-64.8975
-64.9002
-64.9025
-64.9043
-64.9057
-64.9068
-64.9076
-64.908
-64.908
-64.9078
-64.9072
-64.9063
-64.905
-64.9035
-64.9017
-64.8995
-64.8971
-64.8943
-64.8913
-64.8879
-64.8842
-64.8802
-64.876
-64.8715
-64.8667
-64.8617
-64.8564
-64.8509
-64.8452
-64.8393
-64.8331
-64.8268
-64.8203
-64.8135
-64.8066
-64.7994
-64.7921
-64.7845
-64.7766
-64.7685
-64.7601
-64.7514
-64.7424
-64.7331
-64.7236
-64.7139
-64.704
-64.6939
-64.6836
-64.6732
-64.6627
-64.6521
-64.6415
-64.6309
-64.6203
-64.6097
-64.5991
-64.5886
-64.5782
-64.5677
-64.5574
-64.547
-64.5368
-64.5266
-64.5164
-64.5063
-64.4961
-64.486
-64.4758
-64.4656
-64.4552
-64.4449
-64.4344
-64.4238
-64.4132
-64.4025
-64.3918
-64.381
-64.3701
-64.3592
-64.3483
-64.3374
-64.3264
-64.3155
-64.3046
-64.2938
-64.283
-64.2723
-64.2617
-64.2512
-64.2409
-64.2307
-64.2207
-64.2109
-64.2012
-64.1918
-64.1824
-64.1732
-64.1641
-64.1551
-64.1462
-64.1471
-64.1504
-64.1538
-64.1665
-64.1806
-64.194
-64.2059
-64.2163
-64.2252
-64.2328
-64.2392
-64.2446
-64.2492
-64.2532
-64.2565
-64.2593
-64.2616
-64.2635
-64.2651
-64.2663
-64.2672
-64.2679
-64.2683
-64.2684
-64.2684
-64.2682
-64.2679
-64.2674
-64.2669
-64.2663
-64.2656
-64.2648
-64.2641
-64.2633
-64.2625
-64.2618
-64.261
-64.2603
-64.2597
-64.2591
-64.2585
-64.258
-64.2576
-64.2573
-64.257
-64.2568
-64.2566
-64.2565
-64.2564
-64.2563
-64.2562
-64.2561
-64.256
-64.2559
-64.2557
-64.2555
-64.2552
-64.2549
-64.2545
-64.254
-64.2534
-64.2528
-64.252
-64.2511
-64.2501
-64.249
-64.2476
-64.2461
-64.2444
-64.2424
-64.2402
-64.2377
-64.235
-64.2321
-64.2289
-64.2256
-64.222
-64.2182
-64.2142
-64.2101
-64.2058
-64.2013
-64.1967
-64.192
-64.1872
-64.1822
-64.1771
-64.1718
-64.1665
-64.161
-64.1554
-64.1549
-64.1562
-64.1584
-64.1611
-64.1638
-64.1665
-64.1691
-64.1715
-64.1737
-64.1757
-64.1774
-64.1789
-64.1801
-64.1811
-64.1818
-64.1823
-64.1825
-64.1824
-64.1822
-64.1817
-64.181
-64.1801
-64.179
-64.1778
-64.1764
-64.1749
-64.1732
-64.1715
-64.1696
-64.1676
-64.1655
-64.1633
-64.1611
-64.1587
-64.1562
-64.1536
-64.1508
-64.1478
-64.1447
-64.1414
-64.1379
-64.1343
-64.1304
-64.1265
-64.1224
-64.1181
-64.1137
-64.1093
-64.1047
-64.1
-64.0953
-64.0904
-64.0856
-64.0807
-64.0758
-64.071
-64.0662
-64.0614
-64.0567
-64.0521
-64.0476
-64.0432
-64.0389
-64.0347
-64.0306
-64.0266
-64.0226
-64.0186
-64.0147
-64.0107
-64.0067
-64.0026
-63.9986
-63.9944
-63.9903
-63.9861
-63.9818
-63.9774
-63.973
-63.9685
-63.964
-63.9595
-63.955
-63.9505
-63.946
-63.9416
-63.9373
-63.9331
-63.9289
-63.9249
-63.9211
-63.9174
-63.9138
-63.9105
-63.9073
-63.9044
-63.9016
-63.8991
-63.8968
-63.8947
-63.8928
-63.8912
-63.8898
-63.8886
-63.8877
-63.887
-63.8866
-63.8863
-63.8863
-63.8866
-63.887
-63.8877
-63.8886
-63.8898
-63.8911
-63.8926
-63.8944
-63.8964
-63.8985
-63.9009
-63.9034
-63.9061
-63.9191
-63.9345
-63.9502
-63.9655
-63.98
-63.9937
-64.0067
-64.016
-64.0188
-64.0138
-64.0007
-63.9797
-63.9517
-63.9174
-63.878
-63.8343
-63.7874
-63.738
-63.687
-63.635
-63.5825
-63.5302
-63.4783
-63.4272
-63.3773
-63.3287
-63.2817
-63.2363
-63.1927
-63.1509
-63.111
-63.0731
-63.0341
-62.9915
-62.9441
-62.8913
-62.8334
-62.7712
-62.7053
-62.6367
-62.5662
-62.4947
-62.4228
-62.3513
-62.2806
-62.2113
-62.1436
-62.078
-62.0147
-61.9539
-61.8956
-61.8401
-61.7873
-61.7373
-61.6902
-61.6458
-61.6042
-61.5654
-61.5292
-61.4957
-61.4647
-61.4361
-61.41
-61.3862
-61.3647
-61.3454
-61.3282
-61.3129
-61.2997
-61.2883
-61.2787
-61.2708
-61.2646
-61.26
-61.2569
-61.2553
-61.2551
-61.2562
-61.2586
-61.2622
-61.2669
-61.2728
-61.2797
-61.2877
-61.2966
-61.3064
-61.3171
-61.3286
-61.3409
-61.3539
-61.3677
-61.3821
-61.3972
-61.4128
-61.4291
-61.4458
-61.4631
-61.4809
-61.4991
-61.5177
-61.5367
-61.5561
-61.5758
-61.5959
-61.6162
-61.6368
-61.6577
-61.6789
-61.7002
-61.7218
-61.7435
-61.7654
-61.7874
-61.8096
-61.832
-61.8544
-61.8769
-61.8995
-61.9222
-61.9449
-61.9677
-61.9905
-62.0133
-62.0362
-62.059
-62.0819
-62.1047
-62.1275
-62.1503
-62.1731
-62.1958
-62.2185
-62.2411
-62.2636
-62.2861
-62.3085
-62.3308
-62.3531
-62.3753
-62.3973
-62.4193
-62.4412
-62.4629
-62.4846
-62.5062
-62.5276
-62.5489
-62.5701
-62.5912
-62.6121
-62.633
-62.6537
-62.6742
-62.6947
-62.715
-62.7351
-62.7551
-62.775
-62.7947
-62.8143
-62.8338
-62.8531
-62.8723
-62.8727
-62.8574
-62.8308
-62.7963
-62.7562
-62.7121
-62.6654
-62.6169
-62.5675
-62.5178
-62.4683
-62.4195
-62.3716
-62.3249
-62.2797
-62.2361
-62.1943
-62.1543
-62.1163
-62.0802
-62.0462
-62.0142
-61.9842
-61.9562
-61.9302
-61.9062
-61.8841
-61.8638
-61.8454
-61.8288
-61.8138
-61.8006
-61.789
-61.7789
-61.7704
-61.7633
-61.7576
-61.7533
-61.7503
-61.7485
-61.7479
-61.7484
-61.7501
-61.7528
-61.7565
-61.7611
-61.7667
-61.7732
-61.7805
-61.7885
-61.7974
-61.807
-61.8172
-61.8281
-61.8396
-61.8518
-61.8644
-61.8776
-61.8913
-61.9055
-61.9201
-61.9351
-61.9506
-61.9664
-61.9825
-61.999
-62.0158
-62.0328
-62.0502
-62.0678
-62.0856
-62.1036
-62.1218
-62.1402
-62.1588
-62.1775
-62.1964
-62.2153
-62.2344
-62.2536
-62.2729
-62.2922
-62.3116
-62.3311
-62.3506
-62.3671
-62.3779
-62.3815
-62.3776
-62.3662
-62.3482
-62.3243
-62.2955
-62.2626
-62.2266
-62.1883
-62.1484
-62.1076
-62.0665
-62.0254
-61.9848
-61.9451
-61.9065
-61.8692
-61.8333
-61.7991
-61.7666
-61.7359
-61.707
-61.68
-61.6548
-61.6314
-61.6099
-61.5902
-61.5723
-61.5561
-61.5416
-61.5287
-61.5175
-61.5078
-61.4996
-61.4929
-61.4875
-61.4835
-61.4808
-61.4794
-61.4791
-61.48
-61.482
-61.485
-61.4891
-61.4941
-61.5001
-61.5069
-61.5146
-61.5231
-61.5323
-61.5423
-61.553
-61.5643
-61.5763
-61.5888
-61.602
-61.6156
-61.6298
-61.6445
-61.6596
-61.6751
-61.6911
-61.7074
-61.7241
-61.7411
-61.7585
-61.7577
-61.7418
-61.7151
-61.681
-61.6417
-61.5988
-61.5536
-61.5071
-61.46
-61.4129
-61.3664
-61.3208
-61.2765
-61.2337
-61.1927
-61.1535
-61.1163
-61.0812
-61.0482
-61.0174
-60.9888
-60.9624
-60.9382
-60.9161
-60.8961
-60.8781
-60.8622
-60.8482
-60.8361
-60.8259
-60.8175
-60.8107
-60.8057
-60.8022
-60.7973
-60.7883
-60.7738
-60.7533
-60.7272
-60.6959
-60.6603
-60.6213
-60.5798
-60.5365
-60.4922
-60.4476
-60.4033
-60.3598
-60.3174
-60.2765
-60.2193
-60.1491
-60.0703
-59.9863
-59.8994
-59.8112
-59.7231
-59.636
-59.5507
-59.4677
-59.3876
-59.3106
-59.2372
-59.1673
-59.1013
-59.0392
-58.981
-58.9268
-58.8765
-58.8302
-58.7876
-58.7489
-58.7138
-58.6823
-58.6542
-58.6295
-58.6081
-58.5898
-58.5745
-58.5621
-58.5524
-58.5455
-58.5411
-58.5391
-58.5394
-58.542
-58.5466
-58.5533
-58.5619
-58.5724
-58.5846
-58.5984
-58.6138
-58.6308
-58.6491
-58.6687
-58.6897
-58.7118
-58.7351
-58.7594
-58.7848
-58.8111
-58.8383
-58.8663
-58.8952
-58.9248
-58.9551
-58.986
-59.0176
-59.0497
-59.0823
-59.1154
-59.149
-59.183
-59.2174
-59.2522
-59.2872
-59.3226
-59.3582
-59.394
-59.4301
-59.4663
-59.5028
-59.5393
-59.576
-59.6128
-59.6496
-59.6865
-59.7235
-59.7605
-59.7975
-59.8345
-59.8715
-59.9084
-59.9453
-59.9822
-60.019
-60.0557
-60.0923
-60.1288
-60.1652
-60.2015
-60.2376
-60.2736
-60.3095
-60.3452
-60.3808
-60.4161
-60.4514
-60.4864
-60.5213
-60.556
-60.5904
-60.6247
-60.6588
-60.6927
-60.7264
-60.7599
-60.7931
-60.8262
-60.859
-60.8916
-60.9239
-60.9561
-60.988
-61.0197
-61.0511
-61.0823
-61.1133
-61.1441
-61.1746
-61.2049
-61.2349
-61.2647
-61.2943
-61.3236
-61.3526
-61.3815
-61.4101
-61.4384
-61.4666
-61.4944
-61.5221
-61.5495
-61.5766
-61.6036
-61.6302
-61.6567
-61.6829
-61.7089
-61.7346
-61.7601
-61.7854
-61.8104
-61.8353
-61.8598
-61.8842
-61.9083
-61.9322
-61.9559
-61.9793
-62.0026
-62.0256
-62.0484
-62.0709
-62.0933
-62.1154
-62.1373
-62.1591
-62.1806
-62.2018
-62.2229
-62.2438
-62.2645
-62.2819
-62.2934
-62.2975
-62.2937
-62.2825
-62.2643
-62.24
-62.2107
-62.1771
-62.1402
-62.1008
-62.0567
-62.0059
-61.9477
-61.882
-61.8098
-61.732
-61.6497
-61.5643
-61.4767
-61.388
-61.2992
-61.211
-61.1241
-61.039
-60.9563
-60.8763
-60.7992
-60.7252
-60.6546
-60.5873
-60.5235
-60.4632
-60.4064
-60.3503
-60.2923
-60.2312
-60.1667
-60.0988
-60.0283
-59.9558
-59.8821
-59.8081
-59.7343
-59.6616
-59.5904
-59.5211
-59.4543
-59.3902
-59.329
-59.2708
-59.2159
-59.1643
-59.116
-59.071
-59.0293
-58.9909
-58.9557
-58.9237
-58.8948
-58.8688
-58.8457
-58.8254
-58.8079
-58.7929
-58.7805
-58.7705
-58.7628
-58.7574
-58.754
-58.7528
-58.7535
-58.7561
-58.7605
-58.7666
-58.7743
-58.7836
-58.7944
-58.8067
-58.8203
-58.8352
-58.8513
-58.8686
-58.887
-58.9064
-58.9269
-58.9483
-58.9706
-58.993
-59.0147
-59.0354
-59.0644
-59.0945
-59.1236
-59.1512
-59.1965
-59.2446
-59.2918
-59.3369
-59.3798
-59.4298
-59.4801
-59.5289
-59.5759
-59.6211
-59.6739
-59.7274
-59.7799
-59.8261
-59.8668
-59.9032
-59.9364
-59.9671
-59.9931
-60.0124
-60.0239
-60.0277
-60.0243
-60.0097
-59.9859
-59.9549
-59.9186
-59.8785
-59.8358
-59.7918
-59.7471
-59.7026
-59.6589
-59.6157
-59.5726
-59.5297
-59.487
-59.4448
-59.4033
-59.363
-59.324
-59.2867
-59.2607
-59.2336
-59.2037
-59.1711
-59.1365
-59.1195
-59.1061
-59.0929
-59.0886
-59.0856
-59.0824
-59.0786
-59.0745
-59.0704
-59.0761
-59.0847
-59.0944
-59.1046
-59.1153
-59.1266
-59.1385
-59.1506
-59.1622
-59.1731
-59.1832
-59.1927
-59.2018
-59.2106
-59.2194
-59.2283
-59.2377
-59.2424
-59.2426
-59.2393
-59.2333
-59.2347
-59.2369
-59.2385
-59.2393
-59.2394
-59.258
-59.2801
-59.3014
-59.3204
-59.3368
-59.3507
-59.3627
-59.3733
-59.3828
-59.3918
-59.4006
-59.4096
-59.4191
-59.4292
-59.4401
-59.4519
-59.4648
-59.4787
-59.503
-59.5305
-59.5592
-59.583
-59.6018
-59.6165
-59.6276
-59.636
-59.6423
-59.6472
-59.651
-59.6636
-59.678
-59.6927
-59.7073
-59.7217
-59.7361
-59.7507
-59.7656
-59.781
-59.797
-59.8137
-59.8403
-59.8651
-59.887
-59.9065
-59.9241
-59.9404
-59.9559
-59.971
-59.9859
-60.001
-60.0164
-60.0707
-60.1392
-60.2108
-60.2811
-60.3487
-60.4131
-60.4746
-60.5334
-60.59
-60.6447
-60.6978
-60.7495
-60.8001
-60.8497
-60.8984
-60.9463
-60.9935
-61.04
-61.086
-61.1313
-61.1753
-61.2338
-61.2934
-61.3507
-61.4044
-61.4544
-61.5009
-61.5441
-61.5847
-61.6228
-61.6583
-61.6986
-61.7375
-61.7735
-61.8062
-61.8515
-61.8973
-61.9408
-61.9813
-62.0186
-62.0477
-62.0691
-62.084
-62.0936
-62.0989
-62.1008
-62.1001
-62.0974
-62.0934
-62.0886
-62.0646
-62.0243
-61.9721
-61.9113
-61.8444
-61.7796
-61.7146
-61.6493
-61.5963
-61.5468
-61.4941
-61.4384
-61.3812
-61.3234
-61.266
-61.2097
-61.1551
-61.1026
-61.0526
-61.0052
-60.96
-60.9164
-60.8741
-60.8331
-60.7935
-60.7553
-60.7189
-60.6843
-60.6517
-60.6212
-60.6057
-60.5925
-60.5792
-60.5741
-60.5705
-60.567
-60.5719
-60.5786
-60.5856
-60.5925
-60.5987
-60.6037
-60.6074
-60.6099
-60.6115
-60.6124
-60.6131
-60.6137
-60.6145
-60.6159
-60.6126
-60.605
-60.594
-60.5804
-60.6011
-60.6331
-60.6669
-60.699
-60.7366
-60.7732
-60.8068
-60.8365
-60.8625
-60.885
-60.9048
-60.9223
-60.9381
-60.9527
-60.9666
-60.9802
-60.9937
-61.0074
-61.0215
-61.0361
-61.0515
-61.0675
-61.0844
-61.1022
-61.1208
-61.1402
-61.1551
-61.1656
-61.1724
-61.1764
-61.1947
-61.223
-61.252
-61.2792
-61.312
-61.3443
-61.3699
-61.3896
-61.4048
-61.4168
-61.4264
-61.4345
-61.4418
-61.4486
-61.4554
-61.4625
-61.47
-61.4783
-61.4872
-61.4971
-61.5078
-61.5195
-61.532
-61.5455
-61.5598
-61.5749
-61.5908
-61.6074
-61.6247
-61.6426
-61.6611
-61.6801
-61.6995
-61.7192
-61.7393
-61.7597
-61.7804
-61.8013
-61.8223
-61.8436
-61.865
-61.8943
-61.9255
-61.9568
-61.9876
-62.0177
-62.0471
-62.0759
-62.104
-62.1316
-62.1587
-62.1853
-62.2114
-62.2372
-62.2626
-62.2876
-62.3122
-62.344
-62.3884
-62.4349
-62.4805
-62.5242
-62.5805
-62.6377
-62.6928
-62.745
-62.7941
-62.8401
-62.8835
-62.9245
-62.9633
-63.0073
-63.0511
-63.0934
-63.1337
-63.1721
-63.2086
-63.2434
-63.2766
-63.3084
-63.3388
-63.3679
-63.3959
-63.4228
-63.4487
-63.4735
-63.4974
-63.5204
-63.5425
-63.5638
-63.6126
-63.6705
-63.7292
-63.7856
-63.8386
-63.888
-63.9339
-63.9766
-64.0165
-64.0539
-64.089
-64.1221
-64.1534
-64.1831
-64.2112
-64.238
-64.2635
-64.2878
-64.311
-64.3332
-64.3544
-64.3747
-64.3941
-64.4126
-64.4304
-64.4474
-64.47
-64.4933
-64.5159
-64.5374
-64.5577
-64.5767
-64.5945
-64.6112
-64.6268
-64.6414
-64.6551
-64.6679
-64.6798
-64.691
-64.6983
-64.699
-64.6917
-64.676
-64.6522
-64.6211
-64.5835
-64.5404
-64.4928
-64.4416
-64.3876
-64.3316
-64.2742
-64.2225
-64.172
-64.1217
-64.0715
-64.0216
-63.9721
-63.9233
-63.8753
-63.8284
-63.7827
-63.7384
-63.6955
-63.654
-63.6141
-63.5758
-63.539
-63.5038
-63.4702
-63.4381
-63.4075
-63.3785
-63.3509
-63.3388
-63.3311
-63.325
-63.3193
-63.3191
-63.3208
-63.3234
-63.3265
-63.3299
-63.3335
-63.3372
-63.341
-63.345
-63.3491
-63.3533
-63.3576
-63.3689
-63.3817
-63.3946
-63.4069
-63.4186
-63.4295
-63.4397
-63.4492
-63.4581
-63.4666
-63.4745
-63.4821
-63.4893
-63.4962
-63.5029
-63.5092
-63.5154
-63.5214
-63.5272
-63.5328
-63.5382
-63.5435
-63.5486
-63.5535
-63.5582
-63.5628
-63.5672
-63.5714
-63.5755
-63.5793
-63.583
-63.5865
-63.5898
-63.5928
-63.5957
-63.5984
-63.6009
-63.6032
-63.6053
-63.6071
-63.6088
-63.6101
-63.6113
-63.6122
-63.6129
-63.6133
-63.6135
-63.6136
-63.6134
-63.6131
-63.6125
-63.6118
-63.6109
-63.6099
-63.6086
-63.6073
-63.6057
-63.604
-63.6021
-63.6001
-63.5978
-63.5953
-63.5925
-63.5998
-63.6092
-63.6184
-63.6267
-63.6338
-63.6397
-63.6445
-63.6482
-63.651
-63.6529
-63.6541
-63.6546
-63.6545
-63.6539
-63.6529
-63.6514
-63.6496
-63.6474
-63.645
-63.6422
-63.6362
-63.6241
-63.6045
-63.5772
-63.5423
-63.5006
-63.453
-63.4003
-63.3437
-63.2841
-63.2222
-63.1588
-63.0948
-63.0305
-62.9666
-62.9034
-62.8414
-62.7807
-62.7216
-62.6644
-62.6091
-62.5558
-62.5047
-62.4557
-62.4089
-62.3642
-62.3217
-62.2813
-62.243
-62.2067
-62.1723
-62.1398
-62.1092
-62.0803
-62.0532
-62.0278
-62.004
-61.9818
-61.961
-61.9417
-61.9238
-61.9072
-61.8918
-61.8777
-61.8647
-61.8528
-61.8419
-61.832
-61.823
-61.8149
-61.8076
-61.8012
-61.7955
-61.7905
-61.7863
-61.7827
-61.7798
-61.7776
-61.776
-61.7751
-61.7747
-61.775
-61.7758
-61.7772
-61.7791
-61.7816
-61.7845
-61.7879
-61.7918
-61.7961
-61.8007
-61.8057
-61.8111
-61.8167
-61.8226
-61.8288
-61.8351
-61.8416
-61.8482
-61.8549
-61.8616
