-65
-64.9848
-64.9714
-64.9581
-64.9453
-64.9331
-64.9218
-64.9115
-64.9021
-64.8937
-64.8861
-64.8793
-64.8732
-64.8678
-64.8629
-64.8585
-64.8546
-64.851
-64.8479
-64.845
-64.8425
-64.8402
-64.8382
-64.8363
-64.8347
-64.8333
-64.832
-64.8309
-64.8299
-64.8291
-64.8284
-64.8278
-64.8273
-64.8269
-64.8266
-64.8264
-64.8262
-64.8262
-64.8262
-64.8263
-64.8264
-64.8267
-64.8269
-64.8272
-64.8276
-64.828
-64.8285
-64.8289
-64.8295
-64.83
-64.8306
-64.8313
-64.8319
-64.8326
-64.8333
-64.8341
-64.8348
-64.8356
-64.8364
-64.8372
-64.838
-64.8389
-64.8397
-64.8406
-64.8415
-64.8424
-64.8433
-64.8442
-64.8452
-64.8461
-64.847
-64.848
-64.8489
-64.8499
-64.8508
-64.8518
-64.8528
-64.8538
-64.8547
-64.8557
-64.8567
-64.8577
-64.8586
-64.8596
-64.8606
-64.8616
-64.8625
-64.8635
-64.8645
-64.8655
-64.8664
-64.8674
-64.8684
-64.8693
-64.8703
-64.8712
-64.8722
-64.8731
-64.8741
-64.875
-64.876
-64.8769
-64.8778
-64.8787
-64.8797
-64.8806
-64.8815
-64.8824
-64.8833
-64.8842
-64.8851
-64.886
-64.8868
-64.8877
-64.8886
-64.8894
-64.8903
-64.8912
-64.892
-64.8928
-64.8937
-64.8945
-64.8953
-64.8961
-64.897
-64.8978
-64.8986
-64.8994
-64.9001
-64.9009
-64.9017
-64.9025
-64.9032
-64.904
-64.9048
-64.9055
-64.9062
-64.907
-64.9077
-64.9084
-64.9091
-64.9099
-64.9106
-64.9113
-64.912
-64.9127
-64.9133
-64.914
-64.9147
-64.9154
-64.916
-64.9167
-64.9173
-64.918
-64.9186
-64.9193
-64.9199
-64.9205
-64.9211
-64.9217
-64.9223
-64.9229
-64.9235
-64.9241
-64.9247
-64.9253
-64.9259
-64.9265
-64.927
-64.9276
-64.9281
-64.9287
-64.9292
-64.9298
-64.9303
-64.9308
-64.9314
-64.9319
-64.9324
-64.9329
-64.9334
-64.9339
-64.9344
-64.9349
-64.9354
-64.9359
-64.9364
-64.9369
-64.9373
-64.9378
-64.9383
-64.9387
-64.9392
-64.9396
-64.9401
-64.9405
-64.9409
-64.9414
-64.9418
-64.9422
-64.9427
-64.9431
-64.9435
-64.9439
-64.9443
-64.9447
-64.9451
-64.9455
-64.9459
-64.9463
-64.9466
-64.947
-64.9474
-64.9478
-64.9481
-64.9485
-64.9489
-64.9492
-64.9496
-64.9499
-64.9503
-64.9506
-64.9509
-64.9513
-64.9516
-64.9519
-64.9523
-64.9526
-64.9529
-64.9532
-64.9535
-64.9538
-64.9542
-64.9545
-64.9548
-64.9551
-64.9553
-64.9556
-64.9559
-64.9562
-64.9565
-64.9568
-64.9571
-64.9573
-64.9576
-64.9579
-64.9581
-64.9584
-64.9586
-64.9589
-64.9592
-64.9594
-64.9597
-64.9599
-64.9601
-64.9604
-64.9606
-64.9609
-64.9611
-64.9613
-64.9616
-64.9618
-64.962
-64.9622
-64.9624
-64.9627
-64.9629
-64.9631
-64.9633
-64.9635
-64.9637
-64.9639
-64.9641
-64.9643
-64.9645
-64.9647
-64.9649
-64.9651
-64.9653
-64.9654
-64.9656
-64.9658
-64.966
-64.9662
-64.9663
-64.9665
-64.9667
-64.9668
-64.967
-64.9672
-64.9673
-64.9675
-64.9677
-64.9678
-64.968
-64.9681
-64.9683
-64.9684
-64.9686
-64.9687
-64.9689
-64.969
-64.9692
-64.9693
-64.9694
-64.9696
-64.9697
-64.9698
-64.97
-64.9701
-64.9702
-64.9703
-64.9705
-64.9706
-64.9707
-64.9708
-64.971
-64.9711
-64.9712
-64.9713
-64.9714
-64.9715
-64.9716
-64.9717
-64.9719
-64.972
-64.9721
-64.9722
-64.9723
-64.9724
-64.9725
-64.9726
-64.9727
-64.9728
-64.9729
-64.9729
-64.973
-64.9731
-64.9732
-64.9733
-64.9734
-64.9735
-64.9736
-64.9736
-64.9737
-64.9738
-64.9739
-64.974
-64.974
-64.9741
-64.9742
-64.9743
-64.9743
-64.9744
-64.9745
-64.9746
-64.9746
-64.9747
-64.9748
-64.9748
-64.9749
-64.975
-64.975
-64.9751
-64.9751
-64.9752
-64.9753
-64.9753
-64.9754
-64.9754
-64.9755
-64.9755
-64.9756
-64.9757
-64.9757
-64.9758
-64.9758
-64.9759
-64.9759
-64.976
-64.976
-64.976
-64.9761
-64.9761
-64.9762
-64.9762
-64.9763
-64.9763
-64.9763
-64.9764
-64.9764
-64.9765
-64.9765
-64.9765
-64.9766
-64.9766
-64.9766
-64.9767
-64.9767
-64.9768
-64.9768
-64.9768
-64.9768
-64.9769
-64.9769
-64.9769
-64.977
-64.977
-64.977
-64.977
-64.9771
-64.9771
-64.9771
-64.9772
-64.9772
-64.9772
-64.9772
-64.9772
-64.9773
-64.9773
-64.9773
-64.9773
-64.9773
-64.9774
-64.9774
-64.9774
-64.9774
-64.9774
-64.9775
-64.9775
-64.9775
-64.9775
-64.9775
-64.9775
-64.9775
-64.9776
-64.9776
-64.9776
-64.9776
-64.9776
-64.9776
-64.9776
-64.9776
-64.9777
-64.9777
-64.9777
-64.9777
-64.9777
-64.9777
-64.9777
-64.9777
-64.9777
-64.9777
-64.9777
-64.9777
-64.9777
-64.9778
-64.9778
-64.9778
-64.9778
-64.9778
-64.9778
-64.9778
-64.9778
-64.9778
-64.9778
-64.9778
-64.9778
-64.9778
-64.9778
-64.9778
-64.9778
-64.9778
-64.9778
-64.9778
-64.9778
-64.9778
-64.9778
-64.9778
-64.9778
-64.9778
-64.9778
-64.9778
-64.9778
-64.9778
-64.9778
-64.9778
-64.9778
-64.9778
-64.9777
-64.9777
-64.9777
-64.9777
-64.9777
-64.9777
-64.9777
-64.9777
-64.9777
-64.9777
-64.9777
-64.9777
-64.9777
-64.9777
-64.9777
-64.9777
-64.9776
-64.9776
-64.9776
-64.9776
-64.9776
-64.9776
-64.9776
-64.9776
-64.9776
-64.9776
-64.9776
-64.9776
-64.9775
-64.9775
-64.9775
-64.9775
-64.9775
-64.9775
-64.9775
-64.9775
-64.9775
-64.9774
-64.9774
-64.9774
-64.9774
-64.9774
-64.9774
-64.9774
-64.9774
-64.9774
-64.9773
-64.9773
-64.9773
-64.9773
-64.9773
-64.9773
-64.9773
-64.9772
-64.9772
-64.9772
-64.9772
-64.9772
-64.9772
-64.9772
-64.9772
-64.9771
-64.9771
-64.9771
-64.9771
-64.9771
-64.9771
-64.9771
-64.977
-64.977
-64.977
-64.977
-64.977
-64.977
-64.9769
-64.9769
-64.9769
-64.9769
-64.9769
-64.9769
-64.9769
-64.9768
-64.9768
-64.9768
-64.9768
-64.9768
-64.9768
-64.9767
-64.9767
-64.9767
-64.9767
-64.9767
-64.9767
-64.9766
-64.9766
-64.9766
-64.9766
-64.9766
-64.9766
-64.9765
-64.9765
-64.9765
-64.9765
-64.9765
-64.9765
-64.9764
-64.9764
-64.9764
-64.9764
-64.9764
-64.9764
-64.9763
-64.9763
-64.9763
-64.9763
-64.9763
-64.9763
-64.9762
-64.9762
-64.9762
-64.9762
-64.9762
-64.9762
-64.9761
-64.9761
-64.9761
-64.9761
-64.9761
-64.9761
-64.976
-64.976
-64.976
-64.976
-64.976
-64.9759
-64.9759
-64.9759
-64.9759
-64.9759
-64.9759
-64.9758
-64.9758
-64.9758
-64.9758
-64.9758
-64.9758
-64.9757
-64.9757
-64.9757
-64.9757
-64.9757
-64.9756
-64.9756
-64.9756
-64.9756
-64.9756
-64.9756
-64.9755
-64.9755
-64.9755
-64.9755
-64.9755
-64.9755
-64.9754
-64.9754
-64.9754
-64.9754
-64.9754
-64.9753
-64.9753
-64.9753
-64.9753
-64.9753
-64.9753
-64.9752
-64.9752
-64.9752
-64.9752
-64.9752
-64.9752
-64.9751
-64.9751
-64.9751
-64.9751
-64.9751
-64.975
-64.975
-64.975
-64.975
-64.975
-64.975
-64.9749
-64.9749
-64.9749
-64.9749
-64.9749
-64.9749
-64.9748
-64.9748
-64.9748
-64.9748
-64.9748
-64.9748
-64.9747
-64.9747
-64.9747
-64.9747
-64.9747
-64.9747
-64.9746
-64.9746
-64.9746
-64.9746
-64.9746
-64.9746
-64.9745
-64.9745
-64.9745
-64.9745
-64.9745
-64.9745
-64.9744
-64.9744
-64.9744
-64.9744
-64.9744
-64.9744
-64.9743
-64.9743
-64.9743
-64.9743
-64.9743
-64.9743
-64.9742
-64.9742
-64.9742
-64.9742
-64.9742
-64.9742
-64.9741
-64.9741
-64.9741
-64.9741
-64.9741
-64.9741
-64.974
-64.974
-64.974
-64.974
-64.974
-64.974
-64.9739
-64.9739
-64.9739
-64.9739
-64.9739
-64.9739
-64.9739
-64.9738
-64.9738
-64.9738
-64.9738
-64.9738
-64.9738
-64.9737
-64.9737
-64.9737
-64.9737
-64.9737
-64.9737
-64.9736
-64.9736
-64.9736
-64.9736
-64.9736
-64.9736
-64.9736
-64.9735
-64.9735
-64.9735
-64.9735
-64.9735
-64.9735
-64.9735
-64.9734
-64.9734
-64.9734
-64.9734
-64.9734
-64.9734
-64.9734
-64.9733
-64.9733
-64.9733
-64.9733
-64.9733
-64.9733
-64.9732
-64.9732
-64.9732
-64.9732
-64.9732
-64.9732
-64.9732
-64.9732
-64.9731
-64.9731
-64.9731
-64.9731
-64.9731
-64.9731
-64.9731
-64.973
-64.973
-64.973
-64.973
-64.973
-64.973
-64.973
-64.9729
-64.9729
-64.9729
-64.9729
-64.9729
-64.9729
-64.9729
-64.9728
-64.9728
-64.9728
-64.9728
-64.9728
-64.9728
-64.9728
-64.9728
-64.9727
-64.9727
-64.9727
-64.9727
-64.9727
-64.9727
-64.9727
-64.9727
-64.9726
-64.9726
-64.9726
-64.9726
-64.9726
-64.9726
-64.9726
-64.9725
-64.9725
-64.9725
-64.9725
-64.9725
-64.9725
-64.9725
-64.9725
-64.9724
-64.9724
-64.9724
-64.9724
-64.9724
-64.9724
-64.9724
-64.9724
-64.9724
-64.9723
-64.9723
-64.9723
-64.9723
-64.9723
-64.9723
-64.9723
-64.9723
-64.9722
-64.9722
-64.9722
-64.9722
-64.9722
-64.9722
-64.9722
-64.9722
-64.9721
-64.9721
-64.9721
-64.9721
-64.9721
-64.9721
-64.9721
-64.9721
-64.9721
-64.972
-64.972
-64.972
-64.972
-64.972
-64.972
-64.972
-64.972
-64.972
-64.9719
-64.9719
-64.9719
-64.9719
-64.9719
-64.9719
-64.9719
-64.9719
-64.9719
-64.9718
-64.9718
-64.9718
-64.9718
-64.9718
-64.9718
-64.9718
-64.9718
-64.9718
-64.9718
-64.9717
-64.9717
-64.9717
-64.9717
-64.9717
-64.9717
-64.9717
-64.9717
-64.9717
-64.9717
-64.9716
-64.9716
-64.9716
-64.9716
-64.9716
-64.9716
-64.9716
-64.9716
-64.9716
-64.9716
-64.9715
-64.9715
-64.9715
-64.9715
-64.9715
-64.9715
-64.9715
-64.9715
-64.9715
-64.9715
-64.9714
-64.9714
-64.9714
-64.9714
-64.9714
-64.9714
-64.9714
-64.9714
-64.9714
-64.9714
-64.9714
-64.9713
-64.9713
-64.9713
-64.9713
-64.9713
-64.9713
-64.9713
-64.9713
-64.9713
-64.9713
-64.9713
-64.9712
-64.9712
-64.9712
-64.9712
-64.9712
-64.9712
-64.9712
-64.9712
-64.9712
-64.9712
-64.9712
-64.9711
-64.9711
-64.9711
-64.9711
-64.9711
-64.9711
-64.9711
-64.9711
-64.9711
-64.9711
-64.9711
-64.9711
-64.971
-64.971
-64.971
-64.971
-64.971
-64.971
-64.971
-64.971
-64.971
-64.971
-64.971
-64.971
-64.9709
-64.9709
-64.9709
-64.9709
-64.9709
-64.9709
-64.9709
-64.9709
-64.9709
-64.9709
-64.9709
-64.9709
-64.9709
-64.9708
-64.9708
-64.9708
-64.9708
-64.9708
-64.9708
-64.9708
-64.9708
-64.9708
-64.9708
-64.9708
-64.9708
-64.9708
-64.9707
-64.9707
-64.9707
-64.9707
-64.9707
-64.9707
-64.9707
-64.9707
-64.9707
-64.9707
-64.9707
-64.9707
-64.9707
-64.9707
-64.9706
-64.9706
-64.9706
-64.9706
-64.9706
-64.9706
-64.9706
-64.9706
-64.9706
-64.9706
-64.9706
-64.9706
-64.9706
-64.9706
-64.9706
-64.9705
-64.9705
-64.9705
-64.9705
-64.9705
-64.9705
-64.9705
-64.9705
-64.9705
-64.9705
-64.9705
-64.9705
-64.9705
-64.9705
-64.9705
-64.9704
-64.9704
-64.9704
-64.9704
-64.9704
-64.9704
-64.9704
-64.9704
-64.9704
-64.9704
-64.9704
-64.9704
-64.9704
-64.9704
-64.9704
-64.9704
-64.9703
-64.9703
-64.9703
-64.9703
-64.9703
-64.9703
-64.9703
-64.9703
-64.9703
-64.9703
-64.9703
-64.9703
-64.9703
-64.9703
-64.9703
-64.9703
-64.9703
-64.9702
-64.9702
-64.9702
-64.9702
-64.9702
-64.9702
-64.9702
-64.9702
-64.9702
-64.9702
-64.9702
-64.9702
-64.9702
-64.9702
-64.9702
-64.9702
-64.9702
-64.9702
-64.9701
-64.9701
-64.9701
-64.9701
-64.9701
-64.9701
-64.9701
-64.9701
-64.9701
-64.9701
-64.9701
-64.9701
-64.9701
-64.9701
-64.9701
-64.9701
-64.9701
-64.9701
-64.9701
-64.97
-64.97
-64.97
-64.97
-64.97
-64.97
-64.97
-64.97
-64.97
-64.97
-64.97
-64.97
-64.97
-64.97
-64.97
-64.97
-64.97
-64.97
-64.97
-64.97
-64.9699
-64.9699
-64.9699
-64.9699
-64.9699
-64.9699
-64.9699
-64.9699
-64.9699
-64.9699
-64.9699
-64.9699
-64.9699
-64.9699
-64.9699
-64.9699
-64.9699
-64.9699
-64.9699
-64.9699
-64.9699
-64.9699
-64.9698
-64.9698
-64.9698
-64.9698
-64.9698
-64.9698
-64.9698
-64.9698
-64.9698
-64.9698
-64.9698
-64.9698
-64.9698
-64.9698
-64.9698
-64.9698
-64.9698
-64.9698
-64.9698
-64.9698
-64.9698
-64.9698
-64.9698
-64.9698
-64.9697
-64.9697
-64.9697
-64.9697
-64.9697
-64.9697
-64.9697
-64.9697
-64.9697
-64.9697
-64.9697
-64.9697
-64.9697
-64.9697
-64.9697
-64.9697
-64.9697
-64.9697
-64.9697
-64.9697
-64.9697
-64.9697
-64.9697
-64.9697
-64.9697
-64.9697
-64.9696
-64.9696
-64.9696
-64.9696
-64.9696
-64.9696
-64.9696
-64.9696
-64.9696
-64.9696
-64.9696
-64.9696
-64.9696
-64.9696
-64.9696
-64.9696
-64.9696
-64.9696
-64.9696
-64.9696
-64.9696
-64.9696
-64.9696
-64.9696
-64.9696
-64.9696
-64.9696
-64.9696
-64.9695
-64.9695
-64.9695
-64.9695
-64.9695
-64.9695
-64.9695
-64.9695
-64.9695
-64.9695
-64.9695
-64.9695
-64.9695
-64.9695
-64.9695
-64.9695
-64.9695
-64.9695
-64.9695
-64.9695
-64.9695
-64.9695
-64.9695
-64.9695
-64.9695
-64.9695
-64.9695
-64.9695
-64.9695
-64.9695
-64.9695
-64.9695
-64.9695
-64.9694
-64.9694
-64.9694
-64.9694
-64.9694
-64.9694
-64.9694
-64.9694
-64.9694
-64.9694
-64.9694
-64.9694
-64.9694
-64.9694
-64.9694
-64.9694
-64.9694
-64.9694
-64.9694
-64.9694
-64.9694
-64.9694
-64.9694
-64.9694
-64.9694
-64.9694
-64.9694
-64.9694
-64.9694
-64.9694
-64.9694
-64.9694
-64.9694
-64.9694
-64.9694
-64.9694
-64.9693
-64.9693
-64.9693
-64.9693
-64.9693
-64.9693
-64.9693
-64.9693
-64.9693
-64.9693
-64.9693
-64.9693
-64.9693
-64.9693
-64.9693
-64.9693
-64.9693
-64.9693
-64.9693
-64.9693
-64.9693
-64.9693
-64.9693
-64.9693
-64.9693
-64.9693
-64.9693
-64.9693
-64.9693
-64.9693
-64.9693
-64.9693
-64.9693
-64.9693
-64.9693
-64.9693
-64.9693
-64.9693
-64.9693
-64.9693
-64.9693
-64.9693
-64.9693
-64.9693
-64.9692
-64.9692
-64.9692
-64.9692
-64.9692
-64.9692
-64.9692
-64.9692
-64.9692
-64.9692
-64.9692
-64.9692
-64.9692
-64.9692
-64.9692
-64.9692
-64.9692
-64.9692
-64.9692
-64.9692
-64.9692
-64.9692
-64.9692
-64.9692
-64.9692
-64.9692
-64.9692
-64.9692
-64.9692
-64.9692
-64.9692
-64.9692
-64.9692
-64.9692
-64.9692
-64.9692
-64.9692
-64.9692
-64.9692
-64.9692
-64.9692
-64.9692
-64.9692
-64.9692
-64.9692
-64.9692
-64.9692
-64.9692
-64.9692
-64.9692
-64.9692
-64.9692
-64.9692
-64.9692
-64.9691
-64.9691
-64.9691
-64.9691
-64.9691
-64.9691
-64.9691
-64.9691
-64.9691
-64.9691
-64.9691
-64.9691
-64.9691
-64.9691
-64.9691
-64.9691
-64.9691
-64.9691
-64.9691
-64.9691
-64.9691
-64.9691
-64.9691
-64.9691
-64.9691
-64.9691
-64.9691
-64.9691
-64.9691
-64.9691
-64.9691
-64.9691
-64.9691
-64.9691
-64.9691
-64.9691
-64.9691
-64.9691
-64.9691
-64.9691
-64.9691
-64.9691
-64.9691
-64.9691
-64.9691
-64.9691
-64.9691
-64.9691
-64.9691
-64.9691
-64.9691
-64.9691
-64.9691
-64.9691
-64.9691
-64.9691
-64.9691
-64.9691
-64.9691
-64.9691
-64.9691
-64.9691
-64.9691
-64.9691
-64.9691
-64.9691
-64.9691
-64.9691
-64.9691
-64.9691
-64.9691
-64.9691
-64.9691
-64.9691
-64.9691
-64.9691
-64.969
-64.969
-64.969
-64.969
-64.969
-64.969
-64.969
-64.969
-64.969
-64.969
-64.969
-64.969
-64.969
-64.969
-64.969
-64.969
-64.969
-64.969
-64.969
-64.969
-64.969
-64.969
-64.969
-64.969
-64.969
-64.969
-64.969
-64.969
-64.969
-64.969
-64.969
-64.969
-64.969
-64.969
-64.969
-64.969
-64.969
-64.969
-64.969
-64.969
-64.969
-64.969
-64.969
-64.969
-64.969
-64.969
-64.969
-64.969
-64.969
-64.969
-64.969
-64.969
-64.969
-64.969
-64.969
-64.969
-64.969
-64.969
-64.969
-64.969
-64.969
-64.969
-64.969
-64.969
-64.969
-64.969
-64.969
-64.969
-64.969
-64.969
-64.969
-64.969
-64.969
-64.969
-64.969
-64.969
-64.969
-64.969
-64.969
-64.969
-64.969
-64.969
-64.969
-64.969
-64.969
-64.969
-64.969
-64.969
-64.969
-64.969
-64.969
-64.969
-64.969
-64.969
-64.969
-64.969
-64.969
-64.969
-64.969
-64.969
-64.969
-64.969
-64.969
-64.969
-64.969
-64.969
-64.969
-64.969
-64.969
-64.969
-64.969
-64.969
-64.969
-64.969
-64.969
-64.969
-64.969
-64.969
-64.969
-64.969
-64.969
-64.969
-64.969
-64.969
-64.969
-64.969
-64.969
-64.969
-64.969
-64.969
-64.969
-64.969
-64.969
-64.969
-64.969
-64.969
-64.969
-64.969
-64.969
-64.969
-64.969
-64.969
-64.969
-64.969
-64.969
-64.969
-64.969
-64.969
-64.969
-64.969
-64.969
-64.969
-64.969
-64.969
-64.969
-64.969
-64.969
-64.969
-64.969
-64.969
-64.969
-64.969
-64.969
-64.969
-64.969
-64.969
-64.969
-64.969
-64.969
-64.969
-64.969
-64.969
-64.969
-64.969
-64.969
-64.969
-64.969
-64.969
-64.969
-64.969
-64.969
-64.969
-64.969
-64.969
-64.969
-64.969
-64.969
-64.969
-64.969
-64.969
-64.969
-64.969
-64.969
-64.969
-64.969
-64.969
-64.969
-64.969
-64.969
-64.969
-64.969
-64.969
-64.969
-64.969
-64.969
-64.969
-64.969
-64.969
-64.969
-64.969
-64.969
-64.969
-64.969
-64.969
-64.969
-64.969
-64.969
-64.969
-64.969
-64.969
-64.969
-64.969
-64.969
-64.969
-64.969
-64.969
-64.969
-64.969
-64.969
-64.969
-64.969
-64.969
-64.969
-64.969
-64.969
-64.969
-64.969
-64.969
-64.969
-64.969
-64.969
-64.969
-64.969
-64.969
-64.969
-64.969
-64.969
-64.969
-64.969
-64.969
-64.969
-64.969
-64.969
-64.969
-64.969
-64.969
-64.969
-64.969
-64.969
-64.969
-64.969
-64.969
-64.969
-64.969
-64.969
-64.969
-64.969
-64.969
-64.969
-64.969
-64.969
-64.969
-64.969
-64.969
-64.969
-64.969
-64.969
-64.969
-64.969
-64.969
-64.969
-64.969
-64.969
-64.969
-64.969
-64.969
-64.969
-64.969
-64.969
-64.969
-64.969
-64.969
-64.969
-64.969
-64.969
-64.969
-64.969
-64.969
-64.969
-64.969
-64.969
-64.969
-64.969
-64.969
-64.969
-64.969
-64.969
-64.969
-64.969
-64.969
-64.969
-64.969
-64.969
-64.969
-64.969
-64.969
-64.969
-64.969
-64.969
-64.969
-64.969
-64.969
-64.969
-64.969
-64.969
-64.969
-64.969
-64.969
-64.969
-64.969
-64.969
-64.969
-64.969
-64.969
-64.969
-64.969
-64.969
-64.969
-64.969
-64.969
-64.969
-64.969
-64.969
-64.969
-64.969
-64.969
-64.969
-64.969
-64.969
-64.969
-64.969
-64.969
-64.969
-64.969
-64.969
-64.969
-64.969
-64.969
-64.969
-64.969
-64.969
-64.969
-64.969
-64.969
-64.969
-64.969
-64.969
-64.969
-64.969
-64.969
-64.969
-64.969
-64.969
-64.969
-64.969
-64.969
-64.969
-64.969
-64.969
-64.969
-64.969
-64.969
-64.969
-64.969
-64.969
-64.969
-64.969
-64.969
-64.969
-64.969
-64.969
-64.969
-64.969
-64.969
-64.969
-64.969
-64.969
-64.969
-64.969
-64.969
-64.969
-64.969
-64.969
-64.969
-64.969
-64.969
-64.969
-64.969
-64.969
-64.969
-64.969
-64.969
-64.969
-64.969
-64.969
-64.969
-64.969
-64.969
-64.969
-64.969
-64.969
-64.969
-64.969
-64.969
-64.969
-64.969
-64.969
-64.969
-64.969
-64.969
-64.969
-64.969
-64.969
-64.9691
-64.9691
-64.9691
-64.9691
-64.9691
-64.9691
-64.9691
-64.9691
-64.9691
-64.9691
-64.9691
-64.9691
-64.9691
-64.9691
-64.9691
-64.9691
-64.9691
-64.9691
-64.9691
-64.9691
-64.9691
-64.9691
-64.9691
-64.9691
-64.9691
-64.9691
-64.9691
-64.9691
-64.9691
-64.9691
-64.9691
-64.9691
-64.9691
-64.9691
-64.9691
-64.9691
-64.9691
-64.9691
-64.9691
-64.9691
-64.9691
-64.9691
-64.9691
-64.9691
-64.9691
-64.9691
-64.9691
-64.9691
-64.9691
-64.9691
-64.9691
-64.9691
-64.9691
-64.9691
-64.9691
-64.9691
-64.9691
-64.9691
-64.9691
-64.9691
-64.9691
-64.9691
-64.9691
-64.9691
-64.9691
-64.9691
-64.9691
-64.9691
-64.9691
-64.9691
-64.9691
-64.9691
-64.9691
-64.9691
-64.9691
-64.9691
-64.9691
-64.9691
-64.9691
-64.9691
-64.9691
-64.9691
-64.9691
-64.9691
-64.9691
-64.9691
-64.9691
-64.9691
-64.9691
-64.9691
-64.9691
-64.9691
-64.9691
-64.9691
-64.9691
-64.9691
-64.9691
-64.9691
-64.9691
-64.9691
-64.9691
-64.9691
-64.9691
-64.9691
-64.9691
-64.9691
-64.9691
-64.9691
-64.9691
-64.9691
-64.9691
-64.9691
-64.9691
-64.9691
-64.9691
-64.9691
-64.9691
-64.9691
-64.9691
-64.9691
-64.9691
-64.9691
-64.9691
-64.9692
-64.9692
-64.9692
-64.9692
-64.9692
-64.9692
-64.9692
-64.9692
-64.9692
-64.9692
-64.9692
-64.9692
-64.9692
-64.9692
-64.9692
-64.9692
-64.9692
-64.9692
-64.9692
-64.9692
-64.9692
-64.9692
-64.9692
-64.9692
-64.9692
-64.9692
-64.9692
-64.9692
-64.9692
-64.9692
-64.9692
-64.9692
-64.9692
-64.9692
-64.9692
-64.9692
-64.9692
-64.9692
-64.9692
-64.9692
-64.9692
-64.9692
-64.9692
-64.9692
-64.9692
-64.9692
-64.9692
-64.9692
-64.9692
-64.9692
-64.9692
-64.9692
-64.9692
-64.9692
-64.9692
-64.9692
-64.9692
-64.9692
-64.9692
-64.9692
-64.9692
-64.9692
-64.9692
-64.9692
-64.9692
-64.9692
-64.9692
-64.9692
-64.9692
-64.9692
-64.9692
-64.9692
-64.9692
-64.9692
-64.9692
-64.9692
-64.9692
-64.9692
-64.9692
-64.9692
-64.9692
-64.9692
-64.9692
-64.9692
-64.9692
-64.9692
-64.9692
-64.9692
-64.9692
-64.9692
-64.9692
-64.9692
-64.9692
-64.9692
-64.9692
-64.9692
-64.9692
-64.9692
-64.9692
-64.9692
-64.9692
-64.9692
-64.9692
-64.9693
-64.9693
-64.9693
-64.9693
-64.9693
-64.9693
-64.9693
-64.9693
-64.9693
-64.9693
-64.9693
-64.9693
-64.9693
-64.9693
-64.9693
-64.9693
-64.9693
-64.9693
-64.9693
-64.9693
-64.9693
-64.9693
-64.9693
-64.9693
-64.9693
-64.9693
-64.9693
-64.9693
-64.9693
-64.9693
-64.9693
-64.9693
-64.9693
-64.9693
-64.9693
-64.9693
-64.9693
-64.9693
-64.9693
-64.9693
-64.9693
-64.9693
-64.9693
-64.9693
-64.9693
-64.9693
-64.9693
-64.9693
-64.9693
-64.9693
-64.9693
-64.9693
-64.9693
-64.9693
-64.9693
-64.9693
-64.9693
-64.9693
-64.9693
-64.9693
-64.9693
-64.9693
-64.9693
-64.9693
-64.9693
-64.9693
-64.9693
-64.9693
-64.9693
-64.9693
-64.9693
-64.9693
-64.9693
-64.9693
-64.9693
-64.9693
-64.9693
-64.9693
-64.9693
-64.9693
-64.9693
-64.9693
-64.9693
-64.9693
-64.9693
-64.9693
-64.9693
-64.9693
-64.9693
-64.9693
-64.9693
-64.9693
-64.9693
-64.9693
-64.9693
-64.9694
-64.9694
-64.9694
-64.9694
-64.9694
-64.9694
-64.9694
-64.9694
-64.9694
-64.9694
-64.9694
-64.9694
-64.9694
-64.9694
-64.9694
-64.9694
-64.9694
-64.9694
-64.9694
-64.9694
-64.9694
-64.9694
-64.9694
-64.9694
-64.9694
-64.9694
-64.9694
-64.9694
-64.9694
-64.9694
-64.9694
-64.9694
-64.9694
-64.9694
-64.9694
-64.9694
-64.9694
-64.9694
-64.9694
-64.9694
-64.9694
-64.9694
-64.9694
-64.9694
-64.9694
-64.9694
-64.9694
-64.9694
-64.9694
-64.9694
-64.9694
-64.9694
-64.9694
-64.9694
-64.9694
-64.9694
-64.9694
-64.9694
-64.9694
-64.9694
-64.9694
-64.9694
-64.9694
-64.9694
-64.9694
-64.9694
-64.9694
-64.9694
-64.9694
-64.9694
-64.9694
-64.9694
-64.9694
-64.9694
-64.9694
-64.9694
-64.9694
-64.9694
-64.9694
-64.9694
-64.9694
-64.9694
-64.9694
-64.9694
-64.9694
-64.9694
-64.9694
-64.9694
-64.9694
-64.9694
-64.9694
-64.9694
-64.9695
-64.9695
-64.9695
-64.9695
-64.9695
-64.9695
-64.9695
-64.9695
-64.9695
-64.9695
-64.9695
-64.9695
-64.9695
-64.9695
-64.9695
-64.9695
-64.9695
-64.9695
-64.9695
-64.9695
-64.9695
-64.9695
-64.9695
-64.9695
-64.9695
-64.9695
-64.9695
-64.9695
-64.9695
-64.9695
-64.9695
-64.9695
-64.9695
-64.9695
-64.9695
-64.9695
-64.9695
-64.9695
-64.9695
-64.9695
-64.9695
-64.9695
-64.9695
-64.9695
-64.9695
-64.9695
-64.9695
-64.9695
-64.9695
-64.9695
-64.9695
-64.9695
-64.9695
-64.9695
-64.9695
-64.9695
-64.9695
-64.9695
-64.9695
-64.9695
-64.9695
-64.9695
-64.9695
-64.9695
-64.9695
-64.9695
-64.9695
-64.9695
-64.9695
-64.9695
-64.9695
-64.9695
-64.9695
-64.9695
-64.9695
-64.9695
-64.9695
-64.9695
-64.9695
-64.9695
-64.9695
-64.9695
-64.9695
-64.9695
-64.9695
-64.9695
-64.9695
-64.9695
-64.9695
-64.9695
-64.9696
-64.9696
-64.9696
-64.9696
-64.9696
-64.9696
-64.9696
-64.9696
-64.9696
-64.9696
-64.9696
-64.9696
-64.9696
-64.9696
-64.9696
-64.9696
-64.9696
-64.9696
-64.9696
-64.9696
-64.9696
-64.9696
-64.9696
-64.9696
-64.9696
-64.9696
-64.9696
-64.9696
-64.9696
-64.9696
-64.9696
-64.9696
-64.9696
-64.9696
-64.9696
-64.9696
-64.9696
-64.9696
-64.9696
-64.9696
-64.9696
-64.9696
-64.9696
-64.9696
-64.9696
-64.9696
-64.9696
-64.9696
-64.9696
-64.9696
-64.9696
-64.9696
-64.9696
-64.9696
-64.9696
-64.9696
-64.9696
-64.9696
-64.9696
-64.9696
-64.9696
-64.9696
-64.9696
-64.9696
-64.9696
-64.9696
-64.9696
-64.9696
-64.9696
-64.9696
-64.9696
-64.9696
-64.9696
-64.9696
-64.9696
-64.9696
-64.9696
-64.9696
-64.9696
-64.9696
-64.9696
-64.9696
-64.9696
-64.9696
-64.9696
-64.9696
-64.9696
-64.9696
-64.9696
-64.9696
-64.9697
-64.9697
-64.9697
-64.9697
-64.9697
-64.9697
-64.9697
-64.9697
-64.9697
-64.9697
-64.9697
-64.9697
-64.9697
-64.9697
-64.9697
-64.9697
-64.9697
-64.9697
-64.9697
-64.9697
-64.9697
-64.9697
-64.9697
-64.9697
-64.9697
-64.9697
-64.9697
-64.9697
-64.9697
-64.9697
-64.9697
-64.9697
-64.9697
-64.9697
-64.9697
-64.9697
-64.9697
-64.9697
-64.9697
-64.9697
-64.9697
-64.9697
-64.9697
-64.9697
-64.9697
-64.9697
-64.9697
-64.9697
-64.9697
-64.9697
-64.9697
-64.9697
-64.9697
-64.9697
-64.9697
-64.9697
-64.9697
-64.9697
-64.9697
-64.9697
-64.9697
-64.9697
-64.9697
-64.9697
-64.9697
-64.9697
-64.9697
-64.9697
-64.9697
-64.9697
-64.9697
-64.9697
-64.9697
-64.9697
-64.9697
-64.9697
-64.9697
-64.9697
-64.9697
-64.9697
-64.9697
-64.9697
-64.9697
-64.9697
-64.9697
-64.9697
-64.9697
-64.9697
-64.9697
-64.9697
-64.9697
-64.9698
-64.9698
-64.9698
-64.9698
-64.9698
-64.9698
-64.9698
-64.9698
-64.9698
-64.9698
-64.9698
-64.9698
-64.9698
-64.9698
-64.9698
-64.9698
-64.9698
-64.9698
-64.9698
-64.9698
-64.9698
-64.9698
-64.9698
-64.9698
-64.9698
-64.9698
-64.9698
-64.9698
-64.9698
-64.9698
-64.9698
-64.9698
-64.9698
-64.9698
-64.9698
-64.9698
-64.9698
-64.9698
-64.9698
-64.9698
-64.9698
-64.9698
-64.9698
-64.9698
-64.9698
-64.9698
-64.9698
-64.9698
-64.9698
-64.9698
-64.9698
-64.9698
-64.9698
-64.9698
-64.9698
-64.9698
-64.9698
-64.9698
-64.9698
-64.9698
-64.9698
-64.9698
-64.9698
-64.9698
-64.9698
-64.9698
-64.9698
-64.9698
-64.9698
-64.9698
-64.9698
-64.9698
-64.9698
-64.9698
-64.9698
-64.9698
-64.9698
-64.9698
-64.9698
-64.9698
-64.9698
-64.9698
-64.9698
-64.9698
-64.9698
-64.9698
-64.9698
-64.9698
-64.9698
-64.9698
-64.9698
-64.9698
-64.9698
-64.9698
-64.9699
-64.9699
-64.9699
-64.9699
-64.9699
-64.9699
-64.9699
-64.9699
-64.9699
-64.9699
-64.9699
-64.9699
-64.9699
-64.9699
-64.9699
-64.9699
-64.9699
-64.9699
-64.9699
-64.9699
-64.9699
-64.9699
-64.9699
-64.9699
-64.9699
-64.9699
-64.9699
-64.9699
-64.9699
-64.9699
-64.9699
-64.9699
-64.9699
-64.9699
-64.9699
-64.9699
-64.9699
-64.9699
-64.9699
-64.9699
-64.9699
-64.9699
-64.9699
-64.9699
-64.9699
-64.9699
-64.9699
-64.9699
-64.9699
-64.9699
-64.9699
-64.9699
-64.9699
-64.9699
-64.9699
-64.9699
-64.9699
-64.9699
-64.9699
-64.9699
-64.9699
-64.9699
-64.9699
-64.9699
-64.9699
-64.9699
-64.9699
-64.9699
-64.9699
-64.9699
-64.9699
-64.9699
-64.9699
-64.9699
-64.9699
-64.9699
-64.9699
-64.9699
-64.9699
-64.9699
-64.9699
-64.9699
-64.9699
-64.9699
-64.9699
-64.9699
-64.9699
-64.9699
-64.9699
-64.9699
-64.9699
-64.9699
-64.9699
-64.9699
-64.9699
-64.9699
-64.9699
-64.97
-64.97
-64.97
-64.97
-64.97
-64.97
-64.97
-64.97
-64.97
-64.97
-64.97
-64.97
-64.97
-64.97
-64.97
-64.97
-64.97
-64.97
-64.97
-64.97
-64.97
-64.97
-64.97
-64.97
-64.97
-64.97
-64.97
-64.97
-64.97
-64.97
-64.97
-64.97
-64.97
-64.97
-64.97
-64.97
-64.97
-64.97
-64.97
-64.97
-64.97
-64.97
-64.97
-64.97
-64.97
-64.97
-64.97
-64.97
-64.97
-64.97
-64.97
-64.97
-64.97
-64.97
-64.97
-64.97
-64.97
-64.97
-64.97
-64.97
-64.97
-64.97
-64.97
-64.97
-64.97
-64.97
-64.97
-64.97
-64.97
-64.97
-64.97
-64.97
-64.97
-64.97
-64.97
-64.97
-64.97
-64.97
-64.97
-64.97
-64.97
-64.97
-64.97
-64.97
-64.97
-64.97
-64.97
-64.97
-64.97
-64.97
-64.97
-64.97
-64.9792
-64.9903
-65.0017
-65.0124
-65.0223
-65.0314
-65.0397
-65.0473
-65.0543
-65.0607
-65.0667
-65.0722
-65.0774
-65.0822
-65.0868
-65.0911
-65.0952
-65.0991
-65.1027
-65.1062
-65.1095
-65.1126
-65.1156
-65.1184
-65.1211
-65.1237
-65.1261
-65.1284
-65.1305
-65.1326
-65.1346
-65.1364
-65.1381
-65.1398
-65.1413
-65.1427
-65.1441
-65.1454
-65.1465
-65.1476
-65.1487
-65.1496
-65.1505
-65.1513
-65.152
-65.1526
-65.1532
-65.1538
-65.1542
-65.1546
-65.155
-65.1553
-65.1555
-65.1557
-65.1558
-65.1559
-65.156
-65.156
-65.1559
-65.1558
-65.1557
-65.1555
-65.1553
-65.1551
-65.1548
-65.1545
-65.1541
-65.1537
-65.1533
-65.1529
-65.1524
-65.1519
-65.1514
-65.1508
-65.1502
-65.1496
-65.149
-65.1483
-65.1476
-65.1469
-65.1462
-65.1455
-65.1447
-65.1439
-65.1431
-65.1423
-65.1415
-65.1407
-65.1398
-65.1389
-65.1381
-65.1372
-65.1362
-65.1353
-65.1344
-65.1334
-65.1325
-65.1315
-65.1306
-65.1296
-65.1286
-65.1276
-65.1266
-65.1256
-65.1246
-65.1235
-65.1225
-65.1215
-65.1204
-65.1194
-65.1183
-65.1173
-65.1162
-65.1151
-65.1141
-65.113
-65.1119
-65.1109
-65.1098
-65.1087
-65.1076
-65.1066
-65.1055
-65.1044
-65.1033
-65.1022
-65.1012
-65.1001
-65.099
-65.0979
-65.0968
-65.0958
-65.0947
-65.0936
-65.0925
-65.0915
-65.0904
-65.0893
-65.0883
-65.0872
-65.0861
-65.0819
-65.0717
-65.054
-65.0283
-64.995
-64.9547
-64.9082
-64.8566
-64.8008
-64.7417
-64.6802
-64.617
-64.5529
-64.4883
-64.4238
-64.3598
-64.2968
-64.2348
-64.1743
-64.1153
-64.0581
-64.0027
-63.9492
-63.8977
-63.8482
-63.8008
-63.7554
-63.712
-63.6706
-63.6312
-63.5937
-63.5582
-63.5245
-63.4926
-63.4625
-63.4342
-63.4075
-63.3824
-63.359
-63.337
-63.3165
-63.2975
-63.2798
-63.2635
-63.2484
-63.2346
-63.2219
-63.2105
-63.2001
-63.1907
-63.1824
-63.1751
-63.1688
-63.1633
-63.1587
-63.1549
-63.152
-63.1498
-63.1483
-63.1475
-63.1475
-63.148
-63.1492
-63.151
-63.1533
-63.1562
-63.1596
-63.1635
-63.1678
-63.1726
-63.1779
-63.1835
-63.1895
-63.1959
-63.2027
-63.2097
-63.2171
-63.2248
-63.2434
-63.2648
-63.2865
-63.3078
-63.3283
-63.348
-63.367
-63.3853
-63.4031
-63.4203
-63.4372
-63.4537
-63.4699
-63.4858
-63.5015
-63.517
-63.5323
-63.5475
-63.5625
-63.5773
-63.592
-63.6066
-63.621
-63.6353
-63.6494
-63.6634
-63.6773
-63.688
-63.6928
-63.6902
-63.6797
-63.6617
-63.6368
-63.6059
-63.5699
-63.5297
-63.4863
-63.4405
-63.393
-63.3446
-63.2956
-63.2468
-63.1983
-63.1507
-63.1041
-63.0588
-63.015
-62.9727
-62.9322
-62.8934
-62.8565
-62.8214
-62.7882
-62.7569
-62.7274
-62.6998
-62.6739
-62.6498
-62.6275
-62.6068
-62.5878
-62.5704
-62.5545
-62.5402
-62.5272
-62.5157
-62.5055
-62.4966
-62.489
-62.4826
-62.4773
-62.4731
-62.47
-62.4793
-62.4922
-62.5062
-62.5203
-62.5343
-62.548
-62.5615
-62.5748
-62.5881
-62.6014
-62.6147
-62.6281
-62.6416
-62.6553
-62.6691
-62.6832
-62.6974
-62.7118
-62.7263
-62.7522
-62.7806
-62.8094
-62.8375
-62.8648
-62.8912
-62.9166
-62.9413
-62.9653
-62.9887
-63.0117
-63.0341
-63.0562
-63.0779
-63.0993
-63.1204
-63.1413
-63.1619
-63.1822
-63.2023
-63.2223
-63.242
-63.2615
-63.2808
-63.2999
-63.3188
-63.3375
-63.356
-63.3743
-63.3925
-63.4104
-63.4282
-63.4457
-63.4631
-63.4803
-63.4974
-63.5142
-63.5309
-63.5474
-63.5637
-63.5798
-63.5958
-63.6116
-63.6272
-63.6426
-63.6579
-63.673
-63.6879
-63.7027
-63.7172
-63.7317
-63.7459
-63.76
-63.774
-63.7877
-63.8013
-63.8148
-63.8281
-63.8412
-63.8542
-63.8671
-63.8797
-63.8923
-63.9047
-63.9169
-63.929
-63.9409
-63.9527
-63.9644
-63.9759
-63.9872
-63.9985
-64.0096
-64.0205
-64.0313
-64.042
-64.0526
-64.063
-64.0733
-64.0835
-64.0935
-64.1034
-64.1132
-64.1229
-64.1324
-64.1418
-64.1511
-64.1603
-64.1694
-64.1783
-64.1872
-64.1959
-64.2045
-64.213
-64.2214
-64.2297
-64.2379
-64.246
-64.2539
-64.2618
-64.2696
-64.2772
-64.2848
-64.2923
-64.2996
-64.3069
-64.3141
-64.3212
-64.3282
-64.3351
-64.3419
-64.3486
-64.3552
-64.3618
-64.3682
-64.3746
-64.3809
-64.3871
-64.3932
-64.3992
-64.4052
-64.4111
-64.4169
-64.4226
-64.4283
-64.4338
-64.4393
-64.4448
-64.4501
-64.4554
-64.4606
-64.4657
-64.4708
-64.4758
-64.4808
-64.4856
-64.4904
-64.4952
-64.4999
-64.5045
-64.509
-64.5135
-64.5179
-64.5223
-64.5266
-64.5309
-64.5351
-64.5392
-64.5433
-64.5473
-64.5513
-64.5552
-64.5591
-64.5629
-64.5666
-64.5704
-64.574
-64.5776
-64.5812
-64.5847
-64.5881
-64.5916
-64.5949
-64.5982
-64.6015
-64.6048
-64.6079
-64.6111
-64.6142
-64.6172
-64.6202
-64.6232
-64.6261
-64.629
-64.6319
-64.6347
-64.6375
-64.6402
-64.6429
-64.6456
-64.6482
-64.6508
-64.6533
-64.6558
-64.6583
-64.6607
-64.6632
-64.6655
-64.6679
-64.6702
-64.6725
-64.6747
-64.6769
-64.6791
-64.6812
-64.6834
-64.6855
-64.6875
-64.6895
-64.6915
-64.6935
-64.6955
-64.6974
-64.6993
-64.7011
-64.703
-64.7048
-64.7066
-64.7083
-64.7101
-64.7118
-64.7135
-64.7151
-64.7168
-64.7184
-64.72
-64.7215
-64.7231
-64.7246
-64.7261
-64.7276
-64.729
-64.7305
-64.7319
-64.7333
-64.7347
-64.736
-64.7373
-64.7387
-64.7399
-64.7412
-64.7425
-64.7437
-64.7449
-64.7461
-64.7473
-64.7485
-64.7496
-64.7508
-64.7519
-64.753
-64.7541
-64.7551
-64.7562
-64.7572
-64.7582
-64.7592
-64.7602
-64.7612
-64.7621
-64.7631
-64.764
-64.7649
-64.7658
-64.7667
-64.7676
-64.7684
-64.7693
-64.7701
-64.7709
-64.7717
-64.7725
-64.7733
-64.7741
-64.7748
-64.7756
-64.7763
-64.777
-64.7777
-64.7784
-64.7791
-64.7798
-64.7805
-64.7811
-64.7817
-64.7824
-64.783
-64.7836
-64.7842
-64.7848
-64.7854
-64.786
-64.7865
-64.7871
-64.7876
-64.7882
-64.7887
-64.7892
-64.7897
-64.7902
-64.8
-64.8118
-64.8238
-64.8352
-64.8458
-64.8555
-64.8644
-64.8726
-64.8801
-64.887
-64.8935
-64.8995
-64.9052
-64.9105
-64.9155
-64.9203
-64.9248
-64.9291
-64.9332
-64.9371
-64.9408
-64.9443
-64.9477
-64.9509
-64.9539
-64.9568
-64.9596
-64.9622
-64.9648
-64.9671
-64.9694
-64.9716
-64.9736
-64.9756
-64.9774
-64.9791
-64.9807
-64.9823
-64.9837
-64.9851
-64.9864
-64.9876
-64.9887
-64.9897
-64.9907
-64.9916
-64.9924
-64.9931
-64.9938
-64.9944
-64.995
-64.9955
-64.9959
-64.9963
-64.9966
-64.9968
-64.9971
-64.9972
-64.9973
-64.9974
-64.9974
-64.9974
-64.9974
-64.9973
-64.9971
-64.9969
-64.9967
-64.9964
-64.9962
-64.9958
-64.9955
-64.9951
-64.9947
-64.9942
-64.9937
-64.9932
-64.9927
-64.9921
-64.9915
-64.9909
-64.9903
-64.9896
-64.9889
-64.9883
-64.9875
-64.9868
-64.986
-64.9853
-64.9845
-64.9837
-64.9828
-64.982
-64.9811
-64.9894
-64.9996
-65.01
-65.0199
-65.0289
-65.037
-65.0443
-65.051
-65.0569
-65.0624
-65.0673
-65.0719
-65.085
-65.0999
-65.1146
-65.1284
-65.1412
-65.1529
-65.1636
-65.1735
-65.1825
-65.1909
-65.1986
-65.2057
-65.2124
-65.2186
-65.2244
-65.2298
-65.2349
-65.2396
-65.244
-65.2482
-65.252
-65.2556
-65.259
-65.2621
-65.265
-65.2676
-65.2701
-65.2724
-65.2744
-65.2763
-65.278
-65.2795
-65.2808
-65.282
-65.2831
-65.2839
-65.2847
-65.2853
-65.2857
-65.286
-65.2862
-65.2863
-65.2862
-65.2861
-65.2858
-65.2854
-65.2849
-65.2843
-65.2837
-65.2829
-65.282
-65.281
-65.28
-65.2789
-65.2777
-65.2764
-65.2751
-65.2736
-65.2721
-65.2706
-65.269
-65.2673
-65.2656
-65.2638
-65.2619
-65.26
-65.2581
-65.2561
-65.254
-65.252
-65.2498
-65.2477
-65.2454
-65.2432
-65.2409
-65.2386
-65.2362
-65.2339
-65.2315
-65.229
-65.2265
-65.2241
-65.2215
-65.219
-65.2164
-65.2138
-65.2112
-65.2086
-65.206
-65.2033
-65.2007
-65.198
-65.1953
-65.1926
-65.1898
-65.1871
-65.1844
-65.1816
-65.1788
-65.1761
-65.1733
-65.1705
-65.1677
-65.1649
-65.1621
-65.1593
-65.1565
-65.1537
-65.1509
-65.1481
-65.1453
-65.1425
-65.1397
-65.1369
-65.1341
-65.1313
-65.1285
-65.1257
-65.123
-65.1202
-65.1174
-65.1146
-65.1119
-65.1091
-65.1064
-65.1036
-65.1009
-65.0981
-65.0954
-65.0927
-65.09
-65.0873
-65.0846
-65.0819
-65.0793
-65.0766
-65.074
-65.0713
-65.0687
-65.0661
-65.0635
-65.0609
-65.0583
-65.0557
-65.0532
-65.0506
-65.0481
-65.0456
-65.0431
-65.0406
-65.0381
-65.0356
-65.0332
-65.0307
-65.0283
-65.0259
-65.0235
-65.0211
-65.0187
-65.0163
-65.014
-65.0117
-65.0093
-65.007
-65.0048
-65.0025
-65.0002
-64.998
-64.9957
-64.9935
-64.9913
-64.9891
-64.987
-64.9848
-64.9827
-64.9805
-64.9784
-64.9763
-64.9742
-64.9722
-64.9701
-64.9681
-64.9661
-64.9641
-64.9621
-64.9601
-64.9581
-64.9562
-64.9542
-64.9523
-64.9504
-64.9485
-64.9467
-64.9448
-64.943
-64.9411
-64.9393
-64.9375
-64.9357
-64.934
-64.9322
-64.9305
-64.9288
-64.9271
-64.9254
-64.9237
-64.922
-64.9204
-64.9187
-64.9171
-64.9155
-64.9139
-64.9123
-64.9108
-64.9092
-64.9077
-64.9062
-64.9046
-64.9031
-64.9017
-64.9002
-64.8987
-64.8973
-64.8959
-64.8945
-64.8931
-64.8917
-64.8903
-64.889
-64.8876
-64.8863
-64.885
-64.8837
-64.8824
-64.8811
-64.889
-64.899
-64.9092
-64.9188
-64.9276
-64.9356
-64.9428
-64.9493
-64.9552
-64.9605
-64.9654
-64.9698
-64.9739
-64.9777
-64.9812
-64.9845
-64.9876
-64.9904
-64.9931
-64.9955
-64.9979
-65
-65.002
-65.0039
-65.0056
-65.0073
-65.0087
-65.0101
-65.0114
-65.0126
-65.0136
-65.0146
-65.0154
-65.0162
-65.0169
-65.0175
-65.018
-65.0185
-65.0189
-65.0192
-65.0194
-65.0195
-65.0196
-65.0197
-65.0196
-65.0195
-65.0194
-65.0192
-65.0189
-65.0186
-65.0183
-65.0179
-65.0174
-65.0169
-65.0164
-65.0158
-65.0152
-65.0146
-65.0139
-65.0132
-65.0124
-65.0116
-65.0108
-65.01
-65.0091
-65.0082
-65.0073
-65.0063
-65.0053
-65.0043
-65.0033
-65.0023
-65.0012
-65.0001
-64.999
-64.9979
-64.9968
-64.9957
-64.9945
-64.9933
-64.9921
-64.9909
-64.9897
-64.9885
-64.9872
-64.986
-64.9847
-64.9835
-64.9822
-64.9809
-64.9796
-64.9783
-64.977
-64.9757
-64.9744
-64.9731
-64.9718
-64.9705
-64.9691
-64.9678
-64.9665
-64.9651
-64.9638
-64.9625
-64.9611
-64.9598
-64.9585
-64.9571
-64.9558
-64.9545
-64.9531
-64.9518
-64.9505
-64.9491
-64.9478
-64.9465
-64.9451
-64.9438
-64.9425
-64.9412
-64.9399
-64.9386
-64.9373
-64.936
-64.9347
-64.9334
-64.9321
-64.9308
-64.9296
-64.9283
-64.927
-64.9258
-64.9245
-64.9233
-64.9221
-64.9208
-64.9196
-64.9184
-64.9172
-64.916
-64.9148
-64.9136
-64.9124
-64.9112
-64.91
-64.9089
-64.9077
-64.9066
-64.9054
-64.9043
-64.9031
-64.902
-64.9009
-64.8998
-64.8987
-64.8976
-64.8965
-64.8955
-64.8944
-64.8933
-64.8923
-64.8912
-64.8902
-64.8892
-64.8882
-64.8871
-64.8861
-64.8852
-64.8842
-64.8832
-64.8822
-64.8813
-64.8803
-64.8794
-64.8784
-64.8775
-64.8766
-64.8757
-64.8748
-64.8739
-64.873
-64.8721
-64.8712
-64.8704
-64.8695
-64.8687
-64.8678
-64.867
-64.8662
-64.8654
-64.8645
-64.8638
-64.863
-64.8622
-64.8614
-64.8606
-64.8599
-64.8591
-64.8584
-64.8577
-64.8569
-64.8562
-64.8523
-64.8425
-64.8252
-64.8
-64.7671
-64.7273
-64.6814
-64.6303
-64.5751
-64.5166
-64.4557
-64.3931
-64.3296
-64.2657
-64.2019
-64.1386
-64.0762
-64.015
-63.9552
-63.8969
-63.8404
-63.7858
-63.733
-63.6822
-63.6335
-63.5868
-63.5421
-63.4994
-63.4587
-63.42
-63.3833
-63.3485
-63.3155
-63.2843
-63.2549
-63.2273
-63.2013
-63.1769
-63.1541
-63.1328
-63.113
-63.0946
-63.0775
-63.0618
-63.0474
-63.0342
-63.0222
-63.0113
-63.0015
-62.9928
-62.9851
-62.9783
-62.9725
-62.9676
-62.9636
-62.9604
-62.9579
-62.9563
-62.9554
-62.9551
-62.9556
-62.9567
-62.9583
-62.9606
-62.9635
-62.9668
-62.9707
-62.9751
-62.9799
-62.9852
-62.9909
-62.997
-63.0035
-63.0103
-63.0175
-63.025
-63.0328
-63.0409
-63.0493
-63.058
-63.0669
-63.076
-63.0853
-63.0949
-63.1046
-63.1146
-63.1247
-63.1349
-63.1453
-63.1559
-63.1666
-63.1774
-63.1883
-63.1993
-63.2104
-63.2216
-63.2328
-63.2442
-63.2556
-63.267
-63.2785
-63.2901
-63.3016
-63.3132
-63.3249
-63.3365
-63.3482
-63.3599
-63.3716
-63.3833
-63.3949
-63.4066
-63.4183
-63.4299
-63.4416
-63.4532
-63.4648
-63.4763
-63.4878
-63.4993
-63.5108
-63.5222
-63.5336
-63.5449
-63.5562
-63.5674
-63.5786
-63.5898
-63.6009
-63.6119
-63.6229
-63.6338
-63.6447
-63.6555
-63.6662
-63.6769
-63.6875
-63.698
-63.7085
-63.7189
-63.7293
-63.7396
-63.7498
-63.7599
-63.77
-63.78
-63.79
-63.7998
-63.8096
-63.8193
-63.829
-63.8386
-63.8481
-63.8575
-63.8669
-63.8761
-63.8853
-63.8943
-63.9033
-63.9121
-63.9208
-63.9294
-63.9379
-63.9463
-63.9545
-63.9626
-63.9706
-63.9784
-63.9861
-63.9936
-64.001
-64.0083
-64.0155
-64.0225
-64.0294
-64.0361
-64.0428
-64.0493
-64.0557
-64.0621
-64.0683
-64.0745
-64.0805
-64.0865
-64.0924
-64.0983
-64.104
-64.1097
-64.1153
-64.1208
-64.1262
-64.1315
-64.1368
-64.142
-64.1471
-64.1521
-64.157
-64.1619
-64.1667
-64.1714
-64.1761
-64.1807
-64.1852
-64.1897
-64.1942
-64.1986
-64.2029
-64.2072
-64.2114
-64.2156
-64.2197
-64.2237
-64.2277
-64.2316
-64.2355
-64.2392
-64.2428
-64.2463
-64.2497
-64.253
-64.2561
-64.2592
-64.262
-64.2648
-64.2675
-64.27
-64.2724
-64.2747
-64.277
-64.2791
-64.2811
-64.283
-64.2946
-64.3083
-64.3221
-64.3352
-64.3473
-64.3585
-64.3687
-64.3782
-64.3869
-64.395
-64.4025
-64.4095
-64.4161
-64.4222
-64.4281
-64.4335
-64.4387
-64.4436
-64.4483
-64.4526
-64.4568
-64.4608
-64.4645
-64.468
-64.4714
-64.4746
-64.4776
-64.4804
-64.4831
-64.4856
-64.4879
-64.4902
-64.4923
-64.4942
-64.4961
-64.4978
-64.4993
-64.5007
-64.502
-64.5031
-64.5041
-64.505
-64.5057
-64.5064
-64.5069
-64.5073
-64.5077
-64.5079
-64.508
-64.5081
-64.5081
-64.508
-64.5078
-64.5075
-64.5072
-64.5067
-64.5062
-64.5056
-64.5049
-64.5041
-64.5033
-64.5023
-64.5013
-64.5002
-64.499
-64.4977
-64.4964
-64.4949
-64.4934
-64.4918
-64.4901
-64.4883
-64.4864
-64.4845
-64.4825
-64.4804
-64.4782
-64.4759
-64.4735
-64.4711
-64.4686
-64.466
-64.4634
-64.4608
-64.458
-64.4553
-64.4525
-64.4497
-64.4469
-64.4441
-64.4413
-64.4385
-64.4357
-64.4329
-64.4301
-64.4274
-64.4246
-64.4219
-64.4193
-64.4166
-64.414
-64.4115
-64.409
-64.4064
-64.4136
-64.4229
-64.4323
-64.4411
-64.4491
-64.4561
-64.4623
-64.4677
-64.4724
-64.4765
-64.4801
-64.4832
-64.4859
-64.4882
-64.4902
-64.4969
-64.5051
-64.514
-64.5231
-64.5321
-64.5409
-64.5495
-64.5576
-64.5655
-64.5729
-64.58
-64.5867
-64.5931
-64.5991
-64.6047
-64.61
-64.6149
-64.6195
-64.6238
-64.6277
-64.6313
-64.6345
-64.6375
-64.6402
-64.6426
-64.6447
-64.6466
-64.6482
-64.6496
-64.6507
-64.6516
-64.6522
-64.6527
-64.6529
-64.653
-64.6529
-64.6526
-64.652
-64.6514
-64.6505
-64.6495
-64.6483
-64.6471
-64.6456
-64.6441
-64.6425
-64.6408
-64.6389
-64.637
-64.6351
-64.633
-64.631
-64.6289
-64.6267
-64.6246
-64.6225
-64.6203
-64.6182
-64.6161
-64.6141
-64.6121
-64.6101
-64.6083
-64.6064
-64.6047
-64.603
-64.6014
-64.5998
-64.5984
-64.597
-64.5958
-64.5946
-64.5935
-64.5925
-64.5916
-64.5908
-64.5901
-64.5894
-64.5889
-64.5885
-64.5881
-64.5879
-64.5877
-64.5876
-64.5877
-64.5878
-64.5879
-64.5882
-64.5886
-64.589
-64.5895
-64.5901
-64.5908
-64.5915
-64.5923
-64.5932
-64.5941
-64.5951
-64.5962
-64.5973
-64.5985
-64.5997
-64.601
-64.6024
-64.6038
-64.6052
-64.6067
-64.6083
-64.6098
-64.6115
-64.6131
-64.6148
-64.6166
-64.6183
-64.6201
-64.622
-64.6238
-64.6257
-64.6276
-64.6296
-64.6316
-64.6335
-64.6355
-64.6376
-64.6396
-64.6416
-64.6437
-64.6458
-64.6479
-64.65
-64.6521
-64.6542
-64.6564
-64.6585
-64.6606
-64.6628
-64.6649
-64.6671
-64.6692
-64.6714
-64.6735
-64.6756
-64.6778
-64.6799
-64.6821
-64.6842
-64.6863
-64.6885
-64.6906
-64.6927
-64.6948
-64.6969
-64.699
-64.701
-64.7031
-64.7051
-64.7072
-64.7092
-64.7112
-64.7132
-64.7152
-64.7172
-64.7192
-64.7212
-64.7231
-64.725
-64.7269
-64.7288
-64.7307
-64.7326
-64.7345
-64.7363
-64.7381
-64.7399
-64.7417
-64.7435
-64.7453
-64.747
-64.7487
-64.7505
-64.7522
-64.7538
-64.7555
-64.7571
-64.7588
-64.7604
-64.762
-64.7636
-64.7651
-64.7667
-64.7682
-64.7697
-64.7712
-64.7727
-64.7741
-64.7756
-64.777
-64.7784
-64.7798
-64.7812
-64.7825
-64.7839
-64.7852
-64.7865
-64.7878
-64.7891
-64.7904
-64.7916
-64.7928
-64.794
-64.7952
-64.7964
-64.7976
-64.7987
-64.7999
-64.801
-64.8021
-64.8032
-64.8042
-64.8053
-64.8063
-64.8074
-64.8084
-64.8094
-64.8104
-64.8113
-64.8123
-64.8132
-64.8142
-64.8151
-64.816
-64.8169
-64.8177
-64.8279
-64.84
-64.8523
-64.8641
-64.875
-64.885
-64.8942
-64.9026
-64.9104
-64.9177
-64.9244
-64.9308
-64.9367
-64.9423
-64.9476
-64.9527
-64.9575
-64.962
-64.9664
-64.9705
-64.9745
-64.9782
-64.9818
-64.9853
-64.9886
-64.9917
-64.9947
-64.9976
-65.0003
-65.003
-65.0054
-65.0078
-65.0101
-65.0122
-65.0142
-65.0162
-65.018
-65.0197
-65.0214
-65.0229
-65.0244
-65.0257
-65.027
-65.0282
-65.0294
-65.0304
-65.0314
-65.0323
-65.0331
-65.0339
-65.0346
-65.0353
-65.0358
-65.0364
-65.0368
-65.0372
-65.0376
-65.0379
-65.0381
-65.0383
-65.0385
-65.0386
-65.0386
-65.0386
-65.0386
-65.0385
-65.0384
-65.0383
-65.0381
-65.0378
-65.0376
-65.0373
-65.037
-65.0366
-65.0362
-65.0358
-65.0353
-65.0349
-65.0344
-65.0338
-65.0333
-65.0327
-65.0321
-65.0314
-65.0308
-65.0301
-65.0294
-65.0287
-65.028
-65.0272
-65.0265
-65.0257
-65.0249
-65.0241
-65.0232
-65.0224
-65.0215
-65.0206
-65.0198
-65.0189
-65.0179
-65.017
-65.0161
-65.0151
-65.0142
-65.0132
-65.0122
-65.0113
-65.0103
-65.0093
-65.0083
-65.0073
-65.0062
-65.0052
-65.0042
-65.0031
-65.0021
-65.001
-65
-64.9989
-64.9979
-64.9968
-64.9957
-64.9947
-64.9936
-64.9925
-64.9914
-64.9904
-64.9893
-64.9882
-64.9871
-64.986
-64.9849
-64.9839
-64.9828
-64.9817
-64.9806
-64.9795
-64.9784
-64.9773
-64.9763
-64.9752
-64.9741
-64.973
-64.9719
-64.9708
-64.9698
-64.9687
-64.9676
-64.9666
-64.9655
-64.9644
-64.9634
-64.9623
-64.9612
-64.9602
-64.9591
-64.9581
-64.957
-64.956
-64.955
-64.9539
-64.9529
-64.9519
-64.9508
-64.9498
-64.9488
-64.9478
-64.9468
-64.9458
-64.9448
-64.9438
-64.9428
-64.9418
-64.9408
-64.9399
-64.9389
-64.9379
-64.937
-64.936
-64.935
-64.9341
-64.9332
-64.9322
-64.9313
-64.9304
-64.9294
-64.9285
-64.9276
-64.9267
-64.9258
-64.9249
-64.924
-64.9231
-64.9222
-64.9214
-64.9205
-64.9196
-64.9188
-64.9179
-64.9171
-64.9162
-64.9154
-64.9146
-64.9137
-64.9129
-64.9121
-64.9113
-64.9105
-64.9097
-64.9089
-64.9081
-64.9073
-64.9066
-64.9058
-64.905
-64.9043
-64.9035
-64.9028
-64.902
-64.9013
-64.9005
-64.8998
-64.8991
-64.8984
-64.8977
-64.897
-64.8963
-64.8956
-64.8949
-64.8942
-64.8935
-64.8929
-64.8922
-64.8915
-64.8909
-64.8902
-64.8896
-64.8889
-64.8883
-64.8877
-64.887
-64.8864
-64.8858
-64.8852
-64.8846
-64.884
-64.8834
-64.8828
-64.8822
-64.8817
-64.8811
-64.8805
-64.88
-64.8794
-64.8789
-64.8783
-64.8778
-64.8772
-64.8767
-64.8762
-64.8757
-64.8751
-64.8746
-64.8741
-64.8736
-64.8731
-64.8726
-64.8721
-64.8717
-64.8712
-64.8707
-64.8702
-64.8698
-64.8693
-64.8688
-64.8684
-64.868
-64.8675
-64.8671
-64.8666
-64.8662
-64.8658
-64.8654
-64.865
-64.8645
-64.8641
-64.8637
-64.8633
-64.8629
-64.8626
-64.8622
-64.8618
-64.8614
-64.861
-64.8607
-64.8603
-64.8599
-64.8596
-64.8592
-64.8589
-64.8585
-64.8582
-64.8579
-64.8575
-64.8572
-64.8569
-64.8566
-64.8562
-64.8559
-64.8556
-64.8553
-64.855
-64.8547
-64.8544
-64.8541
-64.8538
-64.8535
-64.8533
-64.853
-64.8527
-64.8524
-64.8522
-64.8519
-64.8516
-64.8514
-64.8511
-64.8509
-64.8506
-64.8504
-64.8501
-64.8499
-64.8497
-64.8494
-64.8492
-64.849
-64.8488
-64.8486
-64.8483
-64.8481
-64.8479
-64.8477
-64.8475
-64.8473
-64.8471
-64.8469
-64.8467
-64.8465
-64.8463
-64.8462
-64.846
-64.8458
-64.8456
-64.8455
-64.8453
-64.8451
-64.845
-64.8448
-64.8446
-64.8445
-64.8443
-64.8442
-64.844
-64.8439
-64.8437
-64.8436
-64.8435
-64.8433
-64.8432
-64.8431
-64.8429
-64.8428
-64.8427
-64.8426
-64.8425
-64.8423
-64.8422
-64.8421
-64.842
-64.8419
-64.8418
-64.8417
-64.8416
-64.8415
-64.8414
-64.8413
-64.8412
-64.8411
-64.841
-64.8409
-64.8409
-64.8408
-64.8407
-64.8406
-64.8405
-64.8405
-64.8404
-64.8403
-64.8403
-64.8402
-64.8401
-64.8401
-64.84
-64.8399
-64.8399
-64.8398
-64.8398
-64.8397
-64.8397
-64.8396
-64.8396
-64.8395
-64.8395
-64.8395
-64.8394
-64.8394
-64.8393
-64.8393
-64.8393
-64.8392
-64.8392
-64.8392
-64.8392
-64.8391
-64.8391
-64.8391
-64.8391
-64.8391
-64.839
-64.839
-64.839
-64.839
-64.839
-64.839
-64.839
-64.839
-64.8389
-64.8389
-64.8389
-64.8389
-64.8389
-64.8389
-64.8389
-64.8389
-64.8389
-64.839
-64.839
-64.839
-64.839
-64.839
-64.839
-64.839
-64.839
-64.839
-64.8391
-64.8391
-64.8391
-64.8391
-64.8391
-64.8392
-64.8392
-64.8392
-64.8392
-64.8393
-64.8393
-64.8393
-64.8393
-64.8394
-64.8394
-64.8394
-64.8395
-64.8395
-64.8395
-64.8396
-64.8396
-64.8397
-64.8397
-64.8397
-64.8398
-64.8398
-64.8399
-64.8399
-64.84
-64.84
-64.84
-64.8401
-64.8401
-64.8402
-64.8402
-64.8403
-64.8403
-64.8404
-64.8405
-64.8405
-64.8406
-64.8406
-64.8407
-64.8407
-64.8408
-64.8408
-64.8409
-64.841
-64.841
-64.8411
-64.8412
-64.8412
-64.8413
-64.8413
-64.8414
-64.8415
-64.8415
-64.8416
-64.8417
-64.8479
-64.8555
-64.8632
-64.8706
-64.8758
-64.8792
-64.8812
-64.882
-64.8819
-64.8812
-64.8799
-64.9027
-64.9307
-64.9587
-64.9834
-65.0046
-65.0225
-65.0377
-65.0505
-65.0613
-65.0706
-65.0786
-65.0856
-65.0917
-65.094
-65.0898
-65.0778
-65.0576
-65.0296
-64.9946
-64.9534
-64.907
-64.8565
-64.8026
-64.7462
-64.6876
-64.6275
-64.5664
-64.5048
-64.4432
-64.382
-64.3216
-64.2622
-64.2106
-64.1621
-64.1154
-64.0701
-64.0262
-63.9836
-63.9425
-63.9029
-63.8649
-63.8285
-63.7938
-63.7605
-63.7285
-63.6975
-63.6949
-63.6993
-63.7052
-63.7105
-63.7144
-63.7169
-63.7183
-63.7157
-63.71
-63.7021
-63.6929
-63.6827
-63.6722
-63.6615
-63.6509
-63.6406
-63.6308
-63.6213
-63.612
-63.6028
-63.6007
-63.6002
-63.6001
-63.5998
-63.5994
-63.5988
-63.5981
-63.5972
-63.5961
-63.5946
-63.5928
-63.5908
-63.5887
-63.5867
-63.5847
-63.5829
-63.5814
-63.5787
-63.5751
-63.571
-63.5668
-63.5626
-63.569
-63.5779
-63.5873
-63.5965
-63.6053
-63.6122
-63.6174
-63.6216
-63.625
-63.6279
-63.6306
-63.6332
-63.6359
-63.6659
-63.702
-63.7368
-63.7683
-63.7962
-63.8206
-63.8419
-63.8606
-63.8772
-63.892
-63.9054
-63.9244
-63.9436
-63.9618
-63.9786
-63.9937
-64.0357
-64.0861
-64.1371
-64.1859
-64.2313
-64.2734
-64.3107
-64.3436
-64.3727
-64.3987
-64.4221
-64.4433
-64.4627
-64.4806
-64.4972
-64.5129
-64.526
-64.5368
-64.5457
-64.553
-64.559
-64.564
-64.5682
-64.5687
-64.5632
-64.5504
-64.5271
-64.4942
-64.4533
-64.4058
-64.353
-64.2962
-64.2366
-64.1751
-64.1125
-64.0497
-63.9856
-63.9476
-63.9159
-63.8855
-63.8548
-63.8236
-63.7986
-63.775
-63.7517
-63.7286
-63.7043
-63.6793
-63.6543
-63.6295
-63.6055
-63.5824
-63.5603
-63.5396
-63.5202
-63.5022
-63.4824
-63.4613
-63.4393
-63.4171
-63.395
-63.3787
-63.3649
-63.353
-63.3424
-63.333
-63.3231
-63.3127
-63.302
-63.2912
-63.2806
-63.2703
-63.2604
-63.2512
-63.2426
-63.2349
-63.2266
-63.218
-63.2096
-63.2015
-63.1941
-63.1874
-63.1815
-63.1766
-63.1726
-63.1695
-63.1714
-63.1729
-63.1732
-63.2005
-63.2432
-63.2874
-63.329
-63.367
-63.4011
-63.4318
-63.458
-63.4772
-63.4876
-63.4883
-63.4797
-63.4626
-63.4379
-63.4069
-63.3707
-63.3306
-63.2847
-63.2345
-63.1814
-63.1267
-63.0714
-63.0163
-62.962
-62.9089
-62.8876
-62.8788
-62.8728
-62.8666
-62.8595
-62.8513
-62.8425
-62.8335
-62.8246
-62.8161
-62.8084
-62.8016
-62.7958
-62.7912
-62.7878
-62.7857
-62.7848
-62.7851
-62.7867
-62.7895
-62.7934
-62.8028
-62.8093
-62.8101
-62.8042
-62.7918
-62.7735
-62.7501
-62.7226
-62.692
-62.6884
-62.6897
-62.6903
-62.6887
-62.6846
-62.6784
-62.6706
-62.6617
-62.6522
-62.6426
-62.6332
-62.6242
-62.6158
-62.6083
-62.6018
-62.5962
-62.6028
-62.6128
-62.624
-62.6354
-62.6469
-62.6584
-62.6699
-62.6815
-62.6933
-62.7053
-62.7175
-62.7302
-62.7431
-62.7565
-62.7702
-62.7842
-62.7987
-62.8134
-62.8285
-62.844
-62.8597
-62.8757
-62.8919
-62.9084
-62.9251
-62.9492
-62.975
-63.001
-63.0266
-63.0487
-63.0646
-63.0731
-63.0738
-63.0672
-63.0538
-63.0347
-63.0108
-63.0117
-63.0158
-63.018
-63.0168
-63.0121
-63.0044
-62.9942
-62.9823
-62.9692
-62.9553
-62.9412
-62.9271
-62.9134
-62.9001
-62.8875
-62.8758
-62.8649
-62.8549
-62.8459
-62.8379
-62.8309
-62.8249
-62.8199
-62.8159
-62.8128
-62.8106
-62.8093
-62.8089
-62.8093
-62.8105
-62.8125
-62.8151
-62.8185
-62.8225
-62.8272
-62.8324
-62.8455
-62.8607
-62.8765
-62.8923
-62.9078
-62.923
-62.938
-62.9528
-62.9674
-62.9818
-62.9962
-63.0104
-63.0247
-63.0388
-63.053
-63.0671
-63.0811
-63.0951
-63.1091
-63.1529
-63.207
-63.2629
-63.3173
-63.3965
-63.4783
-63.557
-63.6308
-63.6994
-63.7632
-63.8225
-63.8779
-63.9299
-63.9789
-64.0252
-64.0692
-64.111
-64.151
-64.1892
-64.2258
-64.2609
-64.2947
-64.3271
-64.3584
-64.3885
-64.4175
-64.4454
-64.4724
-64.4984
-64.5235
-64.5478
-64.5712
-64.5937
-64.6155
-64.6366
-64.6569
-64.6766
-64.6955
-64.7138
-64.7315
-64.7486
-64.765
-64.7809
-64.7962
-64.811
-64.8253
-64.839
-64.8523
-64.865
-64.8773
-64.8892
-64.9006
-64.9115
-64.9221
-64.9322
-64.9419
-64.9513
-64.9649
-64.98
-64.9954
-65.0109
-65.0262
-65.0411
-65.0555
-65.0694
-65.0828
-65.0956
-65.1079
-65.1197
-65.1309
-65.1416
-65.1519
-65.1616
-65.1677
-65.1675
-65.1404
-65.0892
-65.019
-64.9338
-64.8369
-64.7309
-64.618
-64.5003
-64.3792
-64.2563
-64.1326
-64.0091
-63.8867
-63.7661
-63.6478
-63.5323
-63.4199
-63.3109
-63.2056
-63.1041
-63.0064
-62.9128
-62.8232
-62.7375
-62.6558
-62.5781
-62.5042
-62.4341
-62.3676
-62.3048
-62.2455
-62.1896
-62.137
-62.0877
-62.0414
-61.998
-61.9576
-61.9199
-61.885
-61.8525
-61.8226
-61.795
-61.7696
-61.7465
-61.7254
-61.7063
-61.6891
-61.6737
-61.66
-61.6451
-61.6261
-61.6016
-61.5713
-61.5352
-61.4942
-61.4488
-61.4001
-61.3489
-61.2959
-61.2421
-61.188
-61.1342
-61.0812
-61.0294
-60.9792
-60.9308
-60.8844
-60.8402
-60.7983
-60.7588
-60.7217
-60.687
-60.6547
-60.6248
-60.5973
-60.5721
-60.5492
-60.5285
-60.51
-60.4935
-60.4791
-60.4666
-60.4559
-60.4471
-60.4399
-60.4344
-60.4305
-60.4281
-60.4272
-60.4408
-60.4587
-60.4781
-60.4977
-60.5173
-60.5367
-60.556
-60.5751
-60.5943
-60.6135
-60.6329
-60.6524
-60.6721
-60.6921
-60.7123
-60.7328
-60.7534
-60.7744
-60.7955
-60.8169
-60.8385
-60.8602
-60.8822
-60.9043
-60.9266
-60.949
-60.9715
-60.9941
-61.0168
-61.0396
-61.0625
-61.0854
-61.1084
-61.1314
-61.1544
-61.1774
-61.2004
-61.2234
-61.2464
-61.2694
-61.2923
-61.3152
-61.338
-61.3608
-61.3835
-61.4061
-61.4287
-61.4511
-61.4735
-61.4958
-61.518
-61.5401
-61.562
-61.5839
-61.6056
-61.6273
-61.6488
-61.6701
-61.6914
-61.7125
-61.7335
-61.7543
-61.775
-61.7955
-61.8159
-61.8362
-61.8563
-61.8763
-61.8961
