17
18
24
26
28
31
33
34
36
42
43
45
149
151
152
154
155
158
159
162
3402
3403
3406
3408
3409
3521
3522
3528
3533
3537
3544
3646
3648
3649
3652
3653
3654
3657
3661
3662
3663
3664
3666
3669
3671
3773
3775
3777
3778
3779
3780
3783
3785
3787
3788
3790
3791
3797
3798
3799
3892
3899
3906
3907
3908
3909
3910
3913
3914
3915
3917
3918
3919
3920
4024
4025
4030
4031
4032
9393
9397
9399
9402
9403
9404
9406
9407
9408
9411
9412
9415
9416
9418
9518
9522
9523
9526
9527
9528
9532
9536
9537
9540
9541
9546
9549
9550
9634
9635
9641
9642
9644
9645
9647
9649
9655
9656
9657
9658
9659
9660
9661
9662
9664
9666
9669
9670
9673
9676
9759
9761
9764
9765
9767
9768
9769
9773
9775
9777
9779
9781
9785
9786
9790
9791
9794
9795
9797
9798
9799
9885
9886
9889
9892
9894
9896
9898
9902
9903
9906
9909
9911
9912
9914
9919
9922
9924
9925
9926
10015
10017
10018
10020
10027
10030
10031
10037
10038
10040
10045
10046
10156
10157
10159
10161
10162
10163
