899
902
903
907
917
919
1016
1018
1021
1025
1029
1031
1032
1033
1034
1036
1040
1045
1046
1048
1049
1136
1137
1138
1141
1145
1148
1150
1152
1153
1154
1157
1159
1160
1161
1164
1165
1169
1171
1261
1262
1264
1265
1270
1272
1275
1281
1282
1283
1287
1290
1293
1294
1295
1296
1300
1301
1384
1385
1388
1389
1390
1395
1396
1397
1400
1401
1402
1407
1408
1413
1414
1416
1417
1419
1421
1422
1510
1511
1512
1515
1517
1518
1522
1527
1531
1533
1534
1536
1537
1538
1541
1543
1544
1547
1635
1640
1641
1642
1643
1644
1646
1649
1652
1654
1658
1659
1660
1662
1663
1667
1668
1671
1672
1674
1676
1768
1770
1771
1774
1778
1779
1781
1786
1789
1791
1792
1794
1795
1797
1800
1893
1895
1896
1899
1900
1901
1902
1903
1906
1908
1910
1911
1912
1915
4404
4405
4407
4408
4409
11900
11901
11904
11906
11909
11910
11912
12018
12021
12023
12024
12025
12027
12029
12040
12041
12042
12139
12143
12154
12156
12164
12270
12271
12272
12277
12278
12279
12281
12282
12283
12284
12286
12288
12292
12387
12392
12393
12397
12398
12400
12402
12407
12413
12416
12418
12419
12420
12421
12423
12513
12518
12520
12521
12523
12526
12527
12529
12531
12532
12534
12535
12537
12539
12540
12545
12547
12548
12641
12642
12643
12651
12652
12660
12664
12665
12668
12669
12672
12775
12777
12778
12779
12781
12788
12790
12791
