11
14
18
20
22
23
24
26
27
32
33
35
36
37
38
40
42
48
50
51
136
138
142
146
147
148
149
150
151
154
155
157
159
160
161
163
167
168
170
267
269
270
274
276
278
280
282
283
290
291
294
295
296
396
397
398
400
403
404
405
408
409
412
414
16899
16903
16904
16905
16907
16909
16910
16911
16913
16914
17022
17031
17036
17038
17039
17042
17047
17143
17144
17146
17149
17152
17155
17157
17158
17163
17167
17172
17173
17176
17262
17263
17265
17266
17267
17269
17277
17278
17279
17280
17282
17283
17284
17286
17287
17289
17290
17292
17294
17295
17296
17297
17299
17300
17301
17302
17385
17386
17389
17390
17392
17394
17395
17400
17405
17406
17408
17410
17412
17422
17423
17424
17427
17429
17509
17516
17521
17522
17523
17524
17526
17530
17531
17532
17533
17534
17535
17538
17540
17543
17546
17547
17551
17635
17639
17643
17644
17647
17648
17649
17652
17654
17663
17664
17665
17666
17667
17673
17761
17762
17765
17766
17774
17775
17778
17780
17781
17782
17784
17785
17786
17787
17789
17790
17792
17793
17796
17798
17801
17896
17899
17900
17901
17902
17903
17907
17908
17910
17913
17917
17920
17921
18023
18025
18028
18030
18033
18036
18038
20407
20408
20409
