3898
3899
3900
3901
3902
3905
3907
3911
3914
3915
3916
4013
4016
4018
4019
4021
4022
4024
4025
4026
4030
4034
4038
4039
4042
4045
4046
4047
4049
4050
4139
4141
4142
4143
4144
4148
4150
4151
4152
4156
4157
4159
4160
4161
4162
4164
4168
4172
4177
4259
4262
4264
4265
4267
4268
4269
4271
4275
4278
4279
4281
4282
4284
4286
4295
4297
4301
4385
4387
4390
4391
4394
4395
4396
4401
4403
4405
4406
4410
4416
4418
4419
4421
4422
4519
4521
4525
4531
4535
4536
4538
4544
4545
4546
4547
15911
15915
16017
16019
16020
16022
16023
16026
16030
16031
16035
16037
16039
16042
16139
16140
16143
16146
16147
16155
16157
16159
16160
16161
16162
16166
16169
16170
16171
16172
16175
16273
16276
16280
16281
16282
16289
16290
16390
16391
16395
16396
16398
16399
16400
16401
16402
16405
16410
16415
16526
16530
16534
16535
18019
18020
18024
18025
18026
18027
18029
18032
18034
18038
18040
18041
18144
18148
18149
18153
18155
18157
18158
18160
18162
18164
18165
18170
18272
18277
18279
18282
18286
18290
18404
