1397
1399
1405
1406
1409
1411
1412
1416
1515
1516
1517
1518
1521
1522
1525
1529
1532
1533
1534
1535
1536
1543
1544
1549
1640
1641
1643
1644
1645
1646
1648
1652
1654
1655
1658
1661
1662
1663
1668
1670
1672
1675
1678
1762
1764
1767
1769
1771
1773
1775
1781
1782
1783
1784
1785
1787
1789
1790
1793
1794
1796
1799
1801
1802
1884
1886
1890
1893
1894
1899
1901
1903
1905
1911
1913
1915
1917
1918
1919
1920
1921
1922
1924
1925
2013
2014
2015
2018
2020
2023
2032
2033
2037
2039
2040
2041
2043
2044
2149
2151
2153
2154
2155
2156
2159
2160
2162
9521
9522
9524
9525
9527
9535
9536
9538
9647
9651
9656
9657
9660
9662
9663
9772
9773
9775
9777
9778
9780
9781
9782
9786
9787
9788
9789
9790
9901
9902
9904
9905
9910
9916
10020
10023
10024
10029
10030
10031
10033
10035
10036
10143
10146
10149
10153
10154
10156
10158
10162
10168
10169
10268
10269
10270
10272
10273
10276
10284
10285
10286
10287
10290
10291
10293
10294
10394
10395
10397
10399
10401
10406
10415
10416
10517
10518
10520
10521
10525
10528
10529
10530
10531
10532
10533
10534
10536
10537
10538
10539
10540
10541
10543
10544
10647
10652
10654
10657
10658
10659
10660
10666
10767
10774
10775
10779
10780
10781
10782
10784
10787
10788
10789
10790
10793
10794
10894
10895
10897
10898
10899
10900
10908
10909
10914
10918
10919
10920
11020
11025
11026
11027
11030
11034
11035
11039
11040
11041
11042
11043
11144
11146
11148
11149
11150
11151
11152
11154
11156
11157
11158
11159
11161
11164
11165
11167
11269
11273
11275
11278
11279
11288
11289
11394
11398
11399
11403
11405
11406
11409
11410
11411
11417
11522
11523
11525
11526
11528
11534
11535
11539
11540
11541
11647
11648
11655
11657
11659
11662
11663
11664
11773
11782
11788
11790
11897
11899
11900
11904
11906
11907
11912
11913
11915
15402
15403
15405
15406
15407
15409
15410
15416
15530
15534
15535
15642
15643
15644
15645
15647
15654
15660
15768
15770
15774
15775
15777
15780
15782
15783
15784
15786
15787
15789
15793
15897
15898
15900
15901
