15398
15400
15401
15402
15406
15407
15408
15414
15518
15519
15521
15524
15528
15529
15532
15534
15536
15542
15544
15642
15646
15648
15649
15652
15653
15656
15657
15659
15661
15666
15667
15669
15762
15765
15774
15777
15780
15781
15783
15784
15785
15794
15797
15798
15799
15800
15801
15885
15886
15888
15890
15891
15892
15894
15898
15902
15904
15908
15914
15915
15922
15925
15928
16011
16015
16018
16019
16021
16025
16026
16028
16030
16031
16032
16034
16035
16036
16037
16039
16042
16043
16044
16047
16048
16049
16050
16051
16052
16054
16134
16137
16139
16140
16142
16146
16147
16148
16150
16151
16154
16156
16158
16160
16161
16162
16163
16165
16166
16167
16171
16174
16177
16260
16264
16267
16268
16269
16270
16271
16275
16276
16277
16278
16282
16286
16289
16290
16291
16292
16296
16388
16390
16391
16394
16395
16397
16400
16402
16404
16407
16409
16410
16413
16415
16418
16420
16424
16425
16516
16517
16518
16523
16524
16525
16528
16530
16531
16533
16534
16538
16539
16541
16543
16652
16653
16654
16657
16661
16662
19027
19030
19033
19157
