1404
1411
1413
1418
1518
1520
1521
1522
1527
1528
1530
1531
1533
1534
1535
1537
1541
1546
1640
1642
1644
1645
1646
1650
1651
1654
1656
1659
1664
1671
1674
1765
1772
1773
1777
1779
1780
1786
1788
1790
1894
1896
1904
1906
1908
1909
1910
2024
13023
13024
13029
13033
13035
13038
13039
13142
13143
13146
13147
13149
13151
13153
13154
13157
13159
13161
13162
13163
13167
13168
13169
13171
13264
13265
13266
13268
13269
13271
13272
13275
13280
13284
13286
13288
13290
13291
13292
13294
13295
13386
13388
13392
13393
13394
13396
13399
13400
13401
13402
13403
13406
13408
13411
13412
13413
13415
13416
13417
13418
13420
13421
13422
13425
13512
13513
13516
13517
13520
13523
13524
13525
13526
13527
13530
13531
13533
13536
13538
13540
13543
13546
13548
13549
13641
13643
13646
13650
13652
13654
13656
13657
13660
13662
13663
13664
13665
13667
13670
13676
13677
13763
13766
13769
13771
13772
13773
13775
13781
13782
13783
13787
13793
13795
13798
13800
13801
13889
13892
13893
13897
13899
13900
13901
13902
13905
13906
13908
13909
13911
13913
13915
13917
13918
14017
14018
14026
14031
14036
14037
14040
14149
14151
14156
14158
14161
14162
20021
20022
20023
20024
20027
20029
20030
20031
20035
20036
20037
20038
20039
20040
20043
20044
20045
20139
20141
20147
20148
20149
20153
20156
20157
20159
20160
20161
20163
20166
20174
20260
20263
20267
20270
20271
20272
20274
20276
20278
20282
20288
20291
20292
20296
20298
20299
20300
20302
20386
20387
20388
20390
20393
20394
20396
20398
20399
20401
20402
20404
20406
20409
20411
20415
20416
20419
20420
20421
20422
20512
20515
20516
20517
20518
20523
20525
20527
20528
20529
20535
20539
20543
20544
20545
20547
20548
20549
20550
