1029
1031
1032
1035
1036
1040
1143
1149
1150
1155
1157
1164
1166
1168
1170
1264
1271
1272
1275
1276
1277
1278
1279
1282
1283
1284
1285
1287
1292
1293
1294
1295
1296
1298
1300
1387
1388
1390
1392
1396
1397
1400
1402
1405
1407
1411
1413
1416
1417
1418
1421
1424
1425
1512
1513
1515
1516
1518
1519
1521
1522
1524
1525
1526
1527
1528
1531
1533
1534
1535
1541
1544
1547
1548
1550
1639
1644
1649
1650
1652
1653
1654
1656
1657
1658
1660
1661
1662
1663
1666
1667
1670
1672
1673
1674
1677
1764
1765
1766
1769
1775
1776
1779
1780
1783
1785
1786
1787
1789
1790
1795
1797
1800
1890
1891
1895
1898
1899
1901
1909
1911
1912
1913
1915
1917
1919
1921
1924
2026
2027
2030
2036
2037
2038
2040
2042
2148
2149
2150
2151
2152
2159
2160
2161
2162
2163
2164
2165
2167
12901
12902
12903
12905
12906
12911
12912
13022
13026
13028
13029
13031
13032
13034
13036
13039
13040
13142
13146
13148
13150
13152
13153
13154
13155
13157
13158
13161
13162
13163
13165
13168
13169
13171
13172
13267
13268
13270
13274
13276
13277
13280
13282
13287
13288
13290
13291
13294
13297
13298
13387
13388
13390
13391
13393
13394
13396
13398
13400
13402
13404
13406
13409
13410
13413
13414
13418
13419
13425
13511
13518
13519
13522
13523
13524
13525
13526
13527
13529
13530
13531
13534
13538
13539
13540
13541
13542
13544
13546
13548
13551
13552
13639
13640
13643
13644
13645
13649
13652
13653
13654
13655
13657
13658
13660
13664
13665
13670
13671
13675
13677
13765
13767
13768
13769
13771
13775
13780
13781
13782
13783
13785
13786
13787
13788
13792
13796
13797
13798
13800
13801
13802
13887
13891
13892
13893
13894
13895
13898
13899
13901
13904
13905
13908
13910
13911
13912
13915
13916
13918
13920
13925
13927
14013
14024
14025
14027
14029
14030
14031
14033
14034
14039
14043
14049
14050
14051
14143
14145
14147
14148
14149
14152
14153
14154
14156
14157
14160
14161
14163
14166
14170
14172
14174
14273
14274
14275
14276
14280
14281
14284
14285
14291
14401
14402
14403
14404
14405
14408
14409
14411
14415
14416
14419
14420
14521
14522
14524
14525
14529
14533
14534
14536
14539
14540
19908
20024
20028
20038
20040
20143
20144
20152
20153
20155
20157
20158
20159
20164
20166
20167
20265
20269
20271
20273
20274
20275
20277
20278
20281
20282
20286
20287
20288
20290
20295
20298
20391
20393
20394
20398
20400
20402
20408
20411
20412
20414
20416
20419
20420
20514
20518
20520
20524
20525
20530
20534
20535
20536
20538
20539
20542
20543
20544
20547
