283
285
399
400
401
403
406
410
415
418
518
523
525
528
529
531
535
536
538
540
542
543
644
648
650
652
653
654
655
657
660
661
664
665
670
769
773
775
777
779
781
782
783
784
785
789
896
897
898
900
902
912
914
1031
1032
3276
3291
3292
3394
3396
3398
3399
3400
3406
3407
3411
3419
3420
3519
3525
3526
3527
3530
3531
3533
3539
3544
3549
3550
3636
3638
3640
3644
3646
3648
3649
3653
3656
3657
3660
3661
3671
3673
3674
3676
3677
3763
3767
3768
3769
3772
3773
3774
3781
3782
3784
3785
3786
3787
3791
3792
3794
3795
3796
3797
3799
3800
3803
3884
3888
3890
3894
3895
3896
3897
3900
3902
3904
3905
3907
3908
3913
3915
3916
3917
3919
3921
3924
4012
4016
4023
4024
4025
4030
4031
4033
4034
4035
4038
4041
4045
4049
4050
4052
4053
4137
4138
4140
4144
4147
4148
4151
4154
4156
4157
4159
4160
4161
4166
4168
4174
4176
4264
4269
4273
4275
4276
4279
4280
4281
4282
4284
4286
4287
4291
4292
4298
4391
4394
4398
4401
4402
4404
4406
4407
4408
4412
4415
4418
4529
4532
4536
