410
413
415
416
417
418
419
421
423
424
429
430
432
436
446
448
449
535
536
537
540
541
542
544
545
547
548
550
553
554
555
557
558
559
560
564
570
571
573
574
668
672
674
676
677
678
681
682
685
687
688
689
694
1926
1927
1930
1932
1939
1941
1942
1945
2042
2043
2044
2050
2051
2053
2054
2055
2057
2058
2061
2062
2063
2064
2066
2071
2072
2074
2076
2161
2166
2168
2169
2170
2171
2174
2177
2178
2181
2182
2185
2187
2193
2194
2195
2196
2197
2198
2202
2290
2292
2293
2294
2295
2301
2304
2305
2307
2310
2311
2312
2314
2316
2317
2322
2421
2424
2427
2431
2436
2438
18419
18423
18425
18427
18429
18434
18435
18437
18439
18441
18443
18445
18542
18543
18551
18553
18556
18558
18561
18565
18568
18569
18572
18662
18663
18665
18666
18669
18673
18674
18675
18676
18678
18680
18683
18686
18688
18694
18794
18795
18797
18800
18804
18805
18806
18809
18811
18813
18815
18816
18920
18922
18924
18925
18927
18934
18935
18936
20170
20174
20176
20178
20180
20181
20182
20184
20185
20187
20188
20189
20192
20193
20196
20287
20288
20289
20291
20298
20300
20301
20305
20306
20307
20308
20310
20316
20317
20322
20324
20326
20327
20409
20414
20416
20417
20418
20420
20421
20424
20426
20427
20431
20442
20443
20452
20454
20540
20545
20550
20552
20555
20556
20559
20560
20561
20564
20568
20571
20572
20573
20574
20575
20668
20681
20682
20683
20684
20687
20688
20692
20693
20695
20698
