6183
6298
6303
6304
6307
6311
6313
6315
6420
6423
6424
6425
6426
6429
6430
6435
6436
6439
6443
6543
6546
6547
6550
6555
6556
6559
6560
6562
6563
6564
6567
6569
6670
6671
6672
6677
6680
6682
6683
6686
6691
6799
6800
6802
6803
6810
6812
11923
11924
11925
11926
11927
11929
11930
11932
11933
11936
11937
11938
11939
12050
12055
12059
12061
12062
12064
12176
12177
12179
12181
12183
12184
12185
12300
12306
12308
12310
12313
12314
12422
12423
12424
12425
12426
12427
12547
12548
12553
12554
12557
12561
12562
12674
12676
12677
12679
12682
12685
12689
12797
12798
12799
12800
12802
12804
12806
12808
12811
12813
12922
12925
12931
12933
12936
12937
12938
13047
13049
13056
13058
13062
13064
13172
13173
13178
13180
13182
13184
13186
13189
13190
13298
13300
13301
13303
13304
13306
13307
13308
13310
13423
13424
13425
13426
13428
13429
13430
13431
13432
13433
13435
13437
13439
13549
13550
15676
15680
15683
15685
15794
15795
15797
15798
15799
15804
15809
15813
15814
15815
15816
15817
15819
15820
15915
15916
15918
15919
15920
15921
15923
15924
15926
15930
15934
15935
15936
15938
15939
15940
15946
15947
15948
16036
16038
16039
16042
16043
16044
16046
16048
16055
16058
16062
16064
16065
16066
16067
16070
16073
16074
16162
16167
16168
16173
16177
16178
16182
16183
16187
16188
16189
16190
16191
16194
16195
16197
16198
16199
16290
16296
16300
16301
16304
16308
16310
16313
16316
16318
