4183
4304
4309
4310
4313
4428
4429
4432
14682
14683
14686
14796
14797
14798
14806
14807
14808
14809
14810
14811
14812
14816
14817
14918
14921
14926
14931
14935
14936
14939
14940
14941
14945
15037
15039
15041
15042
15046
15047
15048
15052
15054
15055
15057
15058
15059
15060
15063
15065
15071
15076
15160
15161
15163
15165
15166
15168
15169
15172
15174
15176
15180
15185
15189
15193
15195
15197
15200
15202
15285
15286
15288
15291
15293
15294
15296
15297
15299
15302
15303
15304
15305
15307
15310
15311
15312
15313
15314
15315
15316
15318
15319
15320
15321
15324
15325
15328
15411
15413
15416
15417
15422
15424
15427
15432
15435
15439
15440
15442
15443
15445
15450
15452
15453
15536
15539
15543
15545
15547
15549
15550
15551
15552
15553
15554
15558
15559
15560
15561
15563
15568
15569
15574
15578
15659
15661
15662
15664
15666
15667
15672
15674
15675
15677
15678
15680
15681
15684
15689
15690
15693
15694
15696
15703
15785
15787
15788
15796
15797
15800
15804
15805
15806
15808
15809
15811
15812
15813
15821
15823
15827
15919
15920
15922
15923
15924
15927
15929
15930
15932
15933
15941
15944
15946
15947
15951
16039
16040
16042
16044
16045
16046
16047
16050
16051
16054
16057
16060
16063
16069
16073
16074
16167
16169
16171
16174
16178
16179
16181
16184
16186
16187
16190
16193
20297
20298
20305
20306
20309
20314
20315
20317
20417
20418
20421
20424
20425
20427
20435
20437
20442
20443
20445
20447
20542
20544
20545
20548
20550
20551
20552
20553
20554
20556
20557
20558
20560
20561
20562
20568
20569
20573
20665
20666
20669
20671
20676
20678
20680
20682
20683
20684
20686
20688
20690
20691
20693
20694
20696
20697
20794
20797
20799
20805
20807
20808
20809
20813
20815
20820
20925
20929
20932
20934
20936
