1925
1926
1928
1930
1933
1939
1943
1944
2041
2043
2044
2045
2047
2054
2057
2062
2066
2070
2071
2072
2073
2171
2172
2180
2181
2184
2191
2193
2195
2196
2200
2292
2295
2298
2301
2303
2304
2305
2310
2313
2319
2320
2322
2323
2325
2326
2416
2420
2421
2422
2423
2424
2426
2430
2431
2433
2434
2436
2437
2439
2443
4052
4055
4175
4176
4179
4183
4184
4185
4188
15546
15547
15550
15551
15553
15555
15559
15562
15565
15666
15672
15678
15679
15687
15691
15692
15695
15696
15697
15787
15789
15791
15795
15799
15802
15804
15805
15806
15808
15810
15812
15813
15814
15815
15816
15818
15820
15821
15911
15915
15916
15918
15920
15921
15923
15925
15927
15928
15929
15931
15933
15935
15938
15940
15941
15942
15943
15944
15945
15946
15947
15948
15949
15950
15951
16035
16036
16037
16038
16040
16041
16045
16046
16047
16048
16055
16056
16059
16064
16066
16067
16068
16069
16070
16071
16074
16075
16076
16077
16078
16159
16160
16162
16163
16170
16173
16176
16177
16179
16181
16183
16184
16186
16187
16192
16194
16196
16199
16200
16288
16292
16293
16294
16295
16296
16298
16301
16303
16306
16311
16315
16316
16317
16318
16423
16424
16425
16426
16427
16428
16429
16435
16438
16440
