15424
15425
15426
15429
15430
15432
15434
15435
15438
15549
15550
15552
15553
15558
15561
15562
15564
15670
15672
15678
15680
15682
15685
15687
15690
15692
15693
15795
15798
15800
15806
15808
15809
15811
15813
15816
15817
15819
15919
15922
15924
15930
15931
15932
15933
15934
15935
15937
15938
16043
16045
16046
16050
16051
16054
16055
16059
16060
16061
16063
16065
16172
16173
16176
16180
16182
16183
16189
16193
16301
16304
16306
16307
16312
16313
16314
18671
18674
18676
18677
18687
18690
18692
18794
18806
18807
18812
18814
18816
18819
18915
18918
18925
18927
18928
18929
18935
18939
18940
18942
18943
18945
18949
18952
19036
19040
19043
19044
19045
19046
19047
19048
19049
19050
19053
19058
19059
19060
19063
19064
19066
19068
19070
19071
19074
19078
19162
19163
19167
19169
19174
19178
19179
19180
19181
19183
19185
19186
19188
19194
19197
19199
19200
19204
19285
19286
19287
19294
19295
19298
19299
19303
19305
19306
19307
19309
19310
19313
19316
19317
19319
19321
19322
19325
19326
19327
19328
19329
19410
19411
19414
19417
19419
19421
19425
19427
19432
19433
19435
19436
19437
19438
19440
19441
19442
19445
19446
19447
19449
19451
19452
19453
19539
19543
19545
19547
19549
19551
19552
19554
19556
19557
19559
19560
19564
19566
19567
19568
19570
19575
19665
19666
19668
19671
19675
19676
19687
19692
19694
19695
19698
19699
19801
19802
19804
19811
19814
19816
19926
19930
19932
