526
529
531
2649
2650
2652
2656
2658
2660
2767
2777
2779
2780
2782
2784
2786
2789
2885
2887
2893
2894
2896
2898
2904
2905
2906
2908
2910
2911
2913
2914
2915
2916
2919
3007
3009
3010
3011
3015
3017
3019
3020
3021
3022
3029
3031
3032
3033
3037
3040
3042
3043
3044
3045
3046
3130
3135
3137
3140
3149
3151
3152
3154
3159
3160
3161
3164
3165
3166
3168
3170
3259
3261
3262
3267
3268
3269
3270
3271
3274
3280
3281
3283
3284
3285
3287
3288
3296
3381
3382
3383
3385
3386
3387
3389
3391
3392
3396
3400
3402
3403
3404
3405
3406
3411
3412
3416
3418
3420
3509
3511
3513
3515
3516
3518
3519
3522
3524
3526
3527
3528
3531
3533
3535
3540
3543
3640
3641
3646
3652
3655
3657
3658
3659
3660
20263
20268
20273
20275
20276
20277
20278
20279
20282
20286
20288
20383
20384
20385
20386
20389
20390
20391
20395
20397
20399
20400
20402
20404
20405
20408
20413
20415
20417
20420
20506
20507
20512
20514
20518
20519
20525
20527
20528
20530
20531
20532
20537
20539
20540
20542
20630
20632
20633
20635
20636
20640
20643
20644
20649
20652
20653
20655
20658
20659
20661
20662
20663
20664
20667
20669
20671
20754
20756
20757
20758
20760
20761
20762
20764
20766
20767
20768
20772
20773
20774
20776
20777
20781
20784
20786
20787
20794
20795
20797
20798
20879
20880
20881
20883
20885
20892
20894
20895
20897
20898
20901
20902
20903
20904
20905
20907
20911
20913
20915
20916
20917
20919
20921
20923
21014
21015
21023
21025
21026
21028
21030
21036
21038
21041
21044
