420
421
422
425
429
435
436
438
443
549
550
551
553
558
559
562
1920
1922
1923
1924
1926
1927
1932
1933
1935
1936
1938
1940
1944
1945
1946
1947
1948
1949
2042
2045
2046
2048
2049
2050
2052
2054
2059
2061
2063
2065
2066
2069
2072
2074
2075
2161
2166
2167
2169
2170
2171
2177
2178
2180
2182
2183
2184
2185
2188
2191
2192
2193
2203
2286
2288
2290
2291
2294
2295
2296
2297
2302
2307
2308
2309
2312
2313
2316
2320
2418
2422
2426
2430
2434
2436
2439
2444
3674
3675
3677
3683
3684
3686
3691
3695
3792
3798
3800
3801
3804
3805
3806
3809
3810
3811
3813
3815
3816
3817
3818
3820
3822
3824
3912
3913
3915
3916
3920
3923
3924
3925
3926
3929
3933
3939
3940
3943
3945
3947
3948
3950
3952
4037
4049
4050
4051
4052
4054
4056
4060
4062
4065
4066
4068
4074
4075
4170
4172
4173
4174
4176
4179
4185
4186
4187
4192
4193
20170
20171
20175
20177
20181
20184
20185
20187
20189
20192
20289
20290
20292
20294
20298
20303
20308
20310
20311
20312
20316
20318
20321
20322
20323
20413
20414
20417
20418
20419
20422
20423
20432
20434
20437
20438
20442
20443
20444
20447
20449
20450
20538
20544
20546
20549
20552
20554
20556
20559
20562
20567
20568
20573
20670
20672
20675
20678
20681
20685
20686
20689
20690
20691
