2793
2794
2796
2798
2800
2801
2805
2810
2811
2812
2816
2817
2821
2915
2916
2920
2921
2922
2926
2928
2929
2930
2931
2938
2939
2940
2942
2943
2944
2945
2947
2949
2951
3038
3043
3044
3046
3047
3048
3049
3051
3052
3054
3055
3056
3058
3059
3062
3063
3065
3066
3070
3072
3073
3075
3077
3161
3162
3163
3166
3171
3173
3174
3177
3181
3182
3185
3186
3187
3189
3190
3193
3195
3196
3198
3203
3286
3288
3291
3293
3294
3296
3297
3298
3299
3306
3307
3308
3314
3317
3319
3323
3325
3326
3328
3410
3415
3417
3421
3422
3423
3425
3427
3434
3435
3436
3437
3440
3442
3444
3447
3449
3451
3539
3540
3545
3549
3550
3558
3559
3562
3564
3565
3567
3569
3574
3667
3668
3670
3673
3678
3682
3683
3685
3686
3688
3690
3691
13429
13430
13432
13433
13434
13554
13556
13561
13672
13676
13677
13678
13679
13683
13685
13689
13690
13693
13796
13800
13802
13805
13808
13811
13814
13815
13817
13818
13819
13918
13919
13922
13924
13925
13928
13931
13934
13937
13939
13943
14046
14047
14051
14054
14061
14065
14066
14172
14178
14183
14184
14186
14301
14303
14308
