-65
-65.0793
-65.1444
-65.2035
-65.2591
-65.3122
-65.3634
-65.4131
-65.4616
-65.5091
-65.5556
-65.6013
-65.6462
-65.6905
-65.7341
-65.777
-65.8194
-65.8613
-65.9026
-65.9434
-65.9837
-66.0236
-66.063
-66.1019
-66.1404
-66.1786
-66.2163
-66.2536
-66.2905
-66.3271
-66.3633
-66.3991
-66.4346
-66.4698
-66.5047
-66.5392
-66.5734
-66.6074
-66.641
-66.6744
-66.7074
-66.7402
-66.7727
-66.805
-66.837
-66.8687
-66.9002
-66.9315
-66.9625
-66.9932
-67.0237
-67.054
-67.0841
-67.1139
-67.1435
-67.1728
-67.2019
-67.2308
-67.2595
-67.2879
-67.3162
-67.3442
-67.3719
-67.3995
-67.4269
-67.454
-67.4809
-67.5076
-67.5342
-67.5605
-67.5866
-67.6125
-67.6382
-67.6637
-67.689
-67.7142
-67.7391
-67.7639
-67.7884
-67.8128
-67.837
-67.861
-67.8849
-67.9085
-67.932
-67.9553
-67.9785
-68.0014
-68.0242
-68.0468
-68.0693
-68.0916
-68.1137
-68.1357
-68.1575
-68.1791
-68.2005
-68.2218
-68.243
-68.2639
-68.2847
-68.3054
-68.3259
-68.3462
-68.3664
-68.3865
-68.4063
-68.4261
-68.4457
-68.4651
-68.4844
-68.5036
-68.5226
-68.5415
-68.5603
-68.5789
-68.5974
-68.6157
-68.634
-68.652
-68.67
-68.6878
-68.7056
-68.7231
-68.7406
-68.7579
-68.7752
-68.7923
-68.8093
-68.8261
-68.8429
-68.8595
-68.8761
-68.8925
-68.9088
-68.925
-68.9411
-68.9571
-68.973
-68.9887
-69.0044
-69.02
-69.0355
-69.0508
-69.0661
-69.0813
-69.0963
-69.1113
-69.1262
-69.141
-69.1556
-69.1702
-69.1847
-69.1991
-69.2134
-69.2276
-69.2417
-69.2557
-69.2696
-69.2834
-69.2972
-69.3108
-69.3244
-69.3379
-69.3513
-69.3646
-69.3778
-69.391
-69.404
-69.417
-69.4299
-69.4428
-69.4555
-69.4682
-69.4808
-69.4933
-69.5057
-69.5181
-69.5304
-69.5426
-69.5548
-69.5669
-69.5789
-69.5908
-69.6027
-69.6145
-69.6263
-69.6379
-69.6496
-69.6611
-69.6726
-69.684
-69.6953
-69.7066
-69.7178
-69.729
-69.7401
-69.7511
-69.7621
-69.773
-69.7839
-69.7947
-69.8055
-69.8161
-69.8268
-69.8374
-69.8479
-69.8583
-69.8688
-69.8791
-69.8894
-69.8997
-69.9099
-69.92
-69.9301
-69.9401
-69.9501
-69.9601
-69.97
-69.9798
-69.9896
-69.9994
-70.0091
-70.0187
-70.0283
-70.0379
-70.0474
-70.0569
-70.0663
-70.0756
-70.085
-70.0942
-70.1035
-70.1126
-70.1218
-70.1309
-70.1399
-70.1489
-70.1579
-70.1668
-70.1756
-70.1844
-70.1932
-70.202
-70.2106
-70.2193
-70.2279
-70.2365
-70.245
-70.2535
-70.2619
-70.2703
-70.2787
-70.287
-70.2953
-70.3035
-70.3117
-70.3199
-70.328
-70.3361
-70.3442
-70.3522
-70.3602
-70.3681
-70.376
-70.3839
-70.3917
-70.3996
-70.4073
-70.4151
-70.4228
-70.4304
-70.438
-70.4456
-70.4532
-70.4607
-70.4682
-70.4757
-70.4831
-70.4905
-70.4979
-70.5053
-70.5126
-70.5198
-70.5271
-70.5343
-70.5415
-70.5486
-70.5558
-70.5629
-70.5699
-70.577
-70.584
-70.591
-70.5979
-70.6048
-70.6117
-70.6186
-70.6254
-70.6322
-70.639
-70.6458
-70.6525
-70.6592
-70.6659
-70.6725
-70.6792
-70.6858
-70.6923
-70.6989
-70.7054
-70.7119
-70.7184
-70.7248
-70.7312
-70.7376
-70.744
-70.7504
-70.7567
-70.763
-70.7693
-70.7755
-70.7817
-70.7879
-70.7941
-70.8003
-70.8064
-70.8125
-70.8186
-70.8247
-70.8307
-70.8368
-70.8428
-70.8487
-70.8547
-70.8606
-70.8665
-70.8724
-70.8783
-70.8842
-70.89
-70.8958
-70.9016
-70.9074
-70.9131
-70.9188
-70.9245
-70.9302
-70.9359
-70.9416
-70.9472
-70.9528
-70.9584
-70.964
-70.9695
-70.975
-70.9805
-70.986
-70.9915
-70.997
-71.0024
-71.0078
-71.0132
-71.0186
-71.024
-71.0293
-71.0347
-71.04
-71.0453
-71.0505
-71.0558
-71.061
-71.0662
-71.0714
-71.0766
-71.0818
-71.0869
-71.0921
-71.0972
-71.1022
-71.1073
-71.1124
-71.1174
-71.1224
-71.1274
-71.1324
-71.1374
-71.1423
-71.1472
-71.1521
-71.157
-71.1619
-71.1668
-71.1716
-71.1765
-71.1813
-71.1861
-71.1908
-71.1956
-71.2003
-71.2051
-71.2098
-71.2145
-71.2192
-71.2238
-71.2285
-71.2331
-71.2377
-71.2423
-71.2469
-71.2515
-71.2561
-71.2606
-71.2651
-71.2697
-71.2742
-71.2786
-71.2831
-71.2876
-71.292
-71.2964
-71.3009
-71.3053
-71.3096
-71.314
-71.3184
-71.3227
-71.327
-71.3314
-71.3357
-71.3399
-71.3442
-71.3485
-71.3527
-71.357
-71.3612
-71.3654
-71.3696
-71.3738
-71.3779
-71.3821
-71.3862
-71.3904
-71.3945
-71.3986
-71.4027
-71.4067
-71.4108
-71.4149
-71.4189
-71.4229
-71.427
-71.431
-71.435
-71.4389
-71.4429
-71.4469
-71.4508
-71.4547
-71.4587
-71.4626
-71.4665
-71.4704
-71.4742
-71.4781
-71.4819
-71.4858
-71.4896
-71.4934
-71.4972
-71.501
-71.5048
-71.5086
-71.5124
-71.5161
-71.5199
-71.5236
-71.5273
-71.531
-71.5347
-71.5384
-71.5421
-71.5457
-71.5494
-71.553
-71.5567
-71.5603
-71.5639
-71.5675
-71.5711
-71.5747
-71.5783
-71.5818
-71.5854
-71.5889
-71.5924
-71.596
-71.5995
-71.603
-71.6065
-71.61
-71.6134
-71.6169
-71.6204
-71.6238
-71.6272
-71.6307
-71.6341
-71.6375
-71.6409
-71.6443
-71.6476
-71.651
-71.6544
-71.6577
-71.6611
-71.6644
-71.6677
-71.671
-71.6743
-71.6776
-71.6809
-71.6842
-71.6875
-71.6907
-71.694
-71.6972
-71.7005
-71.7037
-71.7069
-71.7101
-71.7133
-71.7165
-71.7197
-71.7229
-71.7261
-71.7292
-71.7324
-71.7355
-71.7386
-71.7418
-71.7449
-71.748
-71.7511
-71.7542
-71.7573
-71.7603
-71.7634
-71.7665
-71.7695
-71.7726
-71.7756
-71.7786
-71.7817
-71.7847
-71.7877
-71.7907
-71.7937
-71.7967
-71.7996
-71.8026
-71.8056
-71.8085
-71.8115
-71.8144
-71.8173
-71.8202
-71.8232
-71.8261
-71.829
-71.8319
-71.8347
-71.8376
-71.8405
-71.8434
-71.8462
-71.8491
-71.8519
-71.8547
-71.8576
-71.8604
-71.8632
-71.866
-71.8688
-71.8716
-71.8744
-71.8772
-71.88
-71.8827
-71.8855
-71.8882
-71.891
-71.8937
-71.8965
-71.8992
-71.9019
-71.9046
-71.9073
-71.91
-71.9127
-71.9154
-71.9181
-71.9207
-71.9234
-71.9261
-71.9287
-71.9314
-71.934
-71.9366
-71.9393
-71.9419
-71.9445
-71.9471
-71.9497
-71.9523
-71.9549
-71.9575
-71.9601
-71.9626
-71.9652
-71.9678
-71.9703
-71.9729
-71.9754
-71.978
-71.9805
-71.983
-71.9855
-71.988
-71.9905
-71.993
-71.9955
-71.998
-72.0005
-72.003
-72.0055
-72.0079
-72.0104
-72.0128
-72.0153
-72.0177
-72.0202
-72.0226
-72.025
-72.0274
-72.0299
-72.0323
-72.0347
-72.0371
-72.0394
-72.0418
-72.0442
-72.0466
-72.0489
-72.0513
-72.0537
-72.056
-72.0584
-72.0607
-72.063
-72.0653
-72.0677
-72.07
-72.0723
-72.0746
-72.0769
-72.0792
-72.0815
-72.0837
-72.086
-72.0883
-72.0905
-72.0928
-72.095
-72.0973
-72.0995
-72.1018
-72.104
-72.1062
-72.1084
-72.1107
-72.1129
-72.1151
-72.1173
-72.1195
-72.1216
-72.1238
-72.126
-72.1282
-72.1303
-72.1325
-72.1346
-72.1368
-72.1389
-72.1411
-72.1432
-72.1453
-72.1475
-72.1496
-72.1517
-72.1538
-72.1559
-72.158
-72.1601
-72.1622
-72.1643
-72.1664
-72.1684
-72.1705
-72.1726
-72.1746
-72.1767
-72.1788
-72.1808
-72.1828
-72.1849
-72.1869
-72.1889
-72.191
-72.193
-72.195
-72.197
-72.199
-72.201
-72.203
-72.205
-72.207
-72.209
-72.211
-72.2129
-72.2149
-72.2169
-72.2188
-72.2208
-72.2227
-72.2247
-72.2266
-72.2286
-72.2305
-72.2324
-72.2343
-72.2363
-72.2382
-72.2401
-72.242
-72.2439
-72.2458
-72.2477
-72.2496
-72.2515
-72.2534
-72.2553
-72.2571
-72.259
-72.2609
-72.2627
-72.2646
-72.2664
-72.2683
-72.2701
-72.272
-72.2738
-72.2757
-72.2775
-72.2793
-72.2811
-72.283
-72.2848
-72.2866
-72.2884
-72.2902
-72.292
-72.2938
-72.2956
-72.2974
-72.2992
-72.3009
-72.3027
-72.3045
-72.3063
-72.308
-72.3098
-72.3115
-72.3133
-72.315
-72.3168
-72.3185
-72.3203
-72.322
-72.3237
-72.3255
-72.3272
-72.3289
-72.3306
-72.3324
-72.3341
-72.3358
-72.3375
-72.3392
-72.3409
-72.3426
-72.3443
-72.3459
-72.3476
-72.3493
-72.351
-72.3527
-72.3543
-72.356
-72.3577
-72.3593
-72.361
-72.3626
-72.3643
-72.3659
-72.3676
-72.3692
-72.3708
-72.3725
-72.3741
-72.3757
-72.3773
-72.379
-72.3806
-72.3822
-72.3838
-72.3854
-72.387
-72.3886
-72.3902
-72.3918
-72.3934
-72.395
-72.3966
-72.3981
-72.3997
-72.4013
-72.4029
-72.4044
-72.406
-72.4076
-72.4091
-72.4107
-72.4122
-72.4138
-72.4153
-72.4169
-72.4184
-72.4199
-72.4215
-72.423
-72.4245
-72.4261
-72.4276
-72.4291
-72.4306
-72.4321
-72.4336
-72.4351
-72.4367
-72.4382
-72.4397
-72.4412
-72.4426
-72.4441
-72.4456
-72.4471
-72.4486
-72.4501
-72.4515
-72.453
-72.4545
-72.456
-72.4574
-72.4589
-72.4603
-72.4618
-72.4633
-72.4647
-72.4662
-72.4676
-72.469
-72.4705
-72.4719
-72.4734
-72.4748
-72.4762
-72.4776
-72.4791
-72.4805
-72.4819
-72.4833
-72.4847
-72.4861
-72.4876
-72.489
-72.4904
-72.4918
-72.4932
-72.4946
-72.4959
-72.4973
-72.4987
-72.5001
-72.5015
-72.5029
-72.5042
-72.5056
-72.507
-72.5084
-72.5097
-72.5111
-72.5125
-72.5138
-72.5152
-72.5165
-72.5179
-72.5192
-72.5206
-72.5219
-72.5233
-72.5246
-72.5259
-72.5273
-72.5286
-72.5299
-72.5313
-72.5326
-72.5339
-72.5352
-72.5366
-72.5379
-72.5392
-72.5405
-72.5418
-72.5431
-72.5444
-72.5457
-72.547
-72.5483
-72.5496
-72.5509
-72.5522
-72.5535
-72.5548
-72.556
-72.5573
-72.5586
-72.5599
-72.5612
-72.5624
-72.5637
-72.565
-72.5662
-72.5675
-72.5687
-72.57
-72.5713
-72.5725
-72.5738
-72.575
-72.5763
-72.5775
-72.5788
-72.58
-72.5812
-72.5825
-72.5837
-72.5849
-72.5862
-72.5874
-72.5886
-72.5898
-72.5911
-72.5923
-72.5935
-72.5947
-72.5959
-72.5971
-72.5984
-72.5996
-72.6008
-72.602
-72.6032
-72.6044
-72.6056
-72.6068
-72.6079
-72.6091
-72.6103
-72.6115
-72.6127
-72.6139
-72.6151
-72.6162
-72.6174
-72.6186
-72.6198
-72.6209
-72.6221
-72.6233
-72.6244
-72.6256
-72.6268
-72.6279
-72.6291
-72.6302
-72.6314
-72.6325
-72.6337
-72.6348
-72.636
-72.6371
-72.6382
-72.6394
-72.6405
-72.6417
-72.6428
-72.6439
-72.6451
-72.6462
-72.6473
-72.6484
-72.6496
-72.6507
-72.6518
-72.6529
-72.654
-72.6551
-72.6562
-72.6574
-72.6585
-72.6596
-72.6607
-72.6618
-72.6629
-72.664
-72.6651
-72.6662
-72.6673
-72.6683
-72.6694
-72.6705
-72.6716
-72.6727
-72.6738
-72.6749
-72.6759
-72.677
-72.6781
-72.6792
-72.6802
-72.6813
-72.6824
-72.6834
-72.6845
-72.6856
-72.6866
-72.6877
-72.6887
-72.6898
-72.6908
-72.6919
-72.6929
-72.694
-72.695
-72.6961
-72.6971
-72.6982
-72.6992
-72.7003
-72.7013
-72.7023
-72.7034
-72.7044
-72.7054
-72.7065
-72.7075
-72.7085
-72.7095
-72.7106
-72.7116
-72.7126
-72.7136
-72.7146
-72.7156
-72.7167
-72.7177
-72.7187
-72.7197
-72.7207
-72.7217
-72.7227
-72.7237
-72.7247
-72.7257
-72.7267
-72.7277
-72.7287
-72.7297
-72.7307
-72.7317
-72.7326
-72.7336
-72.7346
-72.7356
-72.7366
-72.7376
-72.7385
-72.7395
-72.7405
-72.7415
-72.7424
-72.7434
-72.7444
-72.7453
-72.7463
-72.7473
-72.7482
-72.7492
-72.7502
-72.7511
-72.7521
-72.753
-72.754
-72.7549
-72.7559
-72.7568
-72.7578
-72.7587
-72.7597
-72.7606
-72.7616
-72.7625
-72.7635
-72.7644
-72.7653
-72.7663
-72.7672
-72.7681
-72.7691
-72.77
-72.7709
-72.7718
-72.7728
-72.7737
-72.7746
-72.7755
-72.7765
-72.7774
-72.7783
-72.7792
-72.7801
-72.781
-72.782
-72.7829
-72.7838
-72.7847
-72.7856
-72.7865
-72.7874
-72.7883
-72.7892
-72.7901
-72.791
-72.7919
-72.7928
-72.7937
-72.7946
-72.7955
-72.7964
-72.7972
-72.7981
-72.799
-72.7999
-72.8008
-72.8017
-72.8025
-72.8034
-72.8043
-72.8052
-72.8061
-72.8069
-72.8078
-72.8087
-72.8095
-72.8104
-72.8113
-72.8121
-72.813
-72.8139
-72.8147
-72.8156
-72.8165
-72.8173
-72.8182
-72.819
-72.8199
-72.8207
-72.8216
-72.8224
-72.8233
-72.8241
-72.825
-72.8258
-72.8267
-72.8275
-72.8284
-72.8292
-72.83
-72.8309
-72.8317
-72.8326
-72.8334
-72.8342
-72.8351
-72.8359
-72.8367
-72.8375
-72.8384
-72.8392
-72.84
-72.8409
-72.8417
-72.8425
-72.8433
-72.8441
-72.845
-72.8458
-72.8466
-72.8474
-72.8482
-72.849
-72.8498
-72.8506
-72.8515
-72.8523
-72.8531
-72.8539
-72.8547
-72.8555
-72.8563
-72.8571
-72.8579
-72.8587
-72.8595
-72.8603
-72.8611
-72.8619
-72.8627
-72.8635
-72.8642
-72.865
-72.8658
-72.8666
-72.8674
-72.8682
-72.869
-72.8697
-72.8705
-72.8713
-72.8721
-72.8729
-72.8736
-72.8744
-72.8752
-72.876
-72.8767
-72.8775
-72.8783
-72.879
-72.8798
-72.8806
-72.8813
-72.8821
-72.8829
-72.8836
-72.8844
-72.8852
-72.8859
-72.8867
-72.8874
-72.8882
-72.8889
-72.8897
-72.8905
-72.8912
-72.892
-72.8927
-72.8935
-72.8942
-72.895
-72.8957
-72.8964
-72.8972
-72.8979
-72.8987
-72.8994
-72.9002
-72.9009
-72.9016
-72.9024
-72.9031
-72.9038
-72.9046
-72.9053
-72.906
-72.9068
-72.9075
-72.9082
-72.9089
-72.9097
-72.9104
-72.9111
-72.9118
-72.9126
-72.9133
-72.914
-72.9147
-72.9155
-72.9162
-72.9169
-72.9176
-72.9183
-72.919
-72.9197
-72.9205
-72.9212
-72.9219
-72.9226
-72.9233
-72.924
-72.9247
-72.9254
-72.9261
-72.9268
-72.9275
-72.9282
-72.9289
-72.9296
-72.9303
-72.931
-72.9317
-72.9324
-72.9331
-72.9338
-72.9345
-72.9352
-72.9359
-72.9365
-72.9372
-72.9379
-72.9386
-72.9393
-72.94
-72.9407
-72.9413
-72.942
-72.9427
-72.9434
-72.9441
-72.9447
-72.9454
-72.9461
-72.9468
-72.9475
-72.9481
-72.9488
-72.9495
-72.9501
-72.9508
-72.9515
-72.9521
-72.9528
-72.9535
-72.9541
-72.9548
-72.9555
-72.9561
-72.9568
-72.9575
-72.9581
-72.9588
-72.9594
-72.9601
-72.9608
-72.9614
-72.9621
-72.9627
-72.9634
-72.964
-72.9647
-72.9653
-72.966
-72.9666
-72.9673
-72.9679
-72.9686
-72.9692
-72.9699
-72.9705
-72.9711
-72.9718
-72.9724
-72.9731
-72.9737
-72.9743
-72.975
-72.9756
-72.9763
-72.9769
-72.9775
-72.9782
-72.9788
-72.9794
-72.9801
-72.9807
-72.9813
-72.9819
-72.9826
-72.9832
-72.9838
-72.9844
-72.9851
-72.9857
-72.9863
-72.9869
-72.9876
-72.9882
-72.9888
-72.9894
-72.99
-72.9907
-72.9913
-72.9919
-72.9925
-72.9931
-72.9937
-72.9943
-72.995
-72.9956
-72.9962
-72.9968
-72.9974
-72.998
-72.9986
-72.9992
-72.9998
-73.0004
-73.001
-73.0016
-73.0022
-73.0028
-73.0034
-73.004
-73.0046
-73.0052
-73.0058
-73.0064
-73.007
-73.0076
-73.0082
-73.0088
-73.0094
-73.01
-73.0106
-73.0112
-73.0117
-73.0123
-73.0129
-73.0135
-73.0141
-73.0147
-73.0153
-73.0159
-73.0164
-73.017
-73.0176
-73.0182
-73.0188
-73.0193
-73.0199
-73.0205
-73.0211
-73.0217
-73.0222
-73.0228
-73.0234
-73.024
-73.0245
-73.0251
-73.0257
-73.0262
-73.0268
-73.0274
-73.0279
-73.0285
-73.0291
-73.0296
-73.0302
-73.0308
-73.0313
-73.0319
-73.0325
-73.033
-73.0336
-73.0341
-73.0347
-73.0352
-73.0358
-73.0364
-73.0369
-73.0375
-73.038
-73.0386
-73.0391
-73.0397
-73.0402
-73.0408
-73.0413
-73.0419
-73.0424
-73.043
-73.0435
-73.0441
-73.0446
-73.0451
-73.0457
-73.0462
-73.0468
-73.0473
-73.0478
-73.0484
-73.0489
-73.0495
-73.05
-73.0505
-73.0511
-73.0516
-73.0521
-73.0527
-73.0532
-73.0537
-73.0543
-73.0548
-73.0553
-73.0558
-73.0564
-73.0569
-73.0574
-73.058
-73.0585
-73.059
-73.0595
-73.06
-73.0606
-73.0611
-73.0616
-73.0621
-73.0626
-73.0632
-73.0637
-73.0642
-73.0647
-73.0652
-73.0657
-73.0663
-73.0668
-73.0673
-73.0678
-73.0683
-73.0688
-73.0693
-73.0698
-73.0704
-73.0709
-73.0714
-73.0719
-73.0724
-73.0729
-73.0734
-73.0739
-73.0744
-73.0749
-73.0754
-73.0759
-73.0764
-73.0769
-73.0774
-73.0779
-73.0784
-73.0789
-73.0794
-73.0799
-73.0804
-73.0809
-73.0814
-73.0819
-73.0824
-73.0829
-73.0833
-73.0838
-73.0843
-73.0848
-73.0853
-73.0858
-73.0863
-73.0868
-73.0873
-73.0877
-73.0882
-73.0887
-73.0892
-73.0897
-73.0902
-73.0906
-73.0911
-73.0916
-73.0921
-73.0926
-73.093
-73.0935
-73.094
-73.0945
-73.095
-73.0954
-73.0959
-73.0964
-73.0969
-73.0973
-73.0978
-73.0983
-73.0987
-73.0992
-73.0997
-73.1002
-73.1006
-73.1011
-73.1016
-73.102
-73.1025
-73.103
-73.1034
-73.1039
-73.1044
-73.1048
-73.1053
-73.1058
-73.1062
-73.1067
-73.1071
-73.1076
-73.1081
-73.1085
-73.109
-73.1094
-73.1099
-73.1103
-73.1108
-73.1113
-73.1117
-73.1122
-73.1126
-73.1131
-73.1135
-73.114
-73.1144
-73.1149
-73.1153
-73.1158
-73.1162
-73.1167
-73.1171
-73.1176
-73.118
-73.1185
-73.1189
-73.1194
-73.1198
-73.1203
-73.1207
-73.1211
-73.1216
-73.122
-73.1225
-73.1229
-73.1234
-73.1238
-73.1242
-73.1247
-73.1251
-73.1255
-73.126
-73.1264
-73.1269
-73.1273
-73.1277
-73.1282
-73.1286
-73.129
-73.1295
-73.1299
-73.1303
-73.1308
-73.1312
-73.1316
-73.132
-73.1325
-73.1329
-73.1333
-73.1338
-73.1342
-73.1346
-73.135
-73.1355
-73.1359
-73.1363
-73.1367
-73.1372
-73.1376
-73.138
-73.1384
-73.1389
-73.1393
-73.1397
-73.1401
-73.1405
-73.141
-73.1414
-73.1418
-73.1422
-73.1426
-73.143
-73.1435
-73.1439
-73.1443
-73.1447
-73.1451
-73.1455
-73.1459
-73.1464
-73.1468
-73.1472
-73.1476
-73.148
-73.1484
-73.1488
-73.1492
-73.1496
-73.15
-73.1504
-73.1509
-73.1513
-73.1517
-73.1521
-73.1525
-73.1529
-73.1533
-73.1537
-73.1541
-73.1545
-73.1549
-73.1553
-73.1557
-73.1561
-73.1565
-73.1569
-73.1573
-73.1577
-73.1581
-73.1585
-73.1589
-73.1593
-73.1597
-73.1601
-73.1605
-73.1609
-73.1613
-73.1617
-73.162
-73.1624
-73.1628
-73.1632
-73.1636
-73.164
-73.1644
-73.1648
-73.1652
-73.1656
-73.166
-73.1663
-73.1667
-73.1671
-73.1675
-73.1679
-73.1683
-73.1687
-73.169
-73.1694
-73.1698
-73.1702
-73.1706
-73.171
-73.1713
-73.1717
-73.1721
-73.1725
-73.1729
-73.1733
-73.1736
-73.174
-73.1744
-73.1748
-73.1751
-73.1755
-73.1759
-73.1763
-73.1766
-73.177
-73.1774
-73.1778
-73.1781
-73.1785
-73.1789
-73.1793
-73.1796
-73.18
-73.1804
-73.1808
-73.1811
-73.1815
-73.1819
-73.1822
-73.1826
-73.183
-73.1833
-73.1837
-73.1841
-73.1844
-73.1848
-73.1852
-73.1855
-73.1859
-73.1863
-73.1866
-73.187
-73.1874
-73.1877
-73.1881
-73.1884
-73.1888
-73.1892
-73.1895
-73.1899
-73.1902
-73.1906
-73.191
-73.1913
-73.1917
-73.192
-73.1924
-73.1928
-73.1931
-73.1935
-73.1938
-73.1942
-73.1945
-73.1949
-73.1952
-73.1956
-73.1959
-73.1963
-73.1967
-73.197
-73.1974
-73.1977
-73.1981
-73.1984
-73.1988
-73.1991
-73.1995
-73.1998
-73.2002
-73.2005
-73.2008
-73.2012
-73.2015
-73.2019
-73.2022
-73.2026
-73.2029
-73.2033
-73.2036
-73.204
-73.2043
-73.2046
-73.205
-73.2053
-73.2057
-73.206
-73.2064
-73.2067
-73.207
-73.2074
-73.2077
-73.2081
-73.2084
-73.2087
-73.2091
-73.2094
-73.2097
-73.2101
-73.2104
-73.2107
-73.2111
-73.2114
-73.2118
-73.2121
-73.2124
-73.2128
-73.2131
-73.2134
-73.2138
-73.2141
-73.2144
-73.2147
-73.2151
-73.2154
-73.2157
-73.2161
-73.2164
-73.2167
-73.2171
-73.2174
-73.2177
-73.218
-73.2184
-73.2187
-73.219
-73.2193
-73.2197
-73.22
-73.2203
-73.2206
-73.221
-73.2213
-73.2216
-73.2219
-73.2223
-73.2226
-73.2229
-73.2232
-73.2236
-73.2239
-73.2242
-73.2245
-73.2248
-73.2252
-73.2255
-73.2258
-73.2261
-73.2264
-73.2267
-73.2271
-73.2274
-73.2277
-73.228
-73.2283
-73.2286
-73.229
-73.2293
-73.2296
-73.2299
-73.2302
-73.2305
-73.2308
-73.2312
-73.2315
-73.2318
-73.2321
-73.2324
-73.2327
-73.233
-73.2333
-73.2336
-73.2339
-73.2343
-73.2346
-73.2349
-73.2352
-73.2355
-73.2358
-73.2361
-73.2364
-73.2367
-73.237
-73.2373
-73.2376
-73.2379
-73.2382
-73.2385
-73.2388
-73.2392
-73.2395
-73.2398
-73.2401
-73.2404
-73.2407
-73.241
-73.2413
-73.2416
-73.2419
-73.2422
-73.2425
-73.2428
-73.2431
-73.2434
-73.2437
-73.244
-73.2443
-73.2446
-73.2448
-73.2451
-73.2454
-73.2457
-73.246
-73.2463
-73.2466
-73.2469
-73.2472
-73.2475
-73.2478
-73.2481
-73.2484
-73.2487
-73.249
-73.2493
-73.2496
-73.2498
-73.2501
-73.2504
-73.2507
-73.251
-73.2513
-73.2516
-73.2519
-73.2522
-73.2525
-73.2527
-73.253
-73.2533
-73.2536
-73.2539
-73.2542
-73.2545
-73.2547
-73.255
-73.2553
-73.2556
-73.2559
-73.2562
-73.2565
-73.2567
-73.257
-73.2573
-73.2576
-73.2579
-73.2582
-73.2584
-73.2587
-73.259
-73.2593
-73.2596
-73.2598
-73.2601
-73.2604
-73.2607
-73.261
-73.2612
-73.2615
-73.2618
-73.2621
-73.2623
-73.2626
-73.2629
-73.2632
-73.2634
-73.2637
-73.264
-73.2643
-73.2645
-73.2648
-73.2651
-73.2654
-73.2656
-73.2659
-73.2662
-73.2665
-73.2667
-73.267
-73.2673
-73.2675
-73.2678
-73.2681
-73.2684
-73.2686
-73.2689
-73.2692
-73.2694
-73.2697
-73.27
-73.2702
-73.2705
-73.2708
-73.271
-73.2713
-73.2716
-73.2719
-73.2721
-73.2724
-73.2726
-73.2729
-73.2732
-73.2734
-73.2737
-73.274
-73.2742
-73.2745
-73.2748
-73.275
-73.2753
-73.2756
-73.2758
-73.2761
-73.2763
-73.2766
-73.2769
-73.2771
-73.2774
-73.2776
-73.2779
-73.2782
-73.2784
-73.2787
-73.2789
-73.2792
-73.2795
-73.2797
-73.28
-73.2802
-73.2805
-73.2807
-73.281
-73.2813
-73.2815
-73.2818
-73.282
-73.2823
-73.2825
-73.2828
-73.283
-73.2833
-73.2835
-73.2838
-73.2841
-73.2843
-73.2846
-73.2848
-73.2851
-73.2853
-73.2856
-73.2858
-73.2861
-73.2863
-73.2866
-73.2868
-73.2871
-73.2873
-73.2876
-73.2878
-73.2881
-73.2883
-73.2886
-73.2888
-73.2891
-73.2893
-73.2895
-73.2898
-73.29
-73.2903
-73.2905
-73.2908
-73.291
-73.2913
-73.2915
-73.2918
-73.292
-73.2922
-73.2925
-73.2927
-73.293
-73.2932
-73.2935
-73.2937
-73.2939
-73.2942
-73.2944
-73.2947
-73.2949
-73.2952
-73.2954
-73.2956
-73.2959
-73.2961
-73.2964
-73.2966
-73.2968
-73.2971
-73.2973
-73.2975
-73.2978
-73.298
-73.2983
-73.2985
-73.2987
-73.299
-73.2992
-73.2994
-73.2997
-73.2999
-73.3001
-73.3004
-73.3006
-73.3009
-73.3011
-73.3013
-73.3016
-73.3018
-73.302
-73.3023
-73.3025
-73.3027
-73.303
-73.3032
-73.3034
-73.3036
-73.3039
-73.3041
-73.3043
-73.3046
-73.3048
-73.305
-73.3053
-73.3055
-73.3057
-73.3059
-73.3062
-73.3064
-73.3066
-73.3069
-73.3071
-73.3073
-73.3075
-73.3078
-73.308
-73.3082
-73.3084
-73.3087
-73.3089
-73.3091
-73.3094
-73.3096
-73.3098
-73.31
-73.3103
-73.3105
-73.3107
-73.3109
-73.3111
-73.3114
-73.3116
-73.3118
-73.312
-73.3123
-73.3125
-73.3127
-73.3129
-73.3131
-73.3134
-73.3136
-73.3138
-73.314
-73.3142
-73.3145
-73.3147
-73.3149
-73.3151
-73.3153
-73.3156
-73.3158
-73.316
-73.3162
-73.3164
-73.3166
-73.3169
-73.3171
-73.3173
-73.3175
-73.3177
-73.3179
-73.3182
-73.3184
-73.3186
-73.3188
-73.319
-73.3192
-73.3195
-73.3197
-73.3199
-73.3201
-73.3203
-73.3205
-73.3207
-73.3209
-73.3212
-73.3214
-73.3216
-73.3218
-73.322
-73.3222
-73.3224
-73.3226
-73.3228
-73.3231
-73.3233
-73.3235
-73.3237
-73.3239
-73.3241
-73.3243
-73.3245
-73.3247
-73.3249
-73.3251
-73.3254
-73.3256
-73.3258
-73.326
-73.3262
-73.3264
-73.3266
-73.3268
-73.327
-73.3272
-73.3274
-73.3276
-73.3278
-73.328
-73.3282
-73.3284
-73.3286
-73.3289
-73.3291
-73.3293
-73.3295
-73.3297
-73.3299
-73.3301
-73.3303
-73.3305
-73.3307
-73.3309
-73.3311
-73.3313
-73.3315
-73.3317
-73.3319
-73.3321
-73.3323
-73.3325
-73.3327
-73.3329
-73.3331
-73.3333
-73.3335
-73.3337
-73.3339
-73.3341
-73.3343
-73.3345
-73.3347
-73.3349
-73.3351
-73.3353
-73.3355
-73.3357
-73.3359
-73.3361
-73.3362
-73.3364
-73.3366
-73.3368
-73.337
-73.3372
-73.3374
-73.3376
-73.3378
-73.338
-73.3382
-73.3384
-73.3386
-73.3388
-73.339
-73.3392
-73.3394
-73.3395
-73.3397
-73.3399
-73.3401
-73.3403
-73.3405
-73.3407
-73.3409
-73.3411
-73.3413
-73.3415
-73.3417
-73.3418
-73.342
-73.3422
-73.3424
-73.3426
-73.3428
-73.343
-73.3432
-73.3434
-73.3435
-73.3437
-73.3439
-73.3441
-73.3443
-73.3445
-73.3447
-73.3449
-73.345
-73.3452
-73.3454
-73.3456
-73.3458
-73.346
-73.3462
-73.3463
-73.3465
-73.3467
-73.3469
-73.3471
-73.3473
-73.3474
-73.3476
-73.3478
-73.348
-73.3482
-73.3484
-73.3485
-73.3487
-73.3489
-73.3491
-73.3493
-73.3495
-73.3496
-73.3498
-73.35
-73.3502
-73.3504
-73.3505
-73.3507
-73.3509
-73.3511
-73.3513
-73.3514
-73.3516
-73.3518
-73.352
-73.3522
-73.3523
-73.3525
-73.3527
-73.3529
-73.3531
-73.3532
-73.3534
-73.3536
-73.3538
-73.3539
-73.3541
-73.3543
-73.3545
-73.3546
-73.3548
-73.355
-73.3552
-73.3554
-73.3555
-73.3557
-73.3559
-73.3561
-73.3562
-73.3564
-73.3566
-73.3567
-73.3569
-73.3571
-73.3573
-73.3574
-73.3576
-73.3578
-73.358
-73.3581
-73.3583
-73.3585
-73.3586
-73.3588
-73.359
-73.3592
-73.3593
-73.3595
-73.3597
-73.3598
-73.36
-73.3602
-73.3604
-73.3605
-73.3607
-73.3609
-73.361
-73.3612
-73.3614
-73.3615
-73.3617
-73.3619
-73.362
-73.3622
-73.3624
-73.3626
-73.3627
-73.3629
-73.3631
-73.3632
-73.3634
-73.3636
-73.3637
-73.3639
-73.3641
-73.3642
-73.3644
-73.3646
-73.3647
-73.3649
-73.365
-73.3652
-73.3654
-73.3655
-73.3657
-73.3659
-73.366
-73.3662
-73.3664
-73.3665
-73.3667
-73.3669
-73.367
-73.3672
-73.3673
-73.3675
-73.3677
-73.3678
-73.368
-73.3682
-73.3683
-73.3685
-73.3686
-73.3688
-73.369
-73.3691
-73.3693
-73.3694
-73.3696
-73.3698
-73.3699
-73.3701
-73.3702
-73.3704
-73.3706
-73.3707
-73.3709
-73.371
-73.3712
-73.3714
-73.3715
-73.3717
-73.3718
-73.372
-73.3721
-73.3723
-73.3725
-73.3726
-73.3728
-73.3729
-73.3731
-73.3732
-73.3734
-73.3736
-73.3737
-73.3739
-73.374
-73.3742
-73.3743
-73.3745
-73.3746
-73.3748
-73.3749
-73.3751
-73.3753
-73.3754
-73.3756
-73.3757
-73.3759
-73.376
-73.3762
-73.3763
-73.3765
-73.3766
-73.3768
-73.3769
-73.3771
-73.3772
-73.3774
-73.3776
-73.3777
-73.3779
-73.378
-73.3782
-73.3783
-73.3785
-73.3786
-73.3788
-73.3789
-73.3791
-73.3792
-73.3794
-73.3795
-73.3797
-73.3798
-73.38
-73.3801
-73.3803
-73.3804
-73.3806
-73.3807
-73.3809
-73.381
-73.3811
-73.3813
-73.3814
-73.3816
-73.3817
-73.3819
-73.382
-73.3822
-73.3823
-73.3825
-73.3826
-73.3828
-73.3829
-73.3831
-73.3832
-73.3833
-73.3835
-73.3836
-73.3838
-73.3839
-73.3841
-73.3842
-73.3844
-73.3845
-73.3847
-73.3848
-73.3849
-73.3851
-73.3852
-73.3854
-73.3855
-73.3857
-73.3858
-73.3859
-73.3861
-73.3862
-73.3864
-73.3865
-73.3867
-73.3868
-73.3869
-73.3871
-73.3872
-73.3874
-73.3875
-73.3876
-73.3878
-73.3879
-73.3881
-73.3882
-73.3883
-73.3885
-73.3886
-73.3888
-73.3889
-73.389
-73.3892
-73.3893
-73.3895
-73.3896
-73.3897
-73.3899
-73.39
-73.3902
-73.3903
-73.3904
-73.3906
-73.3907
-73.3908
-73.391
-73.3911
-73.3913
-73.3914
-73.3915
-73.3917
-73.3918
-73.3919
-73.3921
-73.3922
-73.3924
-73.3925
-73.3926
-73.3928
-73.3929
-73.393
-73.3932
-73.3933
-73.3934
-73.3936
-73.3937
-73.3938
-73.394
-73.3941
-73.3942
-73.3944
-73.3945
-73.3946
-73.3948
-73.3949
-73.395
-73.3952
-73.3953
-73.3954
-73.3956
-73.3957
-73.3958
-73.396
-73.3961
-73.3962
-73.3964
-73.3965
-73.3966
-73.3968
-73.3969
-73.397
-73.3972
-73.3973
-73.3974
-73.3976
-73.3977
-73.3978
-73.3979
-73.3981
-73.3982
-73.3983
-73.3985
-73.3986
-73.3987
-73.3988
-73.399
-73.3991
-73.3992
-73.3994
-73.3995
-73.3996
-73.3997
-73.3999
-73.4
-73.4001
-73.4003
-73.4004
-73.4005
-73.4006
-73.4008
-73.4009
-73.401
-73.4012
-73.4013
-73.4014
-73.4015
-73.4017
-73.4018
-73.4019
-73.402
-73.4022
-73.4023
-73.4024
-73.4025
-73.4027
-73.4028
-73.4029
-73.403
-73.4032
-73.4033
-73.4034
-73.4035
-73.4037
-73.4038
-73.4039
-73.404
-73.4042
-73.4043
-73.4044
-73.4045
-73.4046
-73.4048
-73.4049
-73.405
-73.4051
-73.4053
-73.4054
-73.4055
-73.4056
-73.4057
-73.4059
-73.406
-73.4061
-73.4062
-73.4064
-73.4065
-73.4066
-73.4067
-73.4068
-73.407
-73.4071
-73.4072
-73.4073
-73.4074
-73.4076
-73.4077
-73.4078
-73.4079
-73.408
-73.4082
-73.4083
-73.4084
-73.4085
-73.4086
-73.4088
-73.4089
-73.409
-73.4091
-73.4092
-73.4093
-73.4095
-73.4096
-73.4097
-73.4098
-73.4099
-73.4101
-73.4102
-73.4103
-73.4104
-73.4105
-73.4106
-73.4108
-73.4109
-73.411
-73.4111
-73.4112
-73.4113
-73.4115
-73.4116
-73.4117
-73.4118
-73.4119
-73.412
-73.4121
-73.4123
-73.4124
-73.4125
-73.4126
-73.4127
-73.4128
-73.4129
-73.4131
-73.4132
-73.4133
-73.4134
-73.4135
-73.4136
-73.4137
-73.4139
-73.414
-73.4141
-73.4142
-73.4143
-73.4144
-73.4145
-73.4146
-73.4148
-73.4149
-73.415
-73.4151
-73.4152
-73.4153
-73.4154
-73.4155
-73.4157
-73.4158
-73.4159
-73.416
-73.4161
-73.4162
-73.4163
-73.4164
-73.4165
-73.4167
-73.4168
-73.4169
-73.417
-73.4171
-73.4172
-73.4173
-73.4174
-73.4175
-73.4176
-73.4177
-73.4179
-73.418
-73.4181
-73.4182
-73.4183
-73.4184
-73.4185
-73.4186
-73.4187
-73.4188
-73.4189
-73.419
-73.4192
-73.4193
-73.4194
-73.4195
-73.4196
-73.4197
-73.4198
-73.4199
-73.42
-73.4201
-73.4202
-73.4203
-73.4204
-73.4205
-73.4207
-73.4208
-73.4209
-73.421
-73.4211
-73.4212
-73.4213
-73.4214
-73.4215
-73.4216
-73.4217
-73.4218
-73.4219
-73.422
-73.4221
-73.4222
-73.4223
-73.4224
-73.4225
-73.4226
-73.4228
-73.4229
-73.423
-73.4231
-73.4232
-73.4233
-73.4234
-73.4235
-73.4236
-73.4237
-73.4238
-73.4239
-73.424
-73.4241
-73.4242
-73.4243
-73.4244
-73.4245
-73.4246
-73.4247
-73.4248
-73.4249
-73.425
-73.4251
-73.4252
-73.4253
-73.4254
-73.4255
-73.4256
-73.4257
-73.4258
-73.4259
-73.426
-73.4261
-73.4262
-73.4263
-73.4264
-73.4265
-73.4266
-73.4267
-73.4268
-73.4269
-73.427
-73.4271
-73.4272
-73.4273
-73.4274
-73.4275
-73.4276
-73.4277
-73.4278
-73.4279
-73.428
-73.4281
-73.4282
-73.4283
-73.4284
-73.4285
-73.4286
-73.4287
-73.4288
-73.4289
-73.429
-73.4291
-73.4292
-73.4293
-73.4294
-73.4295
-73.4296
-73.4297
-73.4298
-73.4299
-73.43
-73.43
-73.4301
-73.4302
-73.4303
-73.4304
-73.4305
-73.4306
-73.4307
-73.4308
-73.4309
-73.431
-73.4311
-73.4312
-73.4313
-73.4314
-73.4315
-73.4316
-73.4317
-73.4318
-73.4319
-73.432
-73.432
-73.4321
-73.4322
-73.4323
-73.4324
-73.4325
-73.4326
-73.4327
-73.4328
-73.4329
-73.433
-73.4331
-73.4332
-73.4333
-73.4334
-73.4334
-73.4335
-73.4336
-73.4337
-73.4338
-73.4339
-73.434
-73.4341
-73.4342
-73.4343
-73.4344
-73.4345
-73.4345
-73.4346
-73.4347
-73.4348
-73.4349
-73.435
-73.4351
-73.4352
-73.4353
-73.4354
-73.4355
-73.4355
-73.4356
-73.4357
-73.4358
-73.4359
-73.436
-73.4361
-73.4362
-73.4363
-73.4364
-73.4364
-73.4365
-73.4366
-73.4367
-73.4368
-73.4369
-73.437
-73.4371
-73.4372
-73.4372
-73.4373
-73.4374
-73.4375
-73.4376
-73.4377
-73.4378
-73.4379
-73.438
-73.438
-73.4381
-73.4382
-73.4383
-73.4384
-73.4385
-73.4386
-73.4386
-73.4387
-73.4388
-73.4389
-73.439
-73.4391
-73.4392
-73.4393
-73.4393
-73.4394
-73.4395
-73.4396
-73.4397
-73.4398
-73.4399
-73.4399
-73.44
-73.4401
-73.4402
-73.4403
-73.4404
-73.4405
-73.4405
-73.4406
-73.4407
-73.4408
-73.4409
-73.441
-73.4411
-73.4411
-73.4412
-73.4413
-73.4414
-73.4415
-73.4416
-73.4416
-73.4417
-73.4418
-73.4419
-73.442
-73.4421
-73.4421
-73.4422
-73.4423
-73.4424
-73.4425
-73.4426
-73.4426
-73.4427
-73.4428
-73.4429
-73.443
-73.4431
-73.4431
-73.4432
-73.4433
-73.4434
-73.4435
-73.4435
-73.4436
-73.4437
-73.4438
-73.4439
-73.444
-73.444
-73.4441
-73.4442
-73.4443
-73.4444
-73.4444
-73.4445
-73.4446
-73.4447
-73.4448
-73.4448
-73.4449
-73.445
-73.4451
-73.4452
-73.4452
-73.4453
-73.4454
-73.4455
-73.4456
-73.4456
-73.4457
-73.4458
-73.4459
-73.446
-73.446
-73.4461
-73.4462
-73.4463
-73.4464
-73.4464
-73.4465
-73.4466
-73.4467
-73.4467
-73.4468
-73.4469
-73.447
-73.4471
-73.4471
-73.4472
-73.4473
-73.4474
-73.4475
-73.4475
-73.4476
-73.4477
-73.4478
-73.4478
-73.4479
-73.448
-73.4481
-73.4481
-73.4482
-73.4483
-73.4484
-73.4485
-73.4485
-73.4486
-73.4487
-73.4488
-73.4488
-73.4489
-73.449
-73.4491
-73.4491
-73.4492
-73.4493
-73.4494
-73.4494
-73.4495
-73.4496
-73.4497
-73.4497
-73.4498
-73.4499
-73.45
-73.45
-73.4501
-73.4502
-73.4503
-73.4503
-73.4504
-73.4505
-73.4506
-73.4506
-73.4507
-73.4508
-73.4509
-73.4509
-73.451
-73.4511
-73.4512
-73.4512
-73.4513
-73.4514
-73.4515
-73.4515
-73.4516
-73.4517
-73.4517
-73.4518
-73.4519
-73.452
-73.452
-73.4521
-73.4522
-73.4523
-73.4523
-73.4524
-73.4525
-73.4525
-73.4526
-73.4527
-73.4528
-73.4528
-73.4529
-73.453
-73.453
-73.4531
-73.4532
-73.4533
-73.4533
-73.4534
-73.4535
-73.4535
-73.4536
-73.4537
-73.4538
-73.4538
-73.4539
-73.454
-73.454
-73.4541
-73.4542
-73.4543
-73.4543
-73.4544
-73.4545
-73.4545
-73.4546
-73.4547
-73.4547
-73.4548
-73.4549
-73.455
-73.455
-73.4551
-73.4552
-73.4552
-73.4553
-73.4554
-73.4554
-73.4555
-73.4556
-73.4556
-73.4557
-73.4558
-73.4559
-73.4559
-73.456
-73.4561
-73.4561
-73.4562
-73.4563
-73.4563
-73.4564
-73.4565
-73.4565
-73.4566
-73.4567
-73.4567
-73.4568
-73.4569
-73.4569
-73.457
-73.4571
-73.4571
-73.4572
-73.4573
-73.4573
-73.4574
-73.4575
-73.4575
-73.4576
-73.4577
-73.4577
-73.4578
-73.4579
-73.4579
-73.458
-73.4581
-73.4581
-73.4582
-73.4583
-73.4583
-73.4584
-73.4585
-73.4585
-73.4586
-73.4587
-73.4587
-73.4588
-73.4589
-73.4589
-73.459
-73.4591
-73.4591
-73.4592
-73.4593
-73.4593
-73.4594
-73.4595
-73.4595
-73.4596
-73.4596
-73.4597
-73.4598
-73.4598
-73.4599
-73.46
-73.46
-73.4601
-73.4602
-73.4602
-73.4603
-73.4604
-73.4604
-73.4605
-73.4605
-73.4606
-73.4607
-73.4607
-73.4608
-73.4609
-73.4609
-73.461
-73.4611
-73.4611
-73.4612
-73.4612
-73.4613
-73.4614
-73.4614
-73.4615
-73.4616
-73.4616
-73.4617
-73.4617
-73.4618
-73.4619
-73.4619
-73.462
-73.462
-73.4621
-73.4622
-73.4622
-73.4623
-73.4624
-73.4624
-73.4625
-73.4625
-73.4626
-73.4627
-73.4627
-73.4628
-73.4628
-73.4629
-73.463
-73.463
-73.4631
-73.4632
-73.4632
-73.4633
-73.4633
-73.4634
-73.4635
-73.4635
-73.4636
-73.4636
-73.4637
-73.4638
-73.4638
-73.4639
-73.4639
-73.464
-73.4641
-73.4641
-73.4642
-73.4642
-73.4643
-73.4644
-73.4644
-73.4645
-73.4645
-73.4646
-73.4647
-73.4647
-73.4648
-73.4648
-73.4649
-73.4649
-73.465
-73.4651
-73.4651
-73.4652
-73.4652
-73.4653
-73.4654
-73.4654
-73.4655
-73.4655
-73.4656
-73.4656
-73.4657
-73.4658
-73.4658
-73.4659
-73.4659
-73.466
-73.4661
-73.4661
-73.4662
-73.4662
-73.4663
-73.4663
-73.4664
-73.4665
-73.4665
-73.4666
-73.4666
-73.4667
-73.4667
-73.4668
-73.4669
-73.4669
-73.467
-73.467
-73.4671
-73.4671
-73.4672
-73.4672
-73.4673
-73.4674
-73.4674
-73.4675
-73.4675
-73.4676
-73.4676
-73.4677
-73.4678
-73.4678
-73.4679
-73.4679
-73.468
-73.468
-73.4681
-73.4681
-73.4682
-73.4683
-73.4683
-73.4684
-73.4684
-73.4685
-73.4685
-73.4686
-73.4686
-73.4687
-73.4687
-73.4688
-73.4689
-73.4689
-73.469
-73.469
-73.4691
-73.4691
-73.4692
-73.4692
-73.4693
-73.4693
-73.4694
-73.4695
-73.4695
-73.4696
-73.4696
-73.4697
-73.4697
-73.4698
-73.4698
-73.4699
-73.4699
-73.47
-73.47
-73.4701
-73.4701
-73.4702
-73.4703
-73.4703
-73.4704
-73.4704
-73.4705
-73.4705
-73.4706
-73.4706
-73.4707
-73.4707
-73.4708
-73.4708
-73.4709
-73.4709
-73.471
-73.471
-73.4711
-73.4711
-73.4712
-73.4712
-73.4713
-73.4714
-73.4714
-73.4715
-73.4715
-73.4716
-73.4716
-73.4717
-73.4717
-73.4718
-73.4718
-73.4719
-73.4719
-73.472
-73.472
-73.4721
-73.4721
-73.4722
-73.4722
-73.4723
-73.4723
-73.4724
-73.4724
-73.4725
-73.4725
-73.4726
-73.4726
-73.4727
-73.4727
-73.4728
-73.4728
-73.4729
-73.4729
-73.473
-73.473
-73.4731
-73.4731
-73.4732
-73.4732
-73.4733
-73.4733
-73.4734
-73.4734
-73.4735
-73.4735
-73.4736
-73.4736
-73.4737
-73.4737
-73.4738
-73.4738
-73.4739
-73.4739
-73.474
-73.474
-73.4741
-73.4741
-73.4742
-73.4742
-73.4743
-73.4743
-73.4744
-73.4744
-73.4745
-73.4745
-73.4746
-73.4746
-73.4746
-73.4747
-73.4747
-73.4748
-73.4748
-73.4749
-73.4749
-73.475
-73.475
-73.4751
-73.4751
-73.4752
-73.4752
-73.4753
-73.4753
-73.4754
-73.4754
-73.4755
-73.4755
-73.4756
-73.4756
-73.4756
-73.4757
-73.4757
-73.4758
-73.4758
-73.4759
-73.4759
-73.476
-73.476
-73.4761
-73.4761
-73.4762
-73.4762
-73.4763
-73.4763
-73.4763
-73.4764
-73.4764
-73.4765
-73.4765
-73.4766
-73.4766
-73.4767
-73.4767
-73.4768
-73.4768
-73.4769
-73.4769
-73.4769
-73.477
-73.477
-73.4771
-73.4771
-73.4772
-73.4772
-73.4773
-73.4773
-73.4774
-73.4774
-73.4774
-73.4775
-73.4775
-73.4776
-73.4776
-73.4777
-73.4777
-73.4778
-73.4778
-73.4778
-73.4779
-73.4779
-73.478
-73.478
-73.4781
-73.4781
-73.4782
-73.4782
-73.4782
-73.4783
-73.4783
-73.4784
-73.4784
-73.4785
-73.4785
-73.4785
-73.4786
-73.4786
-73.4787
-73.4787
-73.4788
-73.4788
-73.4789
-73.4789
-73.4789
-73.479
-73.479
-73.4791
-73.4791
-73.4792
-73.4792
-73.4792
-73.4793
-73.4793
-73.4794
-73.4794
-73.4795
-73.4795
-73.4795
-73.4796
-73.4796
-73.4797
-73.4797
-73.4798
-73.4798
-73.4798
-73.4799
-73.4799
-73.48
-73.48
-73.4801
-73.4801
-73.4801
-73.4802
-73.4802
-73.4803
-73.4803
-73.4803
-73.4804
-73.4804
-73.4805
-73.4805
-73.4806
-73.4806
-73.4806
-73.4807
-73.4807
-73.4808
-73.4808
-73.4808
-73.4809
-73.4809
-73.481
-73.481
-73.481
-73.4811
-73.4811
-73.4812
-73.4812
-73.4813
-73.4813
-73.4813
-73.4814
-73.4814
-73.4815
-73.4815
-73.4815
-73.4816
-73.4816
-73.4817
-73.4817
-73.4817
-73.4818
-73.4818
-73.4819
-73.4819
-73.4819
-73.482
-73.482
-73.4821
-73.4821
-73.4821
-73.4822
-73.4822
-73.4823
-73.4823
-73.4823
-73.4824
-73.4824
-73.4825
-73.4825
-73.4825
-73.4826
-73.4826
-73.4826
-73.4827
-73.4827
-73.4828
-73.4828
-73.4828
-73.4829
-73.4829
-73.483
-73.483
-73.483
-73.4831
-73.4831
-73.4832
-73.4832
-73.4832
-73.4833
-73.4833
-73.4833
-73.4834
-73.4834
-73.4835
-73.4835
-73.4835
-73.4836
-73.4836
-73.4836
-73.4837
-73.4837
-73.4838
-73.4838
-73.4838
-73.4839
-73.4839
-73.4839
-73.484
-73.484
-73.4841
-73.4841
-73.4841
-73.4842
-73.4842
-73.4842
-73.4843
-73.4843
-73.4844
-73.4844
-73.4844
-73.4845
-73.4845
-73.4845
-73.4846
-73.4846
-73.4847
-73.4847
-73.4847
-73.4848
-73.4848
-73.4848
-73.4849
-73.4849
-73.4849
-73.485
-73.485
-73.4851
-73.4851
-73.4851
-73.4852
-73.4852
-73.4852
-73.4853
-73.4853
-73.4853
-73.4854
-73.4854
-73.4855
-73.4855
-73.4855
-73.4856
-73.4856
-73.4856
-73.4857
-73.4857
-73.4857
-73.4858
-73.4858
-73.4858
-73.4859
-73.4859
-73.486
-73.486
-73.486
-73.4861
-73.4861
-73.4861
-73.4862
-73.4862
-73.4862
-73.4863
-73.4863
-73.4863
-73.4864
-73.4864
-73.4864
-73.4865
-73.4865
-73.4865
-73.4866
-73.4866
-73.4866
-73.4867
-73.4867
-73.4868
-73.4868
-73.4868
-73.4869
-73.4869
-73.4869
-73.487
-73.487
-73.487
-73.4871
-73.4871
-73.4871
-73.4872
-73.4872
-73.4872
-73.4873
-73.4873
-73.4873
-73.4874
-73.4874
-73.4874
-73.4875
-73.4875
-73.4875
-73.4876
-73.4876
-73.4876
-73.4877
-73.4877
-73.4877
-73.4878
-73.4878
-73.4878
-73.4879
-73.4879
-73.4879
-73.488
-73.488
-73.488
-73.4881
-73.4881
-73.4881
-73.4882
-73.4882
-73.4882
-73.4883
-73.4883
-73.4883
-73.4884
-73.4884
-73.4884
-73.4885
-73.4885
-73.4885
-73.4885
-73.4886
-73.4886
-73.4886
-73.4887
-73.4887
-73.4887
-73.4888
-73.4888
-73.4888
-73.4889
-73.4889
-73.4889
-73.489
-73.489
-73.489
-73.4891
-73.4891
-73.4891
-73.4892
-73.4892
-73.4892
-73.4892
-73.4893
-73.4893
-73.4893
-73.4894
-73.4894
-73.4894
-73.4895
-73.4895
-73.4895
-73.4896
-73.4896
-73.4896
-73.4897
-73.4897
-73.4897
-73.4897
-73.4898
-73.4898
-73.4898
-73.4899
-73.4899
-73.4899
-73.49
-73.49
-73.49
-73.4901
-73.4901
-73.4901
-73.4901
-73.4902
-73.4902
-73.4902
-73.4903
-73.4903
-73.4903
-73.4904
-73.4904
-73.4904
-73.4904
-73.4905
-73.4905
-73.4905
-73.4906
-73.4906
-73.4906
-73.4907
-73.4907
-73.4907
-73.4907
-73.4908
-73.4908
-73.4908
-73.4909
-73.4909
-73.4909
-73.4909
-73.491
-73.491
-73.491
-73.4911
-73.4911
-73.4911
-73.4912
-73.4912
-73.4912
-73.4912
-73.4913
-73.4913
-73.4913
-73.4914
-73.4914
-73.4914
-73.4914
-73.4915
-73.4915
-73.4915
-73.4916
-73.4916
-73.4916
-73.4916
-73.4917
-73.4917
-73.4917
-73.4918
-73.4918
-73.4918
-73.4918
-73.4919
-73.4919
-73.4919
-73.492
-73.492
-73.492
-73.492
-73.4921
-73.4921
-73.4921
-73.4921
-73.4922
-73.4922
-73.4922
-73.4923
-73.4923
-73.4923
-73.4923
-73.4924
-73.4924
-73.4924
-73.4925
-73.4925
-73.4925
-73.4925
-73.4926
-73.4926
-73.4926
-73.4926
-73.4927
-73.4927
-73.4927
-73.4928
-73.4928
-73.4928
-73.4928
-73.4929
-73.4929
-73.4929
-73.4929
-73.493
-73.493
-73.493
-73.493
-73.4931
-73.4931
-73.4931
-73.4932
-73.4932
-73.4932
-73.4932
-73.4933
-73.4933
-73.4933
-73.4933
-73.4934
-73.4934
-73.4934
-73.4934
-73.4935
-73.4935
-73.4935
-73.4936
-73.4936
-73.4936
-73.4936
-73.4937
-73.4937
-73.4937
-73.4937
-73.4938
-73.4938
-73.4938
-73.4938
-73.4939
-73.4939
-73.4939
-73.4939
-73.494
-73.494
-73.494
-73.494
-73.4941
-73.4941
-73.4941
-73.4941
-73.4942
-73.4942
-73.4942
-73.4942
-73.4943
-73.4943
-73.4943
-73.4943
-73.4944
-73.4944
-73.4944
-73.4944
-73.4945
-73.4945
-73.4945
-73.4945
-73.4946
-73.4946
-73.4946
-73.4946
-73.4947
-73.4947
-73.4947
-73.4947
-73.5084
-73.5291
-73.5538
-73.5807
-73.6088
-73.6374
-73.6659
-73.694
-73.7216
-73.7484
-73.7745
-73.7997
-73.8241
-73.8477
-73.8704
-73.8923
-73.9134
-73.9337
-73.9533
-73.9722
-73.9904
-74.008
-74.0249
-74.0411
-74.0568
-74.0719
-74.0865
-74.1005
-74.114
-74.127
-74.1396
-74.1517
-74.1633
-74.1745
-74.1853
-74.1957
-74.2057
-74.2153
-74.2279
-74.2417
-74.2559
-74.2703
-74.2844
-74.2982
-74.3117
-74.3247
-74.3372
-74.3492
-74.3608
-74.3736
-74.3868
-74.3998
-74.4126
-74.4251
-74.437
-74.4485
-74.4595
-74.4701
-74.4801
-74.4897
-74.4988
-74.5075
-74.5158
-74.5237
-74.5311
-74.5383
-74.545
-74.5515
-74.5576
-74.5634
-74.5689
-74.5741
-74.5791
-74.5837
-74.5882
-74.5924
-74.5963
-74.6001
-74.6036
-74.6069
-74.61
-74.6129
-74.6157
-74.6183
-74.6207
-74.6229
-74.625
-74.6269
-74.6287
-74.6303
-74.6318
-74.6332
-74.6345
-74.6356
-74.6366
-74.6405
-74.6458
-74.6516
-74.6578
-74.6639
-74.6699
-74.6758
-74.6814
-74.6868
-74.6918
-74.6966
-74.7012
-74.7054
-74.7095
-74.7132
-74.7167
-74.72
-74.7231
-74.726
-74.7287
-74.7311
-74.7335
-74.7356
-74.7375
-74.7394
-74.741
-74.7425
-74.7439
-74.7451
-74.7463
-74.7472
-74.7481
-74.7489
-74.7495
-74.7501
-74.7505
-74.7509
-74.7511
-74.7513
-74.7514
-74.7514
-74.7513
-74.7511
-74.7509
-74.7506
-74.7513
-74.7523
-74.7536
-74.755
-74.7563
-74.7576
-74.7589
-74.7601
-74.7612
-74.7622
-74.7631
-74.7639
-74.7646
-74.7652
-74.7657
-74.7661
-74.7665
-74.7667
-74.7669
-74.767
-74.767
-74.767
-74.7668
-74.7666
-74.7664
-74.766
-74.7656
-74.7652
-74.7647
-74.7641
-74.7635
-74.7628
-74.762
-74.7612
-74.7604
-74.7595
-74.7586
-74.7576
-74.7566
-74.7555
-74.7544
-74.7532
-74.7541
-74.7559
-74.7581
-74.7606
-74.7632
-74.7658
-74.7689
-74.7722
-74.7754
-74.7786
-74.7816
-74.7845
-74.7872
-74.7898
-74.7921
-74.7943
-74.7963
-74.7982
-74.7999
-74.8014
-74.8028
-74.8041
-74.8052
-74.8062
-74.8071
-74.8079
-74.8086
-74.8092
-74.8096
-74.81
-74.8103
-74.8105
-74.8107
-74.8107
-74.8107
-74.8106
-74.8104
-74.8102
-74.8099
-74.8095
-74.8091
-74.8086
-74.808
-74.8075
-74.8068
-74.8061
-74.8054
-74.8046
-74.8037
-74.8029
-74.8019
-74.801
-74.8
-74.7989
-74.7978
-74.7967
-74.7956
-74.7944
-74.7932
-74.7919
-74.7906
-74.7893
-74.7879
-74.7866
-74.7852
-74.7837
-74.7832
-74.783
-74.7831
-74.7832
-74.7834
-74.7837
-74.7839
-74.784
-74.7842
-74.7842
-74.7843
-74.7842
-74.7841
-74.784
-74.7838
-74.7835
-74.7832
-74.7828
-74.7841
-74.7862
-74.7886
-74.7911
-74.7937
-74.7962
-74.7986
-74.8009
-74.803
-74.805
-74.8068
-74.8085
-74.8101
-74.8115
-74.8128
-74.8139
-74.815
-74.8159
-74.8167
-74.8174
-74.818
-74.8185
-74.8189
-74.8192
-74.8194
-74.8196
-74.8197
-74.8197
-74.8196
-74.8195
-74.8192
-74.819
-74.8186
-74.8182
-74.8178
-74.8173
-74.8167
-74.8161
-74.8155
-74.8148
-74.814
-74.8132
-74.8124
-74.8115
-74.8106
-74.8096
-74.8086
-74.8076
-74.8065
-74.8054
-74.8042
-74.8031
-74.8018
-74.8006
-74.7993
-74.798
-74.7967
-74.7954
-74.794
-74.7926
-74.7911
-74.7897
-74.7882
-74.7867
-74.7851
-74.7836
-74.782
-74.7804
-74.7788
-74.7771
-74.7755
-74.7738
-74.7721
-74.7703
-74.7686
-74.7668
-74.765
-74.7632
-74.7614
-74.7596
-74.7577
-74.7558
-74.7539
-74.752
-74.7501
-74.7481
-74.7462
-74.7442
-74.7422
-74.7402
-74.7382
-74.7361
-74.7341
-74.732
-74.7299
-74.7278
-74.7257
-74.7235
-74.7214
-74.7192
-74.7171
-74.7149
-74.7127
-74.7104
-74.7082
-74.706
-74.7037
-74.7014
-74.6992
-74.6969
-74.6946
-74.6922
-74.6899
-74.6875
-74.6852
-74.6828
-74.6814
-74.6804
-74.6796
-74.679
-74.6786
-74.6782
-74.6778
-74.6774
-74.677
-74.6765
-74.6761
-74.6756
-74.675
-74.6745
-74.6739
-74.6732
-74.6725
-74.6718
-74.671
-74.6701
-74.6693
-74.6684
-74.6674
-74.6664
-74.6654
-74.6643
-74.6631
-74.662
-74.6608
-74.6595
-74.6583
-74.6569
-74.6556
-74.6542
-74.6528
-74.6513
-74.6498
-74.6483
-74.6467
-74.6451
-74.6435
-74.6419
-74.6402
-74.6385
-74.6367
-74.635
-74.6332
-74.6314
-74.6295
-74.6276
-74.6257
-74.6238
-74.6219
-74.6199
-74.6179
-74.6159
-74.6138
-74.6118
-74.6097
-74.6076
-74.6054
-74.6033
-74.6011
-74.5989
-74.5967
-74.5945
-74.5922
-74.59
-74.5877
-74.5854
-74.5831
-74.5807
-74.5784
-74.576
-74.5736
-74.5712
-74.5688
-74.5664
-74.5639
-74.5615
-74.559
-74.5565
-74.554
-74.5515
-74.549
-74.5464
-74.5439
-74.5413
-74.5387
-74.5362
-74.5336
-74.5309
-74.5283
-74.5257
-74.523
-74.5204
-74.5177
-74.515
-74.5124
-74.5097
-74.507
-74.5042
-74.5015
-74.4988
-74.496
-74.4933
-74.4905
-74.4878
-74.485
-74.4822
-74.4794
-74.4766
-74.4738
-74.471
-74.4682
-74.4654
-74.4625
-74.4597
-74.4569
-74.454
-74.4512
-74.4483
-74.4454
-74.4426
-74.4397
-74.4368
-74.4339
-74.431
-74.4281
-74.4252
-74.4223
-74.4194
-74.4165
-74.4136
-74.4107
-74.4078
-74.4048
-74.4019
-74.399
-74.396
-74.3931
-74.3902
-74.3872
-74.3843
-74.3813
-74.3784
-74.3754
-74.3725
-74.3695
-74.3666
-74.3636
-74.3606
-74.3577
-74.3547
-74.3518
-74.3488
-74.3458
-74.3429
-74.3399
-74.337
-74.334
-74.331
-74.3281
-74.3251
-74.3221
-74.3192
-74.3162
-74.3133
-74.3103
-74.3073
-74.3044
-74.3014
-74.2985
-74.2955
-74.2926
-74.2896
-74.2867
-74.2837
-74.2808
-74.2778
-74.2749
-74.272
-74.269
-74.2661
-74.2632
-74.2602
-74.2573
-74.2544
-74.2515
-74.2485
-74.2456
-74.2427
-74.2398
-74.2369
-74.234
-74.2311
-74.2282
-74.2253
-74.2225
-74.2196
-74.2167
-74.2138
-74.211
-74.2081
-74.2052
-74.2024
-74.1995
-74.1967
-74.2011
-74.2093
-74.2196
-74.2312
-74.2435
-74.2561
-74.2687
-74.2812
-74.2934
-74.3053
-74.3169
-74.3281
-74.3388
-74.3492
-74.3592
-74.3687
-74.3779
-74.3867
-74.3952
-74.4033
-74.4111
-74.4185
-74.4257
-74.4325
-74.439
-74.4453
-74.4513
-74.457
-74.4624
-74.4676
-74.4726
-74.4774
-74.4819
-74.4862
-74.4903
-74.4942
-74.4979
-74.5014
-74.5048
-74.5079
-74.5109
-74.5138
-74.5164
-74.519
-74.5213
-74.5236
-74.5256
-74.5276
-74.5294
-74.5311
-74.5327
-74.5341
-74.5355
-74.5367
-74.5378
-74.5388
-74.5397
-74.5405
-74.5412
-74.5419
-74.5424
-74.5428
-74.5432
-74.5434
-74.5436
-74.5437
-74.5438
-74.5437
-74.5436
-74.5434
-74.5432
-74.5428
-74.5425
-74.542
-74.5415
-74.5409
-74.5403
-74.5396
-74.5389
-74.5381
-74.5372
-74.5363
-74.5354
-74.5344
-74.5334
-74.5323
-74.5311
-74.5299
-74.5287
-74.5275
-74.5262
-74.5248
-74.5234
-74.522
-74.5206
-74.5191
-74.5175
-74.516
-74.5144
-74.5127
-74.5111
-74.5094
-74.5077
-74.5059
-74.5041
-74.5023
-74.5005
-74.4986
-74.4967
-74.4948
-74.4929
-74.4909
-74.4889
-74.4869
-74.4849
-74.4828
-74.4807
-74.4786
-74.4765
-74.4744
-74.4722
-74.47
-74.4678
-74.4656
-74.4634
-74.4611
-74.4588
-74.4565
-74.4542
-74.4519
-74.4496
-74.4472
-74.4448
-74.4425
-74.4401
-74.4376
-74.4352
-74.4328
-74.4303
-74.4279
-74.4254
-74.4229
-74.4204
-74.4179
-74.4154
-74.4128
-74.4103
-74.4077
-74.4052
-74.4026
-74.4
-74.3974
-74.3948
-74.3922
-74.3896
-74.387
-74.3843
-74.3817
-74.379
-74.3764
-74.3737
-74.3711
-74.3684
-74.3657
-74.363
-74.3603
-74.3576
-74.3549
-74.3522
-74.3495
-74.3468
-74.344
-74.3413
-74.3386
-74.3359
-74.3331
-74.3304
-74.3276
-74.3249
-74.3221
-74.3194
-74.3166
-74.3139
-74.3111
-74.3083
-74.3056
-74.3028
-74.3
-74.2972
-74.2945
-74.2917
-74.2889
-74.2861
-74.2831
-74.2797
-74.2759
-74.2715
-74.2667
-74.2615
-74.2558
-74.2498
-74.2433
-74.2366
-74.2293
-74.2213
-74.2127
-74.2033
-74.1932
-74.1825
-74.1712
-74.1594
-74.1471
-74.1344
-74.1207
-74.106
-74.09
-74.0727
-74.0543
-74.0347
-74.0142
-73.9926
-73.9703
-73.9471
-73.9228
-73.8971
-73.8698
-73.8412
-73.8112
-73.7799
-73.7475
-73.714
-73.6796
-73.6443
-73.6081
-73.5709
-73.5327
-73.4935
-73.4534
-73.4126
-73.3711
-73.329
-73.2864
-73.2435
-73.1997
-73.155
-73.1091
-73.0623
-73.0144
-72.9657
-72.9162
-72.8661
-72.8155
-72.7644
-72.7122
-72.6587
-72.6036
-72.5471
-72.4891
-72.4299
-72.3695
-72.3081
-72.2459
-72.183
-72.1191
-72.054
-71.9876
-71.92
-71.8514
-71.7818
-71.6721
-71.5091
-71.3015
-71.0649
-70.814
-70.5603
-70.3117
-70.0733
-69.8479
-69.637
-69.4409
-69.2593
-69.0914
-68.9362
-68.7921
-68.6579
-68.5323
-68.4143
-68.303
-68.1975
-68.097
-68.0011
-67.9091
-67.8205
-67.7346
-67.6508
-67.5685
-67.4875
-67.4076
-67.3286
-67.2505
-67.1729
-67.096
-67.0196
-66.9427
-66.8646
-66.7848
-66.7033
-66.6202
-66.5354
-66.4492
-66.3617
-66.2728
-66.1826
-66.0908
-65.9969
-65.9831
-66.0107
-66.0626
-66.1291
-66.2038
-66.2828
-66.3634
-66.4437
-66.5221
-66.5976
-66.6936
-66.7972
-66.9031
-67.0084
-67.1116
-67.2118
-67.3086
-67.4018
-67.5226
-67.6537
-67.788
-67.9219
-68.0533
-68.1809
-68.3042
-68.423
-68.5371
-68.6466
-68.751
-68.8503
-68.9445
-69.0337
-69.1181
-69.198
-69.2737
-69.3454
-69.4133
-69.4778
-69.5384
-69.595
-69.6039
-69.5531
-69.455
-69.3282
-69.1897
-69.0515
-68.9215
-68.8044
-68.702
-68.615
-68.5432
-68.4856
-68.4411
-68.4085
-68.3865
-68.3737
-68.3689
-68.3711
-68.3791
-68.3917
-68.4082
-68.4279
-68.4501
-68.4742
-68.5
-68.5269
-68.5546
-68.5829
-68.6109
-68.6382
-68.6644
-68.6894
-68.7131
-68.7356
-68.7569
-68.7769
-68.7958
-68.8136
-68.8299
-68.8447
-68.8578
-68.9207
-69.006
-69.1021
-69.2028
-69.3045
-69.405
-69.5027
-69.5966
-69.6857
-69.7369
-69.7415
-69.7091
-69.6543
-69.5898
-69.525
-69.4657
-69.4153
-69.3747
-69.3439
-69.3223
-69.3093
-69.3268
-69.3611
-69.4063
-69.4587
-69.5302
-69.6106
-69.695
-69.7805
-69.8651
-69.948
-70.0283
-70.1058
-70.1801
-70.2511
-70.3188
-70.3832
-70.4436
-70.4998
-70.5517
-70.5994
-70.6431
-70.6831
-70.7196
-70.7529
-70.7831
-70.8105
-70.8348
-70.8556
-70.8733
-70.8879
-70.8997
-70.9089
-70.9157
-70.9204
-70.9231
-70.9241
-70.9234
-70.9209
-70.9169
-70.9114
-70.9046
-70.8966
-70.8877
-70.8778
-70.8672
-70.856
-70.8437
-70.83
-70.8148
-70.8322
-70.8636
-70.9016
-70.9425
-70.9839
-71.0246
-71.0639
-71.1007
-71.1346
-71.1654
-71.1931
-71.2179
-71.24
-71.2596
-71.2768
-71.2919
-71.3051
-71.3164
-71.3259
-71.3335
-71.3396
-71.3441
-71.3474
-71.3494
-71.3503
-71.3503
-71.3494
-71.3472
-71.3435
-71.3381
-71.3457
-71.3583
-71.3731
-71.3884
-71.4035
-71.4178
-71.4312
-71.443
-71.4529
-71.4607
-71.4756
-71.4926
-71.5099
-71.5266
-71.5421
-71.5563
-71.5692
-71.5806
-71.5908
-71.5997
-71.6074
-71.614
-71.6196
-71.6244
-71.6283
-71.6315
-71.634
-71.6356
-71.636
-71.6354
-71.6337
-71.631
-71.6275
-71.6233
-71.6185
-71.6132
-71.6073
-71.6002
-71.5912
-71.5803
-71.5675
-71.5531
-71.5371
-71.5198
-71.5013
-71.5097
-71.5297
-71.5547
-71.5812
-71.6073
-71.632
-71.6548
-71.6755
-71.6941
-71.7105
-71.7248
-71.7372
-71.7473
-71.7549
-71.76
-71.7629
-71.7636
-71.7625
-71.7597
-71.7555
-71.7499
-71.7431
-71.7348
-71.7248
-71.713
-71.6997
-71.6849
-71.6688
-71.6517
-71.6012
-71.5093
-71.386
-71.2452
-71.0989
-70.9557
-70.8211
-70.6981
-70.588
-70.5088
-70.4506
-70.4088
-70.38
-70.3619
-70.3521
-70.3491
-70.3516
-70.3584
-70.3685
-70.3814
-70.3962
-70.4126
-70.43
-70.4479
-70.4775
-70.5118
-70.548
-70.5847
-70.6209
-70.6561
-70.69
-70.7226
-70.7536
-70.7829
-70.8105
-70.8362
-70.8602
-70.9145
-70.9805
-71.0508
-71.1219
-71.1916
-71.2589
-71.3231
-71.3837
-71.4408
-71.4942
-71.5443
-71.5911
-71.6349
-71.6758
-71.7142
-71.75
-71.7836
-71.815
-71.8445
-71.8722
-71.8982
-71.9226
-71.9455
-71.9671
-71.9875
-72.0066
-72.0246
-72.0417
-72.0578
-72.073
-72.0874
-72.101
-72.114
-72.1263
-72.138
-72.1492
-72.1598
-72.17
-72.1797
-72.1891
-72.198
-72.2067
-72.215
-72.223
-72.2307
-72.2382
-72.2455
-72.2526
-72.2594
-72.2661
-72.2727
-72.2791
-72.2853
-72.2915
-72.3082
-72.3296
-72.3532
-72.3779
-72.4029
-72.4278
-72.4522
-72.4761
-72.4993
-72.5218
-72.5436
-72.5647
-72.585
-72.6047
-72.6237
-72.6482
-72.6748
-72.7021
-72.7293
-72.7736
-72.8243
-72.8771
-72.9298
-72.9812
-73.0308
-73.0781
-73.1231
-73.1657
-73.206
-73.2442
-73.2802
-73.3143
-73.3465
-73.3769
-73.4058
-73.4331
-73.459
-73.4835
-73.5068
-73.5289
-73.5499
-73.5698
-73.5888
-73.6068
-73.624
-73.6404
-73.6559
-73.6708
-73.685
-73.6985
-73.7114
-73.7238
-73.7356
-73.7468
-73.7576
-73.7679
-73.7778
-73.7873
-73.7963
-73.805
-73.8133
-73.8213
-73.829
-73.8363
-73.8434
-73.8502
-73.8567
-73.8629
-73.869
-73.8748
-73.8804
-73.8857
-73.8909
-73.8959
-73.9007
-73.9054
-73.9099
-73.9142
-73.9184
-73.9224
-73.9263
-73.9301
-73.9337
-73.9372
-73.9406
-73.9439
-73.9471
-73.9502
-73.9531
-73.956
-73.9588
-73.9615
-73.9642
-73.9667
-73.9692
-73.9799
-73.9943
-74.0105
-74.0274
-74.0444
-74.0612
-74.0777
-74.0935
-74.1088
-74.1234
-74.1374
-74.1507
-74.1634
-74.1755
-74.1871
-74.198
-74.2085
-74.2185
-74.228
-74.237
-74.2456
-74.2539
-74.2646
-74.2762
-74.2879
-74.2996
-74.311
-74.3219
-74.3325
-74.3425
-74.3521
-74.3613
-74.3699
-74.3782
-74.386
-74.3934
-74.4005
-74.4072
-74.4135
-74.4195
-74.4253
-74.4307
-74.4358
-74.4421
-74.4488
-74.4555
-74.4621
-74.4685
-74.4747
-74.4807
-74.4863
-74.4917
-74.4968
-74.5016
-74.5062
-74.5105
-74.5146
-74.5185
-74.5222
-74.5256
-74.5289
-74.5319
-74.5348
-74.5375
-74.54
-74.5424
-74.5446
-74.5467
-74.5487
-74.5505
-74.5522
-74.5537
-74.5552
-74.5565
-74.5577
-74.5588
-74.5598
-74.5607
-74.5616
-74.5623
-74.563
-74.5635
-74.564
-74.5644
-74.5648
-74.565
-74.5652
-74.5654
-74.5654
-74.569
-74.574
-74.5798
-74.5859
-74.5921
-74.5982
-74.6041
-74.6098
-74.6152
-74.6203
-74.6252
-74.6298
-74.6341
-74.6382
-74.6421
-74.6457
-74.6491
-74.6522
-74.6552
-74.6579
-74.6605
-74.6629
-74.6651
-74.6672
-74.6691
-74.6709
-74.6725
-74.674
-74.6754
-74.6766
-74.6777
-74.6787
-74.6796
-74.6804
-74.6811
-74.6816
-74.6821
