-65
-64.9848
-64.9714
-64.9581
-64.9453
-64.9331
-64.9218
-64.9115
-64.9021
-64.8937
-64.8861
-64.8793
-64.8732
-64.8678
-64.8629
-64.8585
-64.8546
-64.851
-64.8479
-64.845
-64.8425
-64.8402
-64.8382
-64.8363
-64.8347
-64.8333
-64.832
-64.8309
-64.8299
-64.8291
-64.8284
-64.8278
-64.8273
-64.8269
-64.8266
-64.8264
-64.8262
-64.8262
-64.8262
-64.8263
-64.8264
-64.8267
-64.8269
-64.8272
-64.8276
-64.828
-64.8285
-64.8289
-64.8295
-64.83
-64.8306
-64.8313
-64.8319
-64.8326
-64.8333
-64.8341
-64.8348
-64.8356
-64.8364
-64.8372
-64.838
-64.8389
-64.8397
-64.8406
-64.8415
-64.8424
-64.8433
-64.8442
-64.8452
-64.8461
-64.847
-64.848
-64.8489
-64.8499
-64.8508
-64.8518
-64.8528
-64.8538
-64.8547
-64.8557
-64.8567
-64.8577
-64.8586
-64.8596
-64.8606
-64.8616
-64.8625
-64.8635
-64.8645
-64.8655
-64.8664
-64.8674
-64.8684
-64.8693
-64.8703
-64.8712
-64.8722
-64.8731
-64.8741
-64.875
-64.876
-64.8769
-64.8778
-64.8787
-64.8797
-64.8806
-64.8815
-64.8824
-64.8833
-64.8842
-64.8851
-64.886
-64.8868
-64.8877
-64.8886
-64.8894
-64.8903
-64.8912
-64.892
-64.8928
-64.8937
-64.8945
-64.8953
-64.8961
-64.897
-64.8978
-64.8986
-64.8994
-64.9001
-64.9009
-64.9017
-64.9025
-64.9032
-64.904
-64.9048
-64.9055
-64.9062
-64.907
-64.9077
-64.9084
-64.9091
-64.9099
-64.9106
-64.9113
-64.912
-64.9127
-64.9133
-64.914
-64.9147
-64.9154
-64.916
-64.9167
-64.9173
-64.918
-64.9186
-64.9193
-64.9199
-64.9205
-64.9211
-64.9217
-64.9223
-64.9229
-64.9235
-64.9241
-64.9247
-64.9253
-64.9259
-64.9265
-64.927
-64.9276
-64.9281
-64.9287
-64.9292
-64.9298
-64.9303
-64.9308
-64.9314
-64.9319
-64.9324
-64.9329
-64.9334
-64.9339
-64.9344
-64.9349
-64.9354
-64.9359
-64.9364
-64.9369
-64.9373
-64.9378
-64.9383
-64.9387
-64.9392
-64.9396
-64.9401
-64.9405
-64.9409
-64.9414
-64.9418
-64.9422
-64.9427
-64.9431
-64.9435
-64.9439
-64.9443
-64.9447
-64.9451
-64.9455
-64.9459
-64.9463
-64.9466
-64.947
-64.9474
-64.9478
-64.9481
-64.9485
-64.9489
-64.9492
-64.9496
-64.9499
-64.9503
-64.9506
-64.9509
-64.9513
-64.9516
-64.9519
-64.9523
-64.9526
-64.9529
-64.9532
-64.9535
-64.9538
-64.9542
-64.9545
-64.9548
-64.9551
-64.9553
-64.9556
-64.9559
-64.9562
-64.9565
-64.9568
-64.9571
-64.9573
-64.9576
-64.9579
-64.9581
-64.9584
-64.9586
-64.9589
-64.9592
-64.9594
-64.9597
-64.9599
-64.9601
-64.9604
-64.9606
-64.9609
-64.9611
-64.9613
-64.9616
-64.9618
-64.962
-64.9622
-64.9624
-64.9627
-64.9629
-64.9631
-64.9633
-64.9635
-64.9637
-64.9639
-64.9641
-64.9643
-64.9645
-64.9647
-64.9649
-64.9651
-64.9653
-64.9654
-64.9656
-64.9658
-64.966
-64.9662
-64.9663
-64.9665
-64.9667
-64.9668
-64.967
-64.9672
-64.9673
-64.9675
-64.9677
-64.9678
-64.968
-64.9681
-64.9683
-64.9684
-64.9686
-64.9687
-64.9689
-64.969
-64.9692
-64.9693
-64.9694
-64.9696
-64.9697
-64.9698
-64.97
-64.9701
-64.9702
-64.9703
-64.9705
-64.9706
-64.9707
-64.9708
-64.971
-64.9711
-64.9712
-64.9713
-64.9714
-64.9715
-64.9716
-64.9717
-64.9719
-64.972
-64.9721
-64.9722
-64.9723
-64.9724
-64.9725
-64.9726
-64.9727
-64.9728
-64.9729
-64.9729
-64.973
-64.9731
-64.9732
-64.9733
-64.9734
-64.9735
-64.9736
-64.9736
-64.9737
-64.9738
-64.9739
-64.974
-64.974
-64.9741
-64.9742
-64.9743
-64.9743
-64.9744
-64.9745
-64.9746
-64.9746
-64.9747
-64.9748
-64.9748
-64.9749
-64.975
-64.975
-64.9751
-64.9751
-64.9752
-64.9753
-64.9753
-64.9754
-64.9754
-64.9755
-64.9755
-64.9756
-64.9757
-64.9757
-64.9758
-64.9758
-64.9759
-64.9759
-64.976
-64.976
-64.976
-64.9761
-64.9761
-64.9762
-64.9762
-64.9763
-64.9763
-64.9763
-64.9764
-64.9764
-64.9765
-64.9765
-64.9765
-64.9766
-64.9766
-64.9766
-64.9767
-64.9767
-64.9768
-64.9768
-64.9768
-64.9768
-64.9769
-64.9769
-64.9769
-64.977
-64.977
-64.977
-64.977
-64.9771
-64.9771
-64.9771
-64.9772
-64.9772
-64.9772
-64.9772
-64.9772
-64.9773
-64.9773
-64.9773
-64.9773
-64.9773
-64.9774
-64.9774
-64.9774
-64.9774
-64.9774
-64.9775
-64.9775
-64.9775
-64.9775
-64.9775
-64.9775
-64.9775
-64.9776
-64.9776
-64.9776
-64.9776
-64.9776
-64.9776
-64.9776
-64.9776
-64.9777
-64.9777
-64.9777
-64.9777
-64.9777
-64.9777
-64.9777
-64.9777
-64.9777
-64.9777
-64.9777
-64.9777
-64.9777
-64.9778
-64.9778
-64.9778
-64.9778
-64.9778
-64.9778
-64.9778
-64.9778
-64.9778
-64.9778
-64.9778
-64.9778
-64.9778
-64.9778
-64.9778
-64.9778
-64.9778
-64.9778
-64.9778
-64.9778
-64.9778
-64.9778
-64.9778
-64.9778
-64.9778
-64.9778
-64.9778
-64.9778
-64.9778
-64.9778
-64.9778
-64.9778
-64.9778
-64.9777
-64.9777
-64.9777
-64.9777
-64.9777
-64.9777
-64.9777
-64.9777
-64.9777
-64.9777
-64.9777
-64.9777
-64.9777
-64.9777
-64.9777
-64.9777
-64.9776
-64.9776
-64.9776
-64.9776
-64.9776
-64.9776
-64.9776
-64.9776
-64.9776
-64.9776
-64.9776
-64.9776
-64.9775
-64.9775
-64.9775
-64.9775
-64.9775
-64.9775
-64.9775
-64.9775
-64.9775
-64.9774
-64.9774
-64.9774
-64.9774
-64.9774
-64.9774
-64.9774
-64.9774
-64.9774
-64.9773
-64.9773
-64.9773
-64.9773
-64.9773
-64.9773
-64.9773
-64.9772
-64.9772
-64.9772
-64.9772
-64.9772
-64.9772
-64.9772
-64.9772
-64.9771
-64.9771
-64.9771
-64.9771
-64.9771
-64.9771
-64.9771
-64.977
-64.977
-64.977
-64.977
-64.977
-64.977
-64.9769
-64.9769
-64.9769
-64.9769
-64.9769
-64.9769
-64.9769
-64.9768
-64.9768
-64.9768
-64.9768
-64.9768
-64.9768
-64.9767
-64.9767
-64.9767
-64.9767
-64.9767
-64.9767
-64.9766
-64.9766
-64.9766
-64.9766
-64.9766
-64.9766
-64.9765
-64.9765
-64.9765
-64.9765
-64.9765
-64.9765
-64.9764
-64.9764
-64.9764
-64.9764
-64.9764
-64.9764
-64.9763
-64.9763
-64.9763
-64.9763
-64.9763
-64.9763
-64.9762
-64.9762
-64.9762
-64.9762
-64.9762
-64.9762
-64.9761
-64.9761
-64.9761
-64.9761
-64.9761
-64.9761
-64.976
-64.976
-64.976
-64.976
-64.976
-64.9759
-64.9759
-64.9759
-64.9759
-64.9759
-64.9759
-64.9758
-64.9758
-64.9758
-64.9758
-64.9758
-64.9758
-64.9757
-64.9757
-64.9757
-64.9757
-64.9757
-64.9756
-64.9756
-64.9756
-64.9756
-64.9756
-64.9756
-64.9755
-64.9755
-64.9755
-64.9755
-64.9755
-64.9755
-64.9754
-64.9754
-64.9754
-64.9754
-64.9754
-64.9753
-64.9753
-64.9753
-64.9753
-64.9753
-64.9753
-64.9752
-64.9752
-64.9752
-64.9752
-64.9752
-64.9752
-64.9751
-64.9751
-64.9751
-64.9751
-64.9751
-64.975
-64.975
-64.975
-64.975
-64.975
-64.975
-64.9749
-64.9749
-64.9749
-64.9749
-64.9749
-64.9749
-64.9748
-64.9748
-64.9748
-64.9748
-64.9748
-64.9748
-64.9747
-64.9747
-64.9747
-64.9747
-64.9747
-64.9747
-64.9746
-64.9746
-64.9746
-64.9746
-64.9746
-64.9746
-64.9745
-64.9745
-64.9745
-64.9745
-64.9745
-64.9745
-64.9744
-64.9744
-64.9744
-64.9744
-64.9744
-64.9744
-64.9743
-64.9743
-64.9743
-64.9743
-64.9743
-64.9743
-64.9742
-64.9742
-64.9742
-64.9742
-64.9742
-64.9742
-64.9741
-64.9741
-64.9741
-64.9741
-64.9741
-64.9741
-64.974
-64.974
-64.974
-64.974
-64.974
-64.974
-64.9739
-64.9739
-64.9739
-64.9739
-64.9739
-64.9739
-64.9739
-64.9738
-64.9738
-64.9738
-64.9738
-64.9738
-64.9738
-64.9737
-64.9737
-64.9737
-64.9737
-64.9737
-64.9737
-64.9736
-64.9736
-64.9736
-64.9736
-64.9736
-64.9736
-64.9736
-64.9735
-64.9735
-64.9735
-64.9735
-64.9735
-64.9735
-64.9735
-64.9734
-64.9734
-64.9734
-64.9734
-64.9734
-64.9734
-64.9734
-64.9733
-64.9733
-64.9733
-64.9733
-64.9733
-64.9733
-64.9732
-64.9732
-64.9732
-64.9732
-64.9732
-64.9732
-64.9732
-64.9732
-64.9731
-64.9731
-64.9731
-64.9731
-64.9731
-64.9731
-64.9731
-64.973
-64.973
-64.973
-64.973
-64.973
-64.973
-64.973
-64.9729
-64.9729
-64.9729
-64.9729
-64.9729
-64.9729
-64.9729
-64.9728
-64.9728
-64.9728
-64.9728
-64.9728
-64.9728
-64.9728
-64.9728
-64.9727
-64.9727
-64.9727
-64.9727
-64.9727
-64.9727
-64.9727
-64.9727
-64.9726
-64.9726
-64.9726
-64.9726
-64.9726
-64.9726
-64.9726
-64.9725
-64.9725
-64.9725
-64.9725
-64.9725
-64.9725
-64.9725
-64.9725
-64.9724
-64.9724
-64.9724
-64.9724
-64.9724
-64.9724
-64.9724
-64.9724
-64.9724
-64.9723
-64.9723
-64.9723
-64.9723
-64.9723
-64.9723
-64.9723
-64.9723
-64.9722
-64.9722
-64.9722
-64.9722
-64.9722
-64.9722
-64.9722
-64.9722
-64.9721
-64.9721
-64.9721
-64.9721
-64.9721
-64.9721
-64.9721
-64.9721
-64.9721
-64.972
-64.972
-64.972
-64.972
-64.972
-64.972
-64.972
-64.972
-64.972
-64.9719
-64.9719
-64.9719
-64.9719
-64.9719
-64.9719
-64.9719
-64.9719
-64.9719
-64.9718
-64.9718
-64.9718
-64.9718
-64.9718
-64.9718
-64.9718
-64.9718
-64.9718
-64.9718
-64.9717
-64.9717
-64.9717
-64.9717
-64.9717
-64.9717
-64.9717
-64.9717
-64.9717
-64.9717
-64.9716
-64.9716
-64.9716
-64.9716
-64.9716
-64.9716
-64.9716
-64.9716
-64.9716
-64.9716
-64.9715
-64.9715
-64.9715
-64.9715
-64.9715
-64.9715
-64.9715
-64.9715
-64.9715
-64.9715
-64.9714
-64.9714
-64.9714
-64.9714
-64.9714
-64.9714
-64.9714
-64.9714
-64.9714
-64.9714
-64.9714
-64.9713
-64.9713
-64.9713
-64.9713
-64.9713
-64.9713
-64.9713
-64.9713
-64.9713
-64.9713
-64.9713
-64.9712
-64.9712
-64.9712
-64.9712
-64.9712
-64.9712
-64.9712
-64.9712
-64.9712
-64.9712
-64.9712
-64.9711
-64.9711
-64.9711
-64.9711
-64.9711
-64.9711
-64.9711
-64.9711
-64.9711
-64.9711
-64.9711
-64.9711
-64.971
-64.971
-64.971
-64.971
-64.971
-64.971
-64.971
-64.971
-64.971
-64.971
-64.971
-64.971
-64.9709
-64.9709
-64.9709
-64.9709
-64.9709
-64.9709
-64.9709
-64.9709
-64.9709
-64.9709
-64.9709
-64.9709
-64.9709
-64.9708
-64.9708
-64.9708
-64.9708
-64.9708
-64.9708
-64.9708
-64.9708
-64.9708
-64.9708
-64.9708
-64.9708
-64.9708
-64.9707
-64.9707
-64.9707
-64.9707
-64.9707
-64.9707
-64.9707
-64.9707
-64.9707
-64.9707
-64.9707
-64.9707
-64.9707
-64.9707
-64.9706
-64.9706
-64.9706
-64.9706
-64.9706
-64.9706
-64.9706
-64.9706
-64.9706
-64.9706
-64.9706
-64.9706
-64.9706
-64.9706
-64.9706
-64.9705
-64.9705
-64.9705
-64.9705
-64.9705
-64.9705
-64.9705
-64.9705
-64.9705
-64.9705
-64.9705
-64.9705
-64.9705
-64.9705
-64.9705
-64.9704
-64.9704
-64.9704
-64.9704
-64.9704
-64.9704
-64.9704
-64.9704
-64.9704
-64.9704
-64.9704
-64.9704
-64.9704
-64.9704
-64.9704
-64.9704
-64.9703
-64.9703
-64.9703
-64.9703
-64.9703
-64.9703
-64.9703
-64.9703
-64.9703
-64.9703
-64.9703
-64.9703
-64.9703
-64.9703
-64.9703
-64.9703
-64.9703
-64.9702
-64.9702
-64.9702
-64.9702
-64.9702
-64.9702
-64.9702
-64.9702
-64.9702
-64.9702
-64.9702
-64.9702
-64.9702
-64.9702
-64.9702
-64.9702
-64.9702
-64.9702
-64.9701
-64.9701
-64.9701
-64.9701
-64.9701
-64.9701
-64.9701
-64.9701
-64.9701
-64.9701
-64.9701
-64.9701
-64.9701
-64.9701
-64.9701
-64.9701
-64.9701
-64.9701
-64.9701
-64.97
-64.97
-64.97
-64.97
-64.97
-64.97
-64.97
-64.97
-64.97
-64.97
-64.97
-64.97
-64.97
-64.97
-64.97
-64.97
-64.97
-64.97
-64.97
-64.97
-64.9699
-64.9699
-64.9699
-64.9699
-64.9699
-64.9699
-64.9699
-64.9699
-64.9699
-64.9699
-64.9699
-64.9699
-64.9699
-64.9699
-64.9699
-64.9699
-64.9699
-64.9699
-64.9699
-64.9699
-64.9699
-64.9699
-64.9698
-64.9698
-64.9698
-64.9698
-64.9698
-64.9698
-64.9698
-64.9698
-64.9698
-64.9698
-64.9698
-64.9698
-64.9698
-64.9698
-64.9698
-64.9698
-64.9698
-64.9698
-64.9698
-64.9698
-64.9698
-64.9698
-64.9698
-64.9698
-64.9697
-64.9697
-64.9697
-64.9697
-64.9697
-64.9697
-64.9697
-64.9697
-64.9697
-64.9697
-64.9697
-64.9697
-64.9697
-64.9697
-64.9697
-64.9697
-64.9697
-64.9697
-64.9697
-64.9697
-64.9697
-64.9697
-64.9697
-64.9697
-64.9697
-64.9697
-64.9696
-64.9696
-64.9696
-64.9696
-64.9696
-64.9696
-64.9696
-64.9696
-64.9696
-64.9696
-64.9696
-64.9696
-64.9696
-64.9696
-64.9696
-64.9696
-64.9696
-64.9696
-64.9696
-64.9696
-64.9696
-64.9696
-64.9696
-64.9696
-64.9696
-64.9696
-64.9696
-64.9696
-64.9695
-64.9695
-64.9695
-64.9695
-64.9695
-64.9695
-64.9695
-64.9695
-64.9695
-64.9695
-64.9695
-64.9695
-64.9695
-64.9695
-64.9695
-64.9695
-64.9695
-64.9695
-64.9695
-64.9695
-64.9695
-64.9695
-64.9695
-64.9695
-64.9695
-64.9695
-64.9695
-64.9695
-64.9695
-64.9695
-64.9695
-64.9695
-64.9695
-64.9694
-64.9694
-64.9694
-64.9694
-64.9694
-64.9694
-64.9694
-64.9694
-64.9694
-64.9694
-64.9694
-64.9694
-64.9694
-64.9694
-64.9694
-64.9694
-64.9694
-64.9694
-64.9694
-64.9694
-64.9694
-64.9694
-64.9694
-64.9694
-64.9694
-64.9694
-64.9694
-64.9694
-64.9694
-64.9694
-64.9694
-64.9694
-64.9694
-64.9694
-64.9694
-64.9694
-64.9693
-64.9693
-64.9693
-64.9693
-64.9693
-64.9693
-64.9693
-64.9693
-64.9693
-64.9693
-64.9693
-64.9693
-64.9693
-64.9693
-64.9693
-64.9693
-64.9693
-64.9693
-64.9693
-64.9693
-64.9693
-64.9693
-64.9693
-64.9693
-64.9693
-64.9693
-64.9693
-64.9693
-64.9693
-64.9693
-64.9693
-64.9693
-64.9693
-64.9693
-64.9693
-64.9693
-64.9693
-64.9693
-64.9693
-64.9693
-64.9693
-64.9693
-64.9693
-64.9693
-64.9692
-64.9692
-64.9692
-64.9692
-64.9692
-64.9692
-64.9692
-64.9692
-64.9692
-64.9692
-64.9692
-64.9692
-64.9692
-64.9692
-64.9692
-64.9692
-64.9692
-64.9692
-64.9692
-64.9692
-64.9692
-64.9692
-64.9692
-64.9692
-64.9692
-64.9692
-64.9692
-64.9692
-64.9692
-64.9692
-64.9692
-64.9692
-64.9692
-64.9692
-64.9692
-64.9692
-64.9692
-64.9692
-64.9692
-64.9692
-64.9692
-64.9692
-64.9692
-64.9692
-64.9692
-64.9692
-64.9692
-64.9692
-64.9692
-64.9692
-64.9692
-64.9692
-64.9692
-64.9692
-64.9691
-64.9691
-64.9691
-64.9691
-64.9691
-64.9691
-64.9691
-64.9691
-64.9691
-64.9691
-64.9691
-64.9691
-64.9691
-64.9691
-64.9691
-64.9691
-64.9691
-64.9691
-64.9691
-64.9691
-64.9691
-64.9691
-64.9691
-64.9691
-64.9691
-64.9691
-64.9691
-64.9691
-64.9691
-64.9691
-64.9691
-64.9691
-64.9691
-64.9691
-64.9691
-64.9691
-64.9691
-64.9691
-64.9691
-64.9691
-64.9691
-64.9691
-64.9691
-64.9691
-64.9691
-64.9691
-64.9691
-64.9691
-64.9691
-64.9691
-64.9691
-64.9691
-64.9691
-64.9691
-64.9691
-64.9691
-64.9691
-64.9691
-64.9691
-64.9691
-64.9691
-64.9691
-64.9691
-64.9691
-64.9691
-64.9691
-64.9691
-64.9691
-64.9691
-64.9691
-64.9691
-64.9691
-64.9691
-64.9691
-64.9691
-64.9691
-64.969
-64.969
-64.969
-64.969
-64.969
-64.969
-64.969
-64.969
-64.969
-64.969
-64.969
-64.969
-64.969
-64.969
-64.969
-64.969
-64.969
-64.969
-64.969
-64.969
-64.969
-64.969
-64.969
-64.969
-64.969
-64.969
-64.969
-64.969
-64.969
-64.969
-64.969
-64.969
-64.9659
-64.9567
-64.9401
-64.9155
-64.8833
-64.8441
-64.7987
-64.7482
-64.6935
-64.6356
-64.5752
-64.5131
-64.45
-64.3866
-64.3232
-64.2603
-64.1983
-64.1375
-64.078
-64.0201
-63.9639
-63.9096
-63.8571
-63.8067
-63.7582
-63.7118
-63.6674
-63.625
-63.5846
-63.5461
-63.5097
-63.4751
-63.4423
-63.4114
-63.3823
-63.3548
-63.3291
-63.3049
-63.2824
-63.2613
-63.2417
-63.2235
-63.2067
-63.1912
-63.177
-63.164
-63.1522
-63.1416
-63.132
-63.1235
-63.116
-63.1094
-63.1038
-63.0991
-63.0953
-63.0923
-63.0901
-63.0886
-63.0879
-63.0879
-63.0885
-63.0898
-63.0917
-63.0942
-63.0972
-63.1008
-63.1049
-63.1094
-63.1145
-63.1199
-63.1258
-63.1321
-63.1388
-63.1458
-63.1532
-63.1609
-63.1689
-63.1772
-63.1857
-63.1946
-63.2037
-63.213
-63.2225
-63.2322
-63.2422
-63.2523
-63.2626
-63.273
-63.2836
-63.2943
-63.3052
-63.3161
-63.3272
-63.3384
-63.3497
-63.361
-63.3724
-63.3839
-63.3955
-63.4071
-63.4188
-63.4305
-63.4422
-63.454
-63.4658
-63.4776
-63.4894
-63.5013
-63.5131
-63.5249
-63.5368
-63.5486
-63.5604
-63.5722
-63.584
-63.5957
-63.6075
-63.6192
-63.6308
-63.6425
-63.654
-63.6656
-63.6771
-63.6886
-63.7
-63.7114
-63.7227
-63.7339
-63.7452
-63.7563
-63.7674
-63.7784
-63.7894
-63.8003
-63.8112
-63.822
-63.8327
-63.8434
-63.8539
-63.8645
-63.8749
-63.8853
-63.8956
-63.9059
-63.916
-63.9261
-63.9362
-63.9461
-63.956
-63.9658
-63.9756
-63.9852
-63.9948
-64.0043
-64.0138
-64.0231
-64.0324
-64.0416
-64.0508
-64.0599
-64.0688
-64.0778
-64.0866
-64.0954
-64.1041
-64.1127
-64.1212
-64.1297
-64.1381
-64.1465
-64.1547
-64.1629
-64.171
-64.179
-64.187
-64.1949
-64.2027
-64.2105
-64.2182
-64.2258
-64.2333
-64.2408
-64.2482
-64.2555
-64.2628
-64.27
-64.2771
-64.2842
-64.2912
-64.2981
-64.305
-64.3118
-64.3185
-64.3252
-64.3318
-64.3383
-64.3448
-64.3512
-64.3575
-64.3638
-64.3701
-64.3762
-64.3823
-64.3884
-64.3944
-64.4003
-64.4062
-64.412
-64.4177
-64.4234
-64.4291
-64.4346
-64.4402
-64.4456
-64.4511
-64.4564
-64.4617
-64.467
-64.4722
-64.4773
-64.4824
-64.4874
-64.4924
-64.4974
-64.5023
-64.5071
-64.5119
-64.5166
-64.5213
-64.526
-64.5305
-64.5351
-64.5396
-64.544
-64.5484
-64.5528
-64.5571
-64.5614
-64.5656
-64.5698
-64.5739
-64.578
-64.582
-64.586
-64.59
-64.5939
-64.5978
-64.6016
-64.6054
-64.6092
-64.6129
-64.6166
-64.6202
-64.6238
-64.6274
-64.6309
-64.6344
-64.6378
-64.6412
-64.6446
-64.6479
-64.6512
-64.6545
-64.6577
-64.6609
-64.6641
-64.6672
-64.6703
-64.6733
-64.6763
-64.6793
-64.6823
-64.6852
-64.6881
-64.691
-64.6938
-64.6966
-64.6993
-64.7021
-64.7048
-64.7074
-64.7101
-64.7127
-64.7153
-64.7178
-64.7204
-64.7229
-64.7253
-64.7278
-64.7302
-64.7326
-64.7349
-64.7372
-64.7396
-64.7418
-64.7441
-64.7463
-64.7485
-64.7507
-64.7528
-64.755
-64.7571
-64.7591
-64.7612
-64.7632
-64.7652
-64.7672
-64.7692
-64.7711
-64.773
-64.7749
-64.7768
-64.7786
-64.7805
-64.7823
-64.784
-64.7858
-64.7875
-64.7893
-64.791
-64.7926
-64.7943
-64.7959
-64.7976
-64.7992
-64.8007
-64.8023
-64.8038
-64.8054
-64.8069
-64.8084
-64.8098
-64.8113
-64.8127
-64.8141
-64.8155
-64.8169
-64.8183
-64.8196
-64.8209
-64.8223
-64.8235
-64.8248
-64.8261
-64.8273
-64.8286
-64.8298
-64.831
-64.8322
-64.8334
-64.8345
-64.8356
-64.8368
-64.8379
-64.839
-64.8401
-64.8411
-64.8422
-64.8432
-64.8443
-64.8453
-64.8463
-64.8473
-64.8483
-64.8492
-64.8502
-64.8511
-64.852
-64.8529
-64.8538
-64.8547
-64.8556
-64.8565
-64.8573
-64.8582
-64.859
-64.8598
-64.8606
-64.8614
-64.8622
-64.863
-64.8637
-64.8645
-64.8652
-64.866
-64.8667
-64.8674
-64.8681
-64.8688
-64.8695
-64.8701
-64.8708
-64.8715
-64.8721
-64.8727
-64.8734
-64.874
-64.8746
-64.8752
-64.8758
-64.8763
-64.8769
-64.8775
-64.878
-64.8786
-64.8791
-64.8796
-64.8802
-64.8807
-64.8812
-64.8817
-64.8822
-64.8826
-64.8831
-64.8836
-64.884
-64.8845
-64.8849
-64.8854
-64.8858
-64.8862
-64.8867
-64.8871
-64.8875
-64.8879
-64.8883
-64.8886
-64.889
-64.8894
-64.8898
-64.8901
-64.8905
-64.8908
-64.8912
-64.8915
-64.8918
-64.8921
-64.8925
-64.8928
-64.8931
-64.8934
-64.8937
-64.894
-64.8942
-64.8945
-64.8948
-64.8951
-64.8953
-64.8956
-64.8958
-64.8961
-64.8963
-64.8966
-64.8968
-64.897
-64.8973
-64.8975
-64.8977
-64.8979
-64.8981
-64.8983
-64.8985
-64.8987
-64.8989
-64.8991
-64.8993
-64.8994
-64.8996
-64.8998
-64.9
-64.9001
-64.9003
-64.9004
-64.9006
-64.9007
-64.9009
-64.901
-64.9012
-64.9013
-64.9014
-64.9015
-64.9017
-64.9018
-64.9019
-64.902
-64.9021
-64.9022
-64.9023
-64.9025
-64.9026
-64.9026
-64.9027
-64.9028
-64.9029
-64.903
-64.9031
-64.9032
-64.9032
-64.9033
-64.9034
-64.9035
-64.9035
-64.9036
-64.9037
-64.9037
-64.9038
-64.9038
-64.9039
-64.9039
-64.904
-64.904
-64.9041
-64.9041
-64.9041
-64.9042
-64.9042
-64.9043
-64.9043
-64.9043
-64.9043
-64.9044
-64.9044
-64.9044
-64.9044
-64.9045
-64.9045
-64.9045
-64.9045
-64.9045
-64.9045
-64.9045
-64.9045
-64.9045
-64.9046
-64.9046
-64.9046
-64.9046
-64.9046
-64.9046
-64.9045
-64.9045
-64.9045
-64.9045
-64.9045
-64.9045
-64.9045
-64.9045
-64.9045
-64.9045
-64.9044
-64.9044
-64.9044
-64.9044
-64.9044
-64.9043
-64.9043
-64.9043
-64.9043
-64.9042
-64.9042
-64.9042
-64.9042
-64.9041
-64.9041
-64.9041
-64.904
-64.904
-64.904
-64.9039
-64.9039
-64.9039
-64.9038
-64.9038
-64.9037
-64.9037
-64.9037
-64.9036
-64.9036
-64.9035
-64.9035
-64.9035
-64.9034
-64.9034
-64.9033
-64.9033
-64.9032
-64.9032
-64.9031
-64.9031
-64.903
-64.903
-64.903
-64.9029
-64.9029
-64.9028
-64.9028
-64.9027
-64.9027
-64.9026
-64.9026
-64.9025
-64.9024
-64.9024
-64.9023
-64.9023
-64.9022
-64.9022
-64.9021
-64.9021
-64.902
-64.902
-64.9019
-64.9019
-64.9018
-64.9017
-64.9017
-64.9016
-64.9016
-64.9015
-64.9015
-64.9014
-64.9014
-64.9013
-64.9012
-64.9012
-64.9011
-64.9011
-64.901
-64.901
-64.9009
-64.9008
-64.9008
-64.9007
-64.9007
-64.9006
-64.9006
-64.9005
-64.9005
-64.9004
-64.9003
-64.9003
-64.9002
-64.9002
-64.9001
-64.9001
-64.9
-64.8999
-64.8999
-64.8998
-64.8998
-64.8804
-64.8449
-64.7979
-64.7428
-64.682
-64.6171
-64.5496
-64.4803
-64.4102
-64.3398
-64.2697
-64.2003
-64.132
-64.065
-63.9995
-63.9358
-63.8741
-63.8143
-63.7566
-63.701
-63.6477
-63.5965
-63.5476
-63.5008
-63.4562
-63.4137
-63.3734
-63.3351
-63.2989
-63.2647
-63.2324
-63.2019
-63.1733
-63.1465
-63.1214
-63.098
-63.0761
-63.0559
-63.0371
-63.0198
-63.0039
-62.9893
-62.9761
-62.9641
-62.9533
-62.9436
-62.9351
-62.9276
-62.9212
-62.9157
-62.9112
-62.9077
-62.9049
-62.903
-62.9019
-62.9016
-62.902
-62.9031
-62.9049
-62.9073
-62.9103
-62.9139
-62.9181
-62.9228
-62.928
-62.9336
-62.9398
-62.9463
-62.9533
-62.9607
-62.9684
-62.9765
-62.985
-62.9937
-63.0028
-63.0121
-63.0217
-63.0315
-63.0416
-63.0519
-63.0624
-63.0731
-63.084
-63.0951
-63.1063
-63.1177
-63.1292
-63.1408
-63.1526
-63.1644
-63.1764
-63.1884
-63.2006
-63.2128
-63.225
-63.2373
-63.2497
-63.2621
-63.2746
-63.2871
-63.2996
-63.3121
-63.3246
-63.3372
-63.3497
-63.3623
-63.3748
-63.3874
-63.3999
-63.4124
-63.4249
-63.4373
-63.4498
-63.4621
-63.4745
-63.4868
-63.4991
-63.5113
-63.5235
-63.5357
-63.5478
-63.5598
-63.5718
-63.5837
-63.5956
-63.6074
-63.6191
-63.6308
-63.6424
-63.654
-63.6654
-63.6769
-63.6882
-63.6995
-63.7107
-63.7218
-63.7329
-63.7438
-63.7547
-63.7656
-63.7763
-63.787
-63.7976
-63.8081
-63.8186
-63.8289
-63.8392
-63.8494
-63.8596
-63.8696
-63.8796
-63.8895
-63.8993
-63.9059
-63.9065
-63.8997
-63.885
-63.8627
-63.8335
-63.7981
-63.7576
-63.7129
-63.6649
-63.6145
-63.5624
-63.5093
-63.4558
-63.4023
-63.3492
-63.297
-63.2458
-63.196
-63.1477
-63.1009
-63.056
-63.0129
-62.9716
-62.9322
-62.8948
-62.8593
-62.8257
-62.794
-62.7642
-62.7362
-62.71
-62.6855
-62.6628
-62.6417
-62.6222
-62.6043
-62.5879
-62.5729
-62.5594
-62.5472
-62.5364
-62.5268
-62.5184
-62.5112
-62.5051
-62.5001
-62.4961
-62.4932
-62.4912
-62.4901
-62.4899
-62.4876
-62.4804
-62.467
-62.4469
-62.4204
-62.3881
-62.3507
-62.3093
-62.2647
-62.2177
-62.1692
-62.1198
-62.0701
-62.0207
-61.9719
-61.9242
-61.8778
-61.833
-61.79
-61.7489
-61.7098
-61.6728
-61.6379
-61.6051
-61.5746
-61.5461
-61.5198
-61.4956
-61.4734
-61.4532
-61.435
-61.4186
-61.4041
-61.3914
-61.3804
-61.3711
-61.3634
-61.3572
-61.3526
-61.3493
-61.3474
-61.3469
-61.3476
-61.3495
-61.3525
-61.3567
-61.362
-61.3682
-61.3754
-61.3835
-61.3926
-61.4024
-61.4131
-61.4245
-61.4366
-61.4494
-61.4629
-61.4769
-61.4916
-61.5068
-61.5226
-61.5388
-61.5555
-61.5726
-61.5902
-61.6081
-61.6264
-61.6451
-61.6641
-61.6833
-61.7029
-61.7227
-61.7427
-61.763
-61.7835
-61.8041
-61.825
-61.8459
-61.8671
-61.8883
-61.9097
-61.9312
-61.9527
-61.9744
-61.9961
-62.0178
-62.0396
-62.0614
-62.0833
-62.1052
-62.127
-62.1489
-62.1708
-62.1926
-62.2144
-62.2362
-62.258
-62.2797
-62.3013
-62.3229
-62.3445
-62.3659
-62.3873
-62.4086
-62.4299
-62.451
-62.4721
-62.4931
-62.5139
-62.5347
-62.5554
-62.5759
-62.5964
-62.6167
-62.6369
-62.657
-62.677
-62.6969
-62.7167
-62.7363
-62.7558
-62.7751
-62.7944
-62.8135
-62.8325
-62.8513
-62.87
-62.8886
-62.907
-62.9253
-62.9435
-62.9615
-62.9794
-62.9972
-63.0148
-63.0323
-63.0496
-63.0668
-63.0839
-63.1008
-63.1176
-63.1342
-63.1507
-63.1671
-63.1833
-63.1994
-63.2153
-63.2312
-63.2468
-63.2624
-63.2778
-63.293
-63.3082
-63.3231
-63.338
-63.3527
-63.3673
-63.3818
-63.3961
-63.4103
-63.4244
-63.4383
-63.4521
-63.4658
-63.4793
-63.4927
-63.506
-63.5192
-63.5322
-63.5451
-63.5579
-63.5706
-63.5831
-63.5956
-63.6079
-63.6201
-63.6321
-63.6441
-63.6559
-63.6676
-63.6792
-63.6907
-63.7021
-63.7134
-63.7245
-63.7356
-63.7465
-63.7573
-63.768
-63.7786
-63.7891
-63.7995
-63.8098
-63.82
-63.8301
-63.8401
-63.85
-63.8597
-63.8694
-63.8759
-63.8764
-63.8694
-63.8545
-63.8319
-63.8023
-63.7666
-63.7257
-63.6805
-63.632
-63.581
-63.5283
-63.4745
-63.4202
-63.3659
-63.3121
-63.259
-63.2069
-63.1562
-63.1069
-63.0592
-63.0133
-62.9692
-62.9269
-62.8866
-62.8481
-62.8116
-62.777
-62.7443
-62.7134
-62.6844
-62.6572
-62.6317
-62.6079
-62.5858
-62.5654
-62.5465
-62.5291
-62.5131
-62.4986
-62.4855
-62.4737
-62.4631
-62.4538
-62.4457
-62.4387
-62.4328
-62.428
-62.4241
-62.4212
-62.4193
-62.4183
-62.4181
-62.4187
-62.4201
-62.4223
-62.4252
-62.4287
-62.4329
-62.4378
-62.4432
-62.4492
-62.4558
-62.4629
-62.4704
-62.4785
-62.4869
-62.4958
-62.5051
-62.5148
-62.5249
-62.5352
-62.5459
-62.5569
-62.5682
-62.5798
-62.5916
-62.6037
-62.6159
-62.6284
-62.6411
-62.654
-62.667
-62.6802
-62.6935
-62.707
-62.7206
-62.7343
-62.7481
-62.762
-62.7759
-62.79
-62.8041
-62.8183
-62.8325
-62.8468
-62.8611
-62.8755
-62.8898
-62.9042
-62.9186
-62.933
-62.9474
-62.9618
-62.9761
-62.9905
-63.0048
-63.0192
-63.0334
-63.0477
-63.0619
-63.0761
-63.0902
-63.1043
-63.1183
-63.1323
-63.1462
-63.1601
-63.1739
-63.1876
-63.2013
-63.2149
-63.2284
-63.2419
-63.2553
-63.2686
-63.2818
-63.295
-63.3081
-63.3211
-63.334
-63.3468
-63.3596
-63.3722
-63.3848
-63.3973
-63.4097
-63.422
-63.4342
-63.4464
-63.4584
-63.4704
-63.4823
-63.494
-63.5057
-63.5173
-63.5288
-63.5402
-63.5515
-63.5628
-63.5739
-63.5849
-63.5959
-63.6067
-63.6175
-63.6282
-63.6387
-63.6492
-63.6596
-63.6699
-63.6802
-63.6903
-63.7003
-63.7103
-63.7201
-63.7299
-63.7396
-63.7491
-63.7586
-63.7681
-63.7774
-63.7866
-63.7958
-63.8048
-63.8138
-63.8227
-63.8315
-63.8403
-63.8489
-63.8575
-63.8659
-63.8743
-63.8827
-63.8909
-63.8991
-63.9071
-63.9151
-63.923
-63.9309
-63.9386
-63.9463
-63.9539
-63.9615
-63.9689
-63.9763
-63.9836
-63.9909
-63.998
-64.0051
-64.0121
-64.0191
-64.026
-64.0328
-64.0395
-64.0462
-64.0528
-64.0593
-64.0658
-64.0722
-64.0785
-64.0848
-64.091
-64.0971
-64.1032
-64.1092
-64.1152
-64.121
-64.1269
-64.1326
-64.1383
-64.144
-64.1496
-64.1551
-64.1606
-64.166
-64.1713
-64.1766
-64.1819
-64.1871
-64.1922
-64.1973
-64.2023
-64.2073
-64.2122
-64.217
-64.2219
-64.2266
-64.2313
-64.236
-64.2406
-64.2452
-64.2497
-64.2541
-64.2585
-64.2629
-64.2672
-64.2715
-64.2757
-64.2799
-64.284
-64.2881
-64.2922
-64.2962
-64.3001
-64.304
-64.3079
-64.3117
-64.3155
-64.3193
-64.323
-64.3267
-64.3303
-64.3339
-64.3374
-64.3409
-64.3444
-64.3478
-64.3512
-64.3545
-64.3579
-64.3611
-64.3644
-64.3676
-64.3708
-64.3739
-64.377
-64.3801
-64.3831
-64.3861
-64.389
-64.392
-64.3949
-64.3977
-64.4006
-64.4034
-64.4061
-64.4089
-64.4116
-64.4143
-64.4169
-64.4195
-64.4221
-64.4247
-64.4272
-64.4297
-64.4322
-64.4346
-64.437
-64.4394
-64.4418
-64.4441
-64.4464
-64.4487
-64.4509
-64.4532
-64.4554
-64.4575
-64.4597
-64.4618
-64.4639
-64.466
-64.4681
-64.4701
-64.4721
-64.4741
-64.476
-64.478
-64.4799
-64.4818
-64.4837
-64.4855
-64.4873
-64.4891
-64.4909
-64.4927
-64.4944
-64.4961
-64.4978
-64.4995
-64.5012
-64.5028
-64.5045
-64.5061
-64.5076
-64.5092
-64.5107
-64.5123
-64.5138
-64.5153
-64.5168
-64.5182
-64.5197
-64.5211
-64.5225
-64.5239
-64.5252
-64.5266
-64.5279
-64.5293
-64.5306
-64.5319
-64.5331
-64.5344
-64.5356
-64.5369
-64.5381
-64.5393
-64.5405
-64.5416
-64.5428
-64.5439
-64.5451
-64.5462
-64.5473
-64.5484
-64.5494
-64.5505
-64.5515
-64.5526
-64.5536
-64.5546
-64.5556
-64.5566
-64.5576
-64.5585
-64.5595
-64.5604
-64.5613
-64.5623
-64.5632
-64.5641
-64.5649
-64.5658
-64.5667
-64.5675
-64.5683
-64.5692
-64.57
-64.5708
-64.5716
-64.5724
-64.5732
-64.5739
-64.5747
-64.5754
-64.5762
-64.5769
-64.5776
-64.5783
-64.579
-64.5797
-64.5804
-64.5811
-64.5817
-64.5824
-64.5831
-64.5837
-64.5843
-64.585
-64.5856
-64.5862
-64.5868
-64.5874
-64.588
-64.5885
-64.5891
-64.5897
-64.5902
-64.5908
-64.5913
-64.5919
-64.5924
-64.5929
-64.5934
-64.594
-64.5945
-64.595
-64.5954
-64.5959
-64.5964
-64.5969
-64.5973
-64.5978
-64.5983
-64.5987
-64.5992
-64.5996
-64.6
-64.6004
-64.6009
-64.6013
-64.6017
-64.6021
-64.6025
-64.6029
-64.6033
-64.6037
-64.604
-64.6044
-64.6048
-64.6052
-64.6055
-64.6059
-64.6062
-64.6066
-64.6069
-64.6073
-64.6076
-64.6079
-64.6083
-64.6086
-64.6089
-64.6092
-64.6095
-64.6098
-64.6101
-64.6104
-64.6107
-64.611
-64.6113
-64.6116
-64.6119
-64.6122
-64.6124
-64.6127
-64.613
-64.6132
-64.6135
-64.6138
-64.614
-64.6143
-64.6145
-64.6148
-64.615
-64.6152
-64.6155
-64.6157
-64.616
-64.6162
-64.6164
-64.6166
-64.6169
-64.6171
-64.6173
-64.6175
-64.6177
-64.6179
-64.6181
-64.6184
-64.6186
-64.6188
-64.619
-64.6192
-64.6193
-64.6195
-64.6197
-64.6199
-64.6201
-64.6203
-64.6205
-64.6207
-64.6208
-64.621
-64.6212
-64.6214
-64.6215
-64.6217
-64.6219
-64.6221
-64.6222
-64.6224
-64.6225
-64.6227
-64.6229
-64.623
-64.6232
-64.6233
-64.6235
-64.6237
-64.6238
-64.624
-64.6241
-64.6243
-64.6244
-64.6246
-64.6247
-64.6248
-64.625
-64.6251
-64.6253
-64.6254
-64.6256
-64.6257
-64.6258
-64.626
-64.6261
-64.6262
-64.6264
-64.6265
-64.6266
-64.6268
-64.6269
-64.627
-64.6272
-64.6273
-64.6274
-64.6275
-64.6277
-64.6278
-64.6279
-64.6281
-64.6282
-64.6283
-64.6284
-64.6285
-64.6287
-64.6288
-64.6289
-64.629
-64.6292
-64.6293
-64.6294
-64.6295
-64.6296
-64.6298
-64.6299
-64.63
-64.6301
-64.6302
-64.6303
-64.6305
-64.6306
-64.6307
-64.6308
-64.6309
-64.631
-64.6312
-64.6313
-64.6314
-64.6315
-64.6316
-64.6317
-64.6318
-64.632
-64.6321
-64.6322
-64.6323
-64.6324
-64.6325
-64.6326
-64.6328
-64.6329
-64.633
-64.6331
-64.6332
-64.6333
-64.6334
-64.6336
-64.6337
-64.6338
-64.6339
-64.634
-64.6341
-64.6342
-64.6344
-64.6345
-64.6346
-64.6347
-64.6348
-64.6349
-64.635
-64.6352
-64.6353
-64.6354
-64.6355
-64.6356
-64.6357
-64.6359
-64.636
-64.6361
-64.6362
-64.6363
-64.6364
-64.6366
-64.6367
-64.6368
-64.6369
-64.637
-64.6372
-64.6373
-64.6374
-64.6375
-64.6376
-64.6378
-64.6379
-64.638
-64.6381
-64.6382
-64.6384
-64.6385
-64.6386
-64.6387
-64.6389
-64.639
-64.6391
-64.6392
-64.6394
-64.6395
-64.6396
-64.6397
-64.6399
-64.64
-64.6401
-64.6402
-64.6404
-64.6405
-64.6406
-64.6407
-64.6409
-64.641
-64.6411
-64.6413
-64.6414
-64.6415
-64.6417
-64.6418
-64.6419
-64.6421
-64.6422
-64.6423
-64.6425
-64.6426
-64.6427
-64.6429
-64.643
-64.6431
-64.6433
-64.6434
-64.6435
-64.6437
-64.6438
-64.644
-64.6441
-64.6442
-64.6444
-64.6445
-64.6447
-64.6448
-64.6449
-64.6451
-64.6452
-64.6454
-64.6455
-64.6457
-64.6458
-64.6459
-64.6461
-64.6462
-64.6464
-64.6465
-64.6467
-64.6468
-64.647
-64.6471
-64.6473
-64.6474
-64.6476
-64.6477
-64.6479
-64.648
-64.6482
-64.6483
-64.6485
-64.6486
-64.6488
-64.6489
-64.6491
-64.6492
-64.6494
-64.6495
-64.6497
-64.6499
-64.65
-64.6502
-64.6503
-64.6505
-64.6506
-64.6508
-64.651
-64.6511
-64.6513
-64.6514
-64.6516
-64.6518
-64.6519
-64.6521
-64.6522
-64.6524
-64.6526
-64.6527
-64.6529
-64.6531
-64.6532
-64.6534
-64.6536
-64.6537
-64.6539
-64.6541
-64.6542
-64.6544
-64.6546
-64.6547
-64.6549
-64.6551
-64.6553
-64.6554
-64.6556
-64.6558
-64.6559
-64.6561
-64.6563
-64.6565
-64.6566
-64.6568
-64.657
-64.6572
-64.6573
-64.6575
-64.6577
-64.6579
-64.658
-64.6582
-64.6584
-64.6586
-64.6588
-64.6589
-64.6591
-64.6593
-64.6595
-64.6597
-64.6598
-64.66
-64.6602
-64.6604
-64.6606
-64.6607
-64.6609
-64.6611
-64.6613
-64.6615
-64.6617
-64.6618
-64.662
-64.6622
-64.6624
-64.6626
-64.6628
-64.663
-64.6632
-64.6633
-64.6635
-64.6637
-64.6639
-64.6641
-64.6643
-64.6645
-64.6647
-64.6649
-64.6651
-64.6652
-64.6654
-64.6656
-64.6658
-64.666
-64.6662
-64.6664
-64.6666
-64.6668
-64.667
-64.6672
-64.6674
-64.6676
-64.6678
-64.668
-64.6682
-64.6684
-64.6685
-64.6687
-64.6689
-64.6691
-64.6693
-64.6695
-64.6697
-64.6699
-64.6701
-64.6703
-64.6705
-64.6707
-64.6709
-64.6711
-64.6713
-64.6715
-64.6717
-64.6719
-64.6721
-64.6723
-64.6726
-64.6728
-64.673
-64.6732
-64.6734
-64.6736
-64.6738
-64.674
-64.6742
-64.6744
-64.6746
-64.6748
-64.675
-64.6752
-64.6754
-64.6756
-64.6758
-64.676
-64.6762
-64.6765
-64.6767
-64.6769
-64.6771
-64.6773
-64.6775
-64.6777
-64.6779
-64.6781
-64.6783
-64.6785
-64.6788
-64.679
-64.6792
-64.6794
-64.6796
-64.6798
-64.68
-64.6802
-64.6804
-64.6807
-64.6809
-64.6811
-64.6813
-64.6815
-64.6817
-64.6819
-64.6821
-64.6824
-64.6826
-64.6828
-64.683
-64.6832
-64.6834
-64.6836
-64.6839
-64.6841
-64.6843
-64.6845
-64.6847
-64.6849
-64.6851
-64.6854
-64.6856
-64.6858
-64.686
-64.6862
-64.6864
-64.6867
-64.6869
-64.6871
-64.6873
-64.6875
-64.6877
-64.688
-64.6882
-64.6884
-64.6886
-64.6888
-64.6891
-64.6893
-64.6895
-64.6897
-64.6899
-64.6902
-64.6904
-64.6906
-64.6908
-64.691
-64.6912
-64.6915
-64.6917
-64.6919
-64.6921
-64.6923
-64.6926
-64.6928
-64.693
-64.6932
-64.6935
-64.6937
-64.6939
-64.6941
-64.6943
-64.6946
-64.6948
-64.695
-64.6952
-64.6954
-64.6957
-64.6959
-64.6961
-64.6963
-64.6966
-64.6968
-64.697
-64.6972
-64.6974
-64.6977
-64.6979
-64.6981
-64.6983
-64.6986
-64.6988
-64.699
-64.6992
-64.6994
-64.6997
-64.6999
-64.7001
-64.7003
-64.7006
-64.7008
-64.701
-64.7012
-64.7015
-64.7017
-64.7019
-64.7021
-64.7024
-64.7026
-64.7028
-64.703
-64.7032
-64.7035
-64.7037
-64.7039
-64.7041
-64.7044
-64.7046
-64.7048
-64.705
-64.7053
-64.7055
-64.7057
-64.7059
-64.7062
-64.7064
-64.7066
-64.7068
-64.7071
-64.7073
-64.7075
-64.7077
-64.708
-64.7082
-64.7084
-64.7086
-64.7089
-64.7091
-64.7093
-64.7095
-64.7097
-64.71
-64.7102
-64.7104
-64.7106
-64.7109
-64.7111
-64.7113
-64.7115
-64.7118
-64.712
-64.7122
-64.7124
-64.7127
-64.7129
-64.7131
-64.7133
-64.7136
-64.7138
-64.714
-64.7142
-64.7145
-64.7115
-64.7026
-64.6863
-64.662
-64.6302
-64.5913
-64.5463
-64.4962
-64.4419
-64.3844
-64.3244
-64.2627
-64.2001
-64.1371
-64.0741
-64.0117
-63.9502
-63.8898
-63.8308
-63.7734
-63.7177
-63.6639
-63.612
-63.562
-63.5141
-63.4681
-63.4243
-63.3824
-63.3425
-63.3046
-63.2687
-63.2346
-63.2024
-63.1721
-63.1435
-63.1166
-63.0913
-63.0677
-63.0457
-63.0251
-63.0061
-62.9884
-62.9721
-62.9572
-62.9435
-62.931
-62.9197
-62.9096
-62.9005
-62.8925
-62.8855
-62.8794
-62.8743
-62.8701
-62.8668
-62.8642
-62.8595
-62.8499
-62.8339
-62.8112
-62.782
-62.7469
-62.7067
-62.6625
-62.6149
-62.565
-62.5135
-62.4611
-62.4085
-62.356
-62.3043
-62.2536
-62.2043
-62.1566
-62.1106
-62.0666
-62.0247
-61.9849
-61.9472
-61.9117
-61.8784
-61.8473
-61.8184
-61.7915
-61.7668
-61.7441
-61.7235
-61.7047
-61.6878
-61.6728
-61.6595
-61.6479
-61.638
-61.6296
-61.6228
-61.6174
-61.6135
-61.6109
-61.6095
-61.6095
-61.6106
-61.6128
-61.6162
-61.6205
-61.6259
-61.6322
-61.6395
-61.6476
-61.6565
-61.6662
-61.6766
-61.6877
-61.6996
-61.712
-61.7251
-61.7387
-61.7529
-61.7676
-61.7828
-61.7984
-61.8145
-61.8309
-61.8478
-61.865
-61.8826
-61.9004
-61.9186
-61.937
-61.9557
-61.9746
-61.9938
-62.0131
-62.0326
-62.0523
-62.0722
-62.0922
-62.1123
-62.1325
-62.1529
-62.1733
-62.1938
-62.2143
-62.235
-62.2556
-62.2763
-62.297
-62.3178
-62.3385
-62.3593
-62.38
-62.4007
-62.4214
-62.4421
-62.4627
-62.4833
-62.5039
-62.5243
-62.5448
-62.5651
-62.5854
-62.6057
-62.6258
-62.6459
-62.6659
-62.6858
-62.7056
-62.7253
-62.7449
-62.7644
-62.7838
-62.8031
-62.8223
-62.8413
-62.8603
-62.8791
-62.8979
-62.9165
-62.935
-62.9533
-62.9716
-62.9897
-63.0077
-63.0256
-63.0433
-63.0609
-63.0784
-63.0957
-63.1129
-63.13
-63.147
-63.1638
-63.1805
-63.197
-63.2135
-63.2298
-63.2459
-63.2619
-63.2778
-63.2936
-63.3092
-63.3247
-63.34
-63.3553
-63.3704
-63.3853
-63.4002
-63.4149
-63.4294
-63.4439
-63.4582
-63.4723
-63.4864
-63.5003
-63.5141
-63.5278
-63.5413
-63.5547
-63.568
-63.5812
-63.5942
-63.6072
-63.62
-63.6326
-63.6452
-63.6576
-63.6699
-63.6821
-63.6942
-63.7062
-63.718
-63.7297
-63.7414
-63.7529
-63.7642
-63.7755
-63.7867
-63.7977
-63.8087
-63.8195
-63.8303
-63.8409
-63.8514
-63.8618
-63.8721
-63.8823
-63.8924
-63.9024
-63.9123
-63.9221
-63.9318
-63.9414
-63.9509
-63.9703
-63.9919
-64.0136
-64.0345
-64.0544
-64.0732
-64.0911
-64.1081
-64.1244
-64.1399
-64.1548
-64.1692
-64.1831
-64.1965
-64.2096
-64.2223
-64.2346
-64.2466
-64.2583
-64.2697
-64.2809
-64.2918
-64.3024
-64.3128
-64.3229
-64.3329
-64.3426
-64.3521
-64.3614
-64.3705
-64.3794
-64.3881
-64.3966
-64.4049
-64.4131
-64.4211
-64.4289
-64.4366
-64.4441
-64.4514
-64.4586
-64.4656
-64.4725
-64.4793
-64.4859
-64.4924
-64.4987
-64.5049
-64.511
-64.517
-64.5228
-64.5285
-64.5342
-64.5396
-64.545
-64.5503
-64.5555
-64.5605
-64.5655
-64.5703
-64.5751
-64.5797
-64.5843
-64.5888
-64.5932
-64.5975
-64.6017
-64.6058
-64.6098
-64.6138
-64.6177
-64.6215
-64.6252
-64.6288
-64.6324
-64.6359
-64.6393
-64.6427
-64.646
-64.6492
-64.6524
-64.6555
-64.6585
-64.6614
-64.6644
-64.6672
-64.67
-64.6727
-64.6754
-64.678
-64.6806
-64.6831
-64.6856
-64.688
-64.6903
-64.6926
-64.6949
-64.6971
-64.6993
-64.7014
-64.7035
-64.7055
-64.7075
-64.7094
-64.7113
-64.7132
-64.715
-64.7168
-64.7186
-64.7203
-64.7219
-64.7236
-64.7252
-64.7267
-64.7283
-64.7298
-64.7312
-64.7327
-64.7341
-64.7354
-64.7368
-64.7381
-64.7393
-64.7406
-64.7418
-64.7398
-64.7319
-64.7165
-64.6932
-64.6622
-64.6243
-64.5802
-64.531
-64.4775
-64.4208
-64.3617
-64.3008
-64.239
-64.1768
-64.1146
-64.053
-63.9922
-63.9325
-63.8742
-63.8175
-63.7596
-63.6979
-63.6312
-63.5593
-63.4823
-63.4011
-63.3164
-63.2292
-63.1404
-63.0508
-62.9611
-62.8721
-62.7842
-62.6981
-62.614
-62.5323
-62.4532
-62.377
-62.3037
-62.2335
-62.1664
-62.1025
-62.0417
-61.9841
-61.9296
-61.8782
-61.8298
-61.7844
-61.7418
-61.702
-61.665
-61.6306
-61.5988
-61.5694
-61.5424
-61.5148
-61.4839
-61.4483
-61.4076
-61.362
-61.312
-61.2585
-61.2023
-61.1443
-61.0852
-61.0259
-60.9669
-60.9087
-60.852
-60.7969
-60.7438
-60.693
-60.6446
-60.5987
-60.5555
-60.515
-60.4772
-60.4422
-60.4098
-60.3801
-60.353
-60.3285
-60.3064
-60.2868
-60.2696
-60.2546
-60.2418
-60.2312
-60.2225
-60.2159
-60.2111
-60.2082
-60.2069
-60.2074
-60.2094
-60.2129
-60.2179
-60.2243
-60.232
-60.241
-60.2512
-60.2625
-60.2749
-60.2884
-60.3028
-60.3182
-60.3344
-60.3515
-60.3694
-60.3881
-60.4075
-60.4275
-60.4482
-60.4695
-60.4913
-60.5137
-60.5366
-60.5599
-60.5837
-60.6079
-60.6325
-60.6574
-60.6826
-60.7082
-60.734
-60.7601
-60.7865
-60.813
-60.8398
-60.8667
-60.8938
-60.921
-60.9484
-60.9758
-61.0034
-61.031
-61.0588
-61.0865
-61.1143
-61.1421
-61.17
-61.1978
-61.2257
-61.2535
-61.2813
-61.309
-61.3367
-61.3644
-61.392
-61.4195
-61.447
-61.4744
-61.5017
-61.5289
-61.5559
-61.5829
-61.6098
-61.6366
-61.6632
-61.6897
-61.7161
-61.7423
-61.7684
-61.7944
-61.8202
-61.8459
-61.8714
-61.8967
-61.922
-61.947
-61.9719
-61.9966
-62.0212
-62.0456
-62.0698
-62.0938
-62.1177
-62.1414
-62.165
-62.1883
-62.2115
-62.2345
-62.2574
-62.28
-62.3025
-62.3248
-62.347
-62.3689
-62.3907
-62.4123
-62.4337
-62.4549
-62.476
-62.4968
-62.5175
-62.5381
-62.5584
-62.5786
-62.5986
-62.6184
-62.638
-62.6575
-62.6768
-62.6959
-62.7148
-62.7336
-62.7522
-62.7707
-62.7889
-62.807
-62.8249
-62.8427
-62.8603
-62.8777
-62.895
-62.9121
-62.9291
-62.9458
-62.9625
-62.9789
-62.9952
-63.0114
-63.0274
-63.0432
-63.0589
-63.0745
-63.0899
-63.1051
-63.1202
-63.1351
-63.1499
-63.1646
-63.1791
-63.1934
-63.2077
-63.2217
-63.2357
-63.2495
-63.2631
-63.2767
-63.2901
-63.3033
-63.3165
-63.3295
-63.3423
-63.3551
-63.3677
-63.3802
-63.3925
-63.4047
-63.4169
-63.4288
-63.4407
-63.4525
-63.4641
-63.4756
-63.487
-63.4983
-63.5094
-63.5205
-63.5314
-63.5422
-63.553
-63.5636
-63.5741
-63.5845
-63.5947
-63.6049
-63.615
-63.625
-63.6348
-63.6446
-63.6543
-63.6638
-63.6733
-63.6827
-63.692
-63.7011
-63.7102
-63.7192
-63.7281
-63.7369
-63.7456
-63.7543
-63.7628
-63.7713
-63.7796
-63.7879
-63.7961
-63.8042
-63.8122
-63.8202
-63.828
-63.8358
-63.8435
-63.8511
-63.8586
-63.8661
-63.8735
-63.8808
-63.888
-63.8952
-63.9022
-63.9092
-63.9162
-63.923
-63.9298
-63.9365
-63.9432
-63.9498
-63.9563
-63.9627
-63.9691
-63.9754
-63.9816
-63.9878
-63.9939
-64
-64.0059
-64.0119
-64.0177
-64.0235
-64.0293
-64.0318
-64.0285
-64.0178
-63.9992
-63.973
-63.94
-63.9009
-63.8566
-63.8082
-63.7566
-63.7025
-63.6469
-63.5902
-63.5331
-63.4761
-63.4196
-63.364
-63.3095
-63.2564
-63.2048
-63.155
-63.1069
-63.0608
-63.0166
-62.9744
-62.9341
-62.8959
-62.8596
-62.8253
-62.7929
-62.7625
-62.7338
-62.707
-62.682
-62.6587
-62.637
-62.617
-62.5985
-62.5816
-62.5661
-62.552
-62.5393
-62.5279
-62.5178
-62.5089
-62.5012
-62.4946
-62.4891
-62.4846
-62.4811
-62.4786
-62.477
-62.4762
-62.4764
-62.4773
-62.479
-62.4814
-62.4845
-62.4884
-62.4928
-62.4979
-62.5035
-62.5097
-62.5165
-62.5237
-62.5315
-62.5396
-62.5482
-62.5573
-62.5667
-62.5765
-62.5866
-62.5971
-62.6078
-62.6189
-62.6303
-62.6419
-62.6537
-62.6658
-62.6781
-62.6906
-62.7033
-62.7161
-62.7291
-62.7423
-62.7556
-62.769
-62.7825
-62.7962
-62.8099
-62.8238
-62.8377
-62.8516
-62.8657
-62.8797
-62.8939
-62.908
-62.9222
-62.9364
-62.9507
-62.9649
-62.9791
-62.9934
-63.0076
-63.0219
-63.0361
-63.0503
-63.0644
-63.0785
-63.0926
-63.1067
-63.1207
-63.1347
-63.1486
-63.1625
-63.1763
-63.1901
-63.2038
-63.2174
-63.231
-63.2445
-63.258
-63.2713
-63.2846
-63.2979
-63.311
-63.3241
-63.3371
-63.35
-63.3628
-63.3756
-63.3882
-63.4008
-63.4133
-63.4257
-63.438
-63.4502
-63.4623
-63.4744
-63.4863
-63.4982
-63.51
-63.5217
-63.5332
-63.5447
-63.5561
-63.5486
-63.5252
-63.4904
-63.4476
-63.3991
-63.3466
-63.2914
-63.2344
-63.1765
-63.1183
-63.0603
-63.0029
-62.9465
-62.8913
-62.8376
-62.7855
-62.7352
-62.6868
-62.6404
-62.596
-62.5536
-62.5133
-62.4751
-62.439
-62.4049
-62.3728
-62.3427
-62.3146
-62.2884
-62.264
-62.2414
-62.2206
-62.2014
-62.1839
-62.168
-62.1537
-62.1408
-62.1293
-62.1193
-62.1105
-62.1031
-62.0969
-62.0918
-62.0879
-62.0851
-62.0833
-62.0825
-62.0826
-62.0837
-62.0857
-62.0885
-62.0921
-62.0964
-62.1015
-62.1073
-62.1138
-62.1208
-62.1285
-62.1368
-62.1456
-62.1549
-62.1647
-62.1749
-62.1856
-62.1967
-62.2082
-62.2201
-62.2324
-62.2449
-62.2578
-62.271
-62.2844
-62.2981
-62.312
-62.3262
-62.3405
-62.3551
-62.3698
-62.3847
-62.3998
-62.415
-62.4303
-62.4457
-62.4613
-62.4769
-62.4926
-62.5084
-62.5242
-62.5402
-62.5561
-62.5721
-62.5881
-62.6042
-62.6203
-62.6363
-62.6524
-62.6685
-62.6845
-62.7006
-62.7166
-62.7326
-62.7486
-62.7645
-62.7804
-62.7963
-62.8121
-62.8278
-62.8435
-62.8592
-62.8747
-62.8902
-62.9057
-62.9211
-62.9363
-62.9516
-62.9667
-62.9818
-62.9967
-63.0116
-63.0264
-63.0411
-63.0558
-63.0703
-63.0847
-63.0991
-63.1133
-63.1275
-63.1415
-63.1555
-63.1693
-63.1831
-63.1967
-63.2103
-63.2237
-63.2371
-63.2503
-63.2635
-63.2765
-63.2894
-63.3023
-63.315
-63.3276
-63.3401
-63.3525
-63.3648
-63.377
-63.3891
-63.4011
-63.413
-63.4248
-63.4365
-63.4481
-63.4595
-63.4709
-63.4822
-63.4934
-63.5044
-63.5154
-63.5263
-63.537
-63.5477
-63.5582
-63.5687
-63.5791
-63.5894
-63.5995
-63.6096
-63.6196
-63.6295
-63.6393
-63.649
-63.6586
-63.6681
-63.6775
-63.6868
-63.696
-63.7052
-63.7142
-63.7232
-63.7321
-63.7409
-63.7496
-63.7582
-63.7667
-63.7751
-63.7835
-63.7918
-63.8
-63.8081
-63.8161
-63.824
-63.8319
-63.8397
-63.8474
-63.855
-63.8626
-63.87
-63.8774
-63.8847
-63.892
-63.8992
-63.9062
-63.9133
-63.9202
-63.9271
-63.9339
-63.9406
-63.9473
-63.9539
-63.9604
-63.9669
-63.9733
-63.9796
-63.9858
-63.992
-63.9982
-64.0042
-64.0102
-64.0162
-64.022
-64.0279
-64.0336
-64.0393
-64.0449
-64.0505
-64.056
-64.0615
-64.0669
-64.0722
-64.0775
-64.0827
-64.0879
-64.093
-64.0981
-64.1031
-64.108
-64.1129
-64.1178
-64.1226
-64.1273
-64.132
-64.1367
-64.1412
-64.1458
-64.1503
-64.1547
-64.1591
-64.1635
-64.1678
-64.1721
-64.1763
-64.1805
-64.1846
-64.1887
-64.1927
-64.1967
-64.2006
-64.2045
-64.2084
-64.2122
-64.216
-64.2198
-64.2235
-64.2271
-64.2307
-64.2343
-64.2379
-64.2414
-64.2448
-64.2483
-64.2517
-64.255
-64.2583
-64.2616
-64.2649
-64.2681
-64.2713
-64.2744
-64.2775
-64.2806
-64.2836
-64.2866
-64.2896
-64.2925
-64.2954
-64.2983
-64.3012
-64.304
-64.3068
-64.3095
-64.3122
-64.3149
-64.3176
-64.3202
-64.3228
-64.3254
-64.328
-64.3305
-64.333
-64.3355
-64.3379
-64.3403
-64.3427
-64.345
-64.3474
-64.3497
-64.352
-64.3542
-64.3565
-64.3587
-64.3608
-64.363
-64.3651
-64.3673
-64.3693
-64.3714
-64.3735
-64.3755
-64.3775
-64.3794
-64.3814
-64.3833
-64.3852
-64.3871
-64.389
-64.3908
-64.3927
-64.3945
-64.3963
-64.398
-64.3998
-64.4015
-64.4032
-64.4049
-64.4066
-64.4082
-64.4099
-64.4115
-64.4131
-64.4147
-64.4162
-64.4178
-64.4193
-64.4208
-64.4223
-64.4238
-64.4252
-64.4267
-64.4281
-64.4295
-64.4309
-64.4323
-64.4337
-64.435
-64.4364
-64.4377
-64.439
-64.4403
-64.4416
-64.4428
-64.4441
-64.4453
-64.4465
-64.4477
-64.4489
-64.4501
-64.4513
-64.4524
-64.4536
-64.4547
-64.4558
-64.4569
-64.458
-64.4591
-64.4602
-64.4612
-64.4623
-64.4633
-64.4643
-64.4653
-64.4663
-64.4673
-64.4683
-64.4693
-64.4702
-64.4712
-64.4721
-64.473
-64.4739
-64.4748
-64.4757
-64.4766
-64.4775
-64.4784
-64.4792
-64.4801
-64.4809
-64.4817
-64.4826
-64.4834
-64.4842
-64.485
-64.4857
-64.4865
-64.4873
-64.488
-64.4888
-64.4895
-64.4903
-64.491
-64.4917
-64.4924
-64.4931
-64.4938
-64.4945
-64.4952
-64.4959
-64.4965
-64.4972
-64.4978
-64.4985
-64.4991
-64.4998
-64.5004
-64.501
-64.5016
-64.5022
-64.5028
-64.5034
-64.504
-64.5046
-64.5052
-64.5057
-64.5063
-64.5068
-64.5074
-64.5079
-64.5085
-64.509
-64.5095
-64.5101
-64.5106
-64.5111
-64.5116
-64.5121
-64.5126
-64.5131
-64.5136
-64.5141
-64.5146
-64.515
-64.5155
-64.516
-64.5164
-64.5169
-64.5173
-64.5178
-64.5182
-64.5187
-64.5191
-64.5195
-64.5199
-64.5204
-64.5208
-64.5212
-64.5216
-64.522
-64.5224
-64.5228
-64.5232
-64.5236
-64.524
-64.5244
-64.5248
-64.5251
-64.5224
-64.5137
-64.4975
-64.4735
-64.4419
-64.4033
-64.3586
-64.3087
-64.2547
-64.1974
-64.1377
-64.0763
-64.0139
-63.9511
-63.8884
-63.8262
-63.7648
-63.7046
-63.6457
-63.5884
-63.5328
-63.4791
-63.4272
-63.3773
-63.3294
-63.2835
-63.2396
-63.1977
-63.1578
-63.1199
-63.0839
-63.0498
-63.0176
-62.9871
-62.9584
-62.9315
-62.9061
-62.8824
-62.8603
-62.8396
-62.8205
-62.8027
-62.7863
-62.7712
-62.7574
-62.7448
-62.7333
-62.723
-62.7138
-62.7056
-62.6985
-62.6923
-62.687
-62.6826
-62.6791
-62.6764
-62.6745
-62.6734
-62.6729
-62.6732
-62.6741
-62.6756
-62.6778
-62.6805
-62.6838
-62.6876
-62.6919
-62.6967
-62.7019
-62.7076
-62.7137
-62.7202
-62.7271
-62.7343
-62.7419
-62.7497
-62.7579
-62.7664
-62.7751
-62.7841
-62.7933
-62.8028
-62.8124
-62.8334
-62.857
-62.8809
-62.9043
-62.9268
-62.9484
-62.9692
-62.9892
-63.0086
-63.0274
-63.0457
-63.0636
-63.0811
-63.0982
-63.1151
-63.1318
-63.1481
-63.1643
-63.1802
-63.196
-63.2115
-63.2269
-63.2421
-63.2571
-63.272
-63.2867
-63.3012
-63.3156
-63.3298
-63.3438
-63.3577
-63.3714
-63.385
-63.3985
-63.4117
-63.4249
-63.4379
-63.4507
-63.4634
-63.476
-63.4884
-63.5007
-63.5129
-63.5249
-63.5368
-63.5485
-63.5601
-63.5716
-63.5829
-63.5942
-63.6053
-63.6162
-63.6271
-63.6378
-63.6484
-63.6588
-63.6692
-63.6794
-63.6895
-63.6995
-63.7093
-63.7191
-63.7287
-63.7383
-63.7477
-63.757
-63.7662
-63.7753
-63.7842
-63.7931
-63.8019
-63.8106
-63.8191
-63.8276
-63.8359
-63.8442
-63.8524
-63.8604
-63.8684
-63.8763
-63.884
-63.8917
-63.8993
-63.9068
-63.9142
-63.9216
-63.9288
-63.9359
-63.943
-63.95
-63.9569
-63.9637
-63.9704
-63.9771
-63.9836
-63.9901
-63.9965
-64.0029
-64.0091
-64.0153
-64.0214
-63.5638
-63.0461
-62.6108
-62.2675
-61.9993
-61.788
-61.6191
-61.4907
-61.3894
-61.3085
-61.2436
-61.2001
-61.1695
-61.1485
-61.1435
-61.1468
-61.1557
-61.169
-61.186
-61.2061
-61.229
-61.2545
-61.2823
-61.3122
-61.344
-61.3775
-61.4125
-61.4489
-61.4865
-61.5332
-61.5825
-61.6327
-61.6829
-61.7328
-61.7824
-61.8315
-61.8801
-61.9283
-61.9761
-62.0234
-62.0702
-62.1166
-62.1624
-62.2078
-62.2526
-62.3046
-62.3576
-62.4102
-62.4616
-62.5117
-62.5604
-62.6153
-62.6705
-62.7247
-62.7771
-62.8279
-62.8769
-62.9243
-62.9774
-63.0378
-63.0985
-63.1574
-63.214
-63.2681
-63.3198
-63.3692
-63.4167
-63.4622
-63.5061
-63.5483
-63.5892
-63.6287
-63.6669
-63.7039
-63.7398
-63.7746
-63.8084
-63.8412
-63.873
-63.904
-63.934
-63.9632
-63.9915
-64.0191
-64.0459
-64.0719
-63.6373
-63.1441
-62.7259
-62.397
-62.142
-61.9431
-61.7863
-61.6616
-61.5619
-61.4821
-61.4186
-61.3687
-61.3302
-61.3016
-61.2816
-61.269
-61.263
-61.2627
-61.2676
-61.2771
-61.2907
-61.3079
-61.3284
-61.3517
-61.3776
-61.4058
-61.436
-61.468
-61.5015
-61.5365
-61.5726
-61.6178
-61.6656
-61.7142
-61.7629
-61.8113
-61.8592
-61.9068
-61.9539
-62.0083
-62.064
-62.1193
-62.1736
-62.2266
-62.2785
-62.3351
-62.3927
-62.4502
-62.5072
-62.5633
-62.1699
-61.7271
-61.3677
-61.106
-60.9181
-60.7837
-60.6881
-60.621
-60.5757
-60.5473
-60.5325
-60.5287
-60.5342
-60.5476
-60.5677
-60.5935
-60.6243
-60.6595
-60.6985
-60.7407
-60.7858
-60.8334
-60.8831
-60.9347
-60.9878
-61.0781
-61.1819
-61.2886
-61.3939
-61.4963
-61.5953
-61.6909
-61.7834
-61.8731
-61.9602
-62.0449
-62.1276
-62.2082
-62.2869
-62.3638
-62.439
-62.52
-62.601
-62.6803
-62.7575
-62.8325
-62.9052
-62.9758
-63.0443
-63.1109
-63.1756
-63.2385
-63.2997
-63.3594
-63.4174
-63.4843
-63.5519
-63.618
-63.682
-63.7406
-63.7911
-63.8322
-63.8637
-63.886
-63.8999
-63.9064
-63.9066
-63.9014
-63.8984
-63.8933
-63.8856
-63.8754
-63.8631
-63.8492
-63.8341
-63.8184
-63.8022
-63.7861
-63.7701
-63.7545
-63.7394
-63.725
-63.7114
-63.6986
-63.6935
-63.6975
-63.7039
-63.711
-63.7178
-63.7243
-63.7372
-63.7513
-63.7653
-63.7787
-63.7983
-63.8188
-63.8388
-63.8581
-63.8765
-63.8941
-63.911
-63.9273
-63.9432
-63.9587
-63.9738
-63.9888
-64.0035
-64.0279
-64.0542
-64.0805
-64.106
-64.1304
-64.1538
-64.1762
-64.1977
-64.2184
-64.2385
-64.2579
-64.2768
-64.2952
-64.3132
-64.3307
-64.3479
-64.3647
-64.3811
-64.3973
-64.4131
-64.4287
-64.4439
-64.4588
-64.4735
-64.4879
-64.502
-64.5159
-64.5295
-64.5428
-64.5559
-64.5688
-64.5814
-64.5937
-64.6058
-64.6177
-64.6293
-64.6407
-64.6519
-64.6628
-64.6735
-64.684
-64.6943
-64.7043
-64.7141
-64.7299
-64.7468
-64.7636
-64.7797
-64.7951
-64.8097
-64.8236
-64.8367
-64.8492
-64.8612
-64.9043
-64.9572
-65.0113
-65.0632
-64.6485
-64.1748
-63.7765
-63.4674
-63.2315
-63.0578
-62.9339
-62.8426
-62.7748
-62.7356
-62.7128
-62.7013
-62.6984
-62.7023
-62.712
-62.7265
-62.7453
-62.7678
-62.7936
-62.8222
-62.8534
-62.8868
-62.9222
-62.9664
-63.0135
-63.0619
-63.1107
-63.1597
-63.2087
-63.2575
-63.3062
-63.3546
-63.4027
-63.4504
-63.4978
-63.5448
-63.5914
-63.6374
-63.6829
-63.7278
-63.7721
-63.8158
-63.8588
-63.9012
-63.9428
-63.9837
-64.0239
-64.0633
-64.102
-64.1398
-64.177
-64.2183
-64.2607
-64.3032
-64.3452
-64.3865
-64.427
-64.4665
-64.5051
-64.5426
-64.5791
-64.6207
-64.6689
-64.7173
-64.7643
-64.8093
-64.8521
-64.8928
-64.9315
-64.9683
-65.0035
-65.0372
-65.0694
-65.1002
-65.1299
-65.1583
-65.1856
-65.2119
-65.2372
-65.2615
-65.2849
-65.3074
-65.329
-65.3498
-65.3698
-65.389
-65.4075
-65.4253
-65.4423
-65.4587
-65.4743
-65.4894
-65.5038
-65.5176
-65.5308
-65.5434
-65.5555
-65.567
-65.578
-65.5885
-65.5985
-65.608
-65.617
-65.6256
-65.6337
-65.6413
-65.6486
-65.6554
-65.6619
-65.6679
-65.6736
-65.6789
-65.6839
-65.6885
-65.6927
-65.6966
-65.7002
-65.7035
-65.7065
-65.7092
-65.7116
-65.7138
-65.7156
-65.7172
-65.7185
-65.7196
-65.7205
-65.7211
-65.7215
-65.7216
-65.7216
-65.7213
-65.7208
-65.7201
-65.7193
-65.7182
-65.717
-65.7155
-65.714
-65.7122
-65.7103
-65.7082
-65.706
-65.7036
-65.7011
-65.6984
-65.6956
-65.6927
-65.6896
-65.6864
-65.6831
-65.6797
-65.6762
-65.6725
-65.6688
-65.665
-65.661
-65.657
-65.6528
-65.6486
-65.6443
-65.6399
-65.6354
-65.6309
-65.6263
-65.6216
-65.6168
-65.612
-65.6071
-65.6021
-65.5971
-65.592
-65.5869
-65.5817
-65.5765
-65.5712
-65.5659
-65.5605
-65.5551
-65.5496
-65.5441
-65.5386
-65.533
-65.5274
-65.5218
-65.5161
-65.5104
-65.5133
-65.5181
-65.523
-65.5273
-65.5309
-65.5336
-65.5356
-65.5369
-65.5376
-65.5378
-65.5375
-65.5368
-65.5358
-65.5344
-65.5328
-65.531
-65.5289
-65.5266
-65.5241
-65.5215
-65.5187
-65.5157
-65.5126
-65.5093
-65.506
-65.5025
-65.4989
-65.4951
-65.4913
-65.4874
-65.4834
-65.4792
-65.475
-65.4707
-65.4664
-65.4619
-65.4574
-65.4528
-65.4482
-65.4434
-65.4387
-65.4338
-65.4289
-65.424
-65.419
-65.4139
-65.4089
-65.4037
-65.3986
-65.3934
-65.3881
-65.3829
-65.3776
-65.3722
-65.3669
-65.3615
-65.3561
-65.3506
-65.3452
-65.3397
-65.3342
-65.3287
-65.3232
-65.3177
-65.3122
-65.3066
-65.3011
-65.2955
-65.29
-65.2844
-65.2788
-65.2732
-65.2677
-65.2621
-65.2565
-65.2509
-65.2454
-65.2398
-65.2343
-65.2287
-65.2232
-65.2176
-65.2121
-65.2066
-65.2011
-65.1956
-65.1901
-65.1846
-65.1792
-65.1737
-65.1683
-65.1629
-65.1575
-65.1521
-65.1468
-65.1414
-65.1361
-65.1308
-65.1255
-65.1202
-65.115
-65.1098
-65.1046
-65.0994
-65.0942
-65.0891
-65.084
-65.0789
-65.0738
-65.0687
-65.0637
-65.0587
-65.0538
-65.0488
-65.0439
-65.039
-65.0341
-65.0293
-65.0245
-65.0197
-65.0149
-65.0102
-65.0055
-65.0008
-64.9961
