-65
-64.9848
-64.9714
-64.9581
-64.9453
-64.9331
-64.9218
-64.9115
-64.9021
-64.8937
-64.8861
-64.8793
-64.8732
-64.8678
-64.8629
-64.8585
-64.8546
-64.851
-64.8479
-64.845
-64.8425
-64.8402
-64.8382
-64.8363
-64.8347
-64.8333
-64.832
-64.8309
-64.8299
-64.8291
-64.8284
-64.8278
-64.8273
-64.8269
-64.8266
-64.8264
-64.8262
-64.8262
-64.8262
-64.8263
-64.8264
-64.8267
-64.8269
-64.8272
-64.8276
-64.828
-64.8285
-64.8289
-64.8295
-64.83
-64.8306
-64.8313
-64.8319
-64.8326
-64.8333
-64.8341
-64.8348
-64.8356
-64.8364
-64.8372
-64.838
-64.8389
-64.8397
-64.8406
-64.8415
-64.8424
-64.8433
-64.8442
-64.8452
-64.8461
-64.847
-64.848
-64.8489
-64.8499
-64.8508
-64.8518
-64.8528
-64.8538
-64.8547
-64.8557
-64.8567
-64.8577
-64.8586
-64.8596
-64.8606
-64.8616
-64.8625
-64.8635
-64.8645
-64.8655
-64.8664
-64.8674
-64.8684
-64.8693
-64.8703
-64.8712
-64.8722
-64.8731
-64.8741
-64.875
-64.876
-64.8769
-64.8778
-64.8787
-64.8797
-64.8806
-64.8815
-64.8824
-64.8833
-64.8842
-64.8851
-64.886
-64.8868
-64.8877
-64.8886
-64.8894
-64.8903
-64.8912
-64.892
-64.8928
-64.8937
-64.8945
-64.8953
-64.8961
-64.897
-64.8978
-64.8986
-64.8994
-64.9001
-64.9009
-64.9017
-64.9025
-64.9032
-64.904
-64.9048
-64.9055
-64.9062
-64.907
-64.9077
-64.9084
-64.9091
-64.9099
-64.9106
-64.9113
-64.912
-64.9127
-64.9133
-64.914
-64.9147
-64.9154
-64.916
-64.9167
-64.9173
-64.918
-64.9186
-64.9193
-64.9199
-64.9205
-64.9211
-64.9217
-64.9223
-64.9229
-64.9235
-64.9241
-64.9247
-64.9253
-64.9259
-64.9265
-64.927
-64.9276
-64.9281
-64.9287
-64.9292
-64.9298
-64.9303
-64.9308
-64.9314
-64.9319
-64.9324
-64.9329
-64.9334
-64.9339
-64.9344
-64.9349
-64.9354
-64.9359
-64.9364
-64.9369
-64.9373
-64.9378
-64.9383
-64.9387
-64.9392
-64.9396
-64.9401
-64.9405
-64.9409
-64.9414
-64.9418
-64.9422
-64.9427
-64.9431
-64.9435
-64.9439
-64.9443
-64.9447
-64.9451
-64.9455
-64.9459
-64.9463
-64.9466
-64.947
-64.9474
-64.9478
-64.9481
-64.9485
-64.9489
-64.9492
-64.9496
-64.9499
-64.9503
-64.9506
-64.9509
-64.9513
-64.9516
-64.9519
-64.9523
-64.9526
-64.9529
-64.9532
-64.9535
-64.9538
-64.9542
-64.9545
-64.9548
-64.9551
-64.9553
-64.9556
-64.9559
-64.9562
-64.9565
-64.9568
-64.9571
-64.9573
-64.9576
-64.9579
-64.9581
-64.9584
-64.9586
-64.9589
-64.9592
-64.9594
-64.9597
-64.9599
-64.9601
-64.9604
-64.9606
-64.9609
-64.9611
-64.9613
-64.9616
-64.9618
-64.962
-64.9622
-64.9624
-64.9627
-64.9629
-64.9631
-64.9633
-64.9635
-64.9637
-64.9639
-64.9641
-64.9643
-64.9645
-64.9647
-64.9649
-64.9651
-64.9653
-64.9654
-64.9656
-64.9658
-64.966
-64.9662
-64.9663
-64.9665
-64.9667
-64.9668
-64.967
-64.9672
-64.9673
-64.9675
-64.9677
-64.9678
-64.968
-64.9681
-64.9683
-64.9684
-64.9686
-64.9687
-64.9689
-64.969
-64.9692
-64.9693
-64.9694
-64.9696
-64.9697
-64.9698
-64.97
-64.9701
-64.9702
-64.9703
-64.9705
-64.9706
-64.9707
-64.9708
-64.971
-64.9711
-64.9712
-64.9713
-64.9714
-64.9715
-64.9716
-64.9717
-64.9719
-64.972
-64.9721
-64.9722
-64.9723
-64.9724
-64.9725
-64.9726
-64.9727
-64.9728
-64.9729
-64.9729
-64.973
-64.9731
-64.9732
-64.9733
-64.9734
-64.9735
-64.9736
-64.9736
-64.9737
-64.9738
-64.9739
-64.974
-64.974
-64.9741
-64.9742
-64.9743
-64.9743
-64.9744
-64.9745
-64.9746
-64.9746
-64.9747
-64.9748
-64.9748
-64.9749
-64.975
-64.975
-64.9751
-64.9751
-64.9752
-64.9753
-64.9753
-64.9754
-64.9754
-64.9755
-64.9755
-64.9756
-64.9757
-64.9757
-64.9758
-64.9758
-64.9759
-64.9759
-64.976
-64.976
-64.976
-64.9761
-64.9761
-64.9762
-64.9762
-64.9763
-64.9763
-64.9763
-64.9764
-64.9764
-64.9765
-64.9765
-64.9765
-64.9766
-64.9766
-64.9766
-64.9767
-64.9767
-64.9768
-64.9768
-64.9768
-64.9768
-64.9769
-64.9769
-64.9769
-64.977
-64.977
-64.977
-64.977
-64.9771
-64.9771
-64.9771
-64.9772
-64.9772
-64.9772
-64.9772
-64.9772
-64.9773
-64.9773
-64.9773
-64.9773
-64.9773
-64.9774
-64.9774
-64.9774
-64.9774
-64.9774
-64.9775
-64.9775
-64.9775
-64.9775
-64.9775
-64.9775
-64.9775
-64.9776
-64.9776
-64.9776
-64.9776
-64.9776
-64.9776
-64.9776
-64.9776
-64.9777
-64.9777
-64.9777
-64.9777
-64.9777
-64.9777
-64.9777
-64.9777
-64.9777
-64.9777
-64.9777
-64.9777
-64.9777
-64.9778
-64.9778
-64.9778
-64.9778
-64.9778
-64.9778
-64.9778
-64.9778
-64.9778
-64.9778
-64.9778
-64.9778
-64.9778
-64.9778
-64.9778
-64.9778
-64.9778
-64.9778
-64.9778
-64.9778
-64.9778
-64.9778
-64.9778
-64.9778
-64.9778
-64.9778
-64.9778
-64.9778
-64.9778
-64.9778
-64.9778
-64.9778
-64.9778
-64.9777
-64.9777
-64.9777
-64.9777
-64.9777
-64.9777
-64.9777
-64.9777
-64.9777
-64.9777
-64.9777
-64.9777
-64.9777
-64.9777
-64.9777
-64.9777
-64.9776
-64.9776
-64.9776
-64.9776
-64.9776
-64.9776
-64.9776
-64.9776
-64.9776
-64.9776
-64.9776
-64.9776
-64.9775
-64.9775
-64.9775
-64.9775
-64.9775
-64.9775
-64.9775
-64.9775
-64.9775
-64.9774
-64.9774
-64.9774
-64.9774
-64.9774
-64.9774
-64.9774
-64.9774
-64.9774
-64.9773
-64.9773
-64.9773
-64.9773
-64.9773
-64.9773
-64.9773
-64.9772
-64.9772
-64.9772
-64.9772
-64.9772
-64.9772
-64.9772
-64.9772
-64.9771
-64.9771
-64.9771
-64.9771
-64.9771
-64.9771
-64.9771
-64.977
-64.977
-64.977
-64.977
-64.977
-64.977
-64.9769
-64.9769
-64.9769
-64.9769
-64.9769
-64.9769
-64.9769
-64.9768
-64.9768
-64.9768
-64.9768
-64.9768
-64.9768
-64.9767
-64.9767
-64.9767
-64.9767
-64.9767
-64.9767
-64.9766
-64.9766
-64.9766
-64.9766
-64.9766
-64.9766
-64.9765
-64.9765
-64.9765
-64.9765
-64.9765
-64.9765
-64.9764
-64.9764
-64.9764
-64.9764
-64.9764
-64.9764
-64.9763
-64.9763
-64.9763
-64.9763
-64.9763
-64.9763
-64.9762
-64.9762
-64.9762
-64.9762
-64.9762
-64.9762
-64.9761
-64.9761
-64.9761
-64.9761
-64.9761
-64.9761
-64.976
-64.976
-64.976
-64.976
-64.976
-64.9759
-64.9759
-64.9759
-64.9759
-64.9759
-64.9759
-64.9758
-64.9758
-64.9758
-64.9758
-64.9758
-64.9758
-64.9757
-64.9757
-64.9757
-64.9757
-64.9757
-64.9756
-64.9756
-64.9756
-64.9756
-64.9756
-64.9756
-64.9755
-64.9755
-64.9755
-64.9755
-64.9755
-64.9755
-64.9754
-64.9754
-64.9754
-64.9754
-64.9754
-64.9753
-64.9753
-64.9753
-64.9753
-64.9753
-64.9753
-64.9752
-64.9752
-64.9752
-64.9752
-64.9752
-64.9752
-64.9751
-64.9751
-64.9751
-64.9751
-64.9751
-64.975
-64.975
-64.975
-64.975
-64.975
-64.975
-64.9749
-64.9749
-64.9749
-64.9749
-64.9749
-64.9749
-64.9748
-64.9748
-64.9748
-64.9748
-64.9748
-64.9748
-64.9747
-64.9747
-64.9747
-64.9747
-64.9747
-64.9747
-64.9746
-64.9746
-64.9746
-64.9746
-64.9746
-64.9746
-64.9745
-64.9745
-64.9745
-64.9745
-64.9745
-64.9745
-64.9744
-64.9744
-64.9744
-64.9744
-64.9744
-64.9744
-64.9743
-64.9743
-64.9743
-64.9743
-64.9743
-64.9743
-64.9742
-64.9742
-64.9742
-64.9742
-64.9742
-64.9742
-64.9741
-64.9741
-64.9741
-64.9741
-64.9741
-64.9741
-64.974
-64.974
-64.974
-64.974
-64.974
-64.974
-64.9739
-64.9739
-64.9739
-64.9739
-64.9739
-64.9739
-64.9739
-64.9738
-64.9738
-64.9738
-64.9738
-64.9738
-64.9738
-64.9737
-64.9737
-64.9737
-64.9737
-64.9737
-64.9737
-64.9736
-64.9736
-64.9736
-64.9736
-64.9736
-64.9736
-64.9736
-64.9735
-64.9735
-64.9735
-64.9735
-64.9735
-64.9735
-64.9735
-64.9734
-64.9734
-64.9734
-64.9734
-64.9734
-64.9734
-64.9734
-64.9733
-64.9733
-64.9733
-64.9733
-64.9733
-64.9733
-64.9732
-64.9732
-64.9732
-64.9732
-64.9732
-64.9732
-64.9732
-64.9732
-64.9731
-64.9731
-64.9731
-64.9731
-64.9731
-64.9731
-64.9731
-64.973
-64.973
-64.973
-64.973
-64.973
-64.973
-64.973
-64.9729
-64.9729
-64.9729
-64.9729
-64.9729
-64.9729
-64.9729
-64.9728
-64.9728
-64.9728
-64.9728
-64.9728
-64.9728
-64.9728
-64.9728
-64.9727
-64.9727
-64.9727
-64.9727
-64.9727
-64.9727
-64.9727
-64.9727
-64.9726
-64.9726
-64.9726
-64.9726
-64.9726
-64.9726
-64.9726
-64.9725
-64.9725
-64.9725
-64.9725
-64.9725
-64.9725
-64.9725
-64.9725
-64.9724
-64.9724
-64.9724
-64.9724
-64.9724
-64.9724
-64.9724
-64.9724
-64.9724
-64.9723
-64.9723
-64.9723
-64.9723
-64.9723
-64.9723
-64.9723
-64.9723
-64.9722
-64.9722
-64.9722
-64.9722
-64.9722
-64.9722
-64.9722
-64.9722
-64.9721
-64.9721
-64.9721
-64.9721
-64.9721
-64.9721
-64.9721
-64.9721
-64.9721
-64.972
-64.972
-64.972
-64.972
-64.972
-64.972
-64.972
-64.972
-64.972
-64.9719
-64.9719
-64.9719
-64.9719
-64.9719
-64.9719
-64.9719
-64.9719
-64.9719
-64.9718
-64.9718
-64.9718
-64.9718
-64.9718
-64.9718
-64.9718
-64.9718
-64.9718
-64.9718
-64.9717
-64.9717
-64.9717
-64.9717
-64.9717
-64.9717
-64.9717
-64.9717
-64.9717
-64.9717
-64.9716
-64.9716
-64.9716
-64.9716
-64.9716
-64.9716
-64.9716
-64.9716
-64.9716
-64.9716
-64.9715
-64.9715
-64.9715
-64.9715
-64.9715
-64.9715
-64.9715
-64.9715
-64.9715
-64.9715
-64.9714
-64.9714
-64.9714
-64.9714
-64.9714
-64.9714
-64.9714
-64.9714
-64.9714
-64.9714
-64.9714
-64.9713
-64.9713
-64.9713
-64.9713
-64.9713
-64.9713
-64.9713
-64.9713
-64.9713
-64.9713
-64.9713
-64.9712
-64.9712
-64.9712
-64.9712
-64.9712
-64.9712
-64.9712
-64.9712
-64.9712
-64.9712
-64.9712
-64.9711
-64.9711
-64.9711
-64.9711
-64.9711
-64.9711
-64.9711
-64.9711
-64.9711
-64.9711
-64.9711
-64.9711
-64.971
-64.971
-64.971
-64.971
-64.971
-64.971
-64.971
-64.971
-64.971
-64.971
-64.971
-64.971
-64.9709
-64.9709
-64.9709
-64.9709
-64.9709
-64.9709
-64.9709
-64.9709
-64.9709
-64.9709
-64.9709
-64.9709
-64.9709
-64.9708
-64.9708
-64.9708
-64.9708
-64.9708
-64.9708
-64.9708
-64.9708
-64.9708
-64.9708
-64.9708
-64.9708
-64.9708
-64.9707
-64.9707
-64.9707
-64.9707
-64.9707
-64.9707
-64.9707
-64.9707
-64.9707
-64.9707
-64.9707
-64.9707
-64.9707
-64.9707
-64.9706
-64.9706
-64.9706
-64.9706
-64.9706
-64.9706
-64.9706
-64.9706
-64.9706
-64.9706
-64.9706
-64.9706
-64.9706
-64.9706
-64.9706
-64.9705
-64.9705
-64.9705
-64.9705
-64.9705
-64.9705
-64.9705
-64.9705
-64.9705
-64.9705
-64.9705
-64.9705
-64.9511
-64.9157
-64.8686
-64.8135
-64.7526
-64.6877
-64.6201
-64.5508
-64.4806
-64.4101
-64.34
-64.2705
-64.2021
-64.1351
-64.0696
-64.0059
-63.944
-63.8842
-63.8265
-63.7709
-63.7175
-63.6663
-63.6174
-63.5706
-63.526
-63.4835
-63.4432
-63.4049
-63.3687
-63.3344
-63.3021
-63.2717
-63.2431
-63.2163
-63.1912
-63.1677
-63.1459
-63.1257
-63.1069
-63.0896
-63.0737
-63.0592
-63.0459
-63.034
-63.0232
-63.0135
-63.005
-62.9976
-62.9912
-62.9858
-62.9813
-62.9591
-62.9223
-62.8752
-62.8213
-62.7626
-62.701
-62.6377
-62.5735
-62.5093
-62.4456
-62.383
-62.3218
-62.2623
-62.2048
-62.1494
-62.0963
-62.0456
-61.9974
-61.9517
-61.9085
-61.8679
-61.8297
-61.7941
-61.761
-61.7302
-61.7018
-61.6757
-61.6519
-61.6302
-61.6106
-61.5931
-61.5775
-61.5638
-61.5519
-61.5418
-61.5334
-61.5266
-61.5214
-61.5177
-61.5154
-61.5144
-61.5148
-61.5165
-61.5193
-61.5233
-61.5284
-61.5345
-61.5416
-61.5497
-61.5586
-61.5685
-61.5791
-61.5905
-61.6027
-61.6155
-61.629
-61.6431
-61.6579
-61.6732
-61.689
-61.7053
-61.7221
-61.7393
-61.7569
-61.775
-61.7934
-61.8121
-61.8312
-61.8505
-61.8701
-61.89
-61.9101
-61.9305
-61.951
-61.9718
-61.9926
-62.0137
-62.0349
-62.0562
-62.0776
-62.0991
-62.1207
-62.1424
-62.1641
-62.1859
-62.2077
-62.2295
-62.2514
-62.2733
-62.2951
-62.317
-62.3389
-62.3607
-62.3825
-62.4043
-62.426
-62.4477
-62.4693
-62.4909
-62.5124
-62.5338
-62.5552
-62.5764
-62.5976
-62.6187
-62.6397
-62.6607
-62.6815
-62.7022
-62.7228
-62.7433
-62.7637
-62.784
-62.8041
-62.8242
-62.8441
-62.8639
-62.8836
-62.9031
-62.9226
-62.9419
-62.961
-62.9801
-62.999
-63.0178
-63.0364
-63.0549
-63.0733
-63.0915
-63.1096
-63.1276
-63.1454
-63.1631
-63.1806
-63.198
-63.1965
-63.179
-63.1502
-63.1133
-63.0707
-63.0241
-62.9747
-62.9235
-62.8714
-62.8189
-62.7666
-62.7149
-62.6642
-62.6146
-62.5666
-62.5201
-62.4754
-62.4326
-62.3917
-62.3529
-62.316
-62.2812
-62.2484
-62.2176
-62.1888
-62.162
-62.1372
-62.1142
-62.0931
-62.0738
-62.0562
-62.0404
-62.0262
-62.0135
-62.0025
-61.9928
-61.9847
-61.9779
-61.9724
-61.9682
-61.9652
-61.9634
-61.9627
-61.9631
-61.9645
-61.967
-61.9703
-61.9746
-61.9797
-61.9857
-61.9924
-61.9999
-62.0082
-62.0171
-62.0266
-62.0368
-62.0475
-62.0588
-62.0706
-62.083
-62.0957
-62.109
-62.1227
-62.1367
-62.1512
-62.166
-62.1811
-62.1965
-62.2123
-62.2283
-62.2445
-62.261
-62.2777
-62.2947
-62.3118
-62.3291
-62.3465
-62.3641
-62.3818
-62.3997
-62.4177
-62.4357
-62.4539
-62.4721
-62.4904
-62.5087
-62.5271
-62.5455
-62.564
-62.5824
-62.6009
-62.6194
-62.6379
-62.6564
-62.6749
-62.6933
-62.7117
-62.7301
-62.7485
-62.7668
-62.7851
-62.8033
-62.8214
-62.8395
-62.8575
-62.8755
-62.8934
-62.9112
-62.9289
-62.9466
-62.9641
-62.9816
-62.999
-63.0163
-63.0335
-63.0506
-63.0676
-63.0845
-63.1013
-63.118
-63.1346
-63.1511
-63.1674
-63.1837
-63.1999
-63.2159
-63.2318
-63.2477
-63.2634
-63.2789
-63.2944
-63.3098
-63.325
-63.3401
-63.3551
-63.37
-63.3848
-63.3995
-63.414
-63.4284
-63.4427
-63.4569
-63.471
-63.4849
-63.4987
-63.5124
-63.526
-63.5395
-63.5528
-63.5661
-63.5792
-63.5922
-63.6051
-63.6179
-63.6305
-63.6431
-63.6555
-63.6678
-63.68
-63.6921
-63.7041
-63.716
-63.7277
-63.7394
-63.7509
-63.7623
-63.7736
-63.7849
-63.796
-63.807
-63.8178
-63.8286
-63.8393
-63.8499
-63.8604
-63.8707
-63.881
-63.8912
-63.9012
-63.9112
-63.9211
-63.9308
-63.9405
-63.9501
-63.9596
-63.9689
-63.9782
-63.9874
-63.9965
-64.0055
-64.0145
-64.0233
-64.032
-64.0407
-64.0492
-64.0577
-64.0661
-64.0744
-64.0826
-64.0907
-64.0987
-64.1067
-64.1146
-64.1224
-64.1301
-64.1377
-64.1452
-64.1527
-64.1601
-64.1674
-64.1746
-64.1818
-64.1889
-64.1959
-64.2028
-64.2097
-64.2165
-64.2232
-64.2298
-64.2364
-64.2429
-64.2493
-64.2556
-64.2619
-64.2682
-64.2743
-64.2804
-64.2864
-64.2924
-64.2982
-64.3041
-64.3098
-64.3155
-64.3212
-64.3267
-64.3322
-64.3377
-64.3431
-64.3484
-64.3537
-64.3589
-64.364
-64.3691
-64.3742
-64.3792
-64.3841
-64.389
-64.3938
-64.3985
-64.4032
-64.4079
-64.4125
-64.417
-64.4215
-64.426
-64.4304
-64.4347
-64.439
-64.4433
-64.4475
-64.4516
-64.4557
-64.4598
-64.4638
-64.4677
-64.4717
-64.4755
-64.4794
-64.4831
-64.4869
-64.4906
-64.4942
-64.4978
-64.5014
-64.5049
-64.5084
-64.5118
-64.5152
-64.5186
-64.5219
-64.5252
-64.5284
-64.5316
-64.5348
-64.5379
-64.541
-64.5441
-64.5471
-64.55
-64.553
-64.5559
-64.5588
-64.5616
-64.5644
-64.5672
-64.5699
-64.5726
-64.5753
-64.5779
-64.5805
-64.5831
-64.5856
-64.5881
-64.5906
-64.593
-64.5954
-64.5978
-64.6002
-64.6025
-64.6048
-64.607
-64.6093
-64.6115
-64.6137
-64.6158
-64.6179
-64.62
-64.6221
-64.6241
-64.6262
-64.6281
-64.6301
-64.6321
-64.634
-64.6359
-64.6377
-64.6396
-64.6414
-64.6432
-64.6449
-64.6467
-64.6484
-64.6501
-64.6518
-64.6534
-64.655
-64.6567
-64.6582
-64.6598
-64.6613
-64.6629
-64.6644
-64.6658
-64.6673
-64.6687
-64.6702
-64.6716
-64.673
-64.6743
-64.6757
-64.677
-64.6783
-64.6796
-64.6808
-64.6821
-64.6833
-64.6845
-64.6857
-64.6869
-64.6881
-64.6892
-64.6904
-64.6915
-64.6926
-64.6936
-64.6947
-64.6958
-64.6968
-64.6978
-64.6988
-64.6998
-64.7008
-64.7017
-64.7027
-64.7036
-64.7045
-64.7054
-64.7063
-64.7072
-64.708
-64.7089
-64.7097
-64.7105
-64.7113
-64.7121
-64.7129
-64.7137
-64.7144
-64.7152
-64.7159
-64.7166
-64.7173
-64.718
-64.7187
-64.7194
-64.7201
-64.7207
-64.7213
-64.722
-64.7226
-64.7232
-64.7238
-64.7244
-64.725
-64.7255
-64.7261
-64.7266
-64.7272
-64.7277
-64.7282
-64.7287
-64.7292
-64.7297
-64.7302
-64.7307
-64.7311
-64.7316
-64.732
-64.7325
-64.7329
-64.7333
-64.7338
-64.7342
-64.7346
-64.7349
-64.7353
-64.7357
-64.7361
-64.7364
-64.7368
-64.7371
-64.7375
-64.7378
-64.7381
-64.7384
-64.7388
-64.7391
-64.7394
-64.7396
-64.7399
-64.7402
-64.7405
-64.7407
-64.741
-64.7413
-64.7415
-64.7417
-64.742
-64.7422
-64.7424
-64.7427
-64.7429
-64.7431
-64.7433
-64.7435
-64.7437
-64.7439
-64.7441
-64.7442
-64.7444
-64.7446
-64.7447
-64.7449
-64.7451
-64.7452
-64.7454
-64.7455
-64.7456
-64.7458
-64.7459
-64.746
-64.7461
-64.7463
-64.7464
-64.7465
-64.7466
-64.7467
-64.7468
-64.7469
-64.747
-64.7471
-64.7471
-64.7472
-64.7473
-64.7474
-64.7475
-64.7475
-64.7476
-64.7476
-64.7477
-64.7478
-64.7478
-64.7479
-64.7479
-64.7573
-64.7687
-64.7804
-64.7914
-64.8016
-64.8109
-64.8195
-64.8273
-64.8344
-64.841
-64.8471
-64.8528
-64.8581
-64.8631
-64.8678
-64.8722
-64.8764
-64.8804
-64.8841
-64.8877
-64.8911
-64.8943
-64.8974
-64.9003
-64.903
-64.9056
-64.9081
-64.9105
-64.9127
-64.9148
-64.9168
-64.9186
-64.9204
-64.9221
-64.9236
-64.9251
-64.9265
-64.9278
-64.929
-64.9301
-64.9311
-64.932
-64.9329
-64.9337
-64.9344
-64.9351
-64.9357
-64.9362
-64.9366
-64.937
-64.9373
-64.9468
-64.9582
-64.9697
-64.9805
-64.9905
-64.9996
-65.0079
-65.0154
-65.0223
-65.0285
-65.0342
-65.0395
-65.0444
-65.0489
-65.0531
-65.057
-65.0607
-65.0641
-65.0673
-65.0702
-65.0729
-65.0755
-65.0779
-65.0801
-65.0821
-65.084
-65.0857
-65.0872
-65.0887
-65.09
-65.0911
-65.0922
-65.0931
-65.0939
-65.0945
-65.0951
-65.0956
-65.0959
-65.0962
-65.0963
-65.0964
-65.0964
-65.0963
-65.0961
-65.0958
-65.0955
-65.0951
-65.0946
-65.094
-65.0934
-65.0927
-65.0919
-65.0911
-65.0902
-65.0893
-65.0883
-65.0872
-65.0861
-65.085
-65.0838
-65.0826
-65.0813
-65.08
-65.0786
-65.0772
-65.0758
-65.0743
-65.0728
-65.0712
-65.0696
-65.068
-65.0664
-65.0647
-65.063
-65.0613
-65.0596
-65.0578
-65.056
-65.0542
-65.0524
-65.0505
-65.0487
-65.0468
-65.0449
-65.043
-65.041
-65.0391
-65.0371
-65.0352
-65.0332
-65.0312
-65.0292
-65.0272
-65.0251
-65.0231
-65.0211
-65.019
-65.017
-65.0149
-65.0129
-65.0108
-65.0087
-65.0067
-65.0046
-65.0025
-65.0004
-64.9984
-64.9963
-64.9942
-64.9921
-64.99
-64.988
-64.9859
-64.9838
-64.9817
-64.9797
-64.9776
-64.9755
-64.9735
-64.9714
-64.9693
-64.9673
-64.9653
-64.9632
-64.9612
-64.9591
-64.9571
-64.9551
-64.9531
-64.9511
-64.9491
-64.9471
-64.9451
-64.9431
-64.9412
-64.9392
-64.9372
-64.9353
-64.9334
-64.9314
-64.9295
-64.9276
-64.9257
-64.9238
-64.9219
-64.92
-64.9182
-64.9163
-64.9145
-64.9126
-64.9108
-64.909
-64.9072
-64.9054
-64.9036
-64.9018
-64.9001
-64.8983
-64.8966
-64.8948
-64.8931
-64.8914
-64.8897
-64.888
-64.8863
-64.8847
-64.883
-64.8814
-64.8797
-64.8781
-64.8765
-64.8749
-64.8733
-64.8717
-64.8702
-64.8686
-64.8671
-64.8655
-64.864
-64.8625
-64.861
-64.8595
-64.858
-64.8566
-64.8551
-64.8537
-64.8522
-64.8508
-64.8494
-64.848
-64.8466
-64.8453
-64.8439
-64.8425
-64.8412
-64.8399
-64.8386
-64.8372
-64.836
-64.8347
-64.8334
-64.8321
-64.8309
-64.8296
-64.8284
-64.8272
-64.826
-64.8248
-64.8236
-64.8224
-64.8213
-64.8201
-64.819
-64.8179
-64.8167
-64.8156
-64.8145
-64.8134
-64.8124
-64.8113
-64.8102
-64.8092
-64.8082
-64.8071
-64.8061
-64.8051
-64.8041
-64.8031
-64.8022
-64.8012
-64.8002
-64.7993
-64.7984
-64.7974
-64.7965
-64.7956
-64.7947
-64.7938
-64.793
-64.7921
-64.7912
-64.7904
-64.7896
-64.7887
-64.7879
-64.7871
-64.7863
-64.7855
-64.7847
-64.7839
-64.7832
-64.7824
-64.7817
-64.7809
-64.7802
-64.7795
-64.7788
-64.7781
-64.7774
-64.7767
-64.776
-64.7753
-64.7747
-64.774
-64.7734
-64.7727
-64.7721
-64.7715
-64.7709
-64.7703
-64.7697
-64.7691
-64.7685
-64.7679
-64.7674
-64.7668
-64.7663
-64.7657
-64.7652
-64.7646
-64.7641
-64.7636
-64.7631
-64.7626
-64.7621
-64.7616
-64.7611
-64.7607
-64.7602
-64.7598
-64.7593
-64.7589
-64.7584
-64.758
-64.7576
-64.7571
-64.7567
-64.7563
-64.7559
-64.7555
-64.7552
-64.7548
-64.7544
-64.754
-64.7537
-64.7533
-64.753
-64.7526
-64.7523
-64.752
-64.7516
-64.7513
-64.751
-64.7507
-64.7504
-64.7501
-64.7498
-64.7495
-64.7492
-64.749
-64.7487
-64.7484
-64.7482
-64.7479
-64.7477
-64.7474
-64.7472
-64.747
-64.7467
-64.7465
-64.7463
-64.7461
-64.7459
-64.7457
-64.7455
-64.7453
-64.7451
-64.7449
-64.7447
-64.7445
-64.7444
-64.7442
-64.744
-64.7439
-64.7437
-64.7436
-64.7434
-64.7433
-64.7432
-64.743
-64.7429
-64.7428
-64.7426
-64.7425
-64.7424
-64.7423
-64.7422
-64.7421
-64.742
-64.7419
-64.7418
-64.7417
-64.7417
-64.7416
-64.7415
-64.7414
-64.7414
-64.7413
-64.7412
-64.7412
-64.7411
-64.7411
-64.741
-64.741
-64.741
-64.7409
-64.7409
-64.7409
-64.7408
-64.7408
-64.7408
-64.7408
-64.7407
-64.7407
-64.7407
-64.7407
-64.7407
-64.7407
-64.7407
-64.7407
-64.7407
-64.7407
-64.7408
-64.7408
-64.7408
-64.7408
-64.7408
-64.7409
-64.7409
-64.7409
-64.741
-64.741
-64.741
-64.7411
-64.7411
-64.7412
-64.7412
-64.7413
-64.7413
-64.7414
-64.7414
-64.7415
-64.7416
-64.7416
-64.7417
-64.7418
-64.7418
-64.7419
-64.742
-64.7421
-64.7421
-64.7422
-64.7423
-64.7424
-64.7425
-64.7426
-64.7427
-64.7428
-64.7429
-64.7429
-64.743
-64.7431
-64.7433
-64.7434
-64.7435
-64.7436
-64.7437
-64.7438
-64.7439
-64.744
-64.7441
-64.7443
-64.7444
-64.7445
-64.7446
-64.7447
-64.7449
-64.745
-64.7451
-64.7452
-64.7454
-64.7455
-64.7456
-64.7458
-64.7459
-64.7461
-64.7462
-64.7463
-64.7465
-64.7466
-64.7468
-64.7469
-64.7471
-64.7472
-64.7474
-64.7475
-64.7477
-64.7478
-64.748
-64.7481
-64.7483
-64.7484
-64.7486
-64.7488
-64.7489
-64.7491
-64.7492
-64.7494
-64.7496
-64.7497
-64.7499
-64.7501
-64.7502
-64.7504
-64.7506
-64.7508
-64.7509
-64.7511
-64.7513
-64.7514
-64.7516
-64.7518
-64.752
-64.7522
-64.7523
-64.7525
-64.7527
-64.7529
-64.7531
-64.7532
-64.7534
-64.7536
-64.7538
-64.754
-64.7542
-64.7544
-64.7545
-64.7547
-64.7549
-64.7551
-64.7553
-64.7555
-64.7557
-64.7559
-64.7561
-64.7563
-64.7565
-64.7566
-64.7568
-64.757
-64.7572
-64.7574
-64.7576
-64.7578
-64.758
-64.7582
-64.7584
-64.7586
-64.7588
-64.759
-64.7592
-64.7594
-64.7596
-64.7598
-64.76
-64.7602
-64.7604
-64.7606
-64.7608
-64.761
-64.7613
-64.7615
-64.7617
-64.7619
-64.7621
-64.7623
-64.7625
-64.7627
-64.7629
-64.7631
-64.7633
-64.7635
-64.7637
-64.7639
-64.7642
-64.7644
-64.7646
-64.7648
-64.765
-64.7652
-64.7654
-64.7656
-64.7658
-64.766
-64.7663
-64.7665
-64.7667
-64.7669
-64.7671
-64.7673
-64.7675
-64.7677
-64.768
-64.7682
-64.7684
-64.7686
-64.7688
-64.769
-64.7692
-64.7694
-64.7697
-64.7699
-64.7701
-64.7703
-64.7705
-64.7707
-64.7709
-64.7712
-64.7714
-64.7716
-64.7718
-64.772
-64.7722
-64.7724
-64.7727
-64.7729
-64.7731
-64.7733
-64.7735
-64.7737
-64.7739
-64.7742
-64.7744
-64.7746
-64.7748
-64.775
-64.7752
-64.7754
-64.7757
-64.7759
-64.7761
-64.7763
-64.7765
-64.7767
-64.777
-64.7772
-64.7774
-64.7776
-64.7778
-64.778
-64.7782
-64.7785
-64.7787
-64.7789
-64.7791
-64.7793
-64.7795
-64.7797
-64.78
-64.7802
-64.7804
-64.7806
-64.7808
-64.781
-64.7812
-64.7814
-64.7817
-64.7819
-64.7821
-64.7823
-64.7825
-64.7827
-64.7829
-64.7832
-64.7834
-64.7836
-64.7838
-64.784
-64.7842
-64.7844
-64.7846
-64.7848
-64.7851
-64.7853
-64.7855
-64.7857
-64.7859
-64.7861
-64.7863
-64.7865
-64.7867
-64.787
-64.7872
-64.7874
-64.7876
-64.7878
-64.788
-64.7882
-64.7884
-64.7886
-64.7888
-64.789
-64.7893
-64.7895
-64.7897
-64.7899
-64.7901
-64.7903
-64.7905
-64.7907
-64.7909
-64.7911
-64.7913
-64.7915
-64.7917
-64.792
-64.7922
-64.7924
-64.7926
-64.7928
-64.793
-64.7932
-64.7934
-64.7936
-64.7938
-64.794
-64.7942
-64.7944
-64.7946
-64.7948
-64.795
-64.7952
-64.7954
-64.7956
-64.7958
-64.796
-64.7962
-64.7964
-64.7966
-64.7968
-64.797
-64.7972
-64.7974
-64.7976
-64.7978
-64.798
-64.7982
-64.7984
-64.7986
-64.7988
-64.799
-64.7992
-64.7994
-64.7996
-64.7998
-64.8
-64.8002
-64.8004
-64.8006
-64.8008
-64.801
-64.8012
-64.8014
-64.8016
-64.8018
-64.802
-64.8022
-64.8024
-64.8026
-64.8028
-64.803
-64.8032
-64.8034
-64.8036
-64.8037
-64.8039
-64.8041
-64.8043
-64.8045
-64.8047
-64.8049
-64.8051
-64.8053
-64.8055
-64.8057
-64.8059
-64.806
-64.8062
-64.8064
-64.8066
-64.8068
-64.807
-64.8072
-64.8074
-64.8076
-64.8078
-64.8079
-64.8081
-64.8083
-64.8085
-64.8087
-64.8089
-64.8091
-64.8093
-64.8094
-64.8096
-64.8098
-64.81
-64.8102
-64.8104
-64.8106
-64.8107
-64.8109
-64.8079
-64.799
-64.7826
-64.7583
-64.7263
-64.6873
-64.6423
-64.5921
-64.5377
-64.48
-64.4199
-64.3582
-64.2955
-64.2323
-64.1693
-64.1068
-64.0451
-63.9846
-63.9255
-63.868
-63.8122
-63.7582
-63.7061
-63.656
-63.6079
-63.5618
-63.5177
-63.4757
-63.4357
-63.3976
-63.3614
-63.3272
-63.2948
-63.2642
-63.2354
-63.2083
-63.1828
-63.159
-63.1367
-63.116
-63.0967
-63.0788
-63.0623
-63.0471
-63.0332
-63.0205
-63.009
-62.9986
-62.9893
-62.981
-62.9738
-62.9675
-62.9622
-62.9578
-62.9542
-62.9514
-62.9494
-62.9482
-62.9477
-62.9479
-62.9488
-62.9503
-62.9524
-62.9551
-62.9584
-62.9621
-62.9664
-62.9712
-62.9764
-62.9821
-62.9881
-62.9946
-63.0015
-63.0087
-63.0162
-63.0241
-63.0323
-63.0407
-63.0495
-63.0584
-63.0677
-63.0772
-63.0868
-63.0967
-63.1068
-63.1171
-63.1275
-63.1381
-63.1488
-63.1596
-63.1706
-63.1817
-63.1929
-63.2042
-63.2156
-63.2271
-63.2386
-63.2503
-63.2619
-63.2736
-63.2854
-63.2972
-63.3091
-63.3209
-63.3328
-63.3447
-63.3567
-63.3686
-63.3805
-63.3925
-63.4044
-63.4163
-63.4282
-63.4401
-63.4519
-63.4638
-63.4756
-63.4873
-63.4991
-63.5108
-63.5225
-63.5341
-63.5457
-63.5572
-63.5687
-63.5801
-63.5915
-63.6029
-63.6141
-63.6253
-63.6365
-63.6476
-63.6586
-63.6696
-63.6805
-63.6914
-63.7022
-63.7129
-63.7235
-63.7341
-63.7446
-63.7551
-63.7654
-63.7757
-63.786
-63.7961
-63.8062
-63.8162
-63.8261
-63.836
-63.8458
-63.8555
-63.8651
-63.8747
-63.8842
-63.8936
-63.903
-63.9122
-63.9214
-63.9305
-63.9396
-63.9485
-63.9574
-63.9663
-63.975
-63.9837
-63.9923
-64.0008
-64.0092
-64.0176
-64.0259
-64.0341
-64.0423
-64.0504
-64.0584
-64.0663
-64.0742
-64.082
-64.0897
-64.0974
-64.105
-64.1125
-64.12
-64.1274
-64.1347
-64.1419
-64.1491
-64.1562
-64.1633
-64.1702
-64.1771
-64.184
-64.1908
-64.1975
-64.2042
-64.2108
-64.2173
-64.2237
-64.2302
-64.2365
-64.2428
-64.249
-64.2552
-64.2613
-64.2673
-64.2733
-64.2792
-64.2851
-64.2909
-64.2966
-64.3023
-64.308
-64.3136
-64.3191
-64.3246
-64.33
-64.3353
-64.3407
-64.3459
-64.3511
-64.3563
-64.3614
-64.3664
-64.3714
-64.3764
-64.3813
-64.3861
-64.3909
-64.3957
-64.4004
-64.4051
-64.4097
-64.4142
-64.4188
-64.4232
-64.4277
-64.432
-64.4364
-64.4407
-64.4449
-64.4491
-64.4533
-64.4574
-64.4615
-64.4655
-64.4695
-64.4735
-64.4774
-64.4812
-64.4851
-64.4889
-64.4926
-64.4963
-64.5
-64.5036
-64.5072
-64.5108
-64.5143
-64.5178
-64.5213
-64.5247
-64.5281
-64.5314
-64.5347
-64.538
-64.5412
-64.5444
-64.5476
-64.5507
-64.5538
-64.5569
-64.56
-64.563
-64.5659
-64.5689
-64.5718
-64.5747
-64.5775
-64.5804
-64.5831
-64.5859
-64.5886
-64.5913
-64.594
-64.5967
-64.5993
-64.6019
-64.6044
-64.607
-64.6095
-64.612
-64.6144
-64.6168
-64.6192
-64.6216
-64.624
-64.6263
-64.6286
-64.6309
-64.6331
-64.6353
-64.6375
-64.6397
-64.6419
-64.644
-64.6461
-64.6482
-64.6502
-64.6523
-64.6543
-64.6563
-64.6583
-64.6602
-64.6621
-64.664
-64.6659
-64.6678
-64.6696
-64.6715
-64.6733
-64.675
-64.6768
-64.6786
-64.6803
-64.682
-64.6837
-64.6853
-64.687
-64.6886
-64.6902
-64.6918
-64.6934
-64.695
-64.6965
-64.698
-64.6995
-64.701
-64.7025
-64.704
-64.7054
-64.7068
-64.7082
-64.7096
-64.711
-64.7124
-64.7137
-64.715
-64.7163
-64.7176
-64.7189
-64.7202
-64.7214
-64.7227
-64.7239
-64.7251
-64.7263
-64.7275
-64.7287
-64.7298
-64.731
-64.7321
-64.7332
-64.7343
-64.7354
-64.7365
-64.7376
-64.7386
-64.7397
-64.7407
-64.7417
-64.7427
-64.7437
-64.7447
-64.7457
-64.7466
-64.7476
-64.7485
-64.7494
-64.7503
-64.7512
-64.7521
-64.753
-64.7539
-64.7547
-64.7556
-64.7564
-64.7573
-64.7581
-64.7589
-64.7597
-64.7605
-64.7613
-64.762
-64.7628
-64.7635
-64.7643
-64.765
-64.7658
-64.7665
-64.7672
-64.7679
-64.7686
-64.7693
-64.7699
-64.7706
-64.7712
-64.7719
-64.7725
-64.7732
-64.7738
-64.7744
-64.775
-64.7756
-64.7762
-64.7768
-64.7774
-64.778
-64.7785
-64.7791
-64.7796
-64.7802
-64.7807
-64.7812
-64.7818
-64.7823
-64.7828
-64.7833
-64.7838
-64.7843
-64.7848
-64.7853
-64.7857
-64.7862
-64.7867
-64.7871
-64.7876
-64.788
-64.7884
-64.7889
-64.7893
-64.7897
-64.7901
-64.7905
-64.791
-64.7914
-64.7917
-64.7921
-64.7925
-64.7929
-64.7933
-64.7936
-64.794
-64.7944
-64.7947
-64.7951
-64.7954
-64.7958
-64.7961
-64.7964
-64.7967
-64.7971
-64.7974
-64.7977
-64.798
-64.7983
-64.7986
-64.7989
-64.7992
-64.7995
-64.7998
-64.8001
-64.8003
-64.8006
-64.8009
-64.8012
-64.8014
-64.8017
-64.8019
-64.8022
-64.8024
-64.8027
-64.8029
-64.8032
-64.8034
-64.8036
-64.8039
-64.8041
-64.8043
-64.8045
-64.8048
-64.805
-64.8052
-64.8054
-64.8056
-64.8058
-64.806
-64.8062
-64.8064
-64.8066
-64.8068
-64.807
-64.8071
-64.8073
-64.8075
-64.8077
-64.8078
-64.808
-64.8082
-64.8084
-64.8085
-64.8087
-64.8088
-64.809
-64.8092
-64.8093
-64.8095
-64.8096
-64.8097
-64.8099
-64.81
-64.8102
-64.8103
-64.8105
-64.8106
-64.8107
-64.8109
-64.811
-64.8111
-64.8112
-64.8114
-64.8115
-64.8116
-64.8117
-64.8118
-64.812
-64.8121
-64.8122
-64.8123
-64.8124
-64.8125
-64.8126
-64.8127
-64.8128
-64.8129
-64.813
-64.8131
-64.8132
-64.8133
-64.8134
-64.8135
-64.8136
-64.8137
-64.8138
-64.8139
-64.814
-64.814
-64.8141
-64.8142
-64.8143
-64.8144
-64.8145
-64.8145
-64.8146
-64.8147
-64.8148
-64.8149
-64.8149
-64.815
-64.8151
-64.8152
-64.8152
-64.8153
-64.8154
-64.8154
-64.8155
-64.8156
-64.8156
-64.8157
-64.8158
-64.8158
-64.8159
-64.816
-64.816
-64.8161
-64.8161
-64.8162
-64.8163
-64.8163
-64.8164
-64.8164
-64.8165
-64.8166
-64.8166
-64.8167
-64.8167
-64.8168
-64.8168
-64.8169
-64.8169
-64.817
-64.817
-64.8171
-64.8171
-64.8172
-64.8172
-64.8173
-64.8173
-64.8174
-64.8174
-64.8175
-64.8175
-64.8176
-64.8176
-64.8177
-64.8177
-64.8178
-64.8178
-64.8179
-64.8179
-64.8179
-64.818
-64.818
-64.8181
-64.8181
-64.8182
-64.8182
-64.8183
-64.8183
-64.8183
-64.8184
-64.8184
-64.8185
-64.8185
-64.8185
-64.8186
-64.8186
-64.8187
-64.8187
-64.8188
-64.8188
-64.8188
-64.8189
-64.8189
-64.819
-64.819
-64.819
-64.8191
-64.8191
-64.8192
-64.8192
-64.8192
-64.8193
-64.8193
-64.8194
-64.8194
-64.8194
-64.8195
-64.8195
-64.8196
-64.8196
-64.8196
-64.8197
-64.8197
-64.8198
-64.8198
-64.8198
-64.8199
-64.8199
-64.8168
-64.8077
-64.7912
-64.7667
-64.7346
-64.6956
-64.6504
-64.6001
-64.5456
-64.4878
-64.4276
-64.3658
-64.3029
-64.2397
-64.1766
-64.114
-64.0522
-63.9917
-63.9325
-63.8749
-63.8159
-63.7528
-63.6842
-63.6098
-63.5299
-63.4452
-63.3565
-63.2649
-63.1712
-63.0764
-62.9813
-62.8866
-62.7931
-62.7011
-62.6111
-62.5236
-62.4388
-62.357
-62.2783
-62.2028
-62.1307
-62.062
-61.9968
-61.9349
-61.8764
-61.8212
-61.7694
-61.7208
-61.6753
-61.6328
-61.5934
-61.5568
-61.5231
-61.492
-61.4635
-61.4376
-61.4141
-61.3929
-61.3739
-61.3571
-61.3423
-61.3296
-61.3187
-61.3096
-61.3023
-61.2966
-61.2925
-61.2899
-61.2888
-61.2891
-61.2907
-61.2935
-61.2976
-61.3027
-61.309
-61.3163
-61.3246
-61.3338
-61.3439
-61.3549
-61.3666
-61.3791
-61.3924
-61.4063
-61.4208
-61.436
-61.4517
-61.468
-61.4847
-61.502
-61.5197
-61.5378
-61.5563
-61.5752
-61.5945
-61.614
-61.6339
-61.654
-61.6744
-61.695
-61.7158
-61.7369
-61.7581
-61.7795
-61.801
-61.8227
-61.8445
-61.8664
-61.8884
-61.9105
-61.9326
-61.9548
-61.977
-61.9993
-62.0216
-62.0439
-62.0663
-62.0886
-62.1109
-62.1332
-62.1554
-62.1777
-62.1999
-62.222
-62.2441
-62.2661
-62.2881
-62.31
-62.3318
-62.3535
-62.3752
-62.3967
-62.4182
-62.4396
-62.4608
-62.482
-62.5031
-62.524
-62.5448
-62.5656
-62.5862
-62.6066
-62.627
-62.6472
-62.6673
-62.6873
-62.7071
-62.7269
-62.7464
-62.7659
-62.7852
-62.8044
-62.8234
-62.8423
-62.8611
-62.8797
-62.8982
-62.9165
-62.9347
-62.9528
-62.9707
-62.9885
-63.0061
-63.0236
-63.0409
-63.0581
-63.0752
-63.0921
-63.1089
-63.1255
-63.142
-63.1584
-63.1746
-63.1906
-63.2066
-63.2224
-63.238
-63.2535
-63.2689
-63.2842
-63.2993
-63.3142
-63.3291
-63.3438
-63.3583
-63.3728
-63.387
-63.4012
-63.4152
-63.4291
-63.4429
-63.4566
-63.4701
-63.4835
-63.4967
-63.5099
-63.5229
-63.5358
-63.5485
-63.5612
-63.5737
-63.5861
-63.5984
-63.6105
-63.6226
-63.6345
-63.6463
-63.658
-63.6696
-63.6811
-63.6924
-63.7037
-63.7148
-63.7258
-63.7367
-63.7475
-63.7582
-63.7688
-63.7793
-63.7897
-63.8
-63.8102
-63.8202
-63.8302
-63.8401
-63.8499
-63.8595
-63.8691
-63.8786
-63.888
-63.8973
-63.9065
-63.9156
-63.9056
-63.8796
-63.8422
-63.7967
-63.7454
-63.6902
-63.6322
-63.5724
-63.5117
-63.4507
-63.3898
-63.3296
-63.2704
-63.2125
-63.156
-63.1012
-63.0482
-62.9971
-62.948
-62.9009
-62.856
-62.8131
-62.7723
-62.7337
-62.6971
-62.6625
-62.63
-62.5994
-62.5707
-62.544
-62.5191
-62.4959
-62.4745
-62.4547
-62.4366
-62.42
-62.405
-62.3914
-62.3792
-62.3684
-62.3589
-62.3506
-62.3435
-62.3376
-62.3329
-62.3291
-62.3265
-62.3248
-62.324
-62.3241
-62.3251
-62.327
-62.3296
-62.333
-62.3371
-62.3419
-62.3473
-62.3534
-62.36
-62.3673
-62.375
-62.3833
-62.3921
-62.4013
-62.411
-62.4211
-62.4315
-62.4424
-62.4536
-62.4651
-62.477
-62.4891
-62.5015
-62.5142
-62.5271
-62.5403
-62.5536
-62.5672
-62.5809
-62.5948
-62.6089
-62.6231
-62.6375
-62.6519
-62.6665
-62.6812
-62.696
-62.7108
-62.7257
-62.7407
-62.7558
-62.7709
-62.786
-62.8011
-62.8163
-62.8315
-62.8467
-62.862
-62.8772
-62.8924
-62.9076
-62.9228
-62.9379
-62.9531
-62.9682
-62.9832
-62.9982
-63.0132
-63.0282
-63.043
-63.0579
-63.0726
-63.0874
-63.102
-63.1166
-63.1311
-63.1455
-63.1599
-63.1742
-63.1884
-63.2026
-63.2167
-63.2306
-63.2445
-63.2583
-63.2721
-63.2857
-63.2993
-63.3127
-63.3261
-63.3394
-63.3526
-63.3657
-63.3787
-63.3916
-63.4044
-63.4171
-63.4297
-63.4422
-63.4547
-63.467
-63.4792
-63.4914
-63.5034
-63.5153
-63.5272
-63.5389
-63.5506
-63.5621
-63.5736
-63.5849
-63.5962
-63.6073
-63.6184
-63.6294
-63.6402
-63.651
-63.6617
-63.6723
-63.6827
-63.6931
-63.7034
-63.7136
-63.7238
-63.7338
-63.7437
-63.7535
-63.7633
-63.7729
-63.7825
-63.792
-63.8013
-63.8106
-63.8198
-63.8289
-63.838
-63.8469
-63.8558
-63.8645
-63.8732
-63.8818
-63.8903
-63.8988
-63.9071
-63.9154
-63.9236
-63.9317
-63.9397
-63.9476
-63.9555
-63.9633
-63.971
-63.9786
-63.9862
-63.9937
-64.0011
-64.0084
-64.0156
-64.0228
-64.0299
-64.037
-64.0439
-64.0508
-64.0576
-64.0644
-64.0711
-64.0777
-64.0842
-64.0907
-64.0971
-64.1035
-64.1097
-64.116
-64.1221
-64.1282
-64.1342
-64.1402
-64.1461
-64.1519
-64.1577
-64.1634
-64.1691
-64.1747
-64.1802
-64.1857
-64.1911
-64.1965
-64.2018
-64.207
-64.2122
-64.2174
-64.2224
-64.2275
-64.2324
-64.2374
-64.2422
-64.2471
-64.2518
-64.2566
-64.2612
-64.2658
-64.2704
-64.2749
-64.2794
-64.2838
-64.2882
-64.2925
-64.2968
-64.301
-64.3052
-64.3094
-64.3135
-64.3175
-64.3215
-64.3255
-64.3294
-64.3333
-64.3372
-64.3409
-64.3447
-64.3484
-64.3521
-64.3557
-64.3593
-64.3629
-64.3664
-64.3699
-64.3733
-64.3767
-64.3801
-64.3834
-64.3867
-64.39
-64.3932
-64.3964
-64.3995
-64.4026
-64.4057
-64.4087
-64.4117
-64.4147
-64.4177
-64.4206
-64.4235
-64.4263
-64.4291
-64.4319
-64.4347
-64.4374
-64.4401
-64.4427
-64.4454
-64.448
-64.4505
-64.4531
-64.4556
-64.4581
-64.4605
-64.463
-64.4654
-64.4677
-64.4701
-64.4724
-64.4747
-64.477
-64.4792
-64.4814
-64.4836
-64.4858
-64.4879
-64.49
-64.4921
-64.4942
-64.4963
-64.4983
-64.5003
-64.5023
-64.5042
-64.5061
-64.5081
-64.5099
-64.5118
-64.5136
-64.5155
-64.5173
-64.519
-64.5208
-64.5225
-64.5243
-64.526
-64.5276
-64.5293
-64.5309
-64.5326
-64.5342
-64.5357
-64.5373
-64.5389
-64.5404
-64.5419
-64.5434
-64.5449
-64.5463
-64.5478
-64.5492
-64.5506
-64.552
-64.5533
-64.5547
-64.556
-64.5574
-64.5587
-64.56
-64.5612
-64.5625
-64.5638
-64.565
-64.5662
-64.5674
-64.5686
-64.5698
-64.5709
-64.5721
-64.5732
-64.5743
-64.5754
-64.5765
-64.5776
-64.5787
-64.5797
-64.5808
-64.5818
-64.5828
-64.5838
-64.5848
-64.5858
-64.5867
-64.5877
-64.5886
-64.5896
-64.5905
-64.5914
-64.5923
-64.5932
-64.5941
-64.5949
-64.5958
-64.5966
-64.5974
-64.5983
-64.5991
-64.5999
-64.6007
-64.6015
-64.6022
-64.603
-64.6037
-64.6045
-64.6052
-64.606
-64.6067
-64.6074
-64.6081
-64.6088
-64.6095
-64.6101
-64.6108
-64.6114
-64.6121
-64.6127
-64.6134
-64.614
-64.6115
-64.603
-64.587
-64.5631
-64.5317
-64.4932
-64.4486
-64.3989
-64.345
-64.2878
-64.238
-64.1888
-64.1389
-64.088
-64.0364
-63.9845
-63.9326
-63.8812
-63.8304
-63.7807
-63.7321
-63.6849
-63.6393
-63.5952
-63.5528
-63.5121
-63.4732
-63.436
-63.4006
-63.3669
-63.3349
-63.3046
-63.276
-63.249
-63.2236
-63.1997
-63.1773
-63.1564
-63.1368
-63.1186
-63.1018
-63.0862
-63.0718
-63.0586
-63.0466
-63.0357
-63.0258
-63.0169
-63.009
-63.0021
-62.9961
-62.9909
-62.9865
-62.983
-62.9802
-62.9782
-62.9769
-62.9762
-62.9762
-62.9768
-62.978
-62.9797
-62.982
-62.9848
-62.9881
-62.9919
-62.9961
-63.0007
-63.0058
-63.0112
-62.9983
-62.9703
-62.9315
-62.8852
-62.8338
-62.7789
-62.7217
-62.6634
-62.6045
-62.5458
-62.4876
-62.4305
-62.3748
-62.3206
-62.2683
-62.2179
-62.1696
-62.1235
-62.0796
-62.0379
-61.9985
-61.9614
-61.9266
-61.894
-61.8636
-61.8353
-61.8092
-61.7851
-61.763
-61.7429
-61.7246
-61.7082
-61.6935
-61.6805
-61.6691
-61.6594
-61.6511
-61.6443
-61.6389
-61.6348
-61.632
-61.6305
-61.6301
-61.6308
-61.6327
-61.6355
-61.6394
-61.6442
-61.6499
-61.6564
-61.6637
-61.6719
-61.6807
-61.6903
-61.7005
-61.7114
-61.7228
-61.7348
-61.7474
-61.7605
-61.774
-61.788
-61.8024
-61.8172
-61.8324
-61.848
-61.8639
-61.8801
-61.8966
-61.9133
-61.9303
-61.9476
-61.965
-61.9827
-62.0005
-62.0185
-62.0367
-62.055
-62.0734
-62.092
-62.1106
-62.1293
-62.1482
-62.167
-62.186
-62.2049
-62.224
-62.243
-62.2621
-62.2812
-62.3002
-62.3193
-62.3384
-62.3574
-62.3764
-62.3954
-62.4144
-62.4333
-62.4522
-62.471
-62.4897
-62.5084
-62.5271
-62.5456
-62.5641
-62.5825
-62.6008
-62.619
-62.6372
-62.6553
-62.6732
-62.6911
-62.7089
-62.7265
-62.7441
-62.7615
-62.7789
-62.7961
-62.8133
-62.8303
-62.8472
-62.864
-62.8807
-62.8972
-62.9137
-62.93
-62.9462
-62.9623
-62.9783
-62.9941
-63.0098
-63.0254
-63.0409
-63.0563
-63.0715
-63.0866
-63.1016
-63.1165
-63.1312
-63.1458
-63.1603
-63.1747
-63.189
-63.2031
-63.2171
-63.231
-63.2447
-63.2584
-63.2719
-63.2853
-63.2986
-63.3117
-63.3248
-63.3377
-63.3505
-63.3632
-63.3757
-63.3882
-63.4005
-63.4128
-63.4249
-63.4369
-63.4487
-63.4605
-63.4722
-63.4837
-63.4952
-63.5065
-63.5146
-63.5168
-63.5116
-63.4986
-63.478
-63.4505
-63.4169
-63.3783
-63.3355
-63.2894
-63.241
-63.1908
-63.1397
-63.0881
-63.0365
-62.9855
-62.9352
-62.8861
-62.8382
-62.7919
-62.7471
-62.7042
-62.663
-62.6238
-62.5864
-62.5509
-62.5174
-62.4858
-62.456
-62.4281
-62.4021
-62.3778
-62.3552
-62.3344
-62.3152
-62.2975
-62.2815
-62.2669
-62.2538
-62.2421
-62.2317
-62.2226
-62.2148
-62.2081
-62.2027
-62.1983
-62.195
-62.1928
-62.1915
-62.1911
-62.1917
-62.1931
-62.1953
-62.1984
-62.2022
-62.2067
-62.2119
-62.2178
-62.2359
-62.2572
-62.2792
-62.301
-62.3223
-62.343
-62.3631
-62.3828
-62.402
-62.4209
-62.4396
-62.4581
-62.4765
-62.4947
-62.5129
-62.531
-62.549
-62.567
-62.585
-62.603
-62.6209
-62.6388
-62.6566
-62.6744
-62.6922
-62.7099
-62.7276
-62.7452
-62.7628
-62.7803
-62.7978
-62.8152
-62.8325
-62.8497
-62.8669
-62.884
-62.901
-62.9179
-62.9348
-62.9515
-62.9681
-62.9847
-63.0011
-63.0175
-63.0337
-63.0499
-63.0659
-63.0818
-63.0977
-63.1134
-63.1289
-63.1444
-63.1598
-63.175
-63.1902
-63.2052
-63.22
-63.2348
-63.2495
-63.264
-63.2784
-63.2927
-63.3068
-63.3209
-63.3348
-63.3486
-63.3623
-63.3758
-63.3892
-63.4025
-63.4157
-63.4288
-63.4417
-63.4545
-63.4672
-63.4798
-63.4922
-63.5045
-63.5167
-63.5288
-63.5408
-63.5527
-63.5644
-63.576
-63.5875
-63.5989
-63.6101
-63.6213
-63.6323
-63.6432
-63.6541
-63.6647
-63.6753
-63.6858
-63.6962
-63.7064
-63.7166
-63.7266
-63.7365
-63.7464
-63.7561
-63.7657
-63.7752
-63.7846
-63.7939
-63.8031
-63.8122
-63.8213
-63.8302
-63.839
-63.8477
-63.8563
-63.8648
-63.8733
-63.8816
-63.8898
-63.898
-63.906
-63.914
-63.9219
-63.9297
-63.9374
-63.945
-63.9525
-63.96
-63.9674
-63.9746
-63.9818
-63.989
-63.996
-64.003
-64.0098
-64.0166
-64.0234
-64.03
-64.0366
-64.0431
-64.0495
-64.0558
-64.0621
-64.0683
-64.0744
-64.0805
-64.0865
-64.0924
-64.0983
-64.104
-64.1098
-64.1154
-64.121
-64.1265
-64.132
-64.1374
-64.1427
-64.148
-64.1532
-64.1584
-64.1634
-64.1685
-64.1734
-64.1784
-64.1832
-64.188
-64.1928
-64.1974
-64.2021
-64.2067
-64.2112
-64.2157
-64.2201
-64.2244
-64.2288
-64.233
-64.2372
-64.2414
-64.2455
-64.2496
-64.2536
-64.2576
-64.2615
-64.2654
-64.2693
-64.273
-64.2768
-64.2805
-64.2842
-64.2878
-64.2913
-64.2949
-64.2984
-64.3018
-64.3052
-64.3086
-64.3119
-64.3152
-64.3184
-64.3217
-64.3248
-64.328
-64.3311
-64.3341
-64.3371
-64.3401
-64.3431
-64.346
-64.3489
-64.3517
-64.3546
-64.3573
-64.3601
-64.3628
-64.3655
-64.3681
-64.3708
-64.3733
-64.3759
-64.3784
-64.3809
-64.3834
-64.3858
-64.3882
-64.3906
-64.393
-64.3953
-64.3976
-64.3999
-64.4021
-64.4043
-64.4065
-64.4087
-64.4108
-64.4129
-64.415
-64.4171
-64.4191
-64.4211
-64.4231
-64.4251
-64.427
-64.4289
-64.4308
-64.4327
-64.4345
-64.4364
-64.4382
-64.4399
-64.4417
-64.4434
-64.4452
-64.4469
-64.4485
-64.4502
-64.4518
-64.4534
-64.455
-64.4566
-64.4582
-64.4597
-64.4612
-64.4627
-64.4642
-64.4657
-64.4671
-64.4686
-64.47
-64.4714
-64.4728
-64.4741
-64.4755
-64.4768
-64.4781
-64.4794
-64.4807
-64.482
-64.4832
-64.4845
-64.4857
-64.4869
-64.4881
-64.4893
-64.4904
-64.4916
-64.4927
-64.4938
-64.4949
-64.496
-64.4971
-64.4982
-64.4992
-64.5003
-64.5013
-64.5023
-64.5033
-64.5043
-64.5053
-64.5063
-64.5072
-64.5082
-64.5091
-64.51
-64.511
-64.5119
-64.5128
-64.5136
-64.5145
-64.5154
-64.5162
-64.517
-64.5179
-64.5187
-64.5195
-64.5203
-64.5211
-64.5219
-64.5226
-64.5234
-64.5241
-64.5249
-64.5256
-64.5263
-64.527
-64.5278
-64.5285
-64.5291
-64.5298
-64.5305
-64.5312
-64.5318
-64.5325
-64.5331
-64.5337
-64.5344
-64.535
-64.5356
-64.5362
-64.5368
-64.5374
-64.538
-64.5386
-64.5391
-64.5397
-64.5402
-64.5408
-64.5413
-64.5419
-64.5424
-64.5429
-64.5434
-64.544
-64.5445
-64.545
-64.5455
-64.5459
-64.5464
-64.5469
-64.5474
-64.5478
-64.5483
-64.5488
-64.5492
-64.5497
-64.5501
-64.5505
-64.551
-64.5514
-64.5518
-64.5522
-64.5526
-64.5531
-64.5535
-64.5539
-64.5542
-64.5546
-64.555
-64.5554
-64.5558
-64.5562
-64.5565
-64.5569
-64.5573
-64.5576
-64.558
-64.5583
-64.5587
-64.559
-64.5593
-64.5597
-64.56
-64.5603
-64.5607
-64.561
-64.5613
-64.5616
-64.5619
-64.5622
-64.5625
-64.5628
-64.5631
-64.5634
-64.5637
-64.564
-64.5643
-64.5646
-64.5649
-64.5652
-64.5654
-64.5752
-64.5871
-64.5991
-64.6106
-64.6212
-64.6309
-64.6398
-64.6479
-64.6554
-64.6624
-64.6688
-64.6748
-64.6804
-64.6857
-64.6907
-64.6954
-64.6999
-64.7041
-64.7082
-64.712
-64.7157
-64.7192
-64.7225
-64.7257
-64.7287
-64.7315
-64.7343
-64.7369
-64.7394
-64.7417
-64.744
-64.7461
-64.7481
-64.75
-64.7518
-64.7535
-64.7551
-64.7566
-64.7581
-64.7594
-64.7607
-64.7619
-64.7629
-64.764
-64.7649
-64.7658
-64.7666
-64.7674
-64.7773
-64.7893
-64.8014
-64.7936
-64.7689
-64.732
-64.6861
-64.6339
-64.5771
-64.517
-64.4548
-64.3913
-64.3272
-64.263
-64.1993
-64.1363
-64.0743
-64.0138
-63.9547
-63.8973
-63.8416
-63.7879
-63.7361
-63.6863
-63.6384
-63.5926
-63.5488
-63.507
-63.4672
-63.4293
-63.3933
-63.3592
-63.3269
-63.2964
-63.2677
-63.2406
-63.2151
-63.1912
-63.1689
-63.148
-63.1286
-63.1106
-63.0938
-63.0784
-63.0642
-63.0512
-63.0394
-63.0286
-63.019
-63.0103
-63.0026
-62.9959
-62.99
-62.985
-62.9809
-62.9775
-62.9749
-62.9731
-62.9719
-62.9714
-62.9715
-62.9722
-62.9735
-62.9754
-62.9778
-62.9807
-62.9841
-62.9879
-62.9922
-62.9969
-63.002
-63.0074
-63.0132
-63.0193
-63.0258
-63.0326
-63.0396
-63.0469
-63.0545
-63.0623
-63.0703
-63.0785
-63.087
-63.0956
-63.1044
-63.1133
-63.1224
-63.1317
-63.1411
-63.1506
-63.1602
-63.1699
-63.1797
-63.1896
-63.1996
-63.2096
-63.2197
-63.2299
-63.2401
-63.2503
-63.2606
-63.2709
-63.2813
-63.2917
-63.302
-63.3124
-63.3228
-63.3332
-63.3436
-63.354
-63.3644
-63.3747
-63.3851
-63.3954
-63.4057
-63.416
-63.4262
-63.4364
-63.4466
-63.4567
-63.4668
-63.4769
-63.4869
-63.4969
-63.5068
-63.5167
-63.5265
-63.5362
-63.5459
-63.5556
-63.5652
-63.5747
-63.5842
-63.5936
-63.603
-63.6123
-63.6184
-63.6187
-63.6116
-63.5968
-63.5744
-63.5453
-63.5101
-63.4699
-63.4257
-63.3783
-63.3391
-63.3009
-63.2619
-63.222
-63.1814
-63.1403
-63.0993
-63.0586
-63.0185
-62.9794
-62.9414
-62.9047
-62.8694
-62.8357
-62.8036
-62.7731
-62.7443
-62.7172
-62.6917
-62.6678
-62.6456
-62.625
-62.6059
-62.5884
-62.5723
-62.5577
-62.5444
-62.5325
-62.5219
-62.5126
-62.5045
-62.4975
-62.4917
-62.4869
-62.4832
-62.4804
-62.4786
-62.4778
-62.4778
-62.4786
-62.4803
-62.4827
-62.4858
-62.4897
-62.4942
-62.4993
-62.5051
-62.5114
-62.5183
-62.5257
-62.5336
-62.542
-62.5508
-62.5601
-62.5697
-62.5797
-62.5901
-62.6008
-62.6119
-62.6232
-62.6348
-62.6467
-62.6589
-62.6712
-62.6838
-62.6966
-62.7096
-62.7227
-62.736
-62.7495
-62.7631
-62.7768
-62.7907
-62.8046
-62.8186
-62.8328
-62.847
-62.8612
-62.8755
-62.8899
-62.9043
-62.9187
-62.9332
-62.9477
-62.9622
-62.9767
-62.9912
-63.0056
-63.0201
-63.0346
-63.049
-63.0634
-63.0778
-63.0922
-63.1065
-63.1207
-63.135
-63.1491
-63.1632
-63.1773
-63.1913
-63.2052
-63.2191
-63.2329
-63.2466
-63.2603
-63.2739
-63.298
-63.3244
-63.3509
-63.3767
-63.4013
-63.4249
-63.4475
-63.4691
-63.4899
-63.51
-63.5294
-63.5482
-63.5665
-63.5844
-63.6018
-63.6188
-63.6355
-63.6517
-63.6677
-63.6834
-63.6987
-63.7138
-63.7285
-63.743
-63.7573
-63.7713
-63.785
-63.7985
-63.8118
-63.8248
-63.8376
-63.8502
-63.8625
-63.8747
-63.8867
-63.8984
-63.91
-63.9213
-63.9325
-63.9435
-63.9543
-63.9649
-63.9753
-63.9856
-63.9957
-64.0056
-64.0154
-64.025
-64.0345
-64.0438
-64.0529
-64.0619
-64.0708
-64.0795
-64.0881
-64.0965
-64.1048
-64.113
-64.121
-64.1289
-64.1367
-64.1443
-64.1519
-64.1593
-64.1666
-64.1737
-64.1808
-64.1877
-64.1946
-64.2013
-64.2079
-64.2144
-64.2208
-64.2272
-64.2334
-64.2395
-64.2455
-64.2514
-64.2572
-64.263
-64.2686
-64.2742
-64.2797
-64.285
-64.2904
-64.2956
-64.3007
-64.3058
-64.3107
-64.3156
-64.3205
-64.3252
-64.3299
-64.3345
-64.339
-64.3435
-64.3479
-64.3522
-64.3564
-64.3606
-64.3647
-64.3688
-64.3728
-64.3767
-64.3806
-64.3844
-64.3882
-64.3918
-64.3955
-64.3991
-64.4026
-64.4061
-64.4095
-64.4128
-64.4162
-64.4194
-64.4226
-64.4258
-64.4289
-64.432
-64.435
-64.4379
-64.4409
-64.4437
-64.4466
-64.4494
-64.4521
-64.4548
-64.4575
-64.4601
-64.4627
-64.4652
-64.4677
-64.4702
-64.4726
-64.475
-64.4774
-64.4797
-64.482
-64.4842
-64.4864
-64.4886
-64.4907
-64.4929
-64.4949
-64.497
-64.499
-64.501
-64.5029
-64.5048
-64.5067
-64.5086
-64.5104
-64.5122
-64.514
-64.5158
-64.5175
-64.5192
-64.5209
-64.5225
-64.5241
-64.5257
-64.5273
-64.5288
-64.5304
-64.5319
-64.5333
-64.5348
-64.5362
-64.5376
-64.539
-64.5404
-64.5417
-64.5431
-64.5444
-64.5457
-64.5469
-64.5482
-64.5494
-64.5506
-64.5518
-64.553
-64.5541
-64.5552
-64.5564
-64.5575
-64.5585
-64.5596
-64.5606
-64.5617
-64.5627
-64.5637
-64.5647
-64.5657
-64.5666
-64.5676
-64.5685
-64.5694
-64.5703
-64.5712
-64.572
-64.5729
-64.5737
-64.5746
-64.5754
-64.5762
-64.577
-64.5778
-64.5785
-64.5793
-64.58
-64.5808
-64.5815
-64.5822
-64.5829
-64.5836
-64.5843
-64.585
-64.5856
-64.5863
-64.5869
-64.5875
-64.5881
-64.5888
-64.5894
-64.5899
-64.5905
-64.5911
-64.5917
-64.5922
-64.5928
-64.5933
-64.5938
-64.5944
-64.5949
-64.5954
-64.5959
-64.5964
-64.5969
-64.5973
-64.5978
-64.5983
-64.5987
-64.5992
-64.5996
-64.6001
-64.1324
-63.6039
-63.151
-62.7889
-62.5022
-62.2731
-62.0876
-61.9433
-61.827
-61.732
-61.6699
-61.6415
-61.6285
-61.6248
-61.6272
-61.6343
-61.6452
-61.6595
-61.6768
-61.6968
-61.7193
-61.7442
-61.7713
-61.8003
-61.8311
-61.8635
-61.8974
-61.9325
-61.9688
-62.006
-62.0441
-62.0828
-62.1221
-62.1619
-62.202
-62.2424
-62.283
-62.3236
-62.3643
-62.4049
-62.4453
-62.4857
-62.5257
-62.5656
-62.6051
-62.6442
-62.683
-62.7214
-62.7593
-62.7968
-62.8339
-62.8777
-62.9227
-62.9671
-63.025
-63.0848
-63.1434
-63.1997
-63.2535
-63.3189
-63.3849
-63.4488
-63.5099
-63.5678
-63.6228
-63.675
-63.7248
-63.7724
-63.818
-63.8618
-63.9038
-63.9444
-63.9835
-64.0213
-64.0578
-64.0931
-64.1273
-64.1604
-64.1925
-64.2236
-64.2537
-64.2829
-64.3112
-64.3386
-64.3652
-64.391
-64.416
-64.4402
-64.4637
-64.4865
-64.5086
-64.53
-64.5507
-64.5709
-64.5904
-64.6092
-64.6276
-64.6453
-64.6625
-64.6791
-64.6952
-64.7109
-64.726
-64.7406
-64.7548
-64.7685
-64.7818
-64.7946
-64.8071
-64.8191
-64.8307
-64.8419
-64.8528
-64.8633
-64.8734
-64.8832
-64.8927
-64.9018
-64.9106
-64.9191
-64.9273
-64.9352
-64.9428
-64.9623
-64.9841
-65.0118
-65.0398
-65.0665
-65.0914
-65.1144
-65.1357
-65.16
-65.1845
-65.2086
-65.232
-65.2544
-64.809
-64.3174
-63.906
-63.5862
-63.3407
-63.1511
-63.0028
-62.8855
-62.7922
-62.718
-62.6591
-62.613
-62.5776
-62.5514
-62.5332
-62.5218
-62.5165
-62.5166
-62.5213
-62.5303
-62.5429
-62.5588
-62.5777
-62.5991
-62.6227
-62.6801
-62.7503
-62.8238
-62.897
-62.9684
-63.0374
-63.1042
-63.1688
-63.2315
-63.2926
-63.352
-63.4101
-63.4669
-63.5224
-63.5768
-63.63
-63.689
-63.7483
-63.8065
-63.8632
-63.9182
-63.9715
-64.0232
-64.0733
-64.1219
-64.1692
-64.2151
-64.2597
-64.3031
-64.3453
-64.3864
-64.4264
-64.4653
-64.5031
-64.5399
-64.5757
-64.6105
-64.6444
-64.6773
-64.7093
-64.7404
-64.7828
-64.827
-64.8704
-64.9121
-64.9518
-64.9895
-65.0253
-65.0594
-65.0918
-65.1228
-65.1525
-65.1809
-65.2082
-65.2343
-65.2595
-65.2837
-65.3069
-65.3293
-65.3509
-65.3831
-65.4171
-65.4503
-65.482
-65.512
-65.5457
-65.579
-65.6107
-65.6406
-65.6687
-65.695
-65.7197
-65.743
-65.7649
-65.7856
-65.8052
-65.8238
-65.8414
-65.8581
-65.874
-65.889
-65.9033
-65.9169
-65.9297
-65.9419
-65.9534
-65.9644
-65.9747
-65.9844
-65.9936
-66.0023
-66.0104
-66.018
-66.0252
-66.0318
-66.038
-66.0438
-66.0491
-66.054
-66.0586
-66.0627
-66.0664
-66.0698
-66.0728
-66.0754
-66.0777
-66.0797
-66.0814
-66.0828
-66.0946
-66.1084
-66.122
-66.1347
-66.1462
-66.1563
-66.1653
-66.1732
-66.1801
-66.1862
-66.1915
-66.1961
-66.2
-66.2034
-66.2063
-66.2087
-66.2107
-66.2122
-66.2133
-66.214
-66.2144
-66.2145
-66.2142
-66.2136
-66.2127
-66.2115
-66.21
-66.2358
-66.2703
-66.306
-66.3401
-65.8985
-65.397
-64.9729
-64.6403
-64.3827
-64.1945
-64.0514
-63.9405
-63.8533
-63.7845
-63.7304
-63.6883
-63.6561
-63.6325
-63.6163
-63.6065
-63.6022
-63.6029
-63.608
-63.6169
-63.6293
-63.6581
-63.6925
-63.7293
-63.7671
-63.8053
-63.8437
-63.8821
-63.9206
-63.9589
-63.9971
-64.0351
-64.0728
-64.0916
-64.0946
-64.0864
-64.0702
-64.0483
-64.0222
-63.9933
-63.9624
-63.9303
-63.8974
-63.8643
-63.8314
-63.7989
-63.7671
-63.7362
-63.7064
-63.6778
-63.6504
-63.6297
-63.6124
-63.5974
-63.5843
-63.5728
-63.5626
-63.5536
-63.5458
-63.539
-63.5331
-63.5282
-63.531
-63.536
-63.5419
-63.548
-63.5542
-63.5603
-63.5664
-63.5725
-63.5787
-63.5849
-63.5912
-63.5976
-63.6041
-63.6107
-63.6174
-63.6241
-63.6309
-63.6378
-63.6447
-63.6516
-63.6585
-63.6654
-63.6723
-63.6793
-63.6862
-63.6932
-63.7001
-63.7071
-63.7142
-63.7213
-63.7284
-63.7355
-63.7427
-63.75
-63.7573
-63.7647
-63.7721
-63.7796
-63.7871
-63.7948
-63.8024
-63.8101
-63.8179
-63.8257
-63.8334
-63.8412
-63.8489
-63.8565
-63.8639
-63.8712
-63.8783
-63.8852
-63.8918
-63.8982
-63.9043
-63.9101
-63.9156
-63.9207
-63.9254
-63.9296
-63.9335
-63.937
-63.9401
-63.9428
-63.9452
-63.9471
-63.9486
-63.9497
-63.9503
-63.9506
-63.9504
-63.9632
-63.9786
-63.9938
-64.0078
-64.0203
-64.0312
-64.0406
-64.0487
-64.0555
-64.0612
-64.066
-64.0699
-64.0731
-64.0756
-64.0775
-64.0789
-64.0799
-64.0804
-64.0806
-64.0806
-64.0803
-64.0797
-64.079
-64.0782
-64.0772
-64.0762
-64.075
-64.0737
-64.0723
-64.0708
-64.0693
-64.0677
-64.066
-64.0643
-64.0626
-64.0608
-64.059
-64.0572
-64.0555
-64.0537
-64.0521
-64.0504
-64.0299
-63.9936
-63.9461
-63.8908
-63.83
-63.7654
-63.6984
-63.6298
-63.5605
-63.4911
-63.4221
-63.3539
-63.2868
-63.221
-63.1568
-63.0942
-63.0333
-62.9743
-62.9172
-62.862
-62.8089
-62.7577
-62.7086
-62.6614
-62.6163
-62.5731
-62.5318
-62.4924
-62.4549
-62.4193
-62.3855
-62.3535
-62.3233
-62.2948
-62.2679
-62.2426
-62.2189
-62.1968
-62.1761
-62.1568
-62.1389
-62.1223
-62.1069
-62.0927
-62.0796
-62.0676
-62.0565
-62.0464
-62.0372
-62.0288
-62.0213
-62.0145
-62.0084
-62.0029
-61.998
-61.9937
-61.9899
-61.9866
-61.9837
-61.9813
-61.9794
-61.978
-61.977
-61.9765
-61.9764
-61.9768
-61.9777
-61.9791
-61.9809
-61.9832
-61.986
-61.9893
-61.993
-61.9972
-62.0019
-62.007
-62.0125
-62.0186
-62.025
-62.0318
-62.0391
-62.0468
-62.0548
-62.0633
-62.0721
-62.0813
-62.0908
-62.1006
-62.1108
-62.1213
-62.1321
-62.1432
-62.1546
-62.1663
-62.1782
-62.1903
-62.2027
-62.2154
-62.2282
-62.2413
-62.2546
-62.268
-62.2816
-62.2954
-62.3094
-62.3235
-62.3378
-62.3522
-62.3668
-62.3814
-62.3962
-62.4111
-62.426
-62.4411
-62.4562
-62.4715
-62.4868
-62.5021
-62.5176
-62.533
-62.5485
-62.5641
-62.5797
-62.5953
-62.611
-62.6266
-62.6423
-62.658
-62.6737
-62.6894
-62.7051
-62.7208
-62.7364
-62.7521
-62.7677
-62.7833
-62.7989
