-65
-64.9848
-64.9714
-64.9581
-64.9453
-64.9331
-64.9218
-64.9115
-64.9021
-64.8937
-64.8861
-64.8793
-64.8732
-64.8678
-64.8629
-64.8585
-64.8546
-64.851
-64.8479
-64.845
-64.8425
-64.8402
-64.8382
-64.8363
-64.8347
-64.8333
-64.832
-64.8309
-64.8299
-64.8291
-64.8284
-64.8278
-64.8273
-64.8269
-64.8266
-64.8264
-64.8262
-64.8262
-64.8262
-64.8263
-64.8264
-64.8267
-64.8269
-64.8272
-64.8276
-64.828
-64.8285
-64.8289
-64.8295
-64.83
-64.8306
-64.8313
-64.8319
-64.8326
-64.8333
-64.8341
-64.8348
-64.8356
-64.8364
-64.8372
-64.838
-64.8389
-64.8397
-64.8406
-64.8415
-64.8424
-64.8433
-64.8442
-64.8452
-64.8461
-64.847
-64.848
-64.8489
-64.8499
-64.8508
-64.8518
-64.8528
-64.8538
-64.8547
-64.8557
-64.8567
-64.8577
-64.8586
-64.8596
-64.8606
-64.8616
-64.8625
-64.8635
-64.8645
-64.8655
-64.8664
-64.8674
-64.8684
-64.8693
-64.8703
-64.8712
-64.8722
-64.8731
-64.8741
-64.875
-64.876
-64.8769
-64.8778
-64.8787
-64.8797
-64.8806
-64.8815
-64.8824
-64.8833
-64.8842
-64.8851
-64.886
-64.8868
-64.8877
-64.8886
-64.8894
-64.8903
-64.8912
-64.892
-64.8928
-64.8937
-64.8945
-64.8953
-64.8961
-64.897
-64.8978
-64.8986
-64.8994
-64.9001
-64.9009
-64.9017
-64.9025
-64.9032
-64.904
-64.9048
-64.9055
-64.9062
-64.907
-64.9077
-64.9084
-64.9091
-64.9099
-64.9106
-64.9113
-64.912
-64.9127
-64.9133
-64.914
-64.9147
-64.9154
-64.916
-64.9167
-64.9173
-64.918
-64.9186
-64.9193
-64.9199
-64.9205
-64.9211
-64.9217
-64.9223
-64.9229
-64.9235
-64.9241
-64.9247
-64.9253
-64.9259
-64.9265
-64.927
-64.9276
-64.9281
-64.9287
-64.9292
-64.9298
-64.9303
-64.9308
-64.9314
-64.9319
-64.9324
-64.9329
-64.9334
-64.9339
-64.9344
-64.9349
-64.9354
-64.9359
-64.9364
-64.9369
-64.9373
-64.9378
-64.9383
-64.9387
-64.9392
-64.9396
-64.9401
-64.9405
-64.9409
-64.9414
-64.9418
-64.9422
-64.9427
-64.9431
-64.9435
-64.9439
-64.9443
-64.9447
-64.9451
-64.9455
-64.9459
-64.9463
-64.9466
-64.947
-64.9474
-64.9478
-64.9481
-64.9485
-64.9489
-64.9492
-64.9496
-64.9499
-64.9503
-64.9506
-64.9509
-64.9513
-64.9516
-64.9519
-64.9523
-64.9526
-64.9529
-64.9532
-64.9535
-64.9538
-64.9542
-64.9545
-64.9548
-64.9551
-64.9553
-64.9556
-64.9559
-64.9562
-64.9565
-64.9568
-64.9571
-64.9573
-64.9576
-64.9579
-64.9581
-64.9584
-64.9586
-64.9589
-64.9592
-64.9594
-64.9597
-64.9599
-64.9601
-64.9604
-64.9606
-64.9609
-64.9611
-64.9613
-64.9616
-64.9618
-64.962
-64.9622
-64.9624
-64.9627
-64.9629
-64.9631
-64.9633
-64.9635
-64.9637
-64.9639
-64.9641
-64.9643
-64.9645
-64.9647
-64.9649
-64.9651
-64.9653
-64.9654
-64.9656
-64.9658
-64.966
-64.9662
-64.9663
-64.9665
-64.9667
-64.9668
-64.967
-64.9672
-64.9673
-64.9675
-64.9677
-64.9678
-64.968
-64.9681
-64.9683
-64.9684
-64.9686
-64.9687
-64.9689
-64.969
-64.9692
-64.9693
-64.9694
-64.9696
-64.9697
-64.9698
-64.97
-64.9701
-64.9702
-64.9703
-64.9705
-64.9706
-64.9707
-64.9708
-64.971
-64.9711
-64.9712
-64.9713
-64.9714
-64.9715
-64.9716
-64.9717
-64.9719
-64.972
-64.9721
-64.9722
-64.9723
-64.9724
-64.9725
-64.9726
-64.9727
-64.9728
-64.9729
-64.9729
-64.973
-64.9731
-64.9732
-64.9733
-64.9734
-64.9735
-64.9736
-64.9736
-64.9737
-64.9738
-64.9739
-64.974
-64.974
-64.9741
-64.9742
-64.9743
-64.9743
-64.9744
-64.9745
-64.9746
-64.9746
-64.9747
-64.9748
-64.9748
-64.9749
-64.975
-64.975
-64.9751
-64.9751
-64.9752
-64.9753
-64.9753
-64.9754
-64.9754
-64.9755
-64.9755
-64.9756
-64.9757
-64.9757
-64.9758
-64.9758
-64.9759
-64.9759
-64.976
-64.976
-64.976
-64.9761
-64.9761
-64.9762
-64.9762
-64.9763
-64.9763
-64.9763
-64.9764
-64.9764
-64.9765
-64.9765
-64.9765
-64.9766
-64.9766
-64.9766
-64.9767
-64.9767
-64.9768
-64.9768
-64.9768
-64.9768
-64.9769
-64.9769
-64.9769
-64.977
-64.977
-64.977
-64.977
-64.9771
-64.9771
-64.9771
-64.9772
-64.9772
-64.9772
-64.9772
-64.9772
-64.9773
-64.9773
-64.9773
-64.9773
-64.9773
-64.9774
-64.9774
-64.9774
-64.9774
-64.9774
-64.9775
-64.9775
-64.9775
-64.9775
-64.9775
-64.9775
-64.9775
-64.9776
-64.9776
-64.9776
-64.9776
-64.9776
-64.9776
-64.9776
-64.9776
-64.9777
-64.9777
-64.9777
-64.9777
-64.9777
-64.9777
-64.9777
-64.9777
-64.9777
-64.9777
-64.9777
-64.9777
-64.9777
-64.9778
-64.9778
-64.9778
-64.9778
-64.9778
-64.9778
-64.9778
-64.9778
-64.9778
-64.9778
-64.9778
-64.9778
-64.9778
-64.9778
-64.9778
-64.9778
-64.9778
-64.9778
-64.9778
-64.9778
-64.9778
-64.9778
-64.9778
-64.9778
-64.9778
-64.9778
-64.9778
-64.9778
-64.9778
-64.9778
-64.9778
-64.9778
-64.9778
-64.9777
-64.9777
-64.9777
-64.9777
-64.9777
-64.9777
-64.9777
-64.9777
-64.9777
-64.9777
-64.9777
-64.9777
-64.9777
-64.9777
-64.9777
-64.9777
-64.9776
-64.9776
-64.9776
-64.9776
-64.9776
-64.9776
-64.9776
-64.9776
-64.9776
-64.9776
-64.9776
-64.9776
-64.9775
-64.9775
-64.9775
-64.9775
-64.9775
-64.9775
-64.9775
-64.9775
-64.9775
-64.9774
-64.9774
-64.9774
-64.9774
-64.9774
-64.9774
-64.9774
-64.9774
-64.9774
-64.9773
-64.9773
-64.9773
-64.9773
-64.9773
-64.9773
-64.9773
-64.9772
-64.9772
-64.9772
-64.9772
-64.9772
-64.9772
-64.9772
-64.9772
-64.9771
-64.9771
-64.9771
-64.9771
-64.9771
-64.9771
-64.9771
-64.977
-64.977
-64.977
-64.977
-64.977
-64.977
-64.9769
-64.9769
-64.9769
-64.9769
-64.9769
-64.9769
-64.9769
-64.9768
-64.9768
-64.9768
-64.9768
-64.9768
-64.9768
-64.9767
-64.9767
-64.9767
-64.9767
-64.9767
-64.9767
-64.9766
-64.9766
-64.9766
-64.9766
-64.9766
-64.9766
-64.9765
-64.9765
-64.9765
-64.9765
-64.9765
-64.9765
-64.9764
-64.9764
-64.9764
-64.9764
-64.9764
-64.9764
-64.9763
-64.9763
-64.9763
-64.9763
-64.9763
-64.9763
-64.9762
-64.9762
-64.9762
-64.9762
-64.9762
-64.9762
-64.9761
-64.9761
-64.9761
-64.9761
-64.9761
-64.9761
-64.976
-64.976
-64.976
-64.976
-64.976
-64.9759
-64.9759
-64.9759
-64.9759
-64.9759
-64.9759
-64.9758
-64.9758
-64.9758
-64.9758
-64.9758
-64.9758
-64.9757
-64.9757
-64.9757
-64.9757
-64.9757
-64.9756
-64.9756
-64.9756
-64.9756
-64.9756
-64.9756
-64.9755
-64.9755
-64.9755
-64.9755
-64.9755
-64.9755
-64.9754
-64.9754
-64.9754
-64.9754
-64.9754
-64.9753
-64.9753
-64.9753
-64.9753
-64.9753
-64.9753
-64.9752
-64.9752
-64.9752
-64.9752
-64.9752
-64.9752
-64.9751
-64.9751
-64.9751
-64.9751
-64.9751
-64.975
-64.975
-64.975
-64.975
-64.975
-64.975
-64.9749
-64.9749
-64.9749
-64.9749
-64.9749
-64.9749
-64.9748
-64.9748
-64.9748
-64.9748
-64.9748
-64.9748
-64.9747
-64.9747
-64.9747
-64.9747
-64.9747
-64.9747
-64.9746
-64.9746
-64.9746
-64.9746
-64.9746
-64.9746
-64.9745
-64.9745
-64.9745
-64.9745
-64.9745
-64.9745
-64.9744
-64.9744
-64.9744
-64.9744
-64.9744
-64.9744
-64.9743
-64.9743
-64.9743
-64.9743
-64.9743
-64.9743
-64.9742
-64.9742
-64.9742
-64.9742
-64.9742
-64.9742
-64.9741
-64.9741
-64.9741
-64.9741
-64.9741
-64.9741
-64.974
-64.974
-64.974
-64.974
-64.974
-64.974
-64.9739
-64.9739
-64.9739
-64.9739
-64.9739
-64.9739
-64.9739
-64.9738
-64.9738
-64.9738
-64.9738
-64.9738
-64.9738
-64.9737
-64.9737
-64.9737
-64.9737
-64.9737
-64.9737
-64.9736
-64.9736
-64.9736
-64.9736
-64.9736
-64.9736
-64.9736
-64.9735
-64.9735
-64.9735
-64.9735
-64.9735
-64.9735
-64.9735
-64.9734
-64.9734
-64.9734
-64.9734
-64.9734
-64.9734
-64.9734
-64.9733
-64.9733
-64.9733
-64.9733
-64.9733
-64.9733
-64.9732
-64.9732
-64.9732
-64.9732
-64.9732
-64.9732
-64.9732
-64.9732
-64.9731
-64.9731
-64.9731
-64.9731
-64.9731
-64.9731
-64.9731
-64.973
-64.973
-64.973
-64.973
-64.973
-64.973
-64.973
-64.9729
-64.9729
-64.9729
-64.9729
-64.9729
-64.9729
-64.9729
-64.9728
-64.9728
-64.9728
-64.9728
-64.9728
-64.9728
-64.9728
-64.9728
-64.9727
-64.9727
-64.9727
-64.9727
-64.9727
-64.9727
-64.9727
-64.9727
-64.9726
-64.9726
-64.9726
-64.9726
-64.9726
-64.9726
-64.9726
-64.9725
-64.9725
-64.9725
-64.9725
-64.9725
-64.9725
-64.9725
-64.9725
-64.9724
-64.9724
-64.9724
-64.9724
-64.9724
-64.9724
-64.9724
-64.9724
-64.9724
-64.9723
-64.9723
-64.9723
-64.9723
-64.9723
-64.9723
-64.9723
-64.9723
-64.9722
-64.9722
-64.9722
-64.9722
-64.9722
-64.9722
-64.9722
-64.9722
-64.9721
-64.9721
-64.9721
-64.9721
-64.9721
-64.9721
-64.9721
-64.9721
-64.9721
-64.972
-64.972
-64.972
-64.972
-64.972
-64.972
-64.972
-64.972
-64.972
-64.9719
-64.9719
-64.9719
-64.9719
-64.9719
-64.9719
-64.9719
-64.9719
-64.9719
-64.9718
-64.9718
-64.9718
-64.9718
-64.9718
-64.9718
-64.9718
-64.9718
-64.9718
-64.9718
-64.9717
-64.9717
-64.9717
-64.9717
-64.9717
-64.9717
-64.9717
-64.9717
-64.9717
-64.9717
-64.9716
-64.9716
-64.9716
-64.9716
-64.9716
-64.9716
-64.9716
-64.9716
-64.9716
-64.9716
-64.9715
-64.9715
-64.9715
-64.9715
-64.9715
-64.9715
-64.9715
-64.9715
-64.9715
-64.9715
-64.9714
-64.9714
-64.9714
-64.9714
-64.9714
-64.9714
-64.9714
-64.9714
-64.9714
-64.9714
-64.9714
-64.9713
-64.9713
-64.9713
-64.9713
-64.9713
-64.9713
-64.9713
-64.9713
-64.9713
-64.9713
-64.9713
-64.9712
-64.9712
-64.9712
-64.9712
-64.9712
-64.9712
-64.9712
-64.9712
-64.9712
-64.9712
-64.9712
-64.9711
-64.9711
-64.9711
-64.9711
-64.9711
-64.9711
-64.9711
-64.9711
-64.9711
-64.9711
-64.9711
-64.9711
-64.971
-64.971
-64.971
-64.971
-64.971
-64.971
-64.971
-64.971
-64.971
-64.971
-64.971
-64.971
-64.9709
-64.9709
-64.9709
-64.9709
-64.9709
-64.9709
-64.9709
-64.9709
-64.9709
-64.9709
-64.9709
-64.9709
-64.9709
-64.9708
-64.9708
-64.9708
-64.9708
-64.9708
-64.9708
-64.9708
-64.9708
-64.9708
-64.9708
-64.9708
-64.9708
-64.9708
-64.9707
-64.9707
-64.9707
-64.9707
-64.9707
-64.9707
-64.9707
-64.9707
-64.9707
-64.9707
-64.9707
-64.9707
-64.9707
-64.9707
-64.9706
-64.9706
-64.9706
-64.9706
-64.9706
-64.9706
-64.9706
-64.9706
-64.9706
-64.9706
-64.9706
-64.9706
-64.9706
-64.9706
-64.9706
-64.9705
-64.9705
-64.9705
-64.9705
-64.9705
-64.9705
-64.9705
-64.9705
-64.9705
-64.9705
-64.9705
-64.9705
-64.9705
-64.9705
-64.9705
-64.9704
-64.9704
-64.9704
-64.9704
-64.9704
-64.9704
-64.9704
-64.9704
-64.9704
-64.9704
-64.9704
-64.9704
-64.9704
-64.9704
-64.9704
-64.9704
-64.9703
-64.9703
-64.9703
-64.9703
-64.9703
-64.9703
-64.9703
-64.9703
-64.9703
-64.9703
-64.9703
-64.9703
-64.9703
-64.9703
-64.9703
-64.9703
-64.9703
-64.9702
-64.9702
-64.9702
-64.9702
-64.9702
-64.9702
-64.9702
-64.9702
-64.9702
-64.9702
-64.9702
-64.9702
-64.9702
-64.9702
-64.9702
-64.9702
-64.9702
-64.9702
-64.9701
-64.9701
-64.9701
-64.9701
-64.9701
-64.9701
-64.9701
-64.9701
-64.9701
-64.9701
-64.9701
-64.9701
-64.9701
-64.9701
-64.9701
-64.9701
-64.9701
-64.9701
-64.9701
-64.97
-64.97
-64.97
-64.97
-64.97
-64.97
-64.97
-64.97
-64.97
-64.97
-64.97
-64.97
-64.97
-64.97
-64.97
-64.97
-64.97
-64.97
-64.97
-64.97
-64.9699
-64.9699
-64.9699
-64.9699
-64.9699
-64.9699
-64.9699
-64.9699
-64.9699
-64.9699
-64.9699
-64.9699
-64.9699
-64.9699
-64.9699
-64.9699
-64.9699
-64.9699
-64.9699
-64.9699
-64.9699
-64.9699
-64.9698
-64.9698
-64.9698
-64.9698
-64.9698
-64.9698
-64.9698
-64.9698
-64.9698
-64.9698
-64.9698
-64.9698
-64.9698
-64.9698
-64.9698
-64.9698
-64.9698
-64.9698
-64.9698
-64.9698
-64.9698
-64.9698
-64.9698
-64.9698
-64.9697
-64.9697
-64.9697
-64.9697
-64.9697
-64.9697
-64.9697
-64.9697
-64.9697
-64.9697
-64.9697
-64.9697
-64.9697
-64.9697
-64.9697
-64.9697
-64.9697
-64.9697
-64.9697
-64.9697
-64.9697
-64.9697
-64.9697
-64.9697
-64.9697
-64.9697
-64.9696
-64.9696
-64.9696
-64.9696
-64.9696
-64.9696
-64.9696
-64.9696
-64.9696
-64.9696
-64.9696
-64.9696
-64.9696
-64.9696
-64.9696
-64.9696
-64.9696
-64.9696
-64.9696
-64.9696
-64.9696
-64.9696
-64.9696
-64.9696
-64.9696
-64.9696
-64.9696
-64.9696
-64.9695
-64.9695
-64.9695
-64.9695
-64.9695
-64.9695
-64.9695
-64.9695
-64.9695
-64.9695
-64.9695
-64.9695
-64.9695
-64.9695
-64.9695
-64.9695
-64.9695
-64.9695
-64.9695
-64.9695
-64.9695
-64.9695
-64.9695
-64.9695
-64.9695
-64.9695
-64.9695
-64.9695
-64.9695
-64.9695
-64.9695
-64.9695
-64.9695
-64.9694
-64.9694
-64.9694
-64.9694
-64.9694
-64.9694
-64.9694
-64.9694
-64.9694
-64.9694
-64.9694
-64.9694
-64.9694
-64.9694
-64.9694
-64.9694
-64.9694
-64.9694
-64.9694
-64.9694
-64.9694
-64.9694
-64.9694
-64.9694
-64.9694
-64.9694
-64.9694
-64.9694
-64.9694
-64.9694
-64.9694
-64.9694
-64.9694
-64.9694
-64.9694
-64.9694
-64.9693
-64.9693
-64.9693
-64.9693
-64.9693
-64.9693
-64.9693
-64.9693
-64.9693
-64.9693
-64.9693
-64.9693
-64.9693
-64.9693
-64.9693
-64.9693
-64.9693
-64.9693
-64.9693
-64.9693
-64.9693
-64.9693
-64.9693
-64.9693
-64.9693
-64.9693
-64.9693
-64.9693
-64.9693
-64.9693
-64.9693
-64.9693
-64.9693
-64.9693
-64.9693
-64.9693
-64.9693
-64.9693
-64.9693
-64.9693
-64.9693
-64.9693
-64.9693
-64.9693
-64.9692
-64.9692
-64.9692
-64.9692
-64.9692
-64.9692
-64.9692
-64.9692
-64.9692
-64.9692
-64.9692
-64.9692
-64.9692
-64.9692
-64.9692
-64.9692
-64.9692
-64.9692
-64.9692
-64.9692
-64.9692
-64.9692
-64.9692
-64.9692
-64.9692
-64.9692
-64.9692
-64.9692
-64.9692
-64.9692
-64.9692
-64.9692
-64.9692
-64.9692
-64.9692
-64.9692
-64.9692
-64.9692
-64.9692
-64.9692
-64.9692
-64.9692
-64.9692
-64.9692
-64.9692
-64.9692
-64.9692
-64.9692
-64.9692
-64.9692
-64.9692
-64.9692
-64.9692
-64.9692
-64.9691
-64.9691
-64.9691
-64.9691
-64.9691
-64.9691
-64.9691
-64.9691
-64.9691
-64.9691
-64.9691
-64.9691
-64.9691
-64.9691
-64.9691
-64.9691
-64.9691
-64.9691
-64.9691
-64.9691
-64.9691
-64.9691
-64.9691
-64.9691
-64.9691
-64.9691
-64.9691
-64.9691
-64.9691
-64.9691
-64.9691
-64.9691
-64.9691
-64.9691
-64.9691
-64.9691
-64.9691
-64.9691
-64.9691
-64.9691
-64.9691
-64.9691
-64.9691
-64.9691
-64.9691
-64.9691
-64.9691
-64.9691
-64.9691
-64.9691
-64.9691
-64.9691
-64.9691
-64.9691
-64.9691
-64.9691
-64.9691
-64.9691
-64.9691
-64.9691
-64.9691
-64.9691
-64.9691
-64.9691
-64.9691
-64.9691
-64.9691
-64.9691
-64.9691
-64.9691
-64.9691
-64.9691
-64.9691
-64.9691
-64.9691
-64.9691
-64.969
-64.969
-64.969
-64.969
-64.969
-64.969
-64.969
-64.969
-64.969
-64.969
-64.969
-64.969
-64.969
-64.969
-64.969
-64.969
-64.969
-64.969
-64.969
-64.969
-64.969
-64.969
-64.969
-64.969
-64.969
-64.969
-64.969
-64.969
-64.969
-64.969
-64.969
-64.969
-64.969
-64.969
-64.969
-64.969
-64.969
-64.969
-64.969
-64.969
-64.969
-64.969
-64.969
-64.969
-64.969
-64.969
-64.969
-64.969
-64.969
-64.969
-64.969
-64.969
-64.969
-64.969
-64.969
-64.969
-64.969
-64.969
-64.969
-64.969
-64.969
-64.969
-64.969
-64.969
-64.969
-64.969
-64.969
-64.969
-64.969
-64.969
-64.969
-64.969
-64.969
-64.969
-64.969
-64.969
-64.969
-64.969
-64.969
-64.969
-64.969
-64.969
-64.969
-64.969
-64.969
-64.969
-64.969
-64.969
-64.969
-64.969
-64.969
-64.969
-64.969
-64.969
-64.969
-64.969
-64.969
-64.969
-64.969
-64.969
-64.969
-64.969
-64.969
-64.969
-64.969
-64.969
-64.969
-64.969
-64.969
-64.969
-64.969
-64.969
-64.969
-64.969
-64.969
-64.969
-64.969
-64.969
-64.969
-64.969
-64.969
-64.969
-64.969
-64.969
-64.969
-64.969
-64.969
-64.969
-64.969
-64.969
-64.969
-64.969
-64.969
-64.969
-64.969
-64.969
-64.969
-64.969
-64.969
-64.969
-64.969
-64.969
-64.969
-64.969
-64.969
-64.969
-64.969
-64.969
-64.969
-64.969
-64.969
-64.969
-64.969
-64.969
-64.969
-64.969
-64.969
-64.969
-64.969
-64.969
-64.969
-64.969
-64.969
-64.969
-64.969
-64.969
-64.969
-64.969
-64.969
-64.969
-64.969
-64.969
-64.969
-64.969
-64.969
-64.969
-64.969
-64.969
-64.969
-64.969
-64.969
-64.969
-64.969
-64.969
-64.969
-64.969
-64.969
-64.969
-64.969
-64.969
-64.969
-64.969
-64.969
-64.969
-64.969
-64.969
-64.969
-64.969
-64.969
-64.969
-64.969
-64.969
-64.969
-64.969
-64.969
-64.969
-64.969
-64.969
-64.969
-64.969
-64.969
-64.969
-64.969
-64.969
-64.969
-64.969
-64.969
-64.969
-64.969
-64.969
-64.969
-64.969
-64.969
-64.969
-64.969
-64.969
-64.969
-64.969
-64.969
-64.969
-64.969
-64.969
-64.969
-64.969
-64.969
-64.969
-64.969
-64.969
-64.969
-64.969
-64.969
-64.969
-64.969
-64.9658
-64.9566
-64.94
-64.9154
-64.8832
-64.8439
-64.7986
-64.7481
-64.6933
-64.6353
-64.5749
-64.5128
-64.4497
-64.3862
-64.3228
-64.2599
-64.1979
-64.137
-64.0775
-64.0196
-63.9634
-63.909
-63.8566
-63.8061
-63.7576
-63.7112
-63.6668
-63.6244
-63.584
-63.5455
-63.509
-63.4745
-63.4417
-63.4108
-63.3816
-63.3542
-63.3285
-63.3043
-63.2817
-63.2607
-63.2411
-63.2229
-63.2061
-63.1906
-63.1764
-63.1634
-63.1516
-63.141
-63.1314
-63.1229
-63.1154
-63.1089
-63.1033
-63.0986
-63.0948
-63.0918
-63.0896
-63.0881
-63.0874
-63.0874
-63.088
-63.0893
-63.0912
-63.0937
-63.0968
-63.1003
-63.1044
-63.109
-63.114
-63.1195
-63.1254
-63.1317
-63.1384
-63.1454
-63.1528
-63.1605
-63.1685
-63.1768
-63.1854
-63.1943
-63.2033
-63.2127
-63.2222
-63.232
-63.2419
-63.252
-63.2623
-63.2727
-63.2833
-63.2941
-63.3049
-63.3159
-63.327
-63.3382
-63.3495
-63.3608
-63.3723
-63.3838
-63.3953
-63.407
-63.4186
-63.4303
-63.4421
-63.4539
-63.4657
-63.4775
-63.4893
-63.5011
-63.513
-63.5248
-63.5367
-63.5485
-63.5603
-63.5721
-63.5839
-63.5956
-63.6074
-63.6191
-63.6307
-63.6424
-63.654
-63.6655
-63.677
-63.6695
-63.6462
-63.6114
-63.5686
-63.5202
-63.4678
-63.4127
-63.3559
-63.2983
-63.2404
-63.1827
-63.1257
-63.0698
-63.0151
-62.962
-62.9106
-62.8611
-62.8134
-62.7678
-62.7243
-62.6829
-62.6436
-62.6064
-62.5713
-62.5382
-62.5072
-62.4783
-62.4513
-62.4262
-62.403
-62.3816
-62.3619
-62.344
-62.3277
-62.3131
-62.2999
-62.2883
-62.2781
-62.2693
-62.2618
-62.2556
-62.2506
-62.2468
-62.2441
-62.2425
-62.242
-62.2424
-62.2438
-62.2461
-62.2493
-62.2533
-62.2581
-62.2637
-62.27
-62.2769
-62.2846
-62.2928
-62.3017
-62.3111
-62.321
-62.3315
-62.3424
-62.3538
-62.3656
-62.3779
-62.3905
-62.4035
-62.4168
-62.4305
-62.4444
-62.4586
-62.4732
-62.4879
-62.5029
-62.5181
-62.5335
-62.5491
-62.5649
-62.5808
-62.5968
-62.6131
-62.6294
-62.6458
-62.6623
-62.679
-62.6957
-62.7124
-62.7292
-62.7461
-62.763
-62.78
-62.797
-62.814
-62.831
-62.848
-62.865
-62.882
-62.899
-62.9159
-62.9329
-62.9498
-62.9666
-62.9835
-63.0003
-63.017
-63.0337
-63.0503
-63.0669
-63.0834
-63.0998
-63.1162
-63.1325
-63.1487
-63.1649
-63.1809
-63.1969
-63.2128
-63.2286
-63.2444
-63.26
-63.2755
-63.291
-63.3063
-63.3216
-63.3367
-63.3518
-63.3667
-63.3816
-63.3963
-63.411
-63.4255
-63.4399
-63.4543
-63.4685
-63.4826
-63.4966
-63.5105
-63.5243
-63.538
-63.5516
-63.5651
-63.5784
-63.5917
-63.6048
-63.6179
-63.6308
-63.6436
-63.6563
-63.6689
-63.6814
-63.6938
-63.7061
-63.7183
-63.7304
-63.7423
-63.7542
-63.7659
-63.7776
-63.7891
-63.8006
-63.8119
-63.8231
-63.8343
-63.8453
-63.8562
-63.867
-63.8777
-63.8884
-63.8989
-63.9093
-63.9196
-63.9299
-63.94
-63.95
-63.9599
-63.9698
-63.9795
-63.9892
-63.9987
-64.0082
-64.0176
-64.0268
-64.036
-64.0451
-64.0541
-64.063
-64.0719
-64.0806
-64.0893
-64.0978
-64.1063
-64.1147
-64.123
-64.1312
-64.1394
-64.1475
-64.1554
-64.1633
-64.1712
-64.1789
-64.1866
-64.1941
-64.2016
-64.2091
-64.2164
-64.2237
-64.2309
-64.238
-64.2451
-64.252
-64.2589
-64.2658
-64.2725
-64.2792
-64.2858
-64.2924
-64.2989
-64.3053
-64.3116
-64.3179
-64.3241
-64.3303
-64.3364
-64.3424
-64.3483
-64.3542
-64.36
-64.3658
-64.3715
-64.3772
-64.3827
-64.3883
-64.3937
-64.3991
-64.4045
-64.4098
-64.415
-64.4202
-64.4253
-64.4303
-64.4353
-64.4403
-64.4452
-64.45
-64.4548
-64.4596
-64.4643
-64.4689
-64.4735
-64.478
-64.4825
-64.4869
-64.4913
-64.4956
-64.4999
-64.5042
-64.5084
-64.5125
-64.5166
-64.5207
-64.5247
-64.5286
-64.5325
-64.5364
-64.5402
-64.544
-64.5478
-64.5515
-64.5551
-64.5588
-64.5623
-64.5659
-64.5694
-64.5728
-64.5762
-64.5796
-64.583
-64.5863
-64.5895
-64.5927
-64.5959
-64.5991
-64.6022
-64.6053
-64.6083
-64.6113
-64.6143
-64.6172
-64.6201
-64.623
-64.6258
-64.6286
-64.6314
-64.6341
-64.6368
-64.6395
-64.6421
-64.6447
-64.6473
-64.6499
-64.6524
-64.6549
-64.6573
-64.6597
-64.6621
-64.6645
-64.6668
-64.6692
-64.6714
-64.6737
-64.6759
-64.6781
-64.6803
-64.6824
-64.6846
-64.6866
-64.6887
-64.6908
-64.6928
-64.6948
-64.6967
-64.6987
-64.7006
-64.7025
-64.7043
-64.7062
-64.708
-64.7098
-64.7116
-64.7133
-64.7151
-64.7168
-64.7185
-64.7201
-64.7218
-64.7234
-64.725
-64.7266
-64.7282
-64.7297
-64.7312
-64.7327
-64.7342
-64.7357
-64.7371
-64.7385
-64.7399
-64.7413
-64.7427
-64.744
-64.7454
-64.7467
-64.748
-64.7492
-64.7505
-64.7518
-64.753
-64.7542
-64.7554
-64.7566
-64.7577
-64.7589
-64.76
-64.7611
-64.7622
-64.7633
-64.7643
-64.7654
-64.7664
-64.7675
-64.7685
-64.7695
-64.7704
-64.7714
-64.7724
-64.7733
-64.7742
-64.7751
-64.776
-64.7769
-64.7778
-64.7786
-64.7795
-64.7803
-64.7811
-64.7819
-64.7827
-64.7835
-64.7843
-64.785
-64.7858
-64.7865
-64.7873
-64.788
-64.7887
-64.7894
-64.79
-64.7907
-64.7914
-64.792
-64.7927
-64.7933
-64.7939
-64.7945
-64.7951
-64.7957
-64.7963
-64.7969
-64.7974
-64.798
-64.7985
-64.7991
-64.7996
-64.8001
-64.8006
-64.8011
-64.8016
-64.8021
-64.8025
-64.803
-64.8035
-64.8039
-64.8044
-64.8048
-64.8052
-64.8056
-64.806
-64.8064
-64.8068
-64.8072
-64.8076
-64.808
-64.8083
-64.8087
-64.809
-64.8094
-64.8097
-64.8101
-64.8104
-64.8107
-64.811
-64.8113
-64.8116
-64.8119
-64.8122
-64.8125
-64.8128
-64.813
-64.8133
-64.8136
-64.8138
-64.8141
-64.8143
-64.8146
-64.8148
-64.815
-64.8152
-64.8155
-64.8157
-64.8159
-64.8161
-64.8163
-64.8165
-64.8167
-64.8168
-64.817
-64.8172
-64.8174
-64.8175
-64.8177
-64.8178
-64.818
-64.8181
-64.8183
-64.8184
-64.8186
-64.8187
-64.8188
-64.819
-64.8191
-64.8192
-64.8193
-64.8194
-64.8195
-64.8196
-64.8197
-64.8198
-64.8199
-64.82
-64.8201
-64.8202
-64.8203
-64.8203
-64.8204
-64.8205
-64.8206
-64.8206
-64.8207
-64.8207
-64.8208
-64.8209
-64.8209
-64.821
-64.821
-64.8211
-64.8211
-64.8211
-64.8212
-64.8212
-64.8212
-64.8213
-64.8213
-64.8213
-64.8214
-64.8214
-64.8214
-64.8214
-64.8214
-64.8214
-64.8215
-64.8215
-64.8215
-64.8215
-64.8215
-64.8215
-64.8215
-64.8215
-64.8215
-64.8215
-64.8215
-64.8215
-64.8215
-64.8214
-64.8214
-64.8214
-64.8214
-64.8214
-64.8214
-64.8214
-64.8213
-64.8213
-64.8213
-64.8213
-64.8212
-64.8212
-64.818
-64.8089
-64.7922
-64.7677
-64.7355
-64.6963
-64.6511
-64.6006
-64.546
-64.4881
-64.4278
-64.3658
-64.3028
-64.2395
-64.1762
-64.1134
-64.0515
-63.9908
-63.9315
-63.8737
-63.8177
-63.7635
-63.7112
-63.6609
-63.6125
-63.5663
-63.522
-63.4798
-63.4395
-63.4013
-63.365
-63.3305
-63.298
-63.2672
-63.2382
-63.211
-63.1854
-63.1614
-63.139
-63.1181
-63.0987
-63.0807
-63.064
-63.0487
-63.0346
-63.0218
-63.0102
-62.9996
-62.9902
-62.9819
-62.9745
-62.9681
-62.9627
-62.9581
-62.9544
-62.9516
-62.9495
-62.9482
-62.9476
-62.9477
-62.9485
-62.9499
-62.9519
-62.9545
-62.9576
-62.9613
-62.9655
-62.9702
-62.9753
-62.9809
-62.9869
-62.9933
-63
-63.0071
-63.0146
-63.0224
-63.0305
-63.0389
-63.0475
-63.0564
-63.0656
-63.075
-63.0846
-63.0944
-63.1044
-63.1145
-63.1249
-63.1354
-63.146
-63.1568
-63.1677
-63.1787
-63.1898
-63.2011
-63.2124
-63.2238
-63.2352
-63.2468
-63.2584
-63.27
-63.2817
-63.2934
-63.3052
-63.317
-63.3288
-63.3406
-63.3525
-63.3643
-63.3762
-63.388
-63.3999
-63.4117
-63.4235
-63.4353
-63.4471
-63.4588
-63.4706
-63.4823
-63.4939
-63.5055
-63.5171
-63.5287
-63.5402
-63.5516
-63.563
-63.5744
-63.5857
-63.5969
-63.6081
-63.6193
-63.6303
-63.6414
-63.6523
-63.6632
-63.674
-63.6848
-63.6955
-63.7061
-63.7167
-63.7272
-63.7376
-63.748
-63.7582
-63.7685
-63.7786
-63.7887
-63.7987
-63.8086
-63.8184
-63.8282
-63.8379
-63.8475
-63.8571
-63.8666
-63.876
-63.8853
-63.8946
-63.9037
-63.9128
-63.9219
-63.9308
-63.9397
-63.9485
-63.9572
-63.9659
-63.9745
-63.983
-63.9914
-63.9998
-64.0081
-64.0163
-64.0244
-64.0325
-64.0405
-64.0484
-64.0563
-64.064
-64.0717
-64.0794
-64.087
-64.0945
-64.1019
-64.1092
-64.1165
-64.1238
-64.1309
-64.138
-64.145
-64.152
-64.1589
-64.1657
-64.1725
-64.1792
-64.1858
-64.1923
-64.1988
-64.2053
-64.2117
-64.218
-64.2242
-64.2304
-64.2366
-64.2426
-64.2486
-64.2546
-64.2605
-64.2663
-64.2721
-64.2778
-64.2835
-64.2891
-64.2946
-64.3001
-64.3056
-64.3109
-64.3163
-64.3215
-64.3268
-64.3319
-64.3371
-64.3421
-64.3471
-64.3521
-64.357
-64.3619
-64.3667
-64.3714
-64.3762
-64.3808
-64.3854
-64.39
-64.3945
-64.399
-64.4034
-64.4078
-64.4122
-64.4165
-64.4207
-64.4249
-64.4291
-64.4332
-64.4373
-64.4413
-64.4453
-64.4492
-64.4531
-64.457
-64.4608
-64.4646
-64.4684
-64.4721
-64.4757
-64.4794
-64.4829
-64.4865
-64.49
-64.4935
-64.4969
-64.5003
-64.5037
-64.507
-64.5103
-64.5136
-64.5168
-64.52
-64.5231
-64.5263
-64.5294
-64.5324
-64.5354
-64.5384
-64.5414
-64.5443
-64.5472
-64.5501
-64.5529
-64.5557
-64.5585
-64.5612
-64.5639
-64.5666
-64.5693
-64.5719
-64.5745
-64.577
-64.5796
-64.5821
-64.5846
-64.587
-64.5895
-64.5919
-64.5942
-64.5966
-64.5989
-64.6012
-64.6035
-64.6057
-64.6079
-64.6101
-64.6123
-64.6145
-64.6166
-64.6187
-64.6208
-64.6228
-64.6249
-64.6269
-64.6289
-64.6308
-64.6328
-64.6347
-64.6366
-64.6385
-64.6403
-64.6422
-64.644
-64.6458
-64.6475
-64.6493
-64.651
-64.6527
-64.6544
-64.6561
-64.6578
-64.6594
-64.661
-64.6626
-64.6642
-64.6658
-64.6673
-64.6688
-64.6703
-64.6718
-64.6733
-64.6748
-64.6762
-64.6776
-64.6791
-64.6804
-64.6818
-64.6832
-64.6845
-64.6858
-64.6872
-64.6885
-64.6897
-64.691
-64.6923
-64.6935
-64.6947
-64.6959
-64.6971
-64.6983
-64.6995
-64.7006
-64.7018
-64.7029
-64.704
-64.7051
-64.7062
-64.7073
-64.7083
-64.7094
-64.7104
-64.7114
-64.7124
-64.7134
-64.7144
-64.7154
-64.7163
-64.7173
-64.7182
-64.7192
-64.7201
-64.721
-64.7219
-64.7228
-64.7236
-64.7245
-64.7253
-64.7262
-64.727
-64.7278
-64.7286
-64.7294
-64.7302
-64.731
-64.7318
-64.7325
-64.7333
-64.734
-64.7348
-64.7355
-64.7362
-64.7369
-64.7376
-64.7383
-64.739
-64.7396
-64.7403
-64.7409
-64.7416
-64.7422
-64.7429
-64.7435
-64.7441
-64.7447
-64.7453
-64.7459
-64.7465
-64.747
-64.7476
-64.7482
-64.7487
-64.7493
-64.7498
-64.7503
-64.7509
-64.7514
-64.7519
-64.7524
-64.7529
-64.7534
-64.7539
-64.7544
-64.7548
-64.7553
-64.7557
-64.7562
-64.7567
-64.7571
-64.7575
-64.758
-64.7584
-64.7588
-64.7592
-64.7596
-64.76
-64.7604
-64.7608
-64.7612
-64.7616
-64.762
-64.7623
-64.7627
-64.7631
-64.7634
-64.7638
-64.7641
-64.7645
-64.7648
-64.7651
-64.7655
-64.7658
-64.7661
-64.7664
-64.7667
-64.767
-64.7673
-64.7676
-64.7679
-64.7682
-64.7685
-64.7688
-64.7691
-64.7693
-64.7696
-64.7699
-64.7701
-64.7704
-64.7707
-64.7709
-64.7712
-64.7714
-64.7716
-64.7719
-64.7721
-64.7723
-64.7726
-64.7728
-64.773
-64.7732
-64.7735
-64.7737
-64.7739
-64.7741
-64.7743
-64.7745
-64.7747
-64.7749
-64.7751
-64.7753
-64.7755
-64.7756
-64.7758
-64.776
-64.7762
-64.7764
-64.7765
-64.7767
-64.7769
-64.777
-64.7772
-64.7774
-64.7775
-64.7777
-64.7778
-64.778
-64.7781
-64.7783
-64.7784
-64.7786
-64.7787
-64.7788
-64.779
-64.7791
-64.7793
-64.7794
-64.7795
-64.7796
-64.7798
-64.7799
-64.78
-64.7801
-64.7803
-64.7804
-64.7805
-64.7806
-64.7807
-64.7808
-64.7809
-64.7811
-64.7812
-64.7813
-64.7814
-64.7815
-64.7816
-64.7817
-64.7818
-64.7819
-64.782
-64.7821
-64.7822
-64.7823
-64.7823
-64.7824
-64.7825
-64.7826
-64.7827
-64.7828
-64.7829
-64.783
-64.783
-64.7831
-64.7832
-64.7833
-64.7834
-64.7834
-64.7835
-64.7836
-64.7837
-64.7837
-64.7838
-64.7839
-64.784
-64.784
-64.7841
-64.7842
-64.7842
-64.7843
-64.7844
-64.7845
-64.7845
-64.7846
-64.7846
-64.7847
-64.7655
-64.7302
-64.6834
-64.6285
-64.5679
-64.5033
-64.436
-64.367
-64.2971
-64.227
-64.1572
-64.088
-64.0199
-63.9532
-63.888
-63.8246
-63.763
-63.7035
-63.6461
-63.5908
-63.5376
-63.4867
-63.438
-63.3914
-63.3471
-63.3048
-63.2647
-63.2267
-63.1907
-63.1566
-63.1245
-63.0943
-63.0659
-63.0393
-63.0143
-62.9911
-62.9695
-62.9494
-62.9308
-62.9136
-62.8979
-62.8835
-62.8704
-62.8586
-62.8479
-62.8384
-62.8301
-62.8227
-62.8165
-62.8111
-62.8068
-62.8033
-62.8007
-62.799
-62.798
-62.7978
-62.7983
-62.7996
-62.8014
-62.804
-62.8071
-62.8108
-62.8151
-62.8199
-62.8252
-62.8309
-62.8371
-62.8438
-62.8509
-62.8583
-62.8662
-62.8743
-62.8828
-62.8917
-62.9008
-62.9102
-62.9199
-62.9298
-62.9399
-62.9503
-62.9609
-62.9717
-62.9826
-62.9937
-63.005
-63.0164
-63.028
-63.0397
-63.0515
-63.0634
-63.0754
-63.0875
-63.0996
-63.1119
-63.1242
-63.1365
-63.1489
-63.1614
-63.1739
-63.1864
-63.1989
-63.2115
-63.224
-63.2366
-63.2492
-63.2618
-63.2743
-63.2869
-63.2806
-63.2585
-63.2252
-63.1839
-63.1371
-63.0863
-63.0329
-62.9778
-62.9219
-62.8658
-62.81
-62.7549
-62.7009
-62.6482
-62.597
-62.5476
-62.5
-62.4544
-62.4108
-62.3693
-62.33
-62.2927
-62.2575
-62.2245
-62.1935
-62.1646
-62.1377
-62.1127
-62.0897
-62.0685
-62.0492
-62.0315
-62.0156
-62.0013
-61.9886
-61.9775
-61.9678
-61.9595
-61.9526
-61.947
-61.9427
-61.9396
-61.9376
-61.9367
-61.937
-61.9382
-61.9404
-61.9435
-61.9476
-61.9524
-61.9581
-61.9646
-61.9718
-61.9797
-61.9883
-61.9975
-62.0073
-62.0177
-62.0286
-62.0401
-62.052
-62.0644
-62.0772
-62.0905
-62.1041
-62.1181
-62.1325
-62.1472
-62.1621
-62.1774
-62.1929
-62.2087
-62.2247
-62.2409
-62.2573
-62.274
-62.2907
-62.3077
-62.3247
-62.3419
-62.3592
-62.3767
-62.3942
-62.4118
-62.4295
-62.4472
-62.465
-62.4828
-62.5007
-62.5186
-62.5365
-62.5544
-62.5723
-62.5903
-62.6082
-62.6261
-62.644
-62.6618
-62.6796
-62.6974
-62.7151
-62.7328
-62.7505
-62.7681
-62.7856
-62.803
-62.8204
-62.8378
-62.855
-62.8722
-62.8892
-62.9063
-62.9232
-62.94
-62.9567
-62.9734
-62.9899
-63.0064
-63.0227
-63.039
-63.0552
-63.0712
-63.0872
-63.103
-63.1187
-63.1344
-63.1499
-63.1653
-63.1806
-63.1958
-63.2109
-63.2258
-63.2407
-63.2554
-63.27
-63.2846
-63.299
-63.3132
-63.3274
-63.3415
-63.3554
-63.3692
-63.3829
-63.3965
-63.41
-63.4234
-63.4367
-63.4498
-63.4628
-63.4757
-63.4885
-63.5012
-63.5138
-63.5263
-63.5386
-63.5509
-63.563
-63.575
-63.5869
-63.5988
-63.6105
-63.622
-63.6335
-63.6449
-63.6562
-63.6673
-63.6784
-63.6894
-63.7002
-63.711
-63.7216
-63.7321
-63.7426
-63.7529
-63.7632
-63.7733
-63.7834
-63.7933
-63.8032
-63.8129
-63.8226
-63.8322
-63.8416
-63.851
-63.8603
-63.8695
-63.8786
-63.8876
-63.8966
-63.9054
-63.9141
-63.9228
-63.9314
-63.9399
-63.9483
-63.9566
-63.9648
-63.973
-63.9811
-63.9859
-63.9848
-63.9763
-63.9599
-63.9359
-63.905
-63.868
-63.8258
-63.7795
-63.73
-63.678
-63.6243
-63.5697
-63.5146
-63.4596
-63.4051
-63.3514
-63.2988
-63.2476
-63.1979
-63.1499
-63.1036
-63.0592
-63.0167
-62.9762
-62.9376
-62.9009
-62.8662
-62.8334
-62.8025
-62.7735
-62.7463
-62.7209
-62.6972
-62.6751
-62.6547
-62.6359
-62.6187
-62.6029
-62.5885
-62.5756
-62.564
-62.5536
-62.5445
-62.5366
-62.5298
-62.5242
-62.5195
-62.516
-62.5133
-62.5117
-62.5109
-62.5109
-62.5118
-62.5135
-62.516
-62.5191
-62.523
-62.5275
-62.5326
-62.5383
-62.5446
-62.5514
-62.5588
-62.5666
-62.5749
-62.5837
-62.5928
-62.6024
-62.6124
-62.6227
-62.6333
-62.6443
-62.6555
-62.6671
-62.6789
-62.691
-62.7033
-62.7158
-62.7285
-62.7414
-62.7545
-62.7678
-62.7812
-62.7948
-62.8085
-62.8223
-62.8362
-62.8502
-62.8643
-62.8785
-62.8928
-62.9071
-62.9215
-62.9359
-62.9504
-62.9649
-62.9794
-62.9939
-63.0085
-63.023
-63.0376
-63.0521
-63.0667
-63.0812
-63.0957
-63.1102
-63.1247
-63.1391
-63.1535
-63.1678
-63.1821
-63.1964
-63.2106
-63.2247
-63.2388
-63.2528
-63.2668
-63.2807
-63.2946
-63.3083
-63.322
-63.3357
-63.3492
-63.3627
-63.3761
-63.3894
-63.4026
-63.4158
-63.4288
-63.4418
-63.4547
-63.4675
-63.4803
-63.4929
-63.5054
-63.5179
-63.5303
-63.5425
-63.5547
-63.5668
-63.5788
-63.5907
-63.6025
-63.6142
-63.6258
-63.6373
-63.6488
-63.6601
-63.6713
-63.6825
-63.6935
-63.7045
-63.7154
-63.7261
-63.7368
-63.7474
-63.7579
-63.7683
-63.7786
-63.7888
-63.7989
-63.8089
-63.8189
-63.8287
-63.8385
-63.8481
-63.8577
-63.8672
-63.8766
-63.8859
-63.8951
-63.9042
-63.9132
-63.9222
-63.931
-63.9398
-63.9485
-63.9571
-63.9656
-63.9741
-63.9824
-63.9907
-63.9989
-64.007
-64.015
-64.023
-64.0308
-64.0386
-64.0463
-64.054
-64.0615
-64.069
-64.0764
-64.0837
-64.091
-64.0982
-64.1053
-64.1123
-64.1192
-64.1261
-64.1329
-64.1397
-64.1463
-64.1529
-64.1595
-64.1659
-64.1723
-64.1786
-64.1849
-64.1911
-64.1972
-64.2033
-64.2093
-64.2152
-64.2211
-64.2269
-64.2326
-64.2383
-64.2439
-64.2495
-64.255
-64.2604
-64.2658
-64.2712
-64.2764
-64.2816
-64.2868
-64.2919
-64.2969
-64.3019
-64.3068
-64.3117
-64.3165
-64.3213
-64.326
-64.3307
-64.3353
-64.3399
-64.3444
-64.3488
-64.3533
-64.3576
-64.3619
-64.3662
-64.3704
-64.3746
-64.3787
-64.3828
-64.3868
-64.3908
-64.3948
-64.3987
-64.4025
-64.4063
-64.4101
-64.4138
-64.4175
-64.4211
-64.4247
-64.4283
-64.4318
-64.4353
-64.4387
-64.4421
-64.4455
-64.4488
-64.4521
-64.4553
-64.4585
-64.4617
-64.4648
-64.4679
-64.471
-64.474
-64.477
-64.48
-64.4829
-64.4858
-64.4886
-64.4914
-64.4942
-64.497
-64.4997
-64.5024
-64.505
-64.5077
-64.5103
-64.5128
-64.5154
-64.5179
-64.5203
-64.5228
-64.5252
-64.5276
-64.5299
-64.5323
-64.5346
-64.5368
-64.5391
-64.5413
-64.5435
-64.5457
-64.5478
-64.5499
-64.552
-64.5541
-64.5561
-64.5581
-64.5601
-64.562
-64.564
-64.5659
-64.5678
-64.5697
-64.5715
-64.5733
-64.5751
-64.5769
-64.5786
-64.5804
-64.5821
-64.5838
-64.5854
-64.5871
-64.5887
-64.5903
-64.5919
-64.5935
-64.595
-64.5965
-64.598
-64.5995
-64.601
-64.6025
-64.6039
-64.6053
-64.6067
-64.6081
-64.6094
-64.6108
-64.6121
-64.6134
-64.6147
-64.6159
-64.6172
-64.6184
-64.6197
-64.6209
-64.6221
-64.6232
-64.6244
-64.6255
-64.6267
-64.6278
-64.6289
-64.63
-64.631
-64.6321
-64.6331
-64.6342
-64.6352
-64.6362
-64.6372
-64.6381
-64.6391
-64.64
-64.641
-64.6419
-64.6428
-64.6437
-64.6446
-64.6454
-64.6463
-64.6472
-64.648
-64.6488
-64.6496
-64.6504
-64.6512
-64.652
-64.6528
-64.6535
-64.6543
-64.655
-64.6557
-64.6564
-64.6571
-64.6578
-64.6585
-64.6592
-64.6598
-64.6605
-64.6611
-64.6618
-64.6624
-64.663
-64.6636
-64.6642
-64.6648
-64.6654
-64.666
-64.6665
-64.6671
-64.6676
-64.6682
-64.6687
-64.6692
-64.6698
-64.6703
-64.6708
-64.6713
-64.6717
-64.6722
-64.6727
-64.6731
-64.6736
-64.6741
-64.6745
-64.6749
-64.6754
-64.6726
-64.6639
-64.6478
-64.6237
-64.592
-64.5534
-64.5086
-64.4587
-64.4046
-64.3472
-64.2873
-64.2258
-64.1634
-64.1004
-64.0376
-63.9753
-63.9138
-63.8535
-63.7945
-63.7371
-63.6814
-63.6275
-63.5755
-63.5255
-63.4775
-63.4315
-63.3875
-63.3455
-63.3054
-63.2674
-63.2313
-63.197
-63.1646
-63.134
-63.1052
-63.0781
-63.0526
-63.0288
-63.0064
-62.9857
-62.9663
-62.9484
-62.9318
-62.9166
-62.9026
-62.8898
-62.8782
-62.8677
-62.8583
-62.85
-62.8427
-62.8363
-62.8309
-62.8264
-62.8227
-62.8198
-62.8177
-62.8164
-62.8158
-62.8159
-62.8166
-62.818
-62.82
-62.8226
-62.8257
-62.8293
-62.8335
-62.8381
-62.8432
-62.8488
-62.8547
-62.861
-62.8677
-62.8748
-62.8822
-62.8899
-62.898
-62.9063
-62.9149
-62.9237
-62.9328
-62.9421
-62.9517
-62.9614
-62.9713
-62.9814
-62.9917
-63.0021
-63.0127
-63.0234
-63.0342
-63.0451
-63.0531
-63.0553
-63.0504
-63.0378
-63.0179
-62.9913
-62.9588
-62.9214
-62.8801
-62.8357
-62.789
-62.7408
-62.6918
-62.6425
-62.5934
-62.5449
-62.4973
-62.4509
-62.4059
-62.3625
-62.3209
-62.281
-62.243
-62.207
-62.1729
-62.1407
-62.1105
-62.0823
-62.0559
-62.0315
-62.0088
-61.988
-61.9689
-61.9514
-61.9357
-61.9215
-61.9088
-61.8977
-61.888
-61.8796
-61.8726
-61.8669
-61.8624
-61.859
-61.8568
-61.8557
-61.8557
-61.8566
-61.8401
-61.8091
-61.768
-61.72
-61.6675
-61.612
-61.5547
-61.4967
-61.4387
-61.3812
-61.3247
-61.2697
-61.2164
-61.165
-61.1159
-61.069
-61.0246
-60.9826
-60.9432
-60.9063
-60.8719
-60.8401
-60.8107
-60.7838
-60.7594
-60.7372
-60.7174
-60.6997
-60.6843
-60.6709
-60.6595
-60.65
-60.6424
-60.6366
-60.6326
-60.6302
-60.6293
-60.63
-60.6321
-60.6356
-60.6405
-60.6466
-60.6539
-60.6623
-60.6719
-60.6824
-60.694
-60.7065
-60.7199
-60.7342
-60.7622
-60.7938
-60.8263
-60.8587
-60.8905
-60.9217
-60.9522
-60.9823
-61.012
-61.0413
-61.0703
-61.0992
-61.1279
-61.1565
-61.185
-61.2134
-61.2418
-61.2701
-61.2984
-61.3266
-61.3547
-61.3828
-61.4108
-61.4387
-61.4666
-61.4944
-61.5221
-61.5497
-61.5772
-61.6046
-61.6318
-61.659
-61.686
-61.713
-61.7397
-61.7664
-61.7929
-61.8163
-61.8339
-61.8443
-61.8471
-61.8426
-61.8314
-61.8144
-61.7925
-61.7666
-61.7376
-61.7063
-61.6734
-61.6397
-61.6055
-61.5715
-61.5379
-61.5051
-61.4734
-61.4429
-61.4138
-61.3864
-61.3605
-61.3364
-61.314
-61.2933
-61.2745
-61.2574
-61.242
-61.2284
-61.2164
-61.2061
-61.1974
-61.1902
-61.1846
-61.1803
-61.1775
-61.1761
-61.1759
-61.177
-61.1793
-61.1828
-61.1873
-61.193
-61.1996
-61.2072
-61.2157
-61.2251
-61.2353
-61.2464
-61.2582
-61.2707
-61.2839
-61.2977
-61.3122
-61.3273
-61.3429
-61.359
-61.3756
-61.3927
-61.4103
-61.4282
-61.4465
-61.4652
-61.4843
-61.5036
-61.5233
-61.5432
-61.5634
-61.5838
-61.6044
-61.6252
-61.6463
-61.6674
-61.6888
-61.7102
-61.7318
-61.7535
-61.7753
-61.7972
-61.8191
-61.8411
-61.8631
-61.8852
-61.9073
-61.9294
-61.9516
-61.9737
-61.9958
-62.0179
-62.04
-62.062
-62.084
-62.106
-62.1279
-62.1497
-62.1715
-62.1932
-62.2148
-62.2364
-62.2578
-62.2792
-62.3005
-62.3216
-62.3427
-62.3637
-62.3846
-62.4053
-62.4259
-62.4465
-62.4669
-62.4871
-62.5073
-62.5273
-62.5472
-62.567
-62.5866
-62.6061
-62.6255
-62.6447
-62.6638
-62.6828
-62.7016
-62.7202
-62.7388
-62.7572
-62.7754
-62.7935
-62.8114
-62.8293
-62.8469
-62.8644
-62.8818
-62.8991
-62.9161
-62.9331
-62.9499
-62.9665
-62.983
-62.9994
-63.0156
-63.0317
-63.0476
-63.0634
-63.0791
-63.0946
-63.1099
-63.1251
-63.1402
-63.1552
-63.17
-63.1846
-63.1991
-63.2135
-63.2278
-63.2419
-63.2559
-63.2697
-63.2834
-63.297
-63.3104
-63.3237
-63.3369
-63.35
-63.3629
-63.3757
-63.3884
-63.4009
-63.4133
-63.4256
-63.4378
-63.4499
-63.4618
-63.4736
-63.4853
-63.4969
-63.5083
-63.5196
-63.5309
-63.542
-63.553
-63.5638
-63.5746
-63.5853
-63.5958
-63.6063
-63.6166
-63.6268
-63.6369
-63.6469
-63.6569
-63.6667
-63.6764
-63.686
-63.6955
-63.7049
-63.7142
-63.7234
-63.7325
-63.7415
-63.7504
-63.7593
-63.768
-63.7766
-63.7852
-63.7936
-63.802
-63.8103
-63.8185
-63.8266
-63.8346
-63.8425
-63.8504
-63.8581
-63.8658
-63.8734
-63.8809
-63.8883
-63.8957
-63.903
-63.9102
-63.9173
-63.9243
-63.9313
-63.9382
-63.945
-63.9518
-63.9584
-63.965
-63.9716
-63.978
-63.9844
-63.9907
-63.997
-64.0032
-64.0093
-64.0153
-64.0213
-64.0272
-64.0331
-64.0389
-64.0446
-64.0503
-64.0559
-64.0614
-64.0669
-64.0723
-64.0777
-64.083
-64.0882
-64.0934
-64.0985
-64.1036
-64.1086
-64.1136
-64.1185
-64.1234
-64.1282
-64.1329
-64.1376
-64.1423
-64.1468
-64.1514
-64.1559
-64.1603
-64.1647
-64.1691
-64.1734
-64.1776
-64.1818
-64.186
-64.1901
-64.1941
-64.1981
-64.2021
-64.206
-64.2099
-64.2138
-64.2176
-64.2213
-64.225
-64.2287
-64.2323
-64.2359
-64.2395
-64.243
-64.2465
-64.2499
-64.2533
-64.2566
-64.26
-64.2632
-64.2665
-64.2697
-64.2729
-64.276
-64.2791
-64.2822
-64.2852
-64.2882
-64.2911
-64.2941
-64.297
-64.2998
-64.3027
-64.3055
-64.3082
-64.311
-64.3137
-64.3163
-64.319
-64.3216
-64.3242
-64.3267
-64.3292
-64.3317
-64.3342
-64.3366
-64.339
-64.3414
-64.3438
-64.3461
-64.3484
-64.3507
-64.3529
-64.3552
-64.3573
-64.3595
-64.3617
-64.3638
-64.3659
-64.368
-64.37
-64.372
-64.374
-64.376
-64.378
-64.3799
-64.3818
-64.3837
-64.3856
-64.3874
-64.3892
-64.391
-64.3928
-64.3946
-64.3963
-64.398
-64.3997
-64.4014
-64.4031
-64.4047
-64.4063
-64.4079
-64.4095
-64.4111
-64.4126
-64.4141
-64.4157
-64.4172
-64.4186
-64.4201
-64.4215
-64.4229
-64.4244
-64.4257
-64.4271
-64.4285
-64.4298
-64.4311
-64.4324
-64.4337
-64.435
-64.4363
-64.4375
-64.4388
-64.44
-64.4412
-64.4424
-64.4436
-64.4447
-64.4459
-64.447
-64.4481
-64.4492
-64.4503
-64.4514
-64.4525
-64.4535
-64.4546
-64.4556
-64.4566
-64.4576
-64.4586
-64.4596
-64.4606
-64.4615
-64.4625
-64.4634
-64.4643
-64.4653
-64.4662
-64.4671
-64.4679
-64.4688
-64.4697
-64.4705
-64.4714
-64.4722
-64.473
-64.4738
-64.4746
-64.4754
-64.4762
-64.477
-64.4777
-64.4785
-64.4792
-64.48
-64.4807
-64.4814
-64.4821
-64.4828
-64.4835
-64.4842
-64.4849
-64.4856
-64.4862
-64.4869
-64.4875
-64.4882
-64.4888
-64.4894
-64.49
-64.4907
-64.4913
-64.4919
-64.4924
-64.493
-64.4936
-64.4942
-64.4947
-64.4953
-64.4958
-64.4964
-64.4969
-64.4974
-64.498
-64.4985
-64.499
-64.4995
-64.5
-64.5005
-64.501
-64.5015
-64.5019
-64.5024
-64.5029
-64.5033
-64.5006
-64.492
-64.4759
-64.452
-64.4204
-64.3819
-64.3373
-64.2876
-64.2337
-64.1766
-64.1171
-64.0559
-63.9937
-63.9312
-63.8688
-63.8068
-63.7458
-63.6859
-63.6274
-63.5705
-63.5153
-63.462
-63.4105
-63.3611
-63.3136
-63.2681
-63.2247
-63.1833
-63.1438
-63.1063
-63.0708
-63.0371
-63.0053
-62.9753
-62.9471
-62.9205
-62.8956
-62.8724
-62.8506
-62.8304
-62.8116
-62.7943
-62.7783
-62.7636
-62.7501
-62.7379
-62.7268
-62.7169
-62.7081
-62.7003
-62.6935
-62.6876
-62.6827
-62.6786
-62.6755
-62.6731
-62.6715
-62.6707
-62.6705
-62.6711
-62.6723
-62.6742
-62.6766
-62.6796
-62.6832
-62.6873
-62.6918
-62.6969
-62.7024
-62.7083
-62.7147
-62.7214
-62.7285
-62.736
-62.7438
-62.7519
-62.7603
-62.7689
-62.7779
-62.7871
-62.7965
-62.8062
-62.816
-62.8261
-62.8364
-62.8468
-62.8573
-62.8681
-62.8789
-62.8899
-62.9011
-62.9123
-62.9236
-62.935
-62.9465
-62.9581
-62.9697
-62.9814
-62.9932
-63.005
-63.0168
-63.0287
-63.0406
-63.0526
-63.0645
-63.0765
-63.0884
-63.1004
-63.1123
-63.1243
-63.1363
-63.1482
-63.1601
-63.172
-63.1839
-63.1957
-63.2075
-63.2193
-63.231
-63.2427
-63.2543
-63.2659
-63.2775
-63.289
-63.3005
-63.3119
-63.3232
-63.3345
-63.3457
-63.3569
-63.368
-63.3791
-63.39
-63.401
-63.4118
-63.4226
-63.4333
-63.444
-63.4545
-63.465
-63.4755
-63.4858
-63.4961
-63.5063
-63.5165
-63.5266
-63.5366
-63.5465
-63.5563
-63.5661
-63.5758
-63.5854
-63.5949
-63.6044
-63.6138
-63.6231
-63.6324
-63.6415
-63.6506
-63.6596
-63.6686
-63.6774
-63.6862
-63.6949
-63.7035
-63.7121
-63.7206
-63.729
-63.7373
-63.7456
-63.7538
-63.7619
-63.77
-63.7779
-63.7858
-63.7937
-63.8014
-63.8091
-63.8167
-63.8243
-63.8317
-63.8391
-63.8465
-63.8538
-63.861
-63.8681
-63.8752
-63.8822
-63.8891
-63.896
-63.9028
-63.9095
-63.9162
-63.9228
-63.9293
-63.9358
-63.9422
-63.9486
-63.9549
-63.9611
-63.9673
-63.9734
-63.9795
-63.9855
-63.9914
-63.9973
-64.0031
-64.0089
-64.0146
-64.0203
-64.0259
-64.0314
-64.0369
-64.0423
-64.0477
-64.0531
-64.0583
-64.0636
-64.0687
-64.0738
-64.0789
-64.0839
-64.0889
-64.0938
-64.0987
-64.1035
-64.1083
-64.113
-64.1177
-64.1223
-64.1269
-64.1315
-64.136
-64.1404
-64.1448
-64.1492
-64.1535
-64.1578
-64.162
-64.1662
-64.1703
-64.1744
-64.1785
-64.1825
-64.1865
-64.1905
-64.1944
-64.1982
-64.2021
-64.2058
-64.2096
-64.2133
-64.217
-64.2206
-64.2242
-64.2278
-64.2313
-64.2348
-64.2382
-64.2417
-64.2451
-64.2484
-64.2517
-64.255
-64.2583
-64.2615
-64.2647
-64.2678
-64.271
-64.2709
-64.2649
-64.2515
-64.2302
-64.2012
-64.1653
-64.1233
-64.0762
-64.0249
-63.9703
-63.9133
-63.8546
-63.795
-63.7349
-63.6748
-63.6153
-63.5566
-63.499
-63.4428
-63.3882
-63.3352
-63.284
-63.2347
-63.1874
-63.142
-63.0986
-63.0571
-63.0177
-62.9802
-62.9417
-62.8996
-62.8524
-62.7998
-62.742
-62.6796
-62.6134
-62.5444
-62.4732
-62.4009
-62.328
-62.2553
-62.1834
-62.1126
-62.0434
-61.9762
-61.9111
-61.8484
-61.7882
-61.7307
-61.6758
-61.6238
-61.5744
-61.5279
-61.4841
-61.443
-61.4045
-61.3687
-61.3354
-61.3046
-61.2762
-61.2501
-61.2263
-61.2046
-61.1851
-61.1676
-61.1521
-61.1385
-61.1266
-61.1166
-61.1082
-61.1014
-61.0961
-61.0924
-61.09
-61.089
-61.0894
-61.0909
-61.0936
-61.0975
-61.1025
-61.1085
-61.1154
-61.1234
-61.1322
-61.1418
-61.1523
-61.1635
-61.1755
-61.1882
-61.2015
-61.2154
-61.23
-61.2451
-61.2607
-61.2768
-61.2934
-61.3104
-61.3279
-61.3457
-61.3639
-61.3825
-61.4014
-61.4205
-61.44
-61.4597
-61.4796
-61.4998
-61.5202
-61.5407
-61.5615
-61.5823
-61.6034
-61.6245
-61.6458
-61.6671
-61.6885
-61.7101
-61.7316
-61.7532
-61.7749
-61.7966
-61.8183
-61.8401
-61.8618
-61.8835
-61.9052
-61.9269
-61.9486
-61.9702
-61.9918
-62.0133
-62.0348
-62.0562
-62.0776
-62.0988
-62.1201
-62.1412
-62.1622
-62.1832
-62.204
-62.2248
-62.2455
-62.266
-62.2865
-62.3068
-62.3271
-62.3472
-62.3672
-62.3871
-62.4068
-62.4265
-62.446
-62.4654
-62.4846
-62.5037
-62.5197
-62.5297
-62.5324
-62.5273
-62.5147
-62.4953
-62.4698
-62.4392
-62.4045
-62.3666
-62.3263
-62.2843
-62.2413
-62.1978
-62.1543
-62.1113
-62.0691
-62.0279
-61.988
-61.9495
-61.9126
-61.8773
-61.8438
-61.8121
-61.7823
-61.7542
-61.728
-61.7036
-61.681
-61.6602
-61.6411
-61.6237
-61.6079
-61.5937
-61.5811
-61.57
-61.5603
-61.552
-61.5451
-61.5395
-61.5352
-61.532
-61.53
-61.5291
-61.5293
-61.5305
-61.5327
-61.5359
-61.5399
-61.5448
-61.5505
-61.557
-61.5642
-61.5722
-61.5808
-61.5901
-61.6
-61.6105
-61.6215
-61.6331
-61.6452
-61.6577
-61.6707
-61.6841
-61.698
-61.7122
-61.7267
-61.7416
-61.7568
-61.7723
-61.7881
-61.8041
-61.8204
-61.8369
-61.8536
-61.8705
-61.8875
-61.9048
-61.9222
-61.9397
-61.9573
-61.9751
-61.993
-62.0109
-62.029
-62.0471
-62.0652
-62.0834
-62.1017
-62.1199
-62.1382
-62.1565
-62.1749
-62.1932
-62.2115
-62.2298
-62.2481
-62.2664
-62.2846
-62.3028
-62.3209
-62.339
-62.3571
-62.3751
-62.393
-62.4109
-62.4287
-62.4464
-62.4641
-62.4817
-62.4992
-62.5166
-62.5339
-62.5511
-62.5683
-62.5853
-62.6023
-62.6191
-62.6359
-62.6526
-62.6691
-62.6856
-62.6988
-62.7062
-62.7063
-62.6986
-62.6834
-62.6613
-62.6332
-62.6001
-62.5628
-62.5223
-62.4793
-62.4347
-62.3891
-62.343
-62.297
-62.2513
-62.2065
-62.1627
-62.1202
-62.0791
-62.0396
-62.0018
-61.9658
-61.9316
-61.8992
-61.8687
-61.8401
-61.8132
-61.7882
-61.765
-61.7436
-61.7238
-61.7058
-61.6893
-61.6745
-61.6611
-61.6493
-61.6389
-61.6298
-61.6221
-61.5974
-61.5585
-61.51
-61.455
-61.3957
-61.3338
-61.2705
-61.2067
-61.1432
-61.0805
-61.0192
-60.9595
-60.9019
-60.8465
-60.7758
-60.693
-60.6026
-60.5077
-60.4107
-60.3133
-60.2165
-60.1215
-60.0288
-59.939
-59.8525
-59.7697
-59.6907
-59.6158
-59.5451
-59.4785
-59.4162
-59.3581
-59.3041
-59.2542
-59.2084
-59.1664
-59.1283
-59.0939
-59.063
-59.0356
-59.0115
-58.9906
-58.9728
-58.9551
-58.9349
-58.9108
-58.8823
-58.8496
-58.8133
-58.7742
-58.7329
-58.6904
-58.6473
-58.6043
-58.5621
-58.5212
-58.4818
-58.4445
-58.4094
-58.3767
-58.3466
-58.3191
-58.2944
-58.2724
-58.2532
-58.2367
-58.2229
-58.2117
-58.2031
-58.197
-58.1933
-58.1919
-58.1928
-58.1959
-58.201
-58.2081
-58.2172
-58.2281
-58.2407
-58.255
-58.2708
-58.2882
-58.3071
-58.3273
-58.3488
-58.3716
-58.3955
-58.4205
-58.4466
-58.4737
-58.5017
-58.5307
-58.5604
-58.591
-58.6222
-58.6542
-58.6868
-58.7201
-58.7539
-58.7882
-58.823
-58.8583
-58.894
-58.93
-58.9665
-59.0032
-59.0403
-59.0776
-59.1151
-59.1529
-59.1908
-59.229
-59.2672
-59.3056
-59.3441
-59.3827
-59.4213
-59.4599
-59.4986
-59.5374
-59.5761
-59.6147
-59.6534
-59.692
-59.7305
-59.769
-59.8074
-59.8457
-59.8839
-59.9219
-59.9599
-59.9977
-60.0354
-60.0729
-60.1102
-60.1474
-60.1845
-60.2213
-60.258
-60.2945
-60.3307
-60.3668
-60.4027
-60.4384
-60.4738
-60.5091
-60.5441
-60.5789
-60.6265
-60.6768
-60.727
-60.7761
-60.8238
-60.8699
-60.9147
-60.9581
-61.0004
-61.0416
-61.0819
-61.1213
-61.1599
-61.2062
-61.2702
-61.3372
-61.4114
-61.4848
-61.5553
-61.6223
-61.6858
-61.746
-61.8034
-61.866
-61.928
-61.988
-62.0456
-62.1008
-62.1536
-62.2044
-62.2532
-62.3002
-62.3456
-62.3895
-62.432
-62.4732
-62.5132
-62.5521
-62.5899
-62.6266
-62.6623
-62.6971
-62.731
-62.7639
-62.7961
-62.8274
-62.8579
-62.8877
-62.9167
-62.945
-62.9725
-62.9994
-63.0257
-63.0513
-63.0763
-63.1006
-63.1244
-63.1547
-63.1972
-63.2366
-63.2749
-63.3051
-63.3255
-63.3363
-63.3385
-63.333
-63.3212
-63.3041
-63.2828
-63.2583
-63.2314
-63.2098
-63.1886
-63.1669
-63.1446
-63.1217
-63.0985
-63.0754
-63.0525
-63.03
-63.0082
-62.9871
-62.9668
-62.9475
-62.9292
-62.9118
-62.8955
-62.8803
-62.8661
-62.8529
-62.8408
-62.8297
-62.8195
-62.8103
-62.8021
-62.7947
-62.7882
-62.7826
-62.7778
-62.7738
-62.7705
-62.765
-62.7515
-62.7259
-62.6865
-62.6332
-62.5668
-62.4888
-62.401
-62.3053
-62.2035
-62.0972
-61.988
-61.8773
-61.7661
-61.6556
-61.5465
-61.4396
-61.3354
-61.2344
-61.1369
-61.0433
-60.9536
-60.8681
-60.7868
-60.7098
-60.6371
-60.5859
-60.5429
-60.5131
-60.4882
-60.4745
-60.4644
-60.4558
-60.448
-60.4408
-60.4343
-60.4355
-60.4402
-60.4472
-60.4559
-60.4661
-60.4775
-60.49
-60.5036
-60.5181
-60.5335
-60.5498
-60.5669
-60.5848
-60.612
-60.6417
-60.6722
-60.7026
-60.7327
-60.7626
-60.7921
-60.8214
-60.8505
-60.8794
-60.9082
-60.9369
-60.9656
-60.9942
-61.0228
-61.0514
-61.0799
-61.1442
-61.2209
-61.2997
-61.3766
-61.4502
-61.5199
-61.5862
-61.6491
-61.7093
-61.7669
-61.8222
-61.8756
-61.9272
-61.9772
-62.0258
-62.073
-62.1267
-62.1808
-62.2338
-62.2852
-62.3348
-62.3828
-62.429
-62.4738
-62.5171
-62.574
-62.6328
-62.6905
-62.746
-62.799
-62.8495
-62.8978
-62.944
-62.9882
-63.0308
-63.0717
-63.1112
-63.1494
-63.1863
-63.222
-63.2567
-63.2973
-63.3384
-63.3786
-63.4173
-63.4546
-63.4902
-63.5245
-63.5573
-63.589
-63.6194
-63.6488
-63.6772
-63.7015
-63.7193
-63.7291
-63.7306
-63.724
-63.7169
-63.7049
-63.6875
-63.6651
-63.6385
-63.6085
-63.5759
-63.5453
-63.5097
-63.4669
-63.4165
-63.3591
-63.2957
-63.2273
-63.1694
-63.1121
-63.0534
-62.9932
-62.9319
-62.87
-62.8081
-62.7468
-62.6866
-62.6279
-62.5709
-62.516
-62.4632
-62.4128
-62.3647
-62.3191
-62.273
-62.2237
-62.1697
-62.1108
-62.0472
-61.9794
-61.9083
-61.8348
-61.7598
-61.684
-61.6083
-61.5333
-61.4595
-61.3875
-61.3177
-61.2503
-61.1856
-61.1239
-61.0651
-61.0095
-60.9571
-60.9163
-60.8806
-60.8482
-60.8184
-60.7909
-60.7655
-60.7423
-60.7213
-60.7023
-60.6854
-60.6706
-60.6578
-60.647
-60.6381
-60.631
-60.6257
-60.6394
-60.6584
-60.6792
-60.7003
-60.7212
-60.7418
-60.7621
-60.7823
-60.8024
-60.8225
-60.8427
-60.9072
-60.986
-61.0673
-61.1462
-61.2213
-61.2921
-61.359
-61.4222
-61.4823
-61.5397
-61.5947
-61.6557
-61.7165
-61.7756
-61.8327
-61.8877
-61.9407
-61.9918
-62.0412
-62.089
-62.1354
-62.1805
-62.2244
-62.2671
-62.3087
-62.3569
-62.4056
-62.4535
-62.4998
-62.5446
-62.5878
-62.6295
-62.6698
-62.7087
-62.7465
-62.7831
-62.8332
-62.8853
-62.9364
-62.9856
-63.0324
-63.0769
-63.1193
-63.1597
-63.1983
-63.2352
-63.2706
-63.3047
-63.3374
-63.369
-63.3994
-63.4288
-63.4572
-63.4847
-63.5112
-63.5422
-63.5744
-63.6066
-63.6385
-63.6697
-63.7002
-63.7297
-63.7584
-63.7862
-63.813
-63.8389
-63.8705
-63.9027
-63.9341
-63.9641
-63.9926
-64.0198
-64.0455
-64.0699
-64.0931
-64.1152
-64.1362
-64.1563
-64.1754
-64.1936
-64.2111
-64.2277
-64.2435
-64.2587
-64.2731
-64.2868
-64.2999
-64.3123
-64.3242
-64.3354
-64.3461
-64.3562
-64.3658
-64.3749
-64.3834
-64.3916
-64.3992
-64.4064
-64.4132
-64.4196
-64.4257
-64.4313
-64.4366
-64.4415
-64.4461
-64.4504
-64.4544
-64.4581
-64.4615
-64.4772
-64.4955
-64.5136
-64.5305
-64.5461
-64.5571
-64.5609
-64.5561
-64.5426
-64.5208
-64.4913
-64.4551
-64.4134
-64.367
-64.3169
-64.264
-64.2091
-64.1528
-64.0957
-64.0383
-63.9811
-63.9244
-63.8685
-63.8136
-63.7599
-63.7076
-63.6567
-63.6074
-63.5666
-63.529
-63.4931
-63.4586
-63.4251
-63.3926
-63.3612
-63.3308
-63.3015
-63.2734
-63.2464
-63.2205
-63.1957
-63.1721
-63.1496
-63.1282
-63.1079
-63.0886
-63.0703
-63.0531
-63.0369
-63.0216
-63.0072
-62.9938
-62.9812
-62.9694
-62.9584
-62.9483
-62.9388
-62.9301
-62.9221
-62.9147
-62.908
-62.9019
-62.8963
-62.8914
-62.8869
-62.883
-62.8796
-62.8767
-62.8742
-62.8722
-62.8706
-62.8695
-62.8687
-62.8683
-62.8682
-62.8685
-62.8691
-62.87
-62.8712
-62.8726
-62.8743
-62.8762
-62.8783
-62.8805
-62.883
-62.8856
-62.8882
-62.891
-62.8939
-62.8968
-62.8998
-62.9028
-62.9058
-62.9089
-62.912
-62.9151
-62.9183
-62.9214
-62.9245
-62.9277
-62.9309
-62.934
-62.9372
-62.9404
-62.9436
-62.9468
-62.95
-62.9532
-62.9564
-62.9597
-62.9629
-62.9661
-62.9693
-62.9725
-62.9757
-62.9789
-62.982
-62.9851
-62.9882
-62.9913
-62.9943
-62.9972
-63.0001
-63.003
-63.0058
-63.0086
-63.0112
-63.0139
-63.0164
-63.0189
-63.0214
-63.0238
-63.0261
-63.0284
-63.0306
-63.0328
-63.035
-63.0372
-63.0394
-63.0416
-63.0437
-63.0459
-63.0481
-63.0504
-63.0526
-63.0549
-63.0573
-63.0596
-63.062
-63.0645
-63.067
-63.0696
-63.0722
-63.0749
-63.0776
-63.0804
-63.0832
-63.0861
-63.0891
-63.0921
-63.0951
-63.0982
-63.1014
-63.1047
-63.1079
-63.1113
-63.1147
-63.1181
-63.1216
-63.1251
-63.1287
-63.1324
-63.136
-63.1398
-63.1435
-63.1473
-63.1512
-63.1551
-63.159
-63.1629
-63.1669
-63.1709
-63.1749
-63.179
-63.1831
-63.1872
-63.1914
-63.1955
-63.1997
-63.2039
-63.2081
-63.2124
-63.2166
-63.2209
-63.2252
-63.2295
-63.2337
-63.2381
-63.2424
-63.2467
-63.251
-63.2553
-63.2597
-63.264
-63.2683
-63.2726
-63.277
