-65
-64.9848
-64.9714
-64.9581
-64.9453
-64.9331
-64.9218
-64.9115
-64.9021
-64.8937
-64.8861
-64.8793
-64.8732
-64.8678
-64.8629
-64.8585
-64.8546
-64.851
-64.8479
-64.845
-64.8425
-64.8402
-64.8382
-64.8363
-64.8347
-64.8333
-64.832
-64.8309
-64.8299
-64.8291
-64.8284
-64.8278
-64.8273
-64.8269
-64.8266
-64.8264
-64.8262
-64.8262
-64.8262
-64.8263
-64.8264
-64.8267
-64.8269
-64.8272
-64.8276
-64.828
-64.8285
-64.8289
-64.8295
-64.83
-64.8306
-64.8313
-64.8319
-64.8326
-64.8333
-64.8341
-64.8348
-64.8356
-64.8364
-64.8372
-64.838
-64.8389
-64.8397
-64.8406
-64.8415
-64.8424
-64.8433
-64.8442
-64.8452
-64.8461
-64.847
-64.848
-64.8489
-64.8499
-64.8508
-64.8518
-64.8528
-64.8538
-64.8547
-64.8557
-64.8567
-64.8577
-64.8586
-64.8596
-64.8606
-64.8616
-64.8625
-64.8635
-64.8645
-64.8655
-64.8664
-64.8674
-64.8684
-64.8693
-64.8703
-64.8712
-64.8722
-64.8731
-64.8741
-64.875
-64.876
-64.8769
-64.8778
-64.8787
-64.8797
-64.8806
-64.8815
-64.8824
-64.8833
-64.8842
-64.8851
-64.886
-64.8868
-64.8877
-64.8886
-64.8894
-64.8903
-64.8912
-64.892
-64.8928
-64.8937
-64.8945
-64.8953
-64.8961
-64.897
-64.8978
-64.8986
-64.8994
-64.9001
-64.9009
-64.9017
-64.9025
-64.9032
-64.904
-64.9048
-64.9055
-64.9062
-64.907
-64.9077
-64.9084
-64.9091
-64.9099
-64.9106
-64.9113
-64.912
-64.9127
-64.9133
-64.914
-64.9147
-64.9154
-64.916
-64.9167
-64.9173
-64.918
-64.9186
-64.9193
-64.9199
-64.9205
-64.9211
-64.9217
-64.9223
-64.9229
-64.9235
-64.9241
-64.9247
-64.9253
-64.9259
-64.9265
-64.927
-64.9276
-64.9281
-64.9287
-64.9292
-64.9298
-64.9303
-64.9308
-64.9314
-64.9319
-64.9324
-64.9329
-64.9334
-64.9339
-64.9344
-64.9349
-64.9354
-64.9359
-64.9364
-64.9369
-64.9373
-64.9378
-64.9383
-64.9387
-64.9392
-64.9396
-64.9401
-64.9405
-64.9409
-64.9414
-64.9418
-64.9422
-64.9427
-64.9431
-64.9435
-64.9439
-64.9443
-64.9447
-64.9451
-64.9455
-64.9459
-64.9463
-64.9466
-64.947
-64.9474
-64.9478
-64.9481
-64.9485
-64.9489
-64.9492
-64.9496
-64.9499
-64.9503
-64.9506
-64.9509
-64.9513
-64.9516
-64.9519
-64.9523
-64.9526
-64.9529
-64.9532
-64.9535
-64.9538
-64.9542
-64.9545
-64.9548
-64.9551
-64.9553
-64.9556
-64.9559
-64.9562
-64.9565
-64.9568
-64.9571
-64.9573
-64.9576
-64.9579
-64.9581
-64.9584
-64.9586
-64.9589
-64.9592
-64.9594
-64.9597
-64.9599
-64.9601
-64.9604
-64.9606
-64.9609
-64.9611
-64.9613
-64.9616
-64.9618
-64.962
-64.9622
-64.9624
-64.9627
-64.9629
-64.9631
-64.9633
-64.9635
-64.9637
-64.9639
-64.9641
-64.9643
-64.9645
-64.9647
-64.9649
-64.9651
-64.9653
-64.9654
-64.9656
-64.9658
-64.966
-64.9662
-64.9663
-64.9665
-64.9667
-64.9668
-64.967
-64.9672
-64.9673
-64.9675
-64.9677
-64.9678
-64.968
-64.9681
-64.9683
-64.9684
-64.9686
-64.9687
-64.9689
-64.969
-64.9692
-64.9693
-64.9694
-64.9696
-64.9697
-64.9698
-64.97
-64.9701
-64.9702
-64.9703
-64.9705
-64.9706
-64.9707
-64.9708
-64.971
-64.9711
-64.9712
-64.9713
-64.9714
-64.9715
-64.9716
-64.9717
-64.9719
-64.972
-64.9721
-64.9722
-64.9723
-64.9724
-64.9725
-64.9726
-64.9727
-64.9728
-64.9729
-64.9729
-64.973
-64.9731
-64.9732
-64.9733
-64.9734
-64.9735
-64.9736
-64.9736
-64.9737
-64.9738
-64.9739
-64.974
-64.974
-64.9741
-64.9742
-64.9743
-64.9743
-64.9744
-64.9745
-64.9746
-64.9746
-64.9747
-64.9748
-64.9748
-64.9749
-64.975
-64.975
-64.9751
-64.9751
-64.9752
-64.9753
-64.9753
-64.9754
-64.9754
-64.9755
-64.9755
-64.9756
-64.9757
-64.9757
-64.9758
-64.9758
-64.9759
-64.9759
-64.976
-64.976
-64.976
-64.9761
-64.9761
-64.9762
-64.9762
-64.9763
-64.9763
-64.9763
-64.9764
-64.9764
-64.9765
-64.9765
-64.9765
-64.9766
-64.9766
-64.9766
-64.9767
-64.9767
-64.9768
-64.9768
-64.9768
-64.9768
-64.9769
-64.9769
-64.9769
-64.977
-64.977
-64.977
-64.977
-64.9771
-64.9771
-64.9771
-64.9772
-64.9772
-64.9772
-64.9772
-64.9772
-64.9773
-64.9773
-64.9773
-64.9773
-64.9773
-64.9774
-64.9774
-64.9774
-64.9774
-64.9774
-64.9775
-64.9775
-64.9775
-64.9775
-64.9775
-64.9775
-64.9775
-64.9776
-64.9776
-64.9776
-64.9776
-64.9776
-64.9776
-64.9776
-64.9776
-64.9777
-64.9777
-64.9777
-64.9777
-64.9777
-64.9777
-64.9777
-64.9777
-64.9777
-64.9777
-64.9777
-64.9777
-64.9777
-64.9778
-64.9778
-64.9778
-64.9778
-64.9778
-64.9778
-64.9778
-64.9778
-64.9778
-64.9778
-64.9778
-64.9778
-64.9778
-64.9778
-64.9778
-64.9778
-64.9778
-64.9778
-64.9778
-64.9778
-64.9778
-64.9778
-64.9778
-64.9778
-64.9778
-64.9778
-64.9778
-64.9778
-64.9778
-64.9778
-64.9778
-64.9778
-64.9778
-64.9777
-64.9777
-64.9777
-64.9777
-64.9777
-64.9777
-64.9777
-64.9777
-64.9777
-64.9777
-64.9777
-64.9777
-64.9777
-64.9777
-64.9777
-64.9777
-64.9776
-64.9776
-64.9776
-64.9776
-64.9776
-64.9776
-64.9776
-64.9776
-64.9776
-64.9776
-64.9776
-64.9776
-64.9775
-64.9775
-64.9775
-64.9775
-64.9775
-64.9775
-64.9775
-64.9775
-64.9775
-64.9774
-64.9774
-64.9774
-64.9774
-64.9774
-64.9774
-64.9774
-64.9774
-64.9774
-64.9773
-64.9773
-64.9773
-64.9773
-64.9773
-64.9773
-64.9773
-64.9772
-64.9772
-64.9863
-64.9975
-65.0088
-65.0195
-65.0294
-65.0385
-65.0468
-65.0544
-65.0613
-65.0677
-65.0737
-65.0792
-65.0844
-65.0892
-65.0938
-65.0981
-65.1021
-65.106
-65.1096
-65.1131
-65.1164
-65.1195
-65.1225
-65.1253
-65.1279
-65.1305
-65.1329
-65.1352
-65.1373
-65.1394
-65.1413
-65.1432
-65.1449
-65.1465
-65.148
-65.1495
-65.1508
-65.1521
-65.1532
-65.1543
-65.1553
-65.1562
-65.1571
-65.1579
-65.1586
-65.1592
-65.1598
-65.1603
-65.1608
-65.1612
-65.1615
-65.1618
-65.162
-65.1622
-65.1624
-65.1624
-65.1625
-65.1624
-65.1624
-65.1623
-65.1621
-65.162
-65.1617
-65.1615
-65.1612
-65.1608
-65.1605
-65.1601
-65.1596
-65.1592
-65.1587
-65.1582
-65.1576
-65.157
-65.1564
-65.1558
-65.1552
-65.1545
-65.1538
-65.1531
-65.1524
-65.1516
-65.1508
-65.15
-65.1492
-65.1484
-65.1476
-65.1467
-65.1458
-65.145
-65.1441
-65.1431
-65.1422
-65.1413
-65.1403
-65.1394
-65.1384
-65.1374
-65.1364
-65.1354
-65.1344
-65.1334
-65.1324
-65.1314
-65.1303
-65.1293
-65.1282
-65.1272
-65.1261
-65.125
-65.124
-65.1229
-65.1218
-65.1207
-65.1197
-65.1186
-65.1175
-65.1164
-65.1153
-65.1142
-65.1131
-65.112
-65.1109
-65.1098
-65.1087
-65.1076
-65.1065
-65.1054
-65.1043
-65.1032
-65.1021
-65.101
-65.0999
-65.0988
-65.0977
-65.0966
-65.0955
-65.0945
-65.0934
-65.0923
-65.0912
-65.0901
-65.0891
-65.088
-65.0869
-65.0858
-65.0848
-65.0837
-65.0827
-65.0816
-65.0806
-65.0795
-65.0785
-65.0774
-65.0764
-65.0754
-65.0743
-65.0733
-65.0723
-65.0713
-65.0703
-65.0693
-65.0683
-65.0673
-65.0663
-65.0653
-65.0643
-65.0633
-65.0624
-65.0614
-65.0604
-65.0595
-65.0585
-65.0576
-65.0566
-65.0557
-65.0548
-65.0539
-65.0529
-65.052
-65.0511
-65.0502
-65.0493
-65.0484
-65.0475
-65.0467
-65.0458
-65.0449
-65.044
-65.0432
-65.0423
-65.0415
-65.0406
-65.0398
-65.039
-65.0382
-65.0373
-65.0365
-65.0357
-65.0349
-65.0341
-65.0333
-65.0325
-65.0318
-65.031
-65.0302
-65.0294
-65.0287
-65.0279
-65.0272
-65.0265
-65.0257
-65.025
-65.0243
-65.0235
-65.0228
-65.0221
-65.0214
-65.0207
-65.02
-65.0194
-65.0187
-65.018
-65.0173
-65.0167
-65.016
-65.0154
-65.0147
-65.0141
-65.0134
-65.0128
-65.0122
-65.0116
-65.0109
-65.0103
-65.0097
-65.0091
-65.0085
-65.008
-65.0074
-65.0068
-65.0062
-65.0056
-65.0051
-65.0045
-65.004
-65.0034
-65.0029
-65.0023
-65.0018
-65.0013
-65.0008
-65.0002
-64.9997
-64.9992
-64.9987
-64.9982
-64.9977
-64.9972
-64.9967
-64.9962
-64.9958
-64.9953
-64.9948
-64.9944
-64.9939
-64.9935
-64.993
-64.9926
-64.9921
-64.9917
-64.9912
-64.9908
-64.9904
-64.99
-64.9896
-64.9891
-64.9887
-64.9883
-64.9879
-64.9875
-64.9871
-64.9868
-64.9864
-64.986
-64.9856
-64.9852
-64.9849
-64.9845
-64.9842
-64.9838
-64.9834
-64.9831
-64.9827
-64.9824
-64.9821
-64.9817
-64.9814
-64.9811
-64.9808
-64.9804
-64.9801
-64.9798
-64.9795
-64.9792
-64.9789
-64.9786
-64.9783
-64.978
-64.9777
-64.9774
-64.9771
-64.9769
-64.9766
-64.9763
-64.976
-64.9758
-64.9755
-64.9752
-64.975
-64.9747
-64.9745
-64.9742
-64.974
-64.9737
-64.9735
-64.9733
-64.973
-64.9728
-64.9726
-64.9723
-64.9721
-64.9719
-64.9717
-64.9715
-64.9712
-64.971
-64.9708
-64.9706
-64.9704
-64.9702
-64.97
-64.9698
-64.9696
-64.9695
-64.9693
-64.9691
-64.9689
-64.9687
-64.9685
-64.9684
-64.9682
-64.968
-64.9678
-64.9677
-64.9675
-64.9674
-64.9672
-64.967
-64.9669
-64.9667
-64.9666
-64.9664
-64.9663
-64.9661
-64.966
-64.9659
-64.9657
-64.9656
-64.9654
-64.9653
-64.9652
-64.965
-64.9649
-64.9648
-64.9647
-64.9646
-64.9644
-64.9643
-64.9642
-64.9641
-64.964
-64.9639
-64.9637
-64.9636
-64.9635
-64.9634
-64.9633
-64.9632
-64.9631
-64.963
-64.9629
-64.9628
-64.9627
-64.9627
-64.9626
-64.9625
-64.9624
-64.9623
-64.9622
-64.9621
-64.9621
-64.962
-64.9619
-64.9618
-64.9617
-64.9617
-64.9616
-64.9615
-64.9615
-64.9614
-64.9613
-64.9612
-64.9612
-64.9611
-64.9611
-64.961
-64.9609
-64.9609
-64.9608
-64.9608
-64.9607
-64.9606
-64.9606
-64.9605
-64.9605
-64.9604
-64.9604
-64.9603
-64.9603
-64.9603
-64.9602
-64.9602
-64.9601
-64.9601
-64.96
-64.96
-64.96
-64.9599
-64.9599
-64.9598
-64.9598
-64.9598
-64.9597
-64.9597
-64.9597
-64.9597
-64.9596
-64.9596
-64.9596
-64.9595
-64.9595
-64.9595
-64.9595
-64.9594
-64.9594
-64.9594
-64.9594
-64.9594
-64.9593
-64.9593
-64.9593
-64.9593
-64.9593
-64.9592
-64.9592
-64.9592
-64.9592
-64.9592
-64.9592
-64.9592
-64.9591
-64.9591
-64.9591
-64.9591
-64.9591
-64.9591
-64.9591
-64.9591
-64.9591
-64.9591
-64.9591
-64.9591
-64.9591
-64.9591
-64.959
-64.959
-64.959
-64.959
-64.959
-64.959
-64.959
-64.959
-64.959
-64.959
-64.959
-64.959
-64.959
-64.9591
-64.9591
-64.9591
-64.9591
-64.9591
-64.9591
-64.9591
-64.9591
-64.9591
-64.9591
-64.9591
-64.9591
-64.9591
-64.9591
-64.9591
-64.9591
-64.9592
-64.9592
-64.9592
-64.9592
-64.9592
-64.9592
-64.9592
-64.9592
-64.9592
-64.9593
-64.9593
-64.9593
-64.9593
-64.9593
-64.9593
-64.9593
-64.9594
-64.9594
-64.9594
-64.9594
-64.9594
-64.9594
-64.9594
-64.9595
-64.9595
-64.9595
-64.9595
-64.9595
-64.9595
-64.9596
-64.9596
-64.9596
-64.9596
-64.9596
-64.9597
-64.9597
-64.9597
-64.9597
-64.9597
-64.9598
-64.9598
-64.9598
-64.9598
-64.9598
-64.9599
-64.9599
-64.9599
-64.9599
-64.9599
-64.96
-64.96
-64.96
-64.96
-64.9601
-64.9601
-64.9601
-64.9601
-64.9601
-64.9602
-64.9602
-64.9602
-64.9602
-64.9603
-64.9603
-64.9603
-64.9603
-64.9604
-64.9604
-64.9604
-64.9604
-64.9605
-64.9605
-64.9605
-64.9605
-64.9605
-64.9606
-64.9606
-64.9606
-64.9606
-64.9607
-64.9607
-64.9607
-64.9607
-64.9608
-64.9608
-64.9608
-64.9609
-64.9609
-64.9609
-64.9609
-64.961
-64.961
-64.961
-64.961
-64.9611
-64.9611
-64.9611
-64.9611
-64.9612
-64.9612
-64.9612
-64.9612
-64.9613
-64.9613
-64.9613
-64.9613
-64.9614
-64.9614
-64.9614
-64.9614
-64.9615
-64.9615
-64.9615
-64.9616
-64.9616
-64.9616
-64.9616
-64.9617
-64.9617
-64.9617
-64.9617
-64.9618
-64.9618
-64.9618
-64.9618
-64.9619
-64.9619
-64.9619
-64.9619
-64.962
-64.962
-64.962
-64.962
-64.9621
-64.9621
-64.9621
-64.9622
-64.9622
-64.9622
-64.9622
-64.9623
-64.9623
-64.9623
-64.9623
-64.9624
-64.9624
-64.9624
-64.9624
-64.9625
-64.9625
-64.9625
-64.9625
-64.9626
-64.9626
-64.9626
-64.9626
-64.9627
-64.9627
-64.9627
-64.9627
-64.9628
-64.9628
-64.9628
-64.9628
-64.9629
-64.9629
-64.9629
-64.9629
-64.963
-64.963
-64.963
-64.963
-64.9631
-64.9631
-64.9631
-64.9631
-64.9439
-64.9084
-64.8614
-64.8063
-64.7454
-64.6806
-64.613
-64.5438
-64.4736
-64.4032
-64.3331
-64.2637
-64.1953
-64.1283
-64.0629
-63.9992
-63.9374
-63.8776
-63.82
-63.7644
-63.7111
-63.66
-63.611
-63.5643
-63.5197
-63.4773
-63.437
-63.3988
-63.3626
-63.3284
-63.2962
-63.2658
-63.2372
-63.2104
-63.1854
-63.162
-63.1402
-63.12
-63.1013
-63.0841
-63.0682
-63.0537
-63.0405
-63.0286
-63.0178
-63.0083
-62.9998
-62.9924
-62.986
-62.9806
-62.9762
-62.9727
-62.97
-62.9682
-62.9672
-62.9669
-62.9674
-62.9686
-62.9704
-62.9729
-62.976
-62.9797
-62.9839
-62.9887
-62.9939
-62.9997
-63.0059
-63.0125
-63.0196
-63.027
-63.0348
-63.043
-63.0515
-63.0604
-63.0695
-63.0789
-63.0886
-63.0985
-63.1087
-63.119
-63.1296
-63.1404
-63.1514
-63.1625
-63.1738
-63.1853
-63.1969
-63.2086
-63.2204
-63.2324
-63.2444
-63.2565
-63.2687
-63.281
-63.2934
-63.3058
-63.3182
-63.3307
-63.3433
-63.3558
-63.3684
-63.381
-63.3937
-63.4063
-63.4189
-63.4316
-63.4442
-63.4568
-63.4694
-63.482
-63.4946
-63.5071
-63.5196
-63.5321
-63.5446
-63.557
-63.5693
-63.5817
-63.5939
-63.6062
-63.6183
-63.6305
-63.6425
-63.6545
-63.6665
-63.6784
-63.6902
-63.702
-63.7137
-63.7253
-63.7369
-63.7484
-63.7598
-63.7712
-63.7824
-63.7937
-63.8048
-63.8159
-63.8268
-63.8378
-63.8486
-63.8593
-63.87
-63.8806
-63.8912
-63.9016
-63.912
-63.9223
-63.9325
-63.9426
-63.9526
-63.9626
-63.9725
-63.9823
-63.992
-64.0017
-64.0113
-64.0208
-64.0302
-64.0395
-64.0488
-64.0579
-64.067
-64.0761
-64.085
-64.0939
-64.1026
-64.1113
-64.12
-64.1285
-64.137
-64.1454
-64.1537
-64.162
-64.1701
-64.1782
-64.1862
-64.1942
-64.2021
-64.2099
-64.2176
-64.2252
-64.2328
-64.2403
-64.2478
-64.2551
-64.2624
-64.2697
-64.2768
-64.2839
-64.2909
-64.2979
-64.3048
-64.3116
-64.3184
-64.325
-64.3317
-64.3382
-64.3447
-64.3511
-64.3575
-64.3638
-64.3701
-64.3762
-64.3823
-64.3884
-64.3944
-64.4003
-64.4062
-64.412
-64.4178
-64.4235
-64.4291
-64.4347
-64.4402
-64.4457
-64.4511
-64.4565
-64.4618
-64.467
-64.4722
-64.4774
-64.4824
-64.4875
-64.4925
-64.4974
-64.5023
-64.5071
-64.5119
-64.5166
-64.5213
-64.5259
-64.5305
-64.5351
-64.5396
-64.544
-64.5484
-64.5527
-64.557
-64.5613
-64.5655
-64.5697
-64.5738
-64.5779
-64.5819
-64.5859
-64.5899
-64.5938
-64.5976
-64.6015
-64.6052
-64.609
-64.6127
-64.6163
-64.62
-64.6236
-64.6271
-64.6306
-64.6341
-64.6375
-64.6409
-64.6443
-64.6476
-64.6509
-64.6541
-64.6573
-64.6605
-64.6636
-64.6667
-64.6698
-64.6729
-64.6759
-64.6788
-64.6818
-64.6847
-64.6876
-64.6904
-64.6932
-64.696
-64.6987
-64.7015
-64.7041
-64.7068
-64.7094
-64.712
-64.7146
-64.7171
-64.7196
-64.7221
-64.7246
-64.727
-64.7294
-64.7318
-64.7341
-64.7364
-64.7387
-64.741
-64.7432
-64.7454
-64.7476
-64.7498
-64.7519
-64.754
-64.7561
-64.7582
-64.7602
-64.7622
-64.7642
-64.7662
-64.7681
-64.77
-64.7719
-64.7738
-64.7757
-64.7775
-64.7793
-64.7811
-64.7828
-64.7846
-64.7863
-64.788
-64.7897
-64.7914
-64.793
-64.7946
-64.7962
-64.7978
-64.7994
-64.8009
-64.7993
-64.7917
-64.7765
-64.7535
-64.7228
-64.685
-64.6412
-64.5922
-64.5389
-64.4824
-64.4234
-64.3628
-64.3011
-64.239
-64.177
-64.1155
-64.0648
-64.0175
-63.9719
-63.9272
-63.8835
-63.8407
-63.7989
-63.7584
-63.7191
-63.6813
-63.6449
-63.6101
-63.5768
-63.5452
-63.5151
-63.4866
-63.4597
-63.4343
-63.4104
-63.388
-63.3671
-63.3475
-63.3293
-63.3124
-63.2968
-63.2825
-63.2693
-63.2573
-63.2463
-63.2365
-63.2277
-63.2199
-63.213
-63.207
-63.202
-63.1977
-63.1943
-63.1916
-63.1897
-63.1886
-63.1881
-63.1882
-63.189
-63.1904
-63.1923
-63.1948
-63.1978
-63.2013
-63.2053
-63.2098
-63.2146
-63.2199
-63.2256
-63.2316
-63.238
-63.2447
-63.2518
-63.2591
-63.2667
-63.2746
-63.2828
-63.2912
-63.2998
-63.3086
-63.3176
-63.3268
-63.3362
-63.3457
-63.3554
-63.3653
-63.3752
-63.3853
-63.3955
-63.4058
-63.4162
-63.4267
-63.4372
-63.4479
-63.4586
-63.4693
-63.4801
-63.4909
-63.5018
-63.5127
-63.5237
-63.5346
-63.5456
-63.5566
-63.5676
-63.5785
-63.5895
-63.6005
-63.6115
-63.6224
-63.6333
-63.6442
-63.6551
-63.666
-63.6768
-63.6876
-63.6983
-63.709
-63.7197
-63.7303
-63.7409
-63.7514
-63.7619
-63.7723
-63.7827
-63.793
-63.8032
-63.8134
-63.8236
-63.8336
-63.8436
-63.8536
-63.8635
-63.8733
-63.8831
-63.8927
-63.9024
-63.9119
-63.9214
-63.9308
-63.9402
-63.9494
-63.9586
-63.9678
-63.9768
-63.9858
-63.9947
-64.0036
-64.0124
-64.0211
-64.0297
-64.0382
-64.0467
-64.0551
-64.0635
-64.0717
-64.0799
-64.088
-64.0961
-64.104
-64.1119
-64.1198
-64.1275
-64.1352
-64.1428
-64.1504
-64.1578
-64.1652
-64.1726
-64.1798
-64.187
-64.1941
-64.2012
-64.2082
-64.2151
-64.2219
-64.2287
-64.2354
-64.2421
-64.2487
-64.2552
-64.2617
-64.268
-64.2744
-64.2806
-64.2868
-64.293
-64.299
-64.305
-64.311
-64.3169
-64.3227
-64.3285
-64.3342
-64.3398
-64.3454
-64.3509
-64.3564
-64.3618
-64.3672
-64.3725
-64.3777
-64.3829
-64.3881
-64.3931
-64.3982
-64.4031
-64.4081
-64.4129
-64.4178
-64.4225
-64.4272
-64.4319
-64.4365
-64.4411
-64.4456
-64.4501
-64.4545
-64.4588
-64.4632
-64.4674
-64.4717
-64.4758
-64.48
-64.4841
-64.4881
-64.4921
-64.4961
-64.5
-64.5039
-64.5077
-64.5115
-64.5152
-64.5189
-64.5226
-64.5262
-64.5298
-64.5333
-64.5368
-64.5403
-64.5437
-64.5471
-64.5504
-64.5537
-64.557
-64.5602
-64.5634
-64.5666
-64.5697
-64.5728
-64.5759
-64.5789
-64.5819
-64.5848
-64.5878
-64.5906
-64.5935
-64.5963
-64.5991
-64.6019
-64.6046
-64.6073
-64.6099
-64.6126
-64.6152
-64.6177
-64.6203
-64.6228
-64.6253
-64.6277
-64.6302
-64.6326
-64.6349
-64.6373
-64.6396
-64.6419
-64.6442
-64.6464
-64.6486
-64.6508
-64.6529
-64.6551
-64.6572
-64.6593
-64.6613
-64.6634
-64.6654
-64.6674
-64.6693
-64.6713
-64.6732
-64.6751
-64.6769
-64.6788
-64.6806
-64.6824
-64.6842
-64.686
-64.6877
-64.6894
-64.6911
-64.6928
-64.6945
-64.6961
-64.6977
-64.6993
-64.7009
-64.7025
-64.704
-64.7055
-64.707
-64.7085
-64.71
-64.7114
-64.7129
-64.7143
-64.7157
-64.7171
-64.7184
-64.7198
-64.7211
-64.7224
-64.7237
-64.725
-64.7263
-64.7275
-64.7287
-64.73
-64.7312
-64.7324
-64.7335
-64.7347
-64.7358
-64.737
-64.7381
-64.7392
-64.7403
-64.7413
-64.7424
-64.7434
-64.7445
-64.7455
-64.7465
-64.7475
-64.7485
-64.7494
-64.7504
-64.7513
-64.7523
-64.7532
-64.7541
-64.755
-64.7559
-64.7567
-64.7576
-64.7584
-64.7593
-64.7601
-64.7609
-64.7617
-64.7625
-64.7633
-64.7641
-64.7648
-64.7656
-64.7663
-64.7671
-64.7678
-64.7685
-64.7692
-64.7699
-64.7706
-64.7712
-64.7719
-64.7726
-64.7732
-64.7739
-64.7745
-64.7751
-64.7757
-64.7763
-64.7769
-64.7775
-64.7781
-64.7787
-64.7792
-64.7798
-64.7803
-64.7809
-64.7814
-64.7819
-64.7824
-64.7829
-64.7834
-64.7839
-64.7844
-64.7849
-64.7854
-64.7858
-64.7863
-64.7868
-64.7872
-64.7876
-64.7881
-64.7885
-64.7889
-64.7893
-64.7898
-64.7902
-64.7906
-64.7909
-64.7913
-64.7917
-64.7921
-64.7925
-64.7928
-64.7932
-64.7935
-64.7939
-64.7942
-64.7945
-64.7949
-64.7952
-64.7955
-64.7958
-64.7961
-64.7965
-64.7968
-64.797
-64.7973
-64.7976
-64.7979
-64.7982
-64.7985
-64.7987
-64.799
-64.7993
-64.7995
-64.7998
-64.8
-64.8003
-64.8005
-64.8007
-64.801
-64.8012
-64.8014
-64.8016
-64.8019
-64.8021
-64.8023
-64.8025
-64.8027
-64.8029
-64.8031
-64.8033
-64.8035
-64.8037
-64.8038
-64.804
-64.8042
-64.8044
-64.8045
-64.8047
-64.8049
-64.805
-64.8052
-64.8053
-64.8055
-64.8056
-64.8058
-64.8059
-64.8061
-64.8062
-64.8064
-64.8065
-64.8066
-64.8068
-64.8069
-64.807
-64.8071
-64.8073
-64.8074
-64.8075
-64.8076
-64.8077
-64.8078
-64.8079
-64.808
-64.8081
-64.8082
-64.8083
-64.8084
-64.8085
-64.8086
-64.8087
-64.8088
-64.8089
-64.809
-64.8091
-64.8092
-64.8092
-64.8093
-64.8094
-64.8095
-64.8095
-64.8096
-64.8097
-64.8098
-64.8098
-64.8099
-64.81
-64.81
-64.8101
-64.8101
-64.8102
-64.8103
-64.8103
-64.8104
-64.8104
-64.8105
-64.8105
-64.8106
-64.8107
-64.8107
-64.8108
-64.8108
-64.8108
-64.8109
-64.8109
-64.811
-64.811
-64.8111
-64.8111
-64.8111
-64.8112
-64.8112
-64.8113
-64.8113
-64.8113
-64.8114
-64.8114
-64.8114
-64.8115
-64.8115
-64.8115
-64.8116
-64.8116
-64.8116
-64.8116
-64.8117
-64.8117
-64.8117
-64.8118
-64.8118
-64.8118
-64.8118
-64.8119
-64.8119
-64.8119
-64.8119
-64.8119
-64.812
-64.812
-64.812
-64.812
-64.8121
-64.8121
-64.8121
-64.8121
-64.8121
-64.8121
-64.8122
-64.8122
-64.8122
-64.8122
-64.8122
-64.8122
-64.8123
-64.8123
-64.8123
-64.8123
-64.8123
-64.8123
-64.8124
-64.8124
-64.8124
-64.8124
-64.8124
-64.8124
-64.8124
-64.8125
-64.8125
-64.8125
-64.8125
-64.8125
-64.8125
-64.8125
-64.8125
-64.8126
-64.8126
-64.8126
-64.8126
-64.8126
-64.8126
-64.8126
-64.8126
-64.8127
-64.8127
-64.8127
-64.8127
-64.8127
-64.8127
-64.8127
-64.8127
-64.8128
-64.8128
-64.8128
-64.8128
-64.8128
-64.8128
-64.8128
-64.8129
-64.8129
-64.8129
-64.8129
-64.8129
-64.8129
-64.8129
-64.813
-64.813
-64.813
-64.813
-64.813
-64.813
-64.813
-64.8131
-64.8131
-64.8131
-64.8131
-64.8131
-64.8131
-64.8132
-64.8132
-64.8132
-64.8132
-64.8132
-64.8132
-64.8133
-64.8133
-64.8133
-64.8133
-64.8133
-64.8133
-64.8134
-64.8134
-64.8134
-64.8134
-64.8134
-64.8135
-64.8135
-64.8135
-64.8135
-64.8136
-64.8136
-64.8136
-64.8136
-64.8136
-64.8137
-64.8137
-64.8137
-64.8137
-64.8138
-64.8138
-64.8138
-64.8138
-64.8139
-64.8139
-64.8139
-64.8139
-64.814
-64.814
-64.814
-64.814
-64.8141
-64.8141
-64.8141
-64.8142
-64.8142
-64.8142
-64.8142
-64.8143
-64.8143
-64.8143
-64.8144
-64.8144
-64.8144
-64.8145
-64.8145
-64.8145
-64.8146
-64.8146
-64.8146
-64.8147
-64.8147
-64.8147
-64.8148
-64.8148
-64.8148
-64.8149
-64.8149
-64.8149
-64.815
-64.815
-64.815
-64.8151
-64.8151
-64.8152
-64.8152
-64.8152
-64.8153
-64.8153
-64.8154
-64.8154
-64.8154
-64.8155
-64.8155
-64.8156
-64.8156
-64.8157
-64.8157
-64.8157
-64.8158
-64.8158
-64.8159
-64.8159
-64.816
-64.816
-64.8161
-64.8161
-64.8161
-64.8162
-64.8162
-64.8163
-64.8163
-64.8164
-64.8164
-64.8165
-64.8165
-64.8166
-64.8166
-64.8167
-64.8167
-64.8168
-64.8168
-64.8169
-64.8169
-64.817
-64.817
-64.8171
-64.8171
-64.8172
-64.8173
-64.8173
-64.8174
-64.8174
-64.8175
-64.8175
-64.8176
-64.8176
-64.8177
-64.8178
-64.8178
-64.8179
-64.8179
-64.818
-64.818
-64.8181
-64.8182
-64.8182
-64.8183
-64.8183
-64.8184
-64.8185
-64.8185
-64.8186
-64.8186
-64.8187
-64.8188
-64.8188
-64.8189
-64.819
-64.819
-64.8191
-64.8192
-64.8192
-64.8193
-64.8193
-64.8194
-64.8195
-64.8195
-64.8196
-64.8197
-64.8197
-64.8198
-64.8199
-64.82
-64.82
-64.8201
-64.8202
-64.8202
-64.8203
-64.8204
-64.8204
-64.8012
-64.7659
-64.7191
-64.6642
-64.6036
-64.5389
-64.4716
-64.4026
-64.3327
-64.2626
-64.1928
-64.1237
-64.0556
-63.9889
-63.9238
-63.8605
-63.7991
-63.7396
-63.6823
-63.6271
-63.5741
-63.5234
-63.4748
-63.4284
-63.3842
-63.3422
-63.3022
-63.2644
-63.2285
-63.1947
-63.1628
-63.1328
-63.1046
-63.0782
-63.0535
-63.0304
-63.009
-62.9891
-62.9708
-62.9539
-62.9383
-62.9242
-62.9113
-62.8997
-62.8892
-62.88
-62.8718
-62.8647
-62.8587
-62.8536
-62.8494
-62.8462
-62.8438
-62.8423
-62.8415
-62.8416
-62.8423
-62.8437
-62.8458
-62.8486
-62.8519
-62.8558
-62.8603
-62.8653
-62.8708
-62.8768
-62.8832
-62.8901
-62.8973
-62.905
-62.913
-62.9214
-62.9301
-62.9391
-62.9485
-62.9581
-62.9679
-62.978
-62.9884
-62.9989
-63.0097
-63.0206
-63.0318
-63.0431
-63.0545
-63.0661
-63.0779
-63.0897
-63.1017
-63.1138
-63.126
-63.1382
-63.1506
-63.163
-63.1754
-63.188
-63.2005
-63.2132
-63.2258
-63.2385
-63.2512
-63.2639
-63.2766
-63.2893
-63.3021
-63.3148
-63.3275
-63.3402
-63.3529
-63.3656
-63.3782
-63.3909
-63.4035
-63.416
-63.4285
-63.441
-63.4534
-63.4658
-63.4782
-63.4905
-63.5027
-63.5149
-63.527
-63.5391
-63.5511
-63.563
-63.5749
-63.5867
-63.5985
-63.6101
-63.6217
-63.6333
-63.6448
-63.6561
-63.6675
-63.6787
-63.6899
-63.701
-63.712
-63.723
-63.7338
-63.7446
-63.7553
-63.766
-63.7765
-63.787
-63.7974
-63.8077
-63.8179
-63.8281
-63.8381
-63.8481
-63.8581
-63.8679
-63.8776
-63.8873
-63.8969
-63.9064
-63.9158
-63.9252
-63.9345
-63.9437
-63.9528
-63.9618
-63.9708
-63.9796
-63.9884
-63.9972
-64.0058
-64.0144
-64.0228
-64.0313
-64.0396
-64.0479
-64.056
-64.0641
-64.0722
-64.0801
-64.088
-64.0958
-64.1036
-64.1112
-64.1188
-64.1264
-64.1338
-64.1412
-64.1485
-64.1557
-64.1629
-64.17
-64.1771
-64.184
-64.1909
-64.1978
-64.2045
-64.2112
-64.2179
-64.2244
-64.2309
-64.2374
-64.2438
-64.2501
-64.2563
-64.2625
-64.2687
-64.2747
-64.2807
-64.2867
-64.2926
-64.2984
-64.3042
-64.3099
-64.3156
-64.3212
-64.3267
-64.3322
-64.3376
-64.343
-64.3483
-64.3536
-64.3588
-64.364
-64.3691
-64.3742
-64.3792
-64.3841
-64.389
-64.3939
-64.3987
-64.4034
-64.4081
-64.4128
-64.4174
-64.422
-64.4265
-64.431
-64.4354
-64.4398
-64.4441
-64.4484
-64.4526
-64.4568
-64.461
-64.4651
-64.4692
-64.4732
-64.4772
-64.4811
-64.485
-64.4889
-64.4927
-64.4965
-64.5002
-64.5039
-64.5076
-64.5112
-64.5148
-64.5183
-64.5218
-64.5253
-64.5287
-64.5321
-64.5355
-64.5388
-64.5421
-64.5453
-64.5486
-64.5613
-64.576
-64.5909
-64.6052
-64.6186
-64.6311
-64.6427
-64.6535
-64.6637
-64.6732
-64.6823
-64.6908
-64.699
-64.7068
-64.7142
-64.7214
-64.7283
-64.7349
-64.7413
-64.7475
-64.7535
-64.7593
-64.7648
-64.7702
-64.7755
-64.7805
-64.7854
-64.7901
-64.7947
-64.7992
-64.8034
-64.8076
-64.8116
-64.8155
-64.8193
-64.8229
-64.8265
-64.8299
-64.8332
-64.8364
-64.8395
-64.8425
-64.8454
-64.8482
-64.8508
-64.8535
-64.856
-64.8584
-64.8607
-64.863
-64.8652
-64.8673
-64.8693
-64.8713
-64.8732
-64.875
-64.8767
-64.8784
-64.88
-64.8815
-64.883
-64.8845
-64.8858
-64.8871
-64.8884
-64.8896
-64.8908
-64.8919
-64.8929
-64.8939
-64.8949
-64.8958
-64.8966
-64.8975
-64.8982
-64.899
-64.8997
-64.9003
-64.9009
-64.9015
-64.9021
-64.9026
-64.9031
-64.9035
-64.9039
-64.9043
-64.9047
-64.905
-64.9053
-64.9055
-64.9058
-64.906
-64.9061
-64.9063
-64.9064
-64.9065
-64.9066
-64.9067
-64.9067
-64.9067
-64.9067
-64.9067
-64.9067
-64.9066
-64.9065
-64.9064
-64.9063
-64.9062
-64.906
-64.9058
-64.9057
-64.9055
-64.9053
-64.905
-64.9048
-64.9045
-64.9043
-64.904
-64.9037
-64.9034
-64.9031
-64.9028
-64.9024
-64.9021
-64.9017
-64.9013
-64.901
-64.9006
-64.9002
-64.8998
-64.8994
-64.899
-64.8985
-64.8981
-64.8977
-64.8972
-64.8968
-64.8963
-64.8958
-64.8954
-64.8949
-64.8944
-64.8939
-64.8934
-64.8929
-64.8924
-64.8919
-64.8721
-64.8362
-64.7887
-64.7331
-64.6718
-64.6064
-64.5383
-64.4686
-64.3979
-64.327
-64.2564
-64.1864
-64.1176
-64.05
-63.984
-63.9198
-63.8575
-63.7972
-63.7389
-63.6828
-63.6289
-63.5772
-63.5277
-63.4804
-63.4352
-63.3922
-63.3514
-63.3125
-63.2758
-63.241
-63.2081
-63.1771
-63.148
-63.1206
-63.095
-63.071
-63.0486
-63.0278
-63.0085
-62.9907
-62.9742
-62.9591
-62.9453
-62.9328
-62.9215
-62.9113
-62.9022
-62.8943
-62.8873
-62.8813
-62.8763
-62.8722
-62.869
-62.8666
-62.865
-62.8641
-62.864
-62.8646
-62.8659
-62.8678
-62.8703
-62.8735
-62.8771
-62.8813
-62.886
-62.8912
-62.8969
-62.903
-62.9095
-62.9164
-62.9236
-62.9313
-62.9392
-62.9475
-62.9561
-62.965
-62.9741
-62.9835
-62.9931
-63.003
-63.0131
-63.0233
-63.0338
-63.0444
-63.066
-63.0903
-63.1148
-63.1387
-63.1618
-63.184
-63.2053
-63.2258
-63.2457
-63.2649
-63.2837
-63.302
-63.32
-63.3376
-63.3548
-63.3719
-63.3886
-63.4051
-63.4214
-63.4375
-63.4533
-63.469
-63.4845
-63.4997
-63.5148
-63.5298
-63.5445
-63.5591
-63.5735
-63.5877
-63.6018
-63.6157
-63.6294
-63.643
-63.6565
-63.6697
-63.6828
-63.6958
-63.7086
-63.7213
-63.7338
-63.7462
-63.7584
-63.7705
-63.7824
-63.7942
-63.8059
-63.8174
-63.8288
-63.8401
-63.8512
-63.8622
-63.873
-63.8837
-63.8943
-63.9048
-63.9152
-63.9254
-63.9355
-63.9455
-63.9553
-63.9651
-63.9747
-63.9842
-63.9936
-64.0028
-64.012
-64.0211
-64.03
-64.0388
-64.0476
-64.0562
-64.0647
-64.0731
-64.0814
-64.0896
-64.0977
-64.1057
-64.1137
-64.1215
-64.1292
-64.1368
-64.1443
-64.1518
-64.1591
-64.1664
-64.1735
-64.1806
-64.1876
-64.1945
-64.2013
-64.208
-64.2147
-64.2213
-64.2277
-64.2341
-64.2405
-64.2467
-64.2529
-64.259
-64.265
-64.2709
-64.2768
-64.2826
-64.2883
-64.294
-64.2996
-64.3051
-64.3105
-64.3159
-64.3212
-64.3265
-64.3317
-64.3368
-64.3418
-64.3468
-64.3517
-64.3566
-64.3614
-64.3662
-64.3708
-64.3755
-64.38
-64.3846
-64.389
-64.3934
-64.3978
-64.4021
-64.4063
-64.4105
-64.4146
-64.4187
-64.4228
-64.4267
-64.4307
-64.4346
-64.4384
-64.4422
-64.4459
-64.4496
-64.4533
-64.4569
-64.4604
-64.464
-64.4674
-64.4709
-64.4742
-64.4776
-64.4809
-64.4842
-64.4874
-64.4906
-64.4937
-64.4968
-64.4999
-64.5029
-64.5059
-64.5088
-64.5118
-64.5146
-64.5175
-64.5203
-64.5231
-64.5258
-64.5285
-64.5312
-64.5338
-64.5364
-64.539
-64.5415
-64.5441
-64.5465
-64.549
-64.5514
-64.5538
-64.5562
-64.5585
-64.5608
-64.5631
-64.5653
-64.5675
-64.5697
-64.5719
-64.574
-64.5761
-64.5782
-64.5803
-64.5823
-64.5843
-64.5863
-64.5883
-64.5902
-64.5921
-64.594
-64.5959
-64.5977
-64.5995
-64.6013
-64.6031
-64.6048
-64.6066
-64.6083
-64.61
-64.6116
-64.6133
-64.6149
-64.6165
-64.6181
-64.6197
-64.6212
-64.6228
-64.6243
-64.6258
-64.6272
-64.6287
-64.6301
-64.6315
-64.6329
-64.6343
-64.6357
-64.6371
-64.6384
-64.6397
-64.641
-64.6423
-64.6436
-64.6448
-64.6461
-64.6473
-64.6485
-64.6497
-64.6509
-64.652
-64.6532
-64.6543
-64.6554
-64.6565
-64.6576
-64.6587
-64.6598
-64.6608
-64.6619
-64.6629
-64.6639
-64.6649
-64.6659
-64.6669
-64.6679
-64.6688
-64.6698
-64.6707
-64.6716
-64.6725
-64.6734
-64.6743
-64.6752
-64.6761
-64.6769
-64.6778
-64.6786
-64.6794
-64.6803
-64.6811
-64.6819
-64.6826
-64.6834
-64.6842
-64.6849
-64.6857
-64.6864
-64.6872
-64.6879
-64.6886
-64.6893
-64.69
-64.6907
-64.6913
-64.692
-64.6927
-64.6933
-64.694
-64.6946
-64.6952
-64.6959
-64.6965
-64.6971
-64.6977
-64.6983
-64.6989
-64.6994
-64.7
-64.7006
-64.7011
-64.7017
-64.7022
-64.7028
-64.7033
-64.7038
-64.7043
-64.7049
-64.7054
-64.7059
-64.7064
-64.7068
-64.7073
-64.7078
-64.7083
-64.7087
-64.7092
-64.7096
-64.7101
-64.7105
-64.711
-64.7114
-64.7118
-64.7123
-64.7127
-64.7131
-64.7135
-64.7139
-64.7143
-64.7147
-64.7151
-64.7155
-64.7158
-64.7162
-64.7166
-64.717
-64.7173
-64.7177
-64.718
-64.7184
-64.7187
-64.7191
-64.7194
-64.7197
-64.7201
-64.7204
-64.7207
-64.721
-64.7213
-64.7217
-64.722
-64.7223
-64.7194
-64.7106
-64.6943
-64.6701
-64.6383
-64.5994
-64.5545
-64.5045
-64.4502
-64.3927
-64.3327
-64.2712
-64.2086
-64.1456
-64.0827
-64.0203
-63.9688
-63.9209
-63.8746
-63.8293
-63.7848
-63.7414
-63.699
-63.6578
-63.6179
-63.5795
-63.5425
-63.5071
-63.4733
-63.4411
-63.4105
-63.3814
-63.354
-63.3281
-63.3037
-63.2808
-63.2594
-63.2393
-63.2207
-63.2033
-63.1873
-63.1724
-63.1588
-63.1464
-63.135
-63.1248
-63.1155
-63.1073
-63.1
-63.0937
-63.0882
-63.0836
-63.0798
-63.0768
-63.0745
-63.073
-63.0721
-63.0719
-63.0724
-63.0734
-63.075
-63.0772
-63.0799
-63.0831
-63.0867
-63.0909
-63.0954
-63.1004
-63.1058
-63.1115
-63.1176
-63.1241
-63.1308
-63.1379
-63.1452
-63.1528
-63.1607
-63.1688
-63.1771
-63.1857
-63.1945
-63.2034
-63.2125
-63.2218
-63.2312
-63.2408
-63.2505
-63.2604
-63.2703
-63.2804
-63.2906
-63.3008
-63.3111
-63.3215
-63.332
-63.3425
-63.3531
-63.3637
-63.3744
-63.3851
-63.3958
-63.4066
-63.4173
-63.4281
-63.4389
-63.4497
-63.4604
-63.4712
-63.482
-63.4927
-63.5035
-63.5142
-63.5249
-63.5355
-63.5462
-63.5568
-63.5674
-63.5779
-63.5884
-63.5988
-63.6092
-63.6196
-63.6299
-63.6402
-63.6504
-63.6605
-63.6706
-63.6807
-63.6907
-63.7006
-63.7104
-63.7203
-63.73
-63.7397
-63.7493
-63.7589
-63.7683
-63.7778
-63.7871
-63.7964
-63.8056
-63.8148
-63.8239
-63.8329
-63.8418
-63.8507
-63.8595
-63.8682
-63.8769
-63.8855
-63.894
-63.9025
-63.9108
-63.9191
-63.9274
-63.9356
-63.9437
-63.9517
-63.9596
-63.9675
-63.9753
-63.9831
-63.9908
-63.9984
-64.0059
-64.0134
-64.0208
-64.0281
-64.0354
-64.0426
-64.0497
-64.0568
-64.0638
-64.0707
-64.0776
-64.0844
-64.0911
-64.0978
-64.1044
-64.1109
-64.1174
-64.1238
-64.1302
-64.1365
-64.1427
-64.1489
-64.155
-64.161
-64.167
-64.1729
-64.1788
-64.1846
-64.1904
-64.196
-64.2017
-64.2073
-64.2128
-64.2182
-64.2237
-64.229
-64.2343
-64.2396
-64.2448
-64.2499
-64.255
-64.26
-64.265
-64.2699
-64.2748
-64.2797
-64.2844
-64.2892
-64.2939
-64.2985
-64.3031
-64.3076
-64.3121
-64.3166
-64.321
-64.3253
-64.3296
-64.3339
-64.3381
-64.3423
-64.3464
-64.3505
-64.3545
-64.3585
-64.3625
-64.3664
-64.3703
-64.3741
-64.3779
-64.3817
-64.3854
-64.3891
-64.3927
-64.3963
-64.3999
-64.4034
-64.4069
-64.4104
-64.4138
-64.4172
-64.4205
-64.4238
-64.4271
-64.4303
-64.4335
-64.4367
-64.4398
-64.4429
-64.446
-64.449
-64.4521
-64.455
-64.458
-64.4609
-64.4638
-64.4666
-64.4694
-64.4722
-64.475
-64.4777
-64.4804
-64.4831
-64.4857
-64.4883
-64.4909
-64.4935
-64.496
-64.4985
-64.501
-64.5034
-64.5059
-64.5083
-64.5106
-64.513
-64.5153
-64.5176
-64.5199
-64.5221
-64.5244
-64.5266
-64.5287
-64.5309
-64.533
-64.5351
-64.5372
-64.5393
-64.5413
-64.5433
-64.5453
-64.5442
-64.537
-64.5224
-64.4999
-64.4697
-64.4325
-64.3893
-64.3408
-64.2881
-64.2322
-64.1738
-64.1137
-64.0526
-63.9911
-63.9296
-63.8687
-63.8086
-63.7496
-63.692
-63.6359
-63.5815
-63.5289
-63.4783
-63.4295
-63.3828
-63.3381
-63.2953
-63.2546
-63.2158
-63.179
-63.1441
-63.111
-63.0798
-63.0504
-63.0228
-62.9968
-62.9725
-62.9497
-62.9285
-62.9089
-62.8906
-62.8738
-62.8583
-62.8441
-62.8311
-62.8194
-62.8088
-62.7994
-62.791
-62.7836
-62.7773
-62.7719
-62.7674
-62.7638
-62.7611
-62.7591
-62.7579
-62.7575
-62.7578
-62.7588
-62.7604
-62.7626
-62.7655
-62.7689
-62.7728
-62.7773
-62.7823
-62.7877
-62.7936
-62.7999
-62.8066
-62.8137
-62.8212
-62.829
-62.8371
-62.8456
-62.8543
-62.8634
-62.8727
-62.8822
-62.892
-62.902
-62.9122
-62.9226
-62.9332
-62.9439
-62.9549
-62.9659
-62.9771
-62.9884
-62.9999
-63.0114
-63.0231
-63.0348
-63.0467
-63.0585
-63.0705
-63.0825
-63.0946
-63.1067
-63.1189
-63.1311
-63.1433
-63.1555
-63.1678
-63.1801
-63.1923
-63.2046
-63.2169
-63.2292
-63.2414
-63.2537
-63.2659
-63.2781
-63.2902
-63.3024
-63.3145
-63.3265
-63.3386
-63.3506
-63.3625
-63.3744
-63.3863
-63.3981
-63.4098
-63.4215
-63.4331
-63.4447
-63.4562
-63.4677
-63.4791
-63.4904
-63.5017
-63.5129
-63.524
-63.5351
-63.5461
-63.557
-63.5679
-63.5787
-63.5894
-63.6
-63.6106
-63.6211
-63.6315
-63.6418
-63.6521
-63.6622
-63.6724
-63.6824
-63.6923
-63.7022
-63.712
-63.7218
-63.7314
-63.741
-63.7505
-63.7599
-63.7692
-63.7785
-63.7877
-63.7968
-63.8058
-63.8147
-63.8236
-63.8324
-63.8411
-63.8498
-63.8584
-63.8669
-63.8753
-63.8836
-63.8919
-63.9001
-63.9082
-63.9163
-63.9243
-63.9322
-63.94
-63.9478
-63.9555
-63.9631
-63.9706
-63.9781
-63.9855
-63.9929
-64.0001
-64.0073
-64.0145
-64.0215
-64.0285
-64.0355
-64.0423
-64.0491
-64.0559
-64.0625
-64.0691
-64.0757
-64.0822
-64.0886
-64.0949
-64.1012
-64.1075
-64.1136
-64.1198
-64.1258
-64.1318
-64.1377
-64.1436
-64.1494
-64.1552
-64.1609
-64.1665
-64.1721
-64.1776
-64.1831
-64.1885
-64.1939
-64.1992
-64.2045
-64.2097
-64.2149
-64.22
-64.225
-64.23
-64.235
-64.2399
-64.2447
-64.2495
-64.2543
-64.259
-64.2637
-64.2683
-64.2729
-64.2774
-64.2818
-64.2863
-64.2907
-64.295
-64.2993
-64.3035
-64.3077
-64.3119
-64.316
-64.3201
-64.3241
-64.3281
-64.3321
-64.336
-64.3399
-64.3437
-64.3475
-64.3513
-64.355
-64.3587
-64.3623
-64.3659
-64.3695
-64.373
-64.3861
-64.4014
-64.4168
-64.4316
-64.4454
-64.4583
-64.4704
-64.4816
-64.4922
-64.5021
-64.5115
-64.5205
-64.529
-64.5372
-64.545
-64.5525
-64.5597
-64.5667
-64.5734
-64.5799
-64.5862
-64.5923
-64.5982
-64.6039
-64.6094
-64.6147
-64.6199
-64.6249
-64.6298
-64.6345
-64.6391
-64.6435
-64.6478
-64.652
-64.656
-64.6599
-64.6637
-64.6674
-64.671
-64.6744
-64.6777
-64.681
-64.6841
-64.6871
-64.6901
-64.6929
-64.6957
-64.6983
-64.7009
-64.7034
-64.7058
-64.7081
-64.7104
-64.7125
-64.7146
-64.7167
-64.7186
-64.7205
-64.7223
-64.7241
-64.7258
-64.7274
-64.729
-64.7305
-64.732
-64.7334
-64.7347
-64.736
-64.7373
-64.7384
-64.7396
-64.7407
-64.7417
-64.7428
-64.7437
-64.7446
-64.7455
-64.7464
-64.7472
-64.7479
-64.7487
-64.7493
-64.75
-64.7506
-64.7512
-64.7518
-64.7523
-64.7528
-64.7532
-64.7537
-64.7541
-64.7544
-64.7548
-64.7551
-64.7554
-64.7557
-64.7559
-64.7562
-64.7564
-64.7565
-64.7567
-64.7568
-64.7569
-64.757
-64.7571
-64.7572
-64.7572
-64.7572
-64.7572
-64.7572
-64.7572
-64.7572
-64.7571
-64.757
-64.7569
-64.7568
-64.7567
-64.7566
-64.7565
-64.7563
-64.7561
-64.756
-64.7558
-64.7556
-64.7554
-64.7551
-64.7549
-64.7547
-64.7544
-64.7542
-64.7539
-64.7536
-64.7534
-64.7531
-64.7528
-64.7525
-64.7522
-64.7518
-64.7515
-64.7512
-64.7508
-64.7505
-64.7502
-64.7498
-64.7495
-64.7491
-64.7487
-64.7484
-64.748
-64.7476
-64.7472
-64.7468
-64.7465
-64.7461
-64.7457
-64.7453
-64.7449
-64.7445
-64.7441
-64.7437
-64.7432
-64.7428
-64.7424
-64.742
-64.7416
-64.7412
-64.7408
-64.7403
-64.7399
-64.7395
-64.7391
-64.7386
-64.7382
-64.7378
-64.7374
-64.737
-64.7365
-64.7361
-64.7357
-64.7353
-64.7348
-64.7344
-64.734
-64.7336
-64.7331
-64.7327
-64.7323
-64.7319
-64.7315
-64.731
-64.7306
-64.7302
-64.7298
-64.7294
-64.729
-64.7286
-64.7281
-64.7277
-64.7273
-64.7269
-64.7265
-64.7261
-64.7257
-64.7253
-64.7249
-64.7245
-64.7241
-64.7238
-64.7234
-64.723
-64.7226
-64.7222
-64.7218
-64.7214
-64.7211
-64.7207
-64.7203
-64.72
-64.7196
-64.7192
-64.7189
-64.7185
-64.7181
-64.7178
-64.7174
-64.7171
-64.7167
-64.7164
-64.7161
-64.7157
-64.7154
-64.715
-64.7147
-64.7144
-64.7141
-64.7137
-64.7134
-64.7131
-64.7128
-64.7125
-64.7122
-64.7118
-64.7115
-64.7112
-64.7109
-64.7106
-64.7103
-64.7101
-64.7098
-64.7095
-64.7092
-64.7089
-64.7086
-64.7084
-64.7081
-64.7078
-64.7076
-64.7073
-64.707
-64.7068
-64.7065
-64.7063
-64.706
-64.7058
-64.7055
-64.7053
-64.705
-64.7048
-64.7046
-64.7043
-64.7041
-64.7039
-64.7037
-64.7035
-64.7032
-64.703
-64.7028
-64.7026
-64.7024
-64.7022
-64.702
-64.7018
-64.7016
-64.7014
-64.7012
-64.701
-64.7009
-64.7007
-64.7005
-64.7003
-64.7002
-64.7
-64.6998
-64.6996
-64.6995
-64.6993
-64.6992
-64.699
-64.6989
-64.6987
-64.6986
-64.6984
-64.6983
-64.6981
-64.698
-64.6979
-64.6977
-64.6976
-64.6975
-64.6974
-64.6972
-64.6971
-64.697
-64.6969
-64.6968
-64.6967
-64.6966
-64.6965
-64.6964
-64.6963
-64.6962
-64.6961
-64.696
-64.6959
-64.6958
-64.6957
-64.6956
-64.6956
-64.6955
-64.6954
-64.6953
-64.6953
-64.6952
-64.6951
-64.6951
-64.695
-64.6949
-64.6949
-64.6948
-64.6948
-64.6947
-64.6947
-64.6946
-64.6946
-64.6945
-64.6945
-64.6944
-64.6944
-64.6944
-64.6943
-64.6943
-64.6943
-64.6943
-64.6942
-64.6942
-64.6942
-64.6942
-64.6941
-64.6941
-64.6941
-64.6941
-64.6941
-64.6941
-64.6941
-64.6941
-64.6941
-64.6941
-64.6941
-64.6941
-64.6941
-64.6941
-64.6941
-64.6941
-64.6941
-64.6941
-64.6942
-64.6942
-64.6942
-64.6942
-64.6942
-64.6943
-64.6943
-64.6943
-64.6943
-64.6944
-64.6944
-64.6944
-64.6945
-64.6945
-64.6946
-64.6946
-64.6946
-64.6947
-64.6947
-64.6948
-64.6948
-64.6949
-64.6949
-64.695
-64.695
-64.6951
-64.6951
-64.6952
-64.6953
-64.6953
-64.6954
-64.6955
-64.6955
-64.6956
-64.6957
-64.6957
-64.6958
-64.6959
-64.6959
-64.696
-64.6961
-64.6962
-64.6963
-64.6963
-64.6964
-64.6965
-64.6966
-64.6967
-64.6968
-64.6968
-64.6969
-64.697
-64.6971
-64.6972
-64.6973
-64.6974
-64.6975
-64.6976
-64.6977
-64.6978
-64.6979
-64.698
-64.6981
-64.6982
-64.6983
-64.6984
-64.6985
-64.6986
-64.6987
-64.6988
-64.699
-64.6991
-64.6992
-64.6993
-64.6994
-64.6995
-64.6997
-64.6998
-64.6999
-64.7
-64.7001
-64.7003
-64.7004
-64.7005
-64.7006
-64.7008
-64.7009
-64.701
-64.7011
-64.7013
-64.7014
-64.7015
-64.7017
-64.7018
-64.7019
-64.7021
-64.7022
-64.7023
-64.7025
-64.7026
-64.7028
-64.7029
-64.703
-64.7032
-64.7033
-64.7035
-64.7036
-64.7038
-64.7039
-64.7041
-64.7042
-64.7044
-64.7045
-64.7046
-64.7048
-64.705
-64.7051
-64.7053
-64.7054
-64.7056
-64.7057
-64.7059
-64.706
-64.7062
-64.7063
-64.7065
-64.7067
-64.7068
-64.707
-64.7071
-64.7073
-64.7075
-64.7076
-64.7078
-64.7079
-64.7081
-64.7083
-64.7084
-64.7086
-64.7088
-64.7089
-64.7091
-64.7093
-64.7094
-64.7096
-64.7098
-64.7099
-64.7101
-64.7103
-64.7105
-64.7106
-64.7108
-64.711
-64.7112
-64.7113
-64.7115
-64.7117
-64.7119
-64.712
-64.7122
-64.7124
-64.7126
-64.7127
-64.7129
-64.7131
-64.7133
-64.7135
-64.7136
-64.7138
-64.714
-64.7142
-64.7144
-64.7145
-64.7147
-64.7149
-64.7151
-64.7153
-64.7155
-64.7156
-64.7158
-64.716
-64.7162
-64.7164
-64.7166
-64.7168
-64.7138
-64.7049
-64.6885
-64.6642
-64.6323
-64.5934
-64.5484
-64.4983
-64.4439
-64.3864
-64.3263
-64.2647
-64.2021
-64.139
-64.0761
-64.0137
-63.9521
-63.8917
-63.8327
-63.7753
-63.7197
-63.6658
-63.6139
-63.564
-63.516
-63.4701
-63.4262
-63.3844
-63.3445
-63.3066
-63.2707
-63.2367
-63.2045
-63.1741
-63.1455
-63.1187
-63.0934
-63.0699
-63.0478
-63.0273
-63.0083
-62.9906
-62.9744
-62.9594
-62.9457
-62.9333
-62.922
-62.9119
-62.9028
-62.8948
-62.8878
-62.8818
-62.8767
-62.8725
-62.8692
-62.8667
-62.865
-62.864
-62.8638
-62.8642
-62.8653
-62.8671
-62.8694
-62.8723
-62.8758
-62.8798
-62.8843
-62.8893
-62.8948
-62.9007
-62.907
-62.9137
-62.9207
-62.9282
-62.9359
-62.944
-62.9524
-62.9611
-62.97
-62.9792
-62.9887
-62.9983
-63.0082
-63.0183
-63.0285
-63.039
-63.0496
-63.0604
-63.0713
-63.0823
-63.0935
-63.1047
-63.1161
-63.1276
-63.1391
-63.1508
-63.1625
-63.1743
-63.1861
-63.198
-63.2099
-63.2219
-63.2339
-63.2459
-63.2579
-63.27
-63.282
-63.2941
-63.3062
-63.3182
-63.3303
-63.3423
-63.3543
-63.3663
-63.3783
-63.3903
-63.4022
-63.4141
-63.4259
-63.4378
-63.4495
-63.4613
-63.473
-63.4846
-63.4962
-63.5077
-63.5192
-63.5307
-63.542
-63.5533
-63.5646
-63.5758
-63.5869
-63.598
-63.609
-63.6199
-63.6308
-63.6416
-63.6523
-63.663
-63.6736
-63.6841
-63.6945
-63.7049
-63.7152
-63.7254
-63.7356
-63.7456
-63.7556
-63.7656
-63.7754
-63.7852
-63.7949
-63.8045
-63.8141
-63.8236
-63.833
-63.8423
-63.8515
-63.8607
-63.8698
-63.8788
-63.8878
-63.8967
-63.9055
-63.9142
-63.9228
-63.9314
-63.9399
-63.9483
-63.9567
-63.9649
-63.9731
-63.9813
-63.9893
-63.9973
-64.0052
-64.0131
-64.0209
-64.0286
-64.0362
-64.0438
-64.0512
-64.0587
-64.066
-64.0733
-64.0805
-64.0877
-64.0948
-64.1018
-64.1087
-64.1156
-64.1224
-64.1292
-64.1359
-64.1425
-64.1491
-64.1556
-64.162
-64.1684
-64.1747
-64.181
-64.1872
-64.1933
-64.1994
-64.2054
-64.2113
-64.2172
-64.2231
-64.2289
-64.2346
-64.2403
-64.2459
-64.2514
-64.2569
-64.2624
-64.2678
-64.2829
-64.3001
-64.3174
-64.3341
-64.3498
-64.3646
-64.3784
-64.3915
-64.4038
-64.4155
-64.4266
-64.4373
-64.4475
-64.4573
-64.4667
-64.4759
-64.4847
-64.4933
-64.5016
-64.5096
-64.5175
-64.5251
-64.5325
-64.5396
-64.5466
-64.5535
-64.5601
-64.5665
-64.5728
-64.5789
-64.5849
-64.5907
-64.5963
-64.6018
-64.6072
-64.6124
-64.6175
-64.6225
-64.6273
-64.632
-64.6366
-64.6411
-64.6454
-64.6305
-64.5994
-64.5567
-64.5059
-64.4494
-64.3887
-64.3253
-64.2602
-64.1941
-64.1276
-64.0614
-63.9958
-63.9312
-63.8679
-63.8061
-63.7459
-63.6876
-63.6312
-63.5768
-63.5244
-63.4742
-63.4261
-63.3801
-63.3362
-63.2945
-63.2547
-63.2171
-63.1814
-63.1477
-63.1159
-63.086
-63.0578
-63.0315
-63.0068
-62.9838
-62.9624
-62.9425
-62.9241
-62.9072
-62.8916
-62.8774
-62.8645
-62.8528
-62.8424
-62.833
-62.8248
-62.8177
-62.8115
-62.8063
-62.8021
-62.7988
-62.7963
-62.7947
-62.7938
-62.7937
-62.7944
-62.7957
-62.7976
-62.8003
-62.8035
-62.8072
-62.8116
-62.8164
-62.8218
-62.8276
-62.8338
-62.8405
-62.8476
-62.8551
-62.863
-62.8712
-62.8797
-62.8885
-62.8976
-62.907
-62.9166
-62.9265
-62.9367
-62.947
-62.9575
-62.9683
-62.9792
-62.9902
-63.0014
-63.0128
-63.0243
-63.0359
-63.0476
-63.0594
-63.0713
-63.0833
-63.0954
-63.1075
-63.1197
-63.1319
-63.1442
-63.1566
-63.1689
-63.1813
-63.1937
-63.2061
-63.2185
-63.2309
-63.2434
-63.2558
-63.2682
-63.2806
-63.293
-63.3053
-63.3176
-63.3299
-63.3422
-63.3544
-63.3666
-63.3787
-63.3908
-63.4029
-63.4149
-63.4268
-63.4387
-63.4505
-63.4623
-63.474
-63.4857
-63.4973
-63.5088
-63.5202
-63.5316
-63.543
-63.5542
-63.5654
-63.5765
-63.5875
-63.5985
-63.6094
-63.6202
-63.6309
-63.6416
-63.6521
-63.6626
-63.6731
-63.6834
-63.704
-63.7267
-63.7495
-63.7716
-63.7927
-63.8127
-63.8318
-63.8499
-63.8673
-63.884
-63.9
-63.9155
-63.9305
-63.9451
-63.9592
-63.973
-63.9865
-63.9996
-64.0124
-64.0249
-64.0371
-64.0491
-64.0608
-64.0723
-64.0836
-64.0946
-64.1053
-64.1159
-64.1263
-64.1463
-64.1683
-64.1902
-64.2113
-64.2314
-64.2503
-64.2682
-64.2851
-64.3012
-64.3165
-64.3312
-64.3452
-64.3587
-64.3717
-64.3843
-64.3964
-64.4081
-64.4195
-64.4305
-64.4507
-64.4727
-64.4946
-64.5155
-64.5353
-64.5539
-64.5714
-64.5879
-64.6035
-64.6183
-64.6323
-64.6457
-64.6585
-64.6708
-64.6825
-64.6938
-64.7046
-64.715
-64.7251
-64.7347
-64.744
-64.753
-64.7616
-64.7699
-64.778
-64.7857
-64.7931
-64.8003
-64.8072
-64.8139
-64.8203
-64.8264
-64.8323
-64.838
-64.8435
-64.8488
-64.8539
-64.8587
-64.8634
-64.8678
-64.8721
-64.8762
-64.8802
-64.884
-64.8876
-64.891
-64.8943
-64.8974
-64.9004
-64.9033
-64.906
-64.9085
-64.911
-64.9133
-64.9155
-64.9175
-64.9195
-64.9213
-64.9231
-64.9247
-64.9262
-64.9276
-64.9289
-64.9301
-64.9313
-64.9323
-64.9332
-64.9341
-64.9349
-64.9356
-64.9362
-64.9367
-64.9372
-64.9376
-64.9379
-64.9382
-64.9384
-64.9385
-64.9385
-64.9385
-64.9385
-64.9384
-64.9382
-64.938
-64.9377
-64.9374
-64.937
-64.9366
-64.9361
-64.9356
-64.9351
-64.9345
-64.9338
-64.9332
-64.9324
-64.9317
-64.9309
-64.9301
-64.9292
-64.9284
-64.9274
-64.9265
-64.9255
-64.9245
-64.9235
-64.9224
-64.9214
-64.9203
-64.9191
-64.918
-64.9168
-64.9156
-64.9144
-64.9132
-64.9119
-64.9107
-64.9094
-64.9081
-64.9068
-64.9054
-64.9041
-64.9119
-64.9218
-64.9318
-64.9412
-64.9498
-64.9575
-64.9645
-64.9707
-64.9762
-64.9812
-64.9858
-64.9989
-65.0138
-65.0284
-65.0421
-65.0548
-65.0664
-65.077
-65.0866
-65.0955
-65.1036
-65.1111
-65.118
-65.1245
-65.1304
-65.136
-65.1411
-65.1459
-65.1504
-65.1545
-65.1584
-65.162
-65.1653
-65.1683
-65.1712
-65.1737
-65.1761
-65.1783
-65.1802
-65.182
-65.1835
-65.1849
-65.1861
-65.1679
-65.1333
-65.0872
-65.0328
-64.9726
-64.9082
-64.8411
-64.7722
-64.7023
-64.6321
-64.562
-64.4925
-64.424
-64.3567
-64.2909
-64.2267
-64.1644
-64.1039
-64.0454
-63.989
-63.9347
-63.8824
-63.8323
-63.7843
-63.7383
-63.6945
-63.6526
-63.6128
-63.5749
-63.5389
-63.5048
-63.4725
-63.4419
-63.4131
-63.3859
-63.3603
-63.3469
-63.3373
-63.3294
-63.3223
-63.3155
-63.3091
-63.303
-63.2973
-63.292
-63.2872
-63.2829
-63.2792
-63.276
-63.2734
-63.2714
-63.27
-63.2691
-63.2687
-63.2689
-63.2696
-63.2708
-63.2694
-63.2627
-63.2492
-63.2286
-63.2011
-63.1672
-63.128
-63.0843
-63.0478
-63.0112
-62.9729
-62.9328
-62.9023
-62.8733
-62.8441
-62.8142
-62.7838
-62.7533
-62.7228
-62.6927
-62.6634
-62.635
-62.6076
-62.5816
-62.5568
-62.5334
-62.5115
-62.491
-62.472
-62.4544
-62.4383
-62.4236
-62.4103
-62.3983
-62.3877
-62.3783
-62.3702
-62.3633
-62.3575
-62.3528
-62.3492
-62.3466
-62.345
-62.3443
-62.3445
-62.3456
-62.3475
-62.3502
-62.3536
-62.3577
-62.3626
-62.368
-62.3741
-62.3808
-62.388
-62.3958
-62.404
-62.4127
-62.4219
-62.4315
-62.4415
-62.4519
-62.4626
-62.4737
-62.4851
-62.4968
-62.5087
-62.5209
-62.5334
-62.5461
-62.559
-62.5721
-62.5853
-62.5987
-62.6123
-62.626
-62.6399
-62.6538
-62.6679
-62.682
-62.6963
-62.7106
-62.7249
-62.7394
-62.7649
-62.793
-62.8212
-62.8487
-62.8752
-62.9007
-62.9251
-62.9487
-62.9715
-62.9936
-63.0151
-63.036
-63.0565
-63.0765
-63.0961
-63.1154
-63.1343
-63.1529
-63.1712
-63.1892
-63.2069
-63.2244
-63.2415
-63.2585
-63.2752
-63.2916
-63.3078
-63.3238
-63.3396
-63.3551
-63.3704
-63.3855
-63.4003
-63.415
-63.4295
-63.4437
-63.4578
-63.4716
-63.4853
-63.4988
-63.512
-63.5251
-63.5381
-63.5508
-63.5633
-63.5757
-63.5879
-63.5999
-63.6118
-63.6235
-63.635
-63.6464
-63.6576
-63.2085
-62.7001
-62.2663
-61.9218
-61.6516
-61.4379
-61.267
-61.1288
-61.0245
-60.9428
-60.8781
-60.827
-60.7872
-60.757
-60.7437
-60.7396
-60.742
-60.7495
-60.7614
-60.7771
-60.7961
-60.8181
-60.8428
-60.8699
-60.8993
-60.9307
-60.9639
-60.9986
-61.0348
-61.0973
-61.1663
-61.2364
-61.3055
-61.3728
-61.4381
-61.5016
-61.5633
-61.6235
-61.6823
-61.7399
-61.7962
-61.8515
-61.9058
-61.9592
-62.0116
-62.0631
-62.1137
-62.1635
-62.2124
-62.2604
-62.3077
-62.354
-62.4072
-62.4611
-62.5143
-62.5661
-62.6164
-62.6651
-62.7198
-62.7746
-62.8282
-62.88
-62.9299
-62.978
-63.0244
-63.0692
-63.1126
-63.1545
-63.1952
-63.2347
-63.273
-63.3103
-63.3465
-63.3818
-63.4161
-63.4496
-63.4821
-63.5138
-63.5447
-63.5749
-63.6042
-63.6328
-63.6606
-63.6878
-63.7143
-63.7401
-63.3069
-62.7963
-62.3451
-61.9722
-61.6628
-61.3987
-61.1663
-60.9565
-60.7635
-60.5837
-60.4149
-60.2559
-60.1059
-59.9645
-59.8315
-59.7067
-59.5899
-59.4811
-59.3801
-59.2869
-59.2154
-59.1545
-59.101
-59.0535
-59.0113
-58.9741
-58.9418
-58.9141
-58.8908
-58.8719
-58.8572
-58.8465
-58.8395
-58.8362
-58.8364
-58.8495
-58.8678
-58.8891
-58.9125
-58.9375
-58.9639
-58.9916
-59.0206
-59.0508
-59.0822
-59.1222
-59.1659
-59.212
-59.2596
-59.3082
-58.9319
-58.5029
-58.1552
-57.9248
-57.8153
-57.7747
-57.7744
-57.7988
-57.8392
-57.8905
-57.9497
-58.015
-58.0852
-58.1594
-58.237
-58.3175
-58.3835
-58.4377
-58.4839
-58.5248
-58.5624
-58.5979
-58.6323
-58.6662
-58.7001
-58.7343
-58.7692
-58.805
-58.8417
-58.8795
-58.9184
-58.9584
-58.9996
-59.0419
-59.0852
-59.1296
-59.1749
-59.2212
-59.2683
-59.3161
-59.3646
-59.4138
-59.4635
-59.5137
-59.5643
-59.6153
-59.6666
-59.7181
-59.7698
-59.8216
-59.8826
-59.9456
-60.0085
-60.0708
-60.132
-60.1923
-60.2516
-60.3099
-60.3674
-60.4241
-60.48
-60.5352
-60.5898
-60.6437
-60.697
-60.7497
-60.8017
-60.8532
-60.9042
-60.9545
-61.0043
-61.0535
-61.1021
-61.1501
-61.1976
-61.2445
-61.2909
-61.3367
-61.382
-61.4267
-61.4708
-61.5144
-61.5575
-61.6
-61.65
-61.7011
-61.7518
-61.8014
-61.8497
-61.8967
-61.9425
-61.9871
-62.0306
-62.0731
-62.1378
-62.2066
-62.2747
-62.3478
-62.4196
-62.4883
-62.5537
-62.6157
-62.6747
-62.731
-62.7848
-62.8364
-62.886
-62.9156
-62.9284
-62.929
-62.9208
-62.9062
-62.8868
-62.8639
-62.8386
-62.8117
-62.7838
-62.7554
-62.7269
-62.6987
-62.6711
-62.6443
-62.6184
-62.5937
-62.5814
-62.5728
-62.5658
-62.5594
-62.5535
-62.5479
-62.5428
-62.5382
-62.5343
-62.531
-62.5599
-62.6005
-62.6439
-62.6867
-62.7275
-62.7659
-62.8022
-62.8366
-62.8694
-62.9008
-62.9311
-62.9606
-62.9892
-63.0173
-63.0448
-63.0718
-63.1055
-63.1404
-63.175
-63.2087
-63.2415
-63.2838
-63.3274
-63.3702
-63.4114
-63.4509
-63.4888
-63.5251
-63.5601
-63.5938
-63.6264
-63.2054
-62.7289
-62.3283
-62.0168
-61.7786
-61.5959
-61.4628
-61.363
-61.2878
-61.2315
-61.1904
-61.1617
-61.1433
-61.1337
-61.1318
-61.1364
-61.1469
-61.1624
-61.1824
-61.2063
-61.2338
-61.2643
-61.2976
-61.3577
-61.425
-61.4941
-61.5629
-61.6307
-61.6971
-61.7622
-61.826
-61.8887
-61.9582
-62.0283
-62.0976
-62.1654
-62.2316
-62.2962
-62.3594
-62.421
-62.4813
-62.5404
-62.5981
-62.6547
-62.7102
-62.7645
-62.8177
-62.8698
-62.9209
-62.9709
-63.0198
-63.0733
-63.1278
-63.1822
-63.236
-63.2888
-63.3406
-63.3913
-63.4407
-63.4889
-63.5359
-63.5817
-63.6263
-63.6696
-63.7118
-63.7529
-63.7928
-63.8316
-63.8694
-63.9061
-63.9231
-63.9235
-63.912
-63.8918
-63.8654
-63.8344
-63.8
-63.7634
-63.7251
-63.686
-63.6464
-63.6069
-63.5677
-63.5291
-63.4914
-63.4548
-63.4193
-63.3852
-63.3524
-63.321
-63.2912
-63.2628
-63.236
-63.2107
-63.1869
-63.1646
-63.1437
-63.1243
-63.1063
-63.0897
-63.0744
-63.0603
-63.0476
-63.036
-63.0256
-63.0235
-63.024
-63.0257
-63.028
-63.0305
-63.0333
-63.0362
-63.0395
-63.043
-63.0469
-63.0511
-63.0557
-63.0576
-63.054
-63.0437
-63.0261
-63.0016
-62.9708
-62.9345
-62.8937
-62.8492
-62.8021
-62.7531
-62.7029
-62.6521
-62.6014
-62.5511
-62.5016
-62.4533
-62.4064
-62.3611
-62.3175
-62.2759
-62.2362
-62.1985
-62.1629
-62.1293
-62.0978
-62.0682
-62.0407
-62.0152
-61.9916
-61.9699
-61.9499
-61.9318
-61.9153
-61.9005
-61.8873
-61.8756
-61.8654
-61.8567
-61.8492
-61.8431
-61.8383
-61.8346
-61.8321
-61.8306
-61.8303
-61.8309
-61.8324
-61.8349
-61.8382
-61.8424
-61.8474
-61.853
-61.8594
-61.8482
-61.8225
-61.7865
-61.7435
-61.6958
-61.6449
-61.5922
-61.5386
-61.4848
-61.4314
-61.3789
-61.3277
-61.278
-61.2302
-61.1844
-61.1407
-61.0992
-61.0601
-61.0234
-60.989
-60.957
-60.9274
-60.9002
-60.8752
-60.8525
-60.832
-60.8137
-60.7974
-60.7831
-60.7708
-60.7604
-60.7518
-60.7449
-60.7397
-60.7361
-60.7341
-60.7335
-60.7343
-60.7364
-60.7399
-60.7446
-60.7504
-60.7574
-60.7654
-60.7744
-60.7844
-60.7952
-60.807
-60.8195
-60.8329
-60.8469
-60.8617
-60.8771
-60.8931
-60.9097
-60.9269
-60.9445
-60.9627
-60.9812
-61.0003
-61.0197
-61.0394
-61.0595
-61.08
-61.1007
-61.1217
-61.1429
-61.1644
-61.1861
-61.2079
-61.23
-61.2522
-61.2745
-61.2969
-61.3195
-61.3421
-61.3649
-61.3876
-61.4105
-61.4334
-61.4563
-61.4792
-61.5021
-61.5251
-61.548
-61.5709
-61.5937
-61.6166
-61.6393
-61.6621
-61.6847
-61.7073
-61.7299
-61.7523
-61.7747
-61.7969
-61.8191
-61.8412
-61.8632
-61.885
-61.9068
-61.9284
-61.9499
-61.9713
-61.9926
-62.0137
-62.0347
-62.0555
-62.0763
-62.0969
-62.1173
-62.1376
-62.1578
-62.1778
-62.1976
-62.2173
-62.2369
-62.2563
-62.2756
-62.2947
-62.3136
-62.3324
-62.3511
-62.3696
-62.3879
-62.4061
-62.4241
-62.442
-62.4566
-62.4654
-62.4669
-62.4606
-62.4469
-62.4263
-62.3998
-62.3682
-62.3325
-62.2936
-62.2524
-62.2095
-62.1656
