3896
3897
3902
3906
3907
3909
3910
3914
3915
3916
4013
4019
4020
4022
4023
4025
4027
4029
4030
4031
4034
4035
4037
4038
4039
4042
4043
4045
4047
4136
4143
4145
4147
4149
4152
4156
4157
4158
4160
4164
4165
4171
4174
4176
4177
4261
4262
4263
4264
4265
4266
4269
4270
4272
4274
4276
4278
4279
4280
4282
4284
4288
4289
4291
4293
4299
4386
4387
4391
4393
4395
4400
4402
4403
4405
4406
4408
4410
4412
4414
4415
4416
4417
4418
4419
4423
4424
4425
4515
4517
4522
4525
4527
4535
4538
4540
4541
4546
4547
15896
15897
15900
15901
15905
15906
15907
15908
15914
15915
15916
16016
16018
16020
16022
16023
16025
16029
16032
16037
16040
16043
16046
16048
16140
16142
16144
16145
16146
16151
16154
16160
16161
16162
16164
16166
16167
16168
16169
16170
16175
16264
16268
16270
16273
16276
16284
16285
16289
16293
16298
16390
16393
16394
16396
16398
16399
16400
16405
16416
16417
16525
16526
16529
16530
16535
16536
18019
18020
18021
18022
18026
18033
18038
18044
18142
18144
18145
18153
18154
18158
18160
18163
18166
18169
18270
18274
18275
18276
18279
18282
18285
18286
18288
18291
18293
18404
18407
