1051
1055
1060
1061
1062
1173
1174
1181
1182
1185
1187
1191
1296
1297
1300
1307
1309
1311
1313
1315
1316
1317
1318
1319
1320
1422
1424
1427
1430
1433
1436
1437
1440
1444
1550
1551
1555
1556
1558
1560
1563
1564
1565
1681
1683
1685
4046
4053
4057
4058
4059
4063
4067
4167
4169
4173
4174
4176
4177
4179
4181
4182
4183
4184
4185
4187
4188
4190
4191
4192
4195
4196
4197
4288
4292
4294
4299
4300
4304
4311
4312
4314
4315
4319
4320
4321
4327
4410
4413
4415
4418
4420
4422
4424
4425
4430
4433
4439
4441
4445
4449
4452
4534
4538
4540
4543
4544
4545
4547
4553
4555
4556
4557
4558
4560
4562
4565
4567
4568
4572
4576
4577
4660
4661
4663
4664
4665
4667
4669
4670
4672
4674
4677
4678
4679
4681
4682
4684
4685
4686
4690
4692
4693
4694
4695
4700
4784
4786
4788
4791
4793
4798
4799
4801
4803
4805
4806
4807
4809
4812
4813
4816
4817
4819
4826
4827
4911
4913
4916
4923
4925
4928
4929
4932
4934
4935
4936
4938
4939
4940
4941
4942
4944
4947
4949
4951
4952
5039
5044
5046
5049
5050
5059
5062
5064
5065
5066
5071
5166
5170
5171
5175
5176
5177
5185
5187
5190
5192
5303
5307
5309
5311
