506
508
510
511
521
523
525
527
528
530
533
534
543
545
632
633
635
637
638
641
642
643
649
652
653
658
659
660
665
762
766
771
774
776
779
781
784
2397
2400
2401
2402
2406
2408
2514
2518
2520
2522
2528
2530
2531
2533
2534
2536
2537
2637
2638
2640
2642
2646
2648
2650
2651
2655
2660
2663
2665
2666
2756
2762
2763
2764
2765
2767
2770
2771
2779
2780
2781
2783
2784
2785
2787
2790
2793
2795
2797
2798
2799
2880
2882
2883
2885
2887
2888
2889
2890
2891
2894
2895
2897
2900
2901
2904
2905
2906
2908
2910
2911
2914
2915
2917
2919
2920
3005
3006
3009
3010
3011
3012
3016
3017
3018
3020
3021
3026
3028
3029
3032
3038
3041
3043
3047
3048
3135
3138
3141
3146
3147
3152
3153
3158
3159
3160
3161
3162
3164
3166
3168
3261
3263
3264
3265
3266
3267
3269
3271
3273
3274
3276
3277
3279
5015
5016
5022
5023
5026
5027
5028
5029
5031
5035
5037
5038
5135
5136
5137
5140
5141
5148
5149
5150
5151
5152
5153
5155
5157
5160
5161
5168
5257
5259
5263
5264
5267
5268
5270
5271
5272
5276
5278
5279
5285
5286
5293
5296
5379
5382
5387
5389
5390
5392
5395
5398
5399
5400
5401
5402
5406
5408
5415
5416
5417
5419
5421
5506
5507
5510
5512
5513
5521
5526
5527
5528
5530
5531
5535
5538
5541
5549
5630
5631
5633
5635
5638
5641
5642
5643
5644
5647
5648
5650
5651
5652
5654
5655
5656
5657
5660
5661
5662
5663
5664
5667
5668
5670
5671
5672
5755
5758
5762
5763
5767
5768
5769
5772
5773
5774
5775
5776
5777
5778
5779
5781
5782
5783
5789
5792
5794
5795
5796
5797
5881
5883
5888
5890
5894
5895
5898
5904
5914
5916
5918
6012
6017
6018
6022
6023
6029
6032
6033
6035
6036
6038
6041
6042
6139
6142
6143
6144
6162
6273
6279
11523
11524
11526
11527
11529
11648
11649
11651
11652
11654
11655
11656
11771
11772
11773
11774
11775
11779
11781
11905
12020
12022
12023
12024
12026
12028
12030
12032
12033
12146
12150
12151
12153
12154
12274
12275
12276
12278
12279
12397
12399
12401
12403
12406
12407
12408
12520
12525
12531
12650
12654
12655
12656
12771
12774
12776
12779
12781
12896
12897
12898
12899
12900
12904
13028
13031
13032
13150
13151
13152
13153
13154
13155
13270
13273
13274
13277
13281
13282
13283
13284
13395
13396
13398
13399
13400
13401
13402
13404
13409
13411
13412
13516
13520
13521
13523
13524
13525
13526
13528
13531
13532
13533
13534
13538
13643
13645
13646
13648
13650
13652
13655
13656
13659
13662
13663
13665
13761
13763
13765
13766
13767
13769
13771
13774
13775
13778
13779
13784
13787
13790
13887
13891
13892
13894
13897
13902
13903
13908
13909
14012
14014
14018
14019
14022
14024
14025
14027
14031
14032
14036
14037
14038
14040
14141
14146
14150
14152
14153
14156
14161
14277
16763
16765
16767
16768
16770
16772
16773
16774
16775
16776
16777
16784
16786
16892
16894
16897
16898
16903
16904
16905
16906
16907
16908
16911
16912
16915
16916
16918
16919
16920
17008
17010
17013
17018
17019
17020
17021
17023
17025
17026
17028
17031
17034
17035
17036
17043
17047
17131
17132
17136
17142
17143
17144
17145
17146
17148
17149
17150
17153
17154
17155
17159
17162
17164
17166
17171
17172
17257
17259
17263
17266
17268
17272
17276
17277
17280
17282
17283
17284
17285
17288
17289
17390
17393
17395
17398
17403
17408
17409
17411
17412
17413
17414
17415
17515
17519
17520
17521
17522
17525
17526
19276
19277
19283
19285
19389
19392
19393
19395
19397
19401
19409
19411
19414
19511
19512
19514
19515
19519
19520
19522
19529
19530
19531
19532
19535
19536
19541
19542
19543
19635
19643
19646
19654
19656
19658
19661
19662
19664
19669
19670
19758
19759
19761
19762
19764
19765
19766
19768
19773
19774
19781
19783
19785
19792
19886
19887
19891
19893
19895
19897
19898
19900
19901
19906
19907
19913
19914
20019
20022
20023
20029
20031
20032
