2899
2900
2903
3026
3027
3030
3031
3032
3147
3149
3151
3152
3153
10020
10030
10035
10143
10144
10145
10149
10152
10153
10156
10158
10270
10272
10277
10280
10282
10283
10284
10285
10395
10401
10402
10403
10409
10517
10518
10519
10522
10523
10524
10528
10530
10531
10534
10537
10640
10641
10644
10646
10650
10652
10656
10660
10661
10662
10767
10768
10771
10774
10776
10777
10780
10781
10783
10893
10894
10897
10898
10904
10910
10911
10912
11015
11021
11029
11032
11034
11035
11036
11038
11039
11137
11138
11139
11140
11146
11147
11148
11154
11155
11156
11158
11162
11165
11263
11268
11270
11271
11273
11275
11277
11278
11279
11281
11284
11287
11289
11390
11398
11403
11414
11513
11514
11516
11517
11523
11525
11528
11531
11535
11537
11640
11643
11644
11645
11648
11652
11653
11654
11656
11657
11658
11659
11660
11664
11665
11666
11763
11764
11765
11766
11769
11770
11771
11772
11777
11778
11779
11783
11785
11789
11790
11791
11888
11893
11894
11896
11897
11898
11901
11903
11904
11907
11908
11909
11915
12013
12016
12018
12021
12022
12023
12026
12027
12029
12030
12032
12034
12036
12038
12039
12040
12141
12143
12144
12146
12147
12151
12153
12158
12162
12263
12264
12266
12268
12273
12275
12277
12278
12284
12285
12286
12391
12393
12395
12398
12399
12400
12401
12402
12403
12404
12409
12410
12411
12413
12414
12515
12517
12519
12522
12525
12526
12527
12528
12529
12534
12536
12640
12644
12649
12650
12654
12655
12656
12659
12661
12764
12766
12768
12770
12771
12772
12775
12778
12780
12784
12786
12893
12894
12896
12897
12900
12902
12904
12905
12906
12910
12912
12913
13017
13018
13021
13024
13026
13027
13029
13031
13032
13035
13037
13142
13143
13145
13147
13148
13149
13150
13152
13153
13154
13156
13161
13270
13271
13273
13277
13278
13279
13280
13281
13282
13283
13286
13391
13392
13393
13395
13396
13397
13401
13402
13406
13409
13515
13517
13522
13524
13527
13528
13530
13532
13535
13536
13537
13641
13642
13645
13646
13647
13654
13655
13661
13663
13665
13763
13765
13766
13768
13769
13773
13776
13778
13780
13781
13782
13787
13789
13790
13887
13888
13891
13895
13896
13901
13906
13908
13913
13914
14019
14025
14029
14030
14037
14143
14144
14148
14153
14156
19014
19020
19022
19023
19024
19026
19028
19032
19035
19038
19142
19143
19144
19148
19151
19155
19159
19161
19162
19262
19267
19268
19269
19271
19273
19276
19278
19280
19281
19282
19285
19286
19287
19385
19388
19389
19390
19394
19396
19402
19403
19404
19406
19409
19414
19416
19417
19518
19519
19521
19523
19524
19527
19535
19538
19539
19645
19648
19654
19655
19657
