3646
3652
3655
3770
3773
3775
3780
3901
13772
13773
13774
13778
13779
13887
13889
13894
13895
13897
13898
13899
13900
13902
13904
13906
13912
14008
14010
14011
14016
14018
14020
14021
14022
14023
14025
14030
14034
14035
14038
14039
14043
14131
14132
14133
14135
14142
14143
14146
14147
14149
14150
14152
14155
14156
14157
14159
14160
14161
14162
14165
14168
14170
14255
14256
14257
14261
14266
14267
14268
14270
14273
14275
14280
14281
14285
14286
14287
14288
14289
14290
14293
14295
14297
14298
14380
14382
14383
14384
14385
14386
14389
14391
14393
14395
14396
14398
14399
14401
14403
14407
14408
14411
14413
14416
14418
14419
14420
14504
14505
14506
14508
14509
14511
14513
14515
14519
14520
14522
14524
14525
14526
14529
14530
14531
14534
14535
14537
14539
14540
14542
14543
14545
14546
14547
14548
14549
14629
14630
14631
14632
14636
14638
14639
14643
14644
14646
14648
14649
14650
14651
14654
14656
14657
14659
14661
14663
14664
14665
14669
14670
14672
14755
14757
14758
14763
14765
14769
14770
14771
14772
14773
14775
14776
14777
14778
14779
14780
14784
14785
14789
14790
14796
14797
14880
14881
14887
14889
14891
14892
14894
14899
14902
14903
14906
14909
14911
14913
14914
14915
14917
14918
14920
15008
15010
15012
15019
15021
15022
15023
15026
15027
15028
15032
15033
15034
15134
15136
15137
15138
15141
15142
15144
15146
15147
15158
15165
15166
15265
15266
15267
15269
15270
15274
15279
15284
15393
15394
19643
19650
19653
19654
19656
19658
19768
19771
19779
19781
19783
19790
19888
19892
19898
19899
19901
19907
19908
19911
19912
19913
19914
19915
19916
19917
20010
20012
20015
20019
20021
20024
20026
20027
20030
20032
20034
20035
20036
20037
20040
20041
20042
20137
20141
20144
20146
20148
20153
20155
20156
20160
20161
20166
20265
20266
20268
20271
20272
20279
20285
20286
20395
20396
20397
20398
20399
20406
