13769
13774
13777
13783
13785
13899
13902
13903
13905
13906
13908
13909
13914
13916
14010
14011
14013
14016
14017
14018
14019
14021
14022
14024
14031
14032
14041
14042
14044
14045
14131
14132
14137
14139
14142
14145
14146
14151
14152
14161
14164
14165
14166
14167
14168
14169
14171
14259
14261
14262
14263
14264
14265
14267
14268
14269
14271
14275
14276
14277
14278
14279
14280
14281
14283
14285
14286
14287
14291
14294
14296
14386
14390
14391
14395
14396
14400
14401
14404
14405
14409
14413
14414
14415
14420
14421
14504
14505
14506
14511
14514
14517
14520
14521
14522
14523
14524
14527
14529
14531
14534
14538
14539
14540
14541
14544
14629
14636
14638
14641
14642
14643
14644
14645
14647
14651
14652
14656
14659
14660
14663
14664
14665
14666
14674
14754
14755
14758
14762
14765
14767
14771
14772
14773
14774
14779
14783
14785
14786
14792
14794
14795
14881
14886
14887
14888
14891
14896
14898
14900
14903
14904
14905
14908
14910
14911
14914
14916
15007
15011
15013
15014
15015
15016
15017
15024
15025
15029
15030
15031
15034
15036
15037
15039
15041
15133
15137
15140
15143
15144
15146
15147
15150
15153
15154
15156
15159
15160
15161
15162
15268
15269
15270
15271
15272
15273
15275
15277
15278
15279
15282
15284
15391
15392
15393
15397
15400
15403
15404
15406
15408
15409
18024
18027
18028
18147
18149
18150
18151
18152
18275
18277
