8057
8171
8175
8180
8181
8183
8184
8186
8189
8190
8295
8297
8299
8302
8303
8305
8309
8311
8314
8316
8318
8319
8419
8421
8422
8424
8427
8428
8429
8430
8431
8432
8433
8434
8435
8439
8441
8442
8443
8543
8545
8547
8548
8558
8559
8560
8561
8562
8566
8568
8669
8672
8676
8681
8682
8683
8687
8690
8692
8693
8795
8796
8798
8800
8803
8806
8808
8809
8812
8815
8817
8920
8922
8923
8925
8927
8928
8933
8938
9047
9048
9049
9052
9055
9056
9057
9058
9059
9060
9062
9065
9172
9173
9174
9178
9179
9185
9187
9189
9300
9303
9306
9309
9313
9314
9428
9431
9432
9550
9555
9676
9678
9680
9684
9687
9799
9800
9806
9809
9810
9812
9813
14544
14546
14547
14550
14552
14553
14556
14557
14558
14559
14560
14561
14566
14568
14569
14664
14666
14668
14670
14675
14676
14678
14680
14683
14684
14685
14687
14689
14690
14691
14692
14695
14697
14698
14699
14701
14790
14791
14792
14794
14797
14798
14799
14800
14801
14804
14806
14807
14808
14811
14812
14824
14825
14826
14827
14910
14911
14912
14917
14921
14923
14924
14925
14926
14927
14929
14930
14931
14935
14937
14938
14939
14941
14944
14947
14949
14951
15034
15035
15037
15039
15041
15043
15044
15048
15052
15053
15056
15059
15060
15061
15066
15067
15070
15072
15076
15078
15160
15162
15164
15165
15167
15169
15170
15171
15175
15176
15179
15180
15181
15186
15189
15191
15193
15195
15196
15198
15298
15300
15303
15306
15307
15310
15312
15313
15314
15315
15317
15320
15322
15323
15416
15419
15420
15423
15425
15429
15431
15434
15435
15436
15438
15441
15442
16928
16930
16937
16938
16941
16943
16944
16945
17038
17039
17044
17046
17047
17049
17053
17057
17059
17060
17062
17066
17068
17072
17073
17074
17161
17162
17165
17166
17167
17169
17171
17173
17174
17176
17181
17184
17186
17188
17189
17193
17194
17199
17202
17287
17290
17298
17300
17301
17305
17306
17307
17310
17313
17318
17320
17321
17325
17418
17419
17420
17421
17426
17427
17430
17432
17438
17440
17441
17442
