3928
3930
3931
3933
3935
3936
4050
4052
4054
14172
14174
14177
14178
14179
14180
14184
14187
14188
14190
14191
14292
14293
14294
14296
14298
14299
14300
14302
14310
14311
14315
14318
14424
14429
14430
14432
14433
14434
14435
14438
14440
14441
14444
14539
14541
14543
14546
14548
14549
14550
14553
14555
14559
14561
14563
14564
14565
14567
14573
14574
14576
14664
14675
14678
14681
14682
14685
14690
14692
14693
14694
14698
14699
14701
14702
14785
14787
14788
14790
14796
14797
14798
14799
14800
14803
14804
14805
14806
14808
14812
14813
14815
14817
14819
14823
14824
14910
14912
14914
14919
14924
14926
14928
14929
14933
14934
14939
14943
14946
14948
14950
14951
14952
14953
15034
15036
15038
15039
15043
15044
15045
15046
15047
15048
15049
15053
15054
15055
15058
15059
15060
15061
15065
15066
15067
15068
15072
15162
15163
15164
15166
15167
15169
15171
15172
15175
15176
15178
15180
15185
15187
15190
15194
15196
15202
15203
15285
15292
15295
15296
15298
15304
15309
15311
15312
15313
15314
15317
15323
15326
15327
15411
15412
15417
15418
15420
15422
15423
15425
15427
15428
15429
15431
15434
15435
15436
15437
15439
15440
15444
15445
15449
15450
15451
15541
15543
15546
15548
15550
15551
15552
15553
15554
15555
15557
15560
15561
15562
15564
15566
15567
15568
15669
15671
15673
15676
15677
15680
15681
15683
15684
15687
15688
15690
15693
15796
15799
15805
15806
15809
15811
15812
15816
19927
19928
19931
19932
19933
19935
19939
20042
20044
20049
20051
20053
20054
20061
20063
20066
20067
20166
20172
20173
20176
20177
20178
20179
20182
20185
20186
20190
20191
20192
20193
20194
20195
20293
20294
20295
20299
20300
20306
20308
20309
20310
20315
20316
20317
20318
20319
20419
20423
20426
20427
20428
20430
20434
20435
20436
20442
20553
20554
20557
20559
20564
20565
20567
