3177
3179
3185
3186
3295
3298
3301
3302
3303
3306
3307
3309
3312
3313
3315
3316
3319
3416
3421
3424
3428
3430
3431
3435
3436
3437
3439
3440
3444
3445
3447
3539
3540
3543
3545
3549
3551
3553
3555
3556
3557
3559
3561
3562
3566
3567
3568
3571
3667
3669
3670
3673
3674
3676
3678
3681
3682
3685
3687
3688
3689
3690
3692
3798
3799
3801
3804
3805
3806
3808
3810
15428
15430
15433
15436
15542
15545
15548
15550
15552
15555
15557
15558
15559
15563
15564
15666
15669
15670
15673
15674
15677
15678
15679
15680
15684
15690
15692
15697
15699
15787
15789
15795
15796
15799
15800
15801
15803
15811
15813
15814
15816
15817
15818
15819
15823
15910
15916
15917
15918
15919
15921
15925
15926
15928
15930
15931
15932
15935
15937
15939
15944
15945
15947
15949
16034
16035
16037
16038
16044
16047
16048
16050
16051
16054
16057
16058
16062
16063
16065
16067
16071
16075
16077
16078
16163
16165
16168
16176
16177
16178
16183
16185
16186
16189
16191
16193
16197
16198
16199
16200
16201
16285
16286
16290
16291
16293
16295
16297
16299
16300
16302
16305
16307
16309
16311
16313
16314
16316
16319
16322
16324
16415
16420
16421
16428
16430
16432
16433
16434
16435
16436
16437
16438
16442
16443
16445
16446
16549
16550
16553
16556
16558
16559
16564
