3173
3176
3178
3179
3292
3293
3298
3299
3300
3302
3305
3308
3309
3312
3315
3318
3319
3320
3321
3415
3418
3420
3427
3429
3432
3433
3434
3437
3441
3442
3443
3444
3446
3447
3448
3538
3542
3547
3548
3549
3550
3551
3553
3555
3559
3560
3561
3562
3563
3566
3570
3571
3573
3663
3664
3665
3667
3668
3669
3671
3672
3673
3674
3678
3679
3680
3682
3683
3686
3687
3689
3692
3694
3695
3699
3700
3791
3792
3793
3796
3797
3798
3801
3802
3804
3806
3809
3810
3816
3819
3820
3822
3823
3824
3916
3918
3919
3922
3923
3924
3925
3926
3928
3929
3930
3931
3933
3935
3936
3937
3938
3941
3942
3943
3945
3946
4043
4048
4049
4052
4054
4055
4057
4059
4060
4061
4062
4066
4069
4070
4169
4170
4175
4176
4178
4179
4181
4183
4185
4186
4187
4190
4191
4297
4298
4299
4300
4303
4305
4306
4308
4309
4310
4312
15677
15679
15681
15683
15687
15689
15690
15691
15793
15798
15801
15802
15803
15804
15808
15809
15815
15816
15817
15819
15820
15915
15918
15919
15921
15923
15925
15926
15930
15931
15935
15946
15948
16038
16044
16046
16049
16055
16057
16059
16061
16062
16064
16065
16066
16068
16069
16073
16074
16164
16165
16166
16167
16169
16172
16173
16175
16176
16178
16179
16180
16182
16183
16184
16189
16190
16192
16194
16195
16198
16202
16285
16286
16287
16289
16290
16291
16292
16294
16295
16297
16298
16299
16300
16301
16302
16303
16305
16307
16308
16309
16310
16311
16312
16318
16319
16320
16322
16328
16409
16410
16412
16416
16417
16419
16420
16422
16427
16430
16431
16432
16435
16436
16438
16441
16442
16443
16445
16446
16448
16452
16541
16542
16546
16547
16548
16549
16551
16552
16553
16555
16557
16560
16563
16567
16568
16569
16571
16572
16573
16661
16664
16667
16673
16674
16677
16679
16682
16685
16690
16691
16692
16694
16697
16701
16702
16703
16787
16788
16793
16794
16797
16800
16801
16802
16805
16806
16810
16811
16812
16814
16815
16816
16817
16819
16821
16822
16913
16915
16919
16924
16925
16926
16931
16933
16936
16938
16939
16941
16948
17044
17045
17047
17050
17052
17053
17054
17057
17058
17059
17060
17061
17065
17067
