1178
1179
1181
1183
1184
1301
1304
1308
1309
1311
1426
1429
1432
1436
1551
1553
1555
1559
1561
1562
1564
8297
8300
8301
8304
8305
8313
8423
8425
8431
8432
8434
8437
8438
8440
8441
8444
8543
8545
8546
8553
8555
8558
8559
8563
8670
8671
8674
8677
8678
8679
8688
8692
8694
8793
8799
8808
8811
8816
8817
8921
8922
8926
8933
8934
8935
8937
8941
8943
8946
9042
9047
9053
9054
9060
9061
9062
9065
9069
9166
9167
9171
9173
9175
9176
9179
9182
9185
9186
9188
9189
9190
9194
9295
9296
9299
9300
9303
9304
9308
9309
9310
9311
9312
9313
9318
9420
9422
9426
9427
9430
9433
9436
9437
9439
9440
9442
9445
9542
9545
9547
9548
9549
9550
9553
9555
9556
9557
9562
9563
9564
9565
9568
9666
9668
9669
9672
9673
9676
9677
9678
9679
9684
9687
9688
9690
9693
9792
9793
9797
9798
9799
9805
9808
9809
9811
9812
9816
9818
9823
9916
9920
9922
9923
9924
9928
9933
9934
9935
9939
9941
9949
10041
10043
10047
10048
10050
10052
10053
10057
10063
10064
10067
10068
10069
10070
10167
10168
10170
10171
10172
10177
10181
10182
10183
10186
10187
10189
10191
10193
10194
10195
10290
10297
10301
10304
10306
10311
10312
10315
10317
10318
10320
10323
10415
10420
10421
10422
10423
10425
10430
10432
10433
10436
10439
10440
10444
10445
10447
10541
10543
10548
10551
10552
10554
10555
10556
10557
10559
10560
10564
10569
10570
10571
10573
10665
10667
10668
10670
10675
10678
10680
10681
10688
10691
10692
10694
10695
10696
10698
10789
10793
10798
10802
10803
10804
10805
10807
10809
10810
10811
10813
10814
10816
10817
10819
10824
10913
10914
10917
10921
10922
10926
10927
10929
10933
10934
10935
10939
10940
10941
10943
10944
10945
10948
10949
11039
11040
11041
11042
11048
11049
11052
11053
11054
11055
11056
11057
11061
11062
11063
11065
11068
11069
11071
11166
11168
11169
11172
11174
11175
11176
11178
11179
11183
11184
11188
11190
11191
11192
11193
11291
11292
11295
11296
11297
11298
11300
11301
11310
11313
11314
11317
11319
11320
11417
11418
11420
11421
11423
11425
11426
11427
11428
11430
11433
11435
11436
11440
11441
11442
11445
11541
11543
11544
11545
11549
11550
11554
11555
11558
11559
11563
11564
11566
11567
11569
11570
11572
11666
11667
11669
11670
11673
11674
11675
11677
11678
11679
11680
11683
11685
11687
11688
11690
11691
11692
11693
11694
11695
11697
11790
11793
11795
11797
11798
11801
11803
11804
11810
11811
11816
11818
11821
11919
11920
11926
11932
11934
11936
11940
11943
12043
12044
12045
12046
12050
12052
12053
12054
12055
12056
12057
12061
12062
12064
12065
12066
12067
12068
12069
12168
12170
12171
12172
12173
12174
12178
12180
12182
12186
12187
12188
12190
12191
12195
12293
12296
12297
12298
12299
12305
12306
12307
12308
12309
12311
12313
12319
12422
12425
12427
12429
12431
12435
12436
12440
12547
12549
12551
12553
12555
12556
12557
12558
12559
12560
12561
12564
12565
12672
12675
12677
12679
12680
12681
12682
12683
12685
12687
12688
12799
12802
12805
12810
12811
12813
12815
12816
12927
12930
12932
12936
13559
13678
13679
13682
13683
13686
13808
13809
19681
19685
19793
19794
19795
19796
19799
19800
19803
19804
19805
19807
19808
19809
19811
19812
19819
19913
19914
19916
19920
19922
19925
19927
19928
19936
19939
19940
19941
19944
19945
19947
19948
20037
20040
20044
20047
20050
20051
20055
20063
20067
20069
20071
20073
20074
20163
20167
20168
20169
20170
20172
20174
20175
20176
20177
20179
20180
20181
20182
20183
20184
20186
20187
20193
20196
20197
20199
20201
20288
20291
20293
20294
20295
20296
20298
20299
20300
20305
20307
20309
20310
20312
20314
20315
20320
20322
20324
20325
20327
20411
20417
20425
20427
20428
20429
20437
20442
20444
20448
20450
20452
20535
20541
20545
20547
20549
20555
20557
20561
20562
20563
20565
20568
20570
20573
20574
20578
20662
20666
20668
20669
20670
20671
20672
20674
20675
20677
20678
20679
20680
20681
20684
20685
20687
20688
20690
20692
20694
20789
20791
20794
20797
20801
20802
20803
20804
20805
20808
20809
20811
20816
20817
20819
20820
20821
20922
20923
20924
20926
20928
20938
20941
20942
20943
