637
638
640
642
643
644
645
646
647
652
655
656
657
658
660
661
663
756
757
758
760
762
764
765
767
772
774
777
778
779
780
783
785
788
791
796
798
882
883
884
886
888
891
894
897
902
904
907
909
912
913
918
919
921
923
1009
1011
1014
1019
1023
1024
1025
1026
1027
1029
1031
1034
1037
1039
1042
1043
1044
1045
1138
1146
1147
1148
1149
1154
1156
1158
1161
2391
2392
2397
2400
2401
2403
2404
2406
2410
2412
2413
2508
2509
2510
2517
2519
2521
2523
2527
2536
2538
2539
2633
2635
2640
2642
2644
2647
2650
2652
2655
2657
2664
2669
2672
2757
2758
2759
2761
2764
2767
2772
2776
2778
2779
2780
2781
2784
2785
2786
2788
2790
2793
2794
2892
2896
2901
2902
2904
2905
2907
2909
2910
2913
18889
18898
18901
18905
18906
18909
18913
19008
19009
19011
19012
19016
19021
19023
19026
19029
19032
19036
19037
19039
19043
19138
19139
19142
19144
19145
19147
19148
19152
19154
19156
19157
19159
19163
19165
19166
19170
19259
19261
19262
19263
19270
19272
19275
19278
19279
19280
19282
19290
19293
19389
19394
19397
19399
19400
19401
19402
19403
19404
19406
19408
20637
20639
20640
20644
20647
20649
20653
20658
20661
20663
20664
20763
20768
20771
20772
20773
20774
20777
20778
20782
20784
20787
20796
20879
20880
20881
20882
20887
20888
20889
20893
20895
20896
20897
20898
20900
20901
20903
20904
20906
20907
20908
20909
20910
20911
20912
20913
20916
20921
20923
21007
21016
21020
21022
21026
21027
21028
21030
21031
21033
21034
21036
21038
21045
21046
