3797
3806
3808
3810
3811
3812
3813
3920
3923
3926
3928
3929
3931
3933
3934
3935
3937
3938
3941
3942
3945
4037
4040
4044
4048
4049
4050
4052
4054
4057
4060
4061
4062
4065
4066
4067
4068
4069
4070
4074
4160
4161
4165
4171
4173
4174
4176
4178
4179
4180
4184
4186
4187
4189
4190
4196
4197
4202
4285
4287
4291
4294
4297
4299
4305
4306
4307
4310
4313
4315
4318
4319
4324
4325
4327
4411
4412
4414
4415
4416
4417
4418
4419
4422
4423
4424
4425
4428
4431
4433
4434
4435
4440
4442
4443
4448
4449
4453
4537
4541
4542
4544
4546
4547
4550
4551
4553
4557
4559
4560
4563
4567
4568
4571
4572
4668
4669
4676
4677
4678
4679
4691
4692
4694
4695
4798
4799
4801
4803
4805
4808
14929
14930
14933
14934
15050
15052
15054
15055
15056
15057
15066
15069
15171
15174
15175
15176
15178
15185
15186
15187
15190
15191
15193
15196
15197
15291
15294
15295
15298
15301
15303
15305
15306
15309
15310
15311
15313
15415
15418
15420
15423
15427
15428
15437
15442
15443
15444
15447
15540
15543
15544
15545
15546
15547
15550
15551
15552
15553
15557
15559
15560
15562
15563
15565
15566
15569
15667
15669
15670
15673
15675
15676
15678
15680
15684
15686
15688
15690
15695
15796
15798
15799
15801
15806
15810
15811
15812
15815
15817
15818
15926
15930
15935
15936
15938
15940
15942
16056
16057
16059
16062
