13
18
20
21
23
26
28
29
32
33
35
36
39
42
44
46
48
144
145
146
148
151
153
155
159
161
164
165
166
168
276
277
279
281
6904
6905
6907
7026
7028
7029
7031
7033
7036
7151
7154
7156
7157
7158
11396
11400
11401
11403
11406
11408
11409
11410
11414
11415
11514
11517
11518
11519
11521
11522
11523
11524
11526
11528
11529
11535
11538
11539
11540
11541
11543
11544
11546
11637
11639
11645
11648
11651
11652
11653
11659
11660
11664
11665
11666
11669
11671
11672
11673
11674
11676
11762
11763
11765
11766
11768
11772
11773
11774
11775
11781
11789
11790
11792
11793
11794
11798
11800
11801
11885
11887
11888
11889
11890
11891
11892
11894
11901
11904
11906
11907
11908
11909
11910
11911
11915
11917
11918
11919
11922
11923
11925
11926
11927
12013
12014
12015
12024
12025
12026
12027
12030
12034
12037
12041
12043
12044
12048
12138
12139
12140
12141
12142
12143
12151
12152
12155
12156
12157
12158
12159
12171
12174
12175
12275
12277
12278
12279
12280
12290
12292
12295
