19
22
25
26
27
28
29
30
33
34
35
40
41
42
141
146
147
149
150
155
156
157
159
160
171
172
173
263
265
268
269
272
274
277
278
281
282
283
285
290
291
293
295
300
301
302
386
388
389
390
391
395
396
400
401
402
403
407
412
413
414
415
416
417
420
423
424
428
510
512
514
519
520
521
526
532
537
538
539
541
544
547
548
551
636
637
642
643
644
647
649
652
657
658
660
661
662
664
667
668
670
671
672
673
676
765
773
774
777
778
783
786
790
792
796
896
901
903
905
909
911
913
914
13659
13781
13783
18771
18774
18776
18777
18778
18779
18784
18786
18788
18792
18793
18796
18889
18890
18892
18894
18899
18902
18909
18910
18911
18912
18914
18915
18918
18926
19010
19013
19015
19020
19021
19022
19024
19025
19027
19029
19032
19035
19036
19038
19039
19040
19041
19043
19046
19050
19051
19135
19137
19140
19144
19146
19148
19152
19153
19154
19156
19157
19158
19160
19161
19162
19165
19166
19167
19169
19171
19259
19261
19264
19265
19266
19267
19268
19271
19272
19273
19277
19279
19280
19282
19283
19284
19286
19289
19291
19292
19294
19300
19302
19303
19390
19394
19395
19396
19397
19398
19399
19400
19403
19405
19406
19408
19410
19411
19412
19413
19414
19418
19419
19420
19515
19516
19517
19522
19524
19526
19530
19532
19533
19535
19537
19540
19541
19542
19543
19544
19546
19547
19551
19646
19648
19649
19653
19655
19656
19659
19660
19663
19667
19669
19671
