652
657
661
662
663
768
769
770
771
772
774
775
777
778
791
792
794
796
800
886
887
890
892
894
896
897
903
908
909
912
913
916
917
918
919
920
928
1011
1014
1017
1018
1021
1024
1025
1028
1029
1032
1033
1034
1036
1039
1040
1042
1045
1047
1050
1052
1139
1140
1141
1145
1147
1152
1154
1155
1156
1157
1158
1160
1161
1162
1164
1166
1167
1168
1169
1170
1171
1268
1269
1270
1275
1283
1284
1291
1292
1293
1295
6022
6026
6027
6028
6029
6030
6033
6034
6035
6036
6038
6039
6040
6041
6042
6044
6045
6046
6138
6139
6140
6142
6143
6145
6147
6151
6152
6156
6157
6158
6162
6164
6165
6166
6171
6173
6174
6175
6176
6261
6267
6268
6272
6273
6276
6277
6278
6279
6282
6284
6285
6286
6287
6289
6290
6292
6294
6298
6299
6388
6392
6393
6394
6398
6400
6403
6405
6407
6408
6411
6413
6415
6418
6423
6424
6425
6426
6515
6517
6518
6521
6522
6523
6526
6527
6529
6534
6535
6536
6541
6647
6651
6653
6655
6657
8151
8152
8153
8156
8159
8275
8278
8280
8281
13273
13276
13277
13285
13287
13288
13289
13292
13294
13295
13297
13394
13396
13397
13398
13399
13401
13403
13405
13407
13412
13413
13420
13421
13422
13423
13427
13509
13510
13511
13512
13520
13522
13524
13525
13527
13528
13530
13531
13536
13542
13545
13548
13550
13552
13553
13634
13636
13638
13641
13645
13650
13651
13652
13656
13658
13660
13662
13665
13666
13667
13668
13670
13675
13677
13765
13766
13768
13769
13771
13772
13775
13778
13780
13781
13782
13783
13785
13786
13787
13792
13795
13797
13798
13799
13892
13896
13898
13900
13902
13904
13907
13909
13911
13912
