     107.3
     163.9
     414.6
     483.3
     526.2
     757.4
     829.4
     894.4
     954.7
    1036.7
    1209.5
    1313.7
    1319.0
    1592.6
    2385.4
    2575.2
    3397.5
    3549.1
    3611.7
    3695.5
    3953.4
    4136.3
    4341.6
    4597.7
    4605.8
    5114.6
    5199.5
    5210.2
    5399.5
    5912.7
    6152.8
    6324.9
    6558.1
    6559.7
    6585.0
    6827.2
    6845.7
    6881.9
    7060.1
    7317.0
    7341.1
    8195.1
    8228.2
    8298.5
    8431.5
    8873.0
    9275.1
    9399.1
    9490.3
    9914.6
    9973.1
   10171.3
   10190.8
   10504.9
   10554.0
   10797.2
   10814.8
   11116.9
   11838.9
   12305.5
   12475.6
   12623.6
   12816.8
   12918.8
   12946.3
   13015.6
   13918.9
   14201.8
   14208.6
   14258.0
   14273.0
   14329.5
   14413.6
   14723.1
   15090.8
   15493.9
   15548.8
   15647.5
   15662.9
   15793.1
   15862.6
   16175.1
   16355.6
   16581.6
   16866.8
   17026.5
   17310.6
   17332.7
   17462.5
   17649.3
   17663.3
   17718.2
   17838.7
   17968.7
   18044.5
   18222.4
   18264.4
   18523.4
   18807.7
   19555.3
   19576.6
   20246.0
   20559.7
   21634.1
   21763.0
   21849.8
   22181.5
   22379.8
   22549.0
   22649.8
   22785.2
   22962.2
   23011.5
