     150.5
     771.7
     834.2
     964.2
    1143.1
    1269.3
    1499.5
    1871.4
    2021.2
    2213.8
    2265.5
    2727.2
    3012.6
    3394.8
    3451.4
    3453.5
    3502.8
    3539.5
    3584.0
    3658.7
    4278.4
    4409.5
    4577.8
    4796.9
    4943.4
    5337.3
    5416.7
    5971.3
    6119.9
    6323.4
    6448.7
    6734.3
    7045.0
    7095.4
    7368.2
    7432.6
    7621.2
    7745.0
    8231.0
    8273.0
    8340.2
    8505.0
    8576.5
    8758.8
    8858.7
    8867.3
    8902.7
    8927.6
    8967.4
    9000.1
    9482.1
    9730.1
    9863.3
    9952.8
   10080.2
   11063.6
   11726.7
   11872.2
   11944.5
   12136.2
   12569.1
   13294.0
   13571.8
   13678.8
   13921.7
   14189.1
   14440.1
   14758.7
   15296.4
   15434.5
   15460.9
   15552.1
   15563.0
   15570.3
   15628.5
   15746.2
   15989.8
   16180.8
   16276.1
   16307.1
   16531.7
   16734.8
   16877.2
   16908.1
   17176.0
   17475.2
   17614.4
   17915.7
   18101.7
   18175.5
   18269.2
   18363.7
   18740.3
   18973.1
   19031.8
   19813.5
   19857.8
   20259.6
   20269.2
   20282.0
   20396.4
   20487.3
   20660.1
   20909.5
   20929.4
   21159.8
   21300.2
   21321.3
   21335.9
   21501.0
   21765.6
   22132.8
   22160.2
   22210.2
   22242.8
   22537.0
   22546.3
