     126.0
     417.7
     489.4
     489.8
     547.3
     556.9
     814.4
     898.9
     901.4
    1680.6
    1737.7
    2237.4
    2263.3
    2635.9
    2934.2
    3057.5
    3292.2
    3497.6
    3523.8
    3699.8
    3992.5
    4379.6
    4500.2
    4692.8
    4841.3
    4939.2
    5012.4
    5301.5
    5365.8
    6098.4
    6116.6
    6189.4
    6239.6
    6325.8
    6912.6
    7085.7
    7112.6
    7419.8
    7499.6
    7703.9
    7961.9
    8142.4
    8172.5
    8264.5
    8582.1
    8749.3
    8951.6
    9130.9
    9223.2
    9273.3
    9468.9
    9759.5
    9786.3
    9919.2
    9947.0
   10307.4
   10321.4
   10687.6
   10693.8
   10805.1
   11294.1
   11298.0
   11729.4
   11772.5
   12403.1
   12411.1
   12610.0
   12768.7
   13098.7
   13103.3
   13132.8
   13236.3
   13259.3
   13313.6
   13456.1
   14026.6
   14157.9
   14408.3
   14878.7
   15167.1
   15457.3
   15521.2
   15614.1
   16173.2
   16277.4
   16592.0
   17342.5
   17385.1
   17557.3
   17658.0
   17698.9
   18530.8
   18661.3
   18745.0
   18755.1
   19400.7
   19685.2
   19753.8
   20122.3
   20187.7
   20235.6
   20649.6
   20814.3
   20911.1
   21238.0
   21345.7
   21432.1
   21456.6
   21522.9
   21553.9
   22260.9
   22313.7
   23031.2
   23038.9
