      63.2
     250.0
     734.5
     859.2
    1227.6
    1586.8
    1906.6
    2319.9
    2365.5
    2525.4
    2547.2
    2557.3
    2706.5
    2742.8
    2911.5
    3507.9
    3940.8
    4264.0
    4296.5
    4571.1
    4664.6
    4669.0
    5175.0
    5355.9
    5426.6
    5453.0
    5600.3
    5621.1
    6288.2
    6314.0
    6619.4
    6624.8
    6742.9
    6753.7
    7163.2
    7391.9
    7398.9
    7540.6
    7843.5
    8055.3
    8357.4
    8391.4
    8873.0
    8879.1
    8917.8
    9134.4
    9204.4
   10074.9
   10509.7
   10773.2
   10983.3
   11278.3
   11372.2
   11451.9
   11474.5
   11519.1
   11946.7
   12205.8
   12246.1
   12277.3
   12293.1
   12605.9
   12634.5
   13253.6
   13605.6
   13648.5
   13737.1
   13753.6
   13872.6
   13920.0
   13990.6
   14088.9
   14425.1
   14924.6
   15127.9
   15254.9
   15531.8
   15659.0
   16178.2
   16476.6
   16670.2
   16951.4
   17369.8
   17461.1
   17628.3
   17885.6
   17942.2
   17962.2
   18105.8
   18910.4
   19507.8
   19712.6
   19721.3
   19782.7
   19875.2
   20103.7
   20481.7
   20707.4
   20747.8
   20838.0
   21126.9
   21190.9
   21252.3
   21371.7
   21447.6
   21461.7
   21545.6
   22297.5
   22587.6
   22904.0
   23001.0
