     277.7
    1074.8
    1075.7
    1085.6
    1136.2
    1368.9
    1688.2
    1848.5
    2016.4
    2404.9
    2463.4
    2527.6
    2765.5
    3027.0
    3089.4
    3424.5
    3811.1
    4037.6
    4181.6
    4313.0
    4339.0
    5261.5
    5432.5
    5503.2
    5613.6
    5750.6
    5997.2
    6172.9
    6258.5
    6331.7
    6730.3
    6972.8
    7026.9
    7242.6
    7375.7
    7427.7
    7554.5
    7604.2
    7604.8
    8165.4
    8279.6
    8481.4
    8529.2
    9532.5
    9603.1
    9850.3
   10046.4
   10338.0
   10409.0
   10424.6
   10541.3
   10652.4
   10995.0
   11084.5
   11393.2
   11790.0
   11845.6
   11881.5
   12209.5
   12456.0
   12791.1
   13069.0
   13072.7
   13143.0
   13208.8
   13450.5
   13505.3
   13883.4
   13945.0
   14094.7
   14250.8
   14279.0
   14554.2
   14577.1
   14703.8
   15146.9
   16893.5
   17009.5
   17149.9
   17387.9
   17416.3
   17520.1
   17571.3
   17590.1
   17892.1
   17956.3
   18245.9
   18394.4
   18502.3
   18665.4
   18742.8
   19081.5
   19095.7
   19303.8
   19715.3
   19882.2
   20395.8
   20604.8
   20611.8
   20842.6
   20927.9
   21276.9
   21642.5
   22086.7
   22146.6
   22185.4
   22209.2
   22281.0
   22687.4
   22694.4
   22700.0
   22771.8
   22802.5
   23022.5
