      63.8
      85.2
     101.2
     202.5
     368.1
     382.1
     412.2
     414.7
     823.5
    1151.8
    1194.6
    1364.2
    1410.5
    1626.4
    1727.9
    1827.7
    2178.7
    2207.9
    2354.6
    2502.7
    2728.6
    2739.1
    2762.8
    2850.0
    3065.1
    3593.6
    4063.2
    4189.9
    4410.5
    4523.2
    4539.5
    4646.1
    4838.1
    4927.1
    5159.3
    5384.1
    5826.7
    5863.7
    5884.3
    6037.1
    6312.9
    6359.8
    6634.4
    7096.0
    7267.3
    7388.6
    7607.8
    7623.0
    7641.9
    7772.5
    7890.0
    8063.6
    8134.4
    8357.9
    9459.7
    9464.4
    9648.3
    9662.1
    9797.9
    9980.5
   10290.1
   10296.1
   10639.7
   11172.5
   11194.5
   11234.4
   11237.9
   11887.3
   11920.9
   12125.1
   12411.1
   12680.8
   13028.9
   13129.4
   13298.2
   13651.9
   13808.4
   14032.3
   14201.0
   14600.3
   15204.9
   15366.4
   15400.7
   15484.6
   15644.1
   15686.4
   15803.0
   16500.6
   16662.3
   17189.0
   17229.7
   17679.1
   17752.8
   17778.9
   18076.5
   18696.2
   18714.2
   18892.0
   19312.6
   20163.0
   20203.7
   20293.7
   20415.1
   20761.1
   20762.9
   20866.6
   20899.9
   20993.1
   21570.3
   21679.8
   21729.1
   21798.5
   22480.5
   22674.4
   22920.1
