     153.8
     192.2
     204.5
     211.8
     379.9
     602.3
    1241.0
    1257.0
    1318.6
    1330.0
    1394.6
    1409.1
    1454.8
    1631.9
    2087.9
    2285.7
    2551.6
    3186.1
    4080.0
    4156.5
    4223.8
    4398.5
    4522.7
    4705.2
    4892.4
    5007.4
    5032.0
    5259.0
    5774.6
    5885.2
    6623.0
    6636.1
    6842.5
    6876.2
    7196.2
    7248.6
    7584.6
    7963.9
    8044.9
    8140.8
    8529.2
    9193.6
    9403.9
    9514.8
    9744.9
    9845.6
    9942.7
   10003.1
   10009.6
   10159.7
   11290.9
   11408.5
   11941.1
   12010.5
   12205.7
   12491.7
   12893.5
   13005.5
   13558.8
   13622.4
   13916.6
   13964.0
   14009.2
   14085.9
   14447.5
   14707.7
   14807.1
   14964.5
   15030.0
   15247.8
   15367.8
   15383.2
   15554.7
   15727.4
   15871.4
   15913.3
   16230.7
   16325.3
   16508.1
   16686.6
   16692.2
   16833.0
   16891.1
   17055.3
   17366.0
   17435.0
   17632.9
   17763.9
   17853.5
   18008.9
   18050.6
   18075.4
   18119.3
   18218.3
   18228.2
   18613.6
   18618.1
   18950.3
   19072.5
   19127.1
   19235.2
   19928.9
   19989.9
   20008.9
   20027.7
   20246.5
   20614.4
   20728.0
   20953.6
   21023.7
   21316.5
   21389.9
   21430.4
   21552.4
   21585.5
   21917.8
   21931.5
   22202.5
   22211.3
   22320.7
   22403.0
   22471.4
   22633.7
   22712.1
   22853.3
   22987.9
