     303.2
     620.4
     771.3
    1043.2
    1123.3
    1307.6
    1318.5
    1723.9
    2078.6
    2099.9
    2415.2
    2564.0
    2620.3
    2634.4
    2671.4
    2698.4
    2811.8
    2872.5
    2965.3
    2985.4
    3114.7
    3314.7
    3315.3
    3449.3
    3599.2
    3837.0
    3852.5
    4334.0
    4384.7
    4412.2
    4687.7
    4947.6
    5082.2
    5259.9
    5599.0
    5999.0
    6192.8
    6409.9
    6886.5
    7347.5
    7435.0
    7489.0
    7896.4
    7902.3
    8171.8
    8986.3
    9571.4
    9660.3
    9793.2
    9864.0
    9887.5
    9914.9
   10092.2
   10196.2
   10204.7
   10543.8
   10599.4
   10628.8
   10793.3
   10946.3
   11106.8
   11511.2
   11641.4
   11654.4
   11719.7
   11991.2
   12528.6
   12583.3
   12929.6
   13089.8
   13274.0
   13651.3
   13766.8
   13781.4
   14060.3
   14320.7
   14552.0
   14608.8
   14883.1
   14923.4
   14972.3
   15023.2
   15066.3
   15088.8
   15284.8
   15378.8
   15587.8
   15885.6
   15896.6
   16354.4
   16545.5
   16577.1
   16605.6
   17080.2
   17126.8
   17177.5
   17265.9
   17546.3
   17659.0
   18078.0
   18450.9
   18653.4
   18937.9
   18969.0
   19072.8
   19287.5
   19294.0
   19451.9
   19536.4
   19664.1
   19664.2
   20024.8
   20045.0
   20322.2
   20486.8
   21407.9
   21639.7
   21666.3
   21782.3
   21814.9
   22414.5
   22487.0
   23041.7
