      77.7
     422.3
     486.3
     498.6
     515.9
     522.1
     629.0
     703.7
     788.6
     969.7
    1131.6
    1385.4
    1489.8
    1788.0
    1966.6
    2056.2
    2117.0
    2375.8
    2436.7
    2516.6
    2651.6
    3074.4
    3093.1
    3253.2
    3296.9
    3475.9
    3543.0
    3584.5
    3633.5
    3711.1
    3739.9
    4009.3
    4248.4
    4256.7
    4439.3
    4939.2
    5455.7
    5633.0
    5864.1
    6328.6
    6705.3
    7307.0
    7459.5
    7490.9
    7683.2
    7966.3
    8296.5
    8454.6
    8562.9
    8768.7
    8826.7
    8989.3
    9112.2
    9197.2
    9528.5
    9993.4
   10145.3
   10250.5
   10394.8
   10448.8
   10716.6
   10797.3
   10830.4
   11093.5
   11349.6
   11425.9
   11546.9
   11608.8
   11742.7
   11998.4
   12075.2
   12096.5
   12267.8
   12375.5
   12498.3
   12607.3
   12742.9
   12808.9
   13112.2
   13189.9
   13982.2
   14056.1
   14671.2
   14818.1
   15091.6
   15434.8
   15920.1
   16469.0
   16659.3
   16847.8
   16995.4
   17365.1
   17384.6
   18070.4
   18275.5
   18357.1
   18469.1
   18521.8
   18612.4
   18700.5
   18722.0
   18897.2
   18953.4
   19004.7
   19355.6
   19373.4
   19887.9
   19999.2
   20070.7
   20164.9
   20223.9
   20847.0
   20994.5
   21229.7
   21326.6
   21475.7
   21592.9
   22127.9
   22269.0
   22324.6
   22530.2
   22533.4
   22659.9
   22663.7
   22922.9
