     162.2
     525.5
    1457.3
    1896.5
    2898.1
    2929.1
    3499.0
    3606.4
    3629.0
    3784.8
    3882.1
    3961.2
    4135.1
    4459.5
    4527.6
    4621.1
    5644.2
    5697.4
    5815.8
    6005.3
    6124.8
    6241.6
    6258.3
    6465.4
    6749.5
    6955.9
    7202.4
    7317.0
    7532.9
    7680.6
    7764.1
    8123.5
    8404.4
    9008.5
    9401.4
    9896.4
    9950.2
    9980.2
   10403.0
   10674.8
   10763.5
   10829.8
   11169.2
   11836.0
   12092.3
   12255.7
   12387.8
   12549.2
   12589.8
   12828.4
   13097.5
   13137.9
   13186.3
   13407.9
   13442.4
   13522.8
   13562.0
   13855.1
   13897.4
   14285.4
   14514.3
   14560.4
   14905.5
   14910.9
   15020.5
   15257.1
   15279.2
   15378.2
   15790.0
   15970.9
   16113.5
   16304.9
   16306.2
   16431.7
   16490.1
   16501.8
   16657.1
   17463.7
   17619.1
   17731.0
   18371.5
   19668.6
   19867.2
   19964.7
   20393.8
   20486.0
   20668.4
   20748.7
   21330.0
   21702.0
   21779.2
   21809.1
   21884.2
   21950.5
   22047.5
   22353.3
   22413.5
   22470.1
   22527.1
   22542.4
   22854.5
   22911.7
   22999.1
