     449.6
     618.7
     679.4
     779.6
     792.8
     853.8
     976.6
    1189.7
    1273.7
    1304.4
    1424.0
    1436.7
    1490.7
    1607.6
    1616.7
    1699.2
    1820.6
    2143.4
    2280.6
    2350.5
    2404.5
    3059.5
    3173.5
    3291.1
    3336.1
    3400.7
    3882.9
    4109.2
    4149.7
    4181.7
    4456.1
    4618.0
    4895.9
    4956.0
    5045.6
    5144.6
    5158.8
    5361.3
    5503.9
    5773.3
    5800.9
    5829.0
    6308.2
    6389.6
    6658.9
    6793.7
    6956.4
    7161.3
    7324.8
    7355.3
    7391.8
    7600.6
    7760.1
    7943.0
    7960.1
    8073.4
    8195.9
    8204.8
    8397.3
    9027.3
    9085.7
    9278.1
    9362.1
    9390.5
    9432.2
    9502.9
    9749.4
    9775.9
    9988.6
   10352.2
   10463.9
   10644.7
   10819.7
   10997.5
   11187.8
   11712.4
   11735.7
   11829.9
   12280.0
   12290.7
   12556.5
   12906.0
   13088.6
   13572.2
   13658.0
   13677.6
   13758.6
   13894.3
   14219.2
   14395.6
   14484.9
   14783.8
   14908.7
   14947.5
   14986.0
   15148.6
   15256.9
   15527.7
   15887.8
   16820.1
   16861.8
   17019.8
   17041.0
   17042.7
   17240.6
   17386.3
   17445.7
   17470.4
   17650.2
   17964.6
   18259.9
   18507.6
   18765.8
   18777.5
   19007.3
   19011.8
   19085.2
   19156.8
   19642.2
   20072.8
   20120.9
   20280.7
   20623.1
   20862.4
   21052.4
   21089.4
   21472.5
   22107.8
   22625.6
   22684.3
   22914.6
   22965.5
   23047.8
