      94.9
     197.8
     316.4
     892.1
     905.8
    1160.4
    1470.8
    1730.3
    1846.7
    1985.2
    2146.1
    2299.9
    2468.7
    2494.2
    2685.2
    2841.4
    2933.3
    3175.9
    3512.6
    3744.2
    3810.3
    3887.8
    4365.6
    4572.4
    4639.5
    4707.5
    4710.9
    4961.2
    4987.5
    5697.5
    5706.5
    5798.6
    5880.0
    6037.3
    6301.4
    6327.4
    6371.1
    6909.4
    7206.2
    7259.4
    7508.3
    7925.6
    7929.7
    8087.7
    8231.2
    8426.5
    8445.6
    8881.7
    9562.9
    9700.7
   10493.0
   10640.3
   10722.1
   10754.0
   10902.0
   10904.5
   10940.4
   11012.6
   11090.8
   11447.3
   11607.3
   12023.7
   12024.9
   12066.9
   12212.4
   12279.4
   12647.0
   12921.0
   13173.1
   13528.0
   13635.6
   13797.5
   14017.3
   14386.0
   14446.0
   14549.0
   14649.4
   14765.7
   15026.7
   15464.3
   15597.3
   15703.5
   15874.2
   15880.8
   16083.1
   16301.4
   16560.5
   16821.2
   16870.3
   17611.1
   17822.9
   18329.5
   18348.5
   18447.2
   18625.8
   18741.5
   19155.0
   19531.1
   19541.1
   19713.5
   19789.0
   19822.9
   19863.3
   20167.0
   20219.1
   20303.4
   20447.7
   20630.8
   20815.6
   20839.2
   21254.3
   21322.5
   21578.5
   21861.4
   22141.4
   22398.4
   22558.6
   22799.2
