      61.4
     330.8
     713.4
    1140.4
    1148.2
    1504.9
    1702.0
    1704.2
    2099.1
    2122.6
    2218.7
    2239.7
    2258.3
    2421.1
    2493.7
    2541.4
    2957.1
    3194.9
    3442.7
    3621.7
    4121.0
    4191.6
    4233.8
    4369.1
    4549.6
    5122.9
    5937.4
    6014.6
    6216.0
    6371.0
    6480.7
    6835.2
    6967.5
    7037.1
    7333.2
    7371.7
    7562.0
    7612.4
    8104.5
    8106.4
    8225.1
    8306.8
    8366.2
    8790.1
    9341.2
    9483.3
    9728.2
    9960.6
   10270.0
   10359.8
   10564.0
   10572.1
   10647.8
   10666.7
   10723.0
   10813.9
   10818.8
   11099.1
   11428.9
   11524.2
   11817.7
   12119.8
   12210.0
   12623.7
   12686.5
   13467.2
   13542.2
   13561.2
   13738.9
   13767.6
   13781.5
   14089.5
   14285.7
   14381.5
   14557.6
   14787.5
   14872.1
   14993.4
   15257.0
   15495.4
   15814.9
   15989.7
   16601.8
   16836.5
   16911.9
   17331.1
   17733.6
   17803.9
   18028.9
   18192.9
   18221.3
   18251.4
   18276.1
   18404.6
   18512.5
   18661.8
   18989.7
   19018.9
   19183.0
   19597.5
   20090.7
   20361.3
   20842.0
   20927.0
   20954.1
   21023.0
   21098.8
   21117.0
   21716.6
   22004.0
   22460.5
   22743.2
