     371.7
     379.0
     420.2
     600.0
     729.1
     767.8
     778.1
    1227.8
    1396.2
    1528.9
    1536.0
    2055.5
    2220.4
    2871.2
    2932.7
    2966.2
    3043.1
    3545.4
    3588.2
    4201.2
    4303.5
    4320.7
    4417.1
    4485.7
    4641.4
    4723.7
    4759.0
    4944.5
    5434.3
    5497.6
    5974.3
    6028.2
    6080.7
    6155.5
    6711.6
    6827.1
    6847.6
    7116.8
    7290.4
    7472.8
    7811.0
    7881.5
    8039.1
    8127.5
    8261.3
    8380.3
    8517.0
    8816.1
    8871.5
    9525.1
    9652.9
    9971.8
    9972.1
   10439.3
   10636.4
   10804.7
   10970.6
   11145.7
   11325.9
   11405.4
   11618.7
   11723.1
   11985.7
   12080.7
   12111.8
   12204.8
   12219.1
   12312.2
   12398.6
   12501.3
   12501.9
   12970.2
   13245.3
   13246.0
   13270.9
   13587.8
   13813.0
   13851.6
   14238.6
   14602.4
   15066.5
   15518.9
   15541.3
   15569.3
   15655.7
   15672.0
   15977.2
   15999.2
   16255.7
   16527.9
   16697.1
   16763.8
   17518.4
   17546.4
   17581.1
   18205.8
   18587.7
   18601.6
   18667.5
   18756.2
   18789.9
   18946.9
   19170.6
   19258.3
   19377.1
   19446.2
   19739.1
   20020.9
   20021.8
   20543.8
   20603.7
   20793.8
   20829.7
   21121.7
   21246.5
   21413.9
   21752.9
   21828.0
   22382.2
   22485.5
   22509.8
   22749.6
