     221.4
     221.5
     416.6
     459.0
    1238.5
    1274.7
    1639.4
    1788.0
    1832.2
    2766.0
    2976.9
    3073.3
    3096.3
    3456.6
    4119.1
    4187.1
    4254.3
    4481.0
    4716.6
    4982.7
    5080.4
    5446.0
    5800.9
    6152.0
    6392.3
    6504.8
    7151.0
    7219.0
    7711.7
    7732.0
    8028.9
    8061.0
    8732.4
    8789.4
    8837.7
    8874.1
    8985.3
    9242.8
    9425.3
    9619.5
    9786.7
    9982.3
   10418.4
   10520.5
   10604.5
   10800.7
   11154.8
   11361.8
   11460.4
   11757.4
   11925.5
   12058.0
   12140.6
   12570.5
   12663.1
   12736.0
   12858.8
   12896.2
   12977.7
   13033.2
   13321.6
   13709.0
   14036.0
   14222.5
   14257.5
   14307.6
   14312.5
   14313.3
   14421.4
   14537.8
   14920.9
   14922.8
   15128.9
   15138.5
   15367.7
   15546.0
   15881.9
   15954.5
   15999.0
   16138.5
   16142.3
   16167.2
   16226.0
   16231.7
   16434.2
   16487.1
   16588.6
   17582.2
   17584.0
   17876.2
   18360.2
   18502.3
   20496.3
   20570.2
   20753.3
   20815.3
   21271.9
   21728.3
   21801.9
   22099.4
   22155.6
   22241.3
   22320.3
   22461.2
   22819.7
   23013.7
