      57.2
     169.4
     557.8
     585.5
     747.7
     805.7
    1014.6
    1393.0
    1612.4
    2280.1
    2627.5
    2961.9
    3066.5
    3606.0
    3878.1
    3954.8
    3966.8
    4132.1
    4351.7
    4529.9
    4800.9
    5034.4
    5182.4
    5467.8
    5656.8
    5765.0
    6274.2
    6522.9
    6665.4
    6669.9
    6741.1
    6973.2
    7027.2
    7261.6
    8326.4
    8517.5
    9075.0
    9121.3
    9632.9
    9798.6
    9824.7
   10127.3
   10200.4
   10269.1
   10351.5
   10417.7
   10619.6
   11368.1
   11426.0
   11719.0
   11787.4
   12122.8
   12160.6
   12258.4
   12377.9
   12432.3
   12607.7
   12617.8
   12762.5
   12807.7
   12903.2
   12936.7
   12940.4
   13012.7
   13244.1
   13278.0
   13693.7
   13934.4
   14066.3
   14181.3
   14185.6
   14769.0
   14936.8
   14997.9
   15013.7
   15414.7
   15446.9
   15539.8
   15676.0
   15729.6
   15959.1
   16232.4
   16541.7
   16645.7
   16655.2
   16747.7
   17162.8
   17164.1
   17613.6
   17952.8
   18215.8
   18240.5
   18840.8
   19006.5
   19180.5
   19249.7
   19260.5
   19283.0
   19323.3
   19990.1
   20090.3
   20258.2
   20775.4
   20911.8
   21365.5
   21564.1
   21707.3
   22063.4
   22109.9
   22486.2
   22520.4
   22534.4
   22576.4
