     173.9
     314.2
     373.6
     438.7
     648.2
    1151.3
    1259.0
    1323.2
    1331.6
    1494.8
    2046.0
    2692.5
    3243.8
    3456.9
    3672.2
    3792.4
    4009.6
    4810.0
    4814.0
    4869.3
    5270.4
    5827.6
    5852.2
    5889.4
    6194.5
    6367.9
    6370.9
    6690.5
    6811.6
    6858.8
    6959.0
    7059.1
    7171.4
    7324.4
    7403.8
    7477.1
    7482.3
    7836.5
    8040.9
    8281.2
    8568.1
    8623.6
    8767.3
    8805.1
    8957.1
    8979.7
    9555.5
    9813.5
    9929.9
    9998.2
   10110.7
   10126.3
   10167.4
   10406.4
   10677.3
   10744.0
   10753.6
   11124.4
   11184.7
   11207.2
   11544.5
   11572.3
   11910.3
   11973.1
   11982.7
   12070.7
   12633.3
   12653.3
   13032.5
   13141.5
   13421.2
   13643.9
   13653.7
   13991.6
   14081.3
   14215.8
   14426.1
   14487.6
   14720.6
   15663.7
   15801.9
   15960.5
   15993.4
   16548.9
   16627.4
   16748.2
   17200.3
   17397.0
   18064.2
   18077.4
   18161.4
   19435.0
   19539.6
   19775.0
   20873.4
   20955.7
   21073.1
   21476.1
   21675.0
   21679.3
   21907.2
   21953.3
   22036.6
   22378.1
   22415.2
   22743.2
   22914.8
   23032.1
