     372.5
     600.7
     711.6
     839.9
     923.1
    1102.6
    1160.7
    1173.1
    1195.6
    1229.4
    2502.6
    2701.5
    2725.7
    2802.9
    3135.7
    3149.8
    3356.7
    3458.5
    3469.0
    3727.0
    3851.7
    4079.4
    4305.1
    4634.9
    5040.8
    5107.9
    5236.8
    5260.6
    5513.5
    5538.7
    5541.3
    5542.3
    5665.7
    6403.8
    6419.4
    6805.1
    7445.5
    7835.9
    8105.6
    8128.5
    8142.2
    8225.0
    8363.5
    8639.0
    8730.4
    8754.3
    8897.2
    8981.4
    9074.0
    9245.1
    9249.6
    9383.7
    9517.7
    9628.2
    9846.4
    9862.9
    9944.1
   10023.3
   10184.8
   10296.1
   10396.2
   10733.1
   10912.7
   10922.9
   10946.7
   11013.1
   11188.7
   11330.0
   11726.5
   11922.1
   12395.6
   12478.4
   12546.8
   12588.1
   12702.6
   12875.6
   12886.1
   13298.7
   13320.4
   13409.0
   13438.6
   13898.0
   14383.1
   14393.6
   14539.2
   14655.0
   14781.5
   15303.8
   15418.9
   15438.0
   15618.0
   15676.8
   16170.1
   16410.5
   16606.3
   16667.2
   16843.4
   17191.2
   17523.2
   17620.2
   17784.9
   17885.1
   17906.8
   18464.6
   18522.3
   18671.5
   18786.5
   18853.0
   19055.4
   19085.7
   19385.3
   19417.3
   19481.3
   19512.5
   19697.2
   20255.6
   20442.7
   20920.4
   21263.8
   21440.5
   22208.4
   22366.2
   22425.6
   22722.8
   22737.9
   22881.3
   22892.2
   22985.6
