     219.1
     408.3
     732.2
     819.9
     885.0
     957.6
    1063.8
    1181.3
    1386.8
    1402.8
    1511.6
    1767.2
    1853.6
    1874.0
    1891.1
    1923.8
    2039.7
    2308.3
    2331.2
    2365.4
    2385.4
    2802.7
    2835.6
    2947.6
    3151.7
    3250.5
    3638.5
    3831.5
    4044.3
    4902.2
    4916.1
    5163.0
    5374.9
    5650.2
    5934.2
    5977.2
    6246.7
    6508.5
    6538.0
    7004.8
    7092.8
    8366.7
    8771.2
    8841.8
    9424.1
    9453.4
    9871.2
    9920.9
   10848.3
   11043.6
   11328.1
   11345.9
   11350.0
   11523.2
   11649.8
   11681.9
   11753.5
   12044.6
   12166.1
   12399.9
   12736.2
   12803.9
   13179.5
   13217.5
   13656.6
   13940.6
   13956.7
   13969.0
   14051.9
   14226.1
   14381.8
   14773.0
   15060.0
   15080.1
   15103.5
   15806.7
   15994.8
   16202.8
   17084.0
   17310.3
   17385.3
   17396.5
   17596.6
   17666.6
   17783.5
   17865.0
   17872.9
   17982.9
   18149.1
   18185.9
   18293.0
   18758.2
   18764.5
   18858.5
   19197.0
   19582.6
   19696.9
   19705.4
   20502.2
   20633.6
   20800.9
   20816.5
   20837.8
   21009.8
   21081.6
   21178.6
   21221.2
   21331.0
   21436.4
   21540.9
   22067.4
   22536.6
   22607.2
   22768.8
   22853.9
   22957.0
