     290.2
     433.1
     474.8
     524.9
     579.2
    1087.9
    1196.1
    1541.1
    1618.8
    1688.9
    1832.2
    1967.9
    1994.7
    2271.3
    2429.4
    2522.6
    2573.1
    2618.7
    2652.0
    2656.5
    2769.4
    3104.3
    3423.0
    3927.9
    3939.8
    4186.7
    4666.4
    4668.2
    4686.8
    4888.0
    5012.1
    5438.1
    5720.9
    5941.8
    6014.4
    6066.9
    6516.7
    6604.7
    6691.5
    6719.7
    6844.9
    7221.4
    7365.1
    7446.1
    7471.7
    7692.4
    7800.2
    7889.8
    7896.6
    7919.7
    8023.9
    8050.9
    8128.6
    8149.3
    8505.7
    8653.0
    9117.2
    9313.8
    9400.0
    9444.0
    9787.7
   10161.0
   10342.7
   11005.1
   11310.0
   11551.4
   11760.3
   11952.7
   11956.7
   12037.3
   12277.0
   12398.8
   12662.2
   12835.3
   12923.0
   13383.6
   13620.4
   13641.0
   14059.0
   14216.5
   14225.7
   14623.5
   14823.1
   14898.2
   15247.9
   15499.5
   15623.2
   15868.4
   15928.9
   16023.8
   16128.7
   16431.1
   16537.1
   17117.9
   17450.9
   17575.6
   17924.3
   18047.0
   18285.2
   18590.9
   18614.2
   18654.1
   18733.9
   18824.9
   18960.9
   19060.2
   19124.7
   19402.6
   19569.9
   19918.7
   20187.9
   20266.9
   20729.1
   20755.3
   20943.2
   20993.8
   21107.7
   21193.5
   21376.3
   21532.6
   21804.0
   22323.6
   22335.4
   22387.1
   22637.5
   22925.8
