     235.4
     397.1
     451.4
     629.2
     764.3
     975.8
     990.9
    1102.5
    1117.6
    1484.4
    1567.3
    1687.9
    1702.1
    1909.2
    1917.5
    1949.1
    2368.1
    2804.4
    2906.1
    3113.9
    3361.0
    3614.6
    4440.1
    4875.9
    4972.3
    5026.6
    5047.5
    5350.4
    5396.3
    5918.6
    6117.6
    6183.4
    6490.4
    6750.6
    6812.1
    7124.5
    7205.6
    7280.7
    7659.6
    7662.9
    8186.0
    8353.8
    8401.6
    8416.1
    8484.6
    8761.9
    8865.3
    9304.5
    9381.5
    9554.0
    9964.6
   10590.5
   10644.2
   10724.8
   11037.8
   11060.8
   11084.7
   11135.6
   11307.4
   11993.4
   12499.2
   12522.1
   13144.5
   13318.2
   13372.6
   13658.4
   13709.8
   13862.4
   13992.8
   14187.8
   14430.8
   14624.0
   14631.2
   15021.4
   15101.2
   15196.0
   15231.6
   15495.4
   15540.4
   15634.7
   15795.2
   15902.1
   15930.8
   16097.4
   16302.2
   16845.0
   16877.2
   17155.5
   17171.2
   17278.0
   17739.5
   17864.0
   17870.4
   17984.7
   18029.2
   18102.3
   18279.5
   18297.4
   18320.3
   18331.8
   18386.7
   18413.5
   18585.7
   18917.2
   18934.1
   19127.3
   19570.8
   19729.2
   20131.3
   20311.0
   20382.0
   20412.9
   20460.5
   20473.1
   20482.5
   20648.8
   20685.0
   20937.0
   21814.2
   21825.1
   21878.5
   22114.9
   22461.1
   22936.0
