      71.4
     838.1
    1085.0
    1138.6
    1166.6
    2082.3
    2190.2
    2257.5
    2447.3
    2457.0
    2576.1
    2641.0
    2739.3
    3011.4
    3036.4
    3061.8
    3267.3
    3339.4
    3340.6
    3355.7
    3549.7
    3757.8
    3827.9
    4060.4
    4179.7
    4573.8
    4611.7
    4681.1
    4892.2
    4964.9
    4978.2
    4990.2
    5240.1
    5304.7
    5441.9
    5752.2
    5768.8
    5996.9
    6483.8
    6576.0
    7222.6
    7389.1
    7680.2
    7797.4
    8029.7
    8164.8
    8184.0
    8201.4
    8317.0
    8454.4
    8739.3
    8848.0
    9361.9
    9518.1
   10013.0
   10051.2
   10322.3
   10519.7
   10557.9
   10566.3
   10835.6
   10896.5
   10948.6
   11191.8
   11399.0
   11538.4
   11738.9
   12086.8
   12308.5
   12379.3
   12564.6
   12761.4
   13045.6
   13055.2
   13164.5
   13379.5
   13655.4
   14178.7
   14407.0
   14420.3
   14736.1
   14882.8
   14980.3
   15318.4
   15393.6
   15494.2
   15946.7
   16027.8
   16085.7
   16298.3
   16590.1
   16591.7
   16859.8
   16945.2
   17535.7
   17659.9
   17788.3
   17843.6
   17961.7
   18175.3
   18229.1
   18358.1
   18386.4
   18713.7
   18894.8
   19106.2
   19157.7
   19426.3
   19669.6
   19703.3
   19936.1
   21394.5
   21414.8
   21519.4
   21660.4
   21735.3
   21978.1
   22329.9
   22479.6
   22778.8
