11
14
18
19
21
24
26
27
28
29
30
32
35
37
38
40
41
45
46
49
50
51
136
138
139
142
147
148
150
153
157
158
160
166
167
168
169
171
172
175
176
260
262
271
279
280
282
283
284
285
286
288
289
290
292
295
296
297
298
299
300
386
387
392
394
395
396
397
399
400
406
407
408
410
412
415
417
418
420
421
423
425
426
516
518
522
525
526
527
529
530
531
534
538
539
541
542
543
544
548
644
645
649
655
660
661
667
669
670
671
779
780
783
786
10648
10649
10650
10651
10654
10660
10661
10664
10665
10667
10766
10768
10769
10771
10772
10777
10780
10781
10784
10785
10789
10791
10792
10793
10800
10886
10888
10891
10892
10893
10894
10897
10898
10900
10906
10908
10914
10920
10921
10924
11009
11010
11013
11015
11016
11017
11018
11020
11022
11023
11027
11030
11031
11032
11033
11034
11035
11037
11038
11043
11044
11046
11047
11049
11051
11052
11134
11136
11137
11139
11141
11143
11144
11147
11150
11160
11166
11167
11171
11176
11177
11261
11262
11263
11265
11266
11268
11270
11274
11278
11279
11284
11285
11286
11287
11289
11290
11291
11296
11297
11301
11303
11389
11390
11392
11394
11396
11399
11400
11401
11405
11407
11408
11409
11411
11414
11418
11419
11421
11422
11425
11426
11514
11515
11516
11517
11518
11519
11524
11528
11529
11531
11532
11533
11535
11539
11541
11542
11544
11547
11548
11549
11550
11644
11645
11647
11650
11655
11657
11665
11667
11668
