5894
5897
5901
5902
5906
5908
6013
6015
6018
6021
6023
6024
6025
6029
6035
6036
6037
6038
6134
6138
6143
6145
6149
6150
6151
6154
6158
6160
6161
6162
6256
6257
6262
6263
6264
6265
6270
6272
6273
6276
6277
6279
6280
6281
6282
6283
6287
6288
6290
6291
6292
6295
6382
6383
6387
6389
6391
6392
6394
6400
6401
6405
6406
6409
6410
6412
6506
6507
6512
6513
6515
6516
6518
6521
6522
6524
6526
6527
6528
6532
6536
6538
6539
6540
6542
6543
6546
6631
6633
6637
6638
6640
6644
6645
6646
6648
6655
6661
6662
6663
6664
6665
6666
6672
6674
6755
6758
6762
6763
6768
6777
6778
6779
6781
6782
6783
6786
6789
6794
6795
6798
6886
6890
6891
6896
6898
6900
6901
6902
6904
6907
6908
6914
6916
6917
6919
6920
7007
7009
7013
7018
7021
7022
7024
7027
7028
7033
7036
7040
7041
7042
7043
7045
7046
7134
7138
7139
7140
7142
7143
7145
7151
7152
7154
7157
7159
7161
7167
7169
7264
7266
7270
7272
7275
7280
7286
7394
7395
7396
7402
7403
7404
7405
7406
18391
18394
18397
18402
18404
18405
18406
18408
18409
18410
18411
18415
18510
18513
18518
18519
18521
18525
18529
18535
18538
18541
18543
18635
18643
18645
18646
18648
18649
18651
18654
18660
18662
18663
18666
18668
18672
18755
18758
18761
18768
18769
18772
18774
18776
18779
18781
18783
18790
18795
18796
18881
18882
18883
18884
18885
18886
18890
18893
18896
18897
18900
18902
18903
18904
18906
18908
18909
18911
18912
18918
18919
18920
19009
19013
19014
19015
19016
19018
19019
19021
19026
19032
19033
19037
19038
19039
19042
19043
19145
19148
19149
19150
19151
19154
