1523
1527
1529
1530
1537
1638
1639
1640
1641
1646
1649
1650
1652
1656
1661
1663
1761
1765
1768
1769
1772
1773
1776
1780
1783
1785
1787
1788
1790
1793
1885
1887
1891
1892
1893
1894
1895
1896
1901
1903
1904
1905
1907
1908
1911
1912
1915
1916
2012
2014
2015
2018
2019
2020
2021
2026
2027
2029
2030
2038
2147
2152
2153
2158
10017
10018
10019
10020
10024
10026
10028
10031
10032
10034
10036
10143
10145
10151
10274
10276
10284
10286
10391
10392
10394
10395
10400
10402
10403
10406
10407
10411
10508
10517
10522
10523
10524
10526
10530
10534
10538
10542
10543
10633
10642
10643
10645
10646
10648
10655
10657
10659
10662
10664
10667
10760
10762
10768
10769
10770
10771
10772
10777
10778
10790
10791
10888
10892
10903
10909
10915
10916
10919
11006
11014
11017
11019
11020
11021
11023
11026
11027
11037
11039
11040
11043
11046
11049
11129
11130
11138
11143
11150
11152
11155
11159
11161
11163
11164
11166
11167
11172
11173
11259
11263
11265
11267
11271
11277
11278
11279
11281
11282
11283
11284
11286
11288
11291
11295
11297
11298
11380
11381
11382
11387
11388
11393
11397
11398
11400
11401
11403
11406
11409
11412
11413
11415
11419
11420
11421
11422
11423
11424
11511
11512
11514
11522
11523
11525
11528
11530
11531
11537
11542
11544
11627
11628
11632
11638
11639
11641
11642
11644
11646
11647
11648
11649
11651
11653
11659
11661
11663
11665
11668
11669
11670
11754
11758
11759
11760
11764
11765
11767
11770
11771
11772
11774
11775
11780
11781
11782
11785
11786
11787
11790
11791
11797
11879
11885
11886
11887
11895
11899
11900
11902
11904
11906
11909
11910
11911
11912
11914
11917
11918
11919
11920
11922
12000
12005
12006
12008
12012
12014
12016
12019
12021
12024
12025
12026
12027
12028
12029
12033
12035
12036
12037
12041
12042
12046
12126
12130
12131
12135
12137
12139
12140
12141
12143
12145
12146
12147
12150
12151
12158
12159
12161
12165
12166
12167
12169
12170
12171
12251
12252
12255
12258
12259
12261
12263
12266
12268
12269
12271
12272
12273
12276
12281
12282
12287
12294
12299
12301
12378
12381
12382
12384
12388
12390
12392
12393
12394
12395
12397
12401
12402
12403
12404
12406
12407
12410
12411
12413
12414
12417
12419
12425
12426
12500
12503
12504
12510
12516
12518
12521
12523
12528
12531
12533
12535
12540
12543
12544
12546
12547
12551
12553
12626
12628
12634
12637
12639
12640
12641
12643
12646
12647
12652
12654
12657
12662
12666
12668
12669
12671
12672
12674
12675
12676
12677
12751
12754
12756
12759
12761
12762
12763
12764
12768
12774
12777
12782
12783
12784
12788
12789
12790
12793
12794
12795
12797
12803
12877
12880
12883
12885
12886
12887
12888
12890
12892
12893
12895
12896
12899
12900
12908
12909
12910
12912
12914
12923
12925
12928
13001
13007
13008
13013
13015
13016
13020
13022
13023
13024
13025
13026
13028
13030
13032
13033
13038
13045
13127
13131
13134
13135
13136
13137
13139
13142
13143
13144
13145
13146
13147
13148
13150
13151
13152
13153
13156
13159
13165
13167
13168
13169
13173
13254
13255
13256
13258
13262
13265
13266
13269
13270
13272
13274
13275
13276
13277
13283
13284
13285
13286
13291
13293
13294
13295
13296
13299
13300
13379
13380
13381
13382
13383
13384
13385
13394
13396
13397
13401
13403
13404
13405
13407
13408
13411
13415
13418
13419
13420
13422
13423
13507
13508
13509
13510
13511
13512
13513
13515
13516
13520
13522
13525
13526
13529
13532
13534
13535
13538
13540
13541
13632
13633
13635
13636
13644
13647
13664
13669
13759
13761
13762
13764
13768
13769
13771
13774
13775
13779
13780
13783
13787
13788
13790
13890
13900
13906
13907
14024
14028
20142
20151
20156
20157
20166
20260
20262
20266
20267
20273
20275
20276
20277
20278
20280
20282
20284
20286
20288
20290
20380
20383
20385
20386
20389
20391
20392
20395
20396
20401
20402
20404
20410
20415
20416
20418
20419
20505
20507
20508
20510
20511
20514
20515
20516
20517
20518
20520
20526
20529
20533
20534
20537
20538
20539
20541
20543
20547
20631
20632
20639
20642
20643
20644
20645
20647
20650
20651
20652
20653
20655
20656
20660
20663
20665
20666
20760
20762
20767
20768
20769
20771
20772
20773
20774
20775
20776
20780
20789
20792
20793
20895
20898
20899
20903
20905
20908
