4648
4650
4651
4653
4657
4658
4764
4765
4768
4769
4772
4774
4777
4780
4784
4786
4896
4900
4902
5014
5017
5018
5020
5022
5026
5027
5032
5035
5036
5037
5038
5142
5143
5144
5145
5148
5149
5151
5152
5153
5154
5158
5160
5163
5270
5272
5273
5274
5277
5279
5282
10520
10522
10523
10525
10529
10531
10647
10649
10656
10770
10775
10777
10779
10780
10781
10895
10901
10903
10905
10907
11015
11018
11020
11027
11029
11032
11037
11040
11041
11147
11148
11149
11157
11158
11161
11165
11263
11265
11267
11269
11273
11277
11279
11282
11285
11291
11387
11389
11390
11393
11395
11399
11404
11408
11415
11416
11514
11516
11517
11518
11525
11527
11531
11533
11538
11542
11638
11639
11640
11643
11644
11649
11651
11652
11654
11656
11658
11659
11661
11663
11665
11667
11758
11760
11761
11764
11765
11768
11769
11773
11775
11776
11777
11779
11780
11782
11783
11784
11787
11792
11794
11885
11890
11898
11902
11907
11912
11914
11915
11916
11917
12006
12007
12015
12018
12020
12022
12024
12029
12030
12039
12042
12043
12045
12046
12135
12138
12142
12143
12144
12149
12152
12155
12160
12163
12164
12165
12169
12255
12258
12260
12261
12262
12264
12266
12269
12273
12276
12291
12293
12382
12383
12384
12386
12387
12394
12395
12398
12401
12403
12414
12417
12419
12506
12508
12512
12519
12520
12522
12525
12526
12528
12532
12540
12545
12635
12637
12641
12645
12646
12648
12653
12655
12656
12658
12659
12660
12666
12669
12756
12760
12763
12765
12767
12769
12771
12772
12774
12775
12777
12779
12780
12781
12783
12784
12786
12787
12791
12795
12796
12798
12879
12880
12889
12890
12894
12896
12899
12901
12902
12906
12908
12909
12912
12913
12915
12916
12917
12918
12919
12922
13010
13011
13012
13017
13019
13020
13022
13023
13024
13028
13031
13032
13033
13034
13035
13036
13040
13046
13048
13049
13133
13134
13137
13140
13142
13143
13146
13148
13149
13150
13151
13154
13155
13156
13158
13159
13161
13162
13163
13168
13169
13171
13173
13255
13261
13263
13264
13265
13266
13269
13270
13273
13274
13278
13281
13282
13284
13288
13291
13293
13295
13296
13297
13299
13381
13382
13383
13384
13387
13391
13392
13394
13397
13399
13401
13402
13412
13414
13416
13420
13421
13424
13506
13511
13512
13513
13514
13516
13518
13519
13521
13523
13524
13525
13526
13527
13528
13532
13534
13536
13538
13539
13540
13542
13545
13546
13549
13629
13631
13633
13634
13642
13646
13647
13649
13650
13653
13655
13658
13660
13662
13663
13665
13669
13671
13674
13756
13758
13760
13761
13762
13766
13768
13770
13771
13773
13775
13776
13778
13784
13785
13786
13789
13790
13794
13881
13882
13883
13886
13888
13889
13890
13892
13893
13894
13897
13898
13900
13902
13904
13905
13909
13911
13912
13914
13915
13918
13919
13922
13923
14005
14011
14012
14013
14016
14018
14019
14023
14025
14026
14027
14028
14029
14031
14032
14033
14034
14036
14046
14047
14048
14130
14138
14139
14146
14147
14149
14152
14154
14158
14160
14167
14168
14170
14172
14173
14256
14257
14258
14259
14262
14263
14265
14268
14270
14273
14274
14275
14276
14279
14281
14284
14286
14288
14293
14294
14295
14383
14386
14387
14388
14391
14392
14394
14397
14398
14400
14401
14403
14404
14406
14408
14413
14415
14416
14418
14419
14509
14512
14513
14516
14523
14525
14526
14527
14528
14529
14534
14535
14537
14539
14544
14634
14635
14637
14638
14643
14644
14645
14647
14648
14650
14652
14658
14659
14661
14664
14666
14761
14765
14767
14774
14776
14778
14779
14787
14788
14890
14892
14899
14901
14904
14905
14906
