907
909
910
1011
1012
1015
1017
1022
1023
1024
1025
1031
1032
1035
1038
1042
1132
1135
1140
1141
1144
1145
1147
1148
1149
1150
1151
1152
1154
1162
1163
1169
1257
1260
1262
1264
1268
1269
1272
1273
1274
1275
1276
1278
1283
1285
1288
1292
1294
1297
1382
1383
1385
1387
1389
1390
1391
1392
1394
1396
1399
1401
1402
1403
1405
1406
1409
1413
1414
1419
1512
1513
1515
1518
1519
1520
1522
1524
1528
1530
1531
1534
1536
3144
3145
3147
3148
3151
3152
3153
3154
3157
3269
3272
3273
3279
13775
13776
13777
13778
13779
13781
13783
13787
13891
13892
13893
13894
13897
13903
13904
13907
13910
13911
14010
14011
14014
14017
14018
14019
14020
14021
14022
14024
14026
14031
14032
14033
14035
14042
14133
14137
14139
14140
14145
14146
14147
14152
14154
14155
14156
14162
14164
14165
14169
14258
14259
14260
14262
14263
14264
14265
14269
14270
14271
14272
14273
14275
14279
14281
14284
14285
14288
14294
14296
14380
14386
14388
14390
14393
14394
14395
14396
14400
14403
14408
14416
14417
14505
14507
14508
14513
14514
14517
14519
14520
14524
14525
14526
14528
14531
14532
14536
14538
14541
14543
14546
14548
14630
14634
14640
14642
14643
14644
14646
14647
14650
14652
14653
14656
14657
14659
14661
14663
14669
14671
14756
14757
14760
14761
14772
14774
14775
14780
14782
14785
14786
14789
14794
14883
14884
14885
14886
14887
14894
14896
14899
14904
14905
14907
14909
14913
14914
14915
15011
15018
15019
15022
15030
15033
15036
15037
20265
20267
20270
20271
20277
20278
20282
20284
20285
20287
20384
20391
20392
20393
20397
20398
20400
20406
20407
20409
20410
20415
20417
20418
20511
20512
20516
20519
20520
20523
20525
20528
20530
20531
20532
20533
20535
20537
20538
20541
20634
20639
20641
20644
20646
20648
20650
20654
20656
20658
20660
20665
20666
20667
20765
20770
20773
20775
20777
20780
20782
20785
