4023
4029
4145
4146
4147
4149
4150
4154
4155
4156
4157
14157
14158
14159
14266
14272
14277
14278
14284
14285
14286
14288
14291
14395
14398
14401
14402
14405
14406
14407
14410
14411
14412
14509
14511
14512
14517
14520
14521
14523
14524
14525
14526
14527
14529
14532
14538
14543
14544
14633
14634
14636
14637
14639
14641
14644
14648
14650
14652
14654
14655
14657
14658
14755
14758
14761
14762
14764
14768
14770
14775
14776
14780
14781
14784
14785
14787
14791
14793
14794
14796
14880
14882
14884
14886
14889
14890
14892
14900
14901
14908
14910
14911
14912
14915
14916
14921
15007
15012
15015
15016
15018
15019
15020
15026
15028
15029
15031
15033
15039
15040
15041
15042
15130
15132
15134
15136
15139
15140
15141
15145
15146
15151
15152
15153
15154
15155
15156
15158
15160
15169
15171
15255
15260
15263
15264
15269
15270
15274
15277
15279
15281
15283
15285
15286
15287
15289
15292
15296
15297
15382
15383
15385
15388
15389
15392
15396
15397
15398
15399
15401
15405
15406
15408
15414
15418
15419
15510
15513
15517
15520
15521
15525
15526
15528
15529
15530
15531
15532
15534
15537
15542
15543
15544
15546
15634
15639
15648
15649
15651
15654
15656
15658
15662
15664
15665
15668
15764
15765
15766
15767
15774
15775
15778
15780
15781
15782
15783
15785
15789
15891
15894
15895
15903
15906
15907
15908
15909
15911
20019
20022
20023
20025
20027
20030
20034
20035
20037
20137
20139
20140
20142
20143
20145
20146
20151
20152
20155
20157
20160
20161
20167
20262
20265
20268
20271
20277
20280
20281
20285
20287
20290
20389
20390
20392
20393
20394
20395
20402
20403
20409
20410
20411
20412
20512
20513
20516
20517
20519
20523
20524
20529
20537
20539
20640
20642
20643
20647
20650
20653
20654
20657
