412
417
418
419
421
422
423
425
430
432
433
434
440
443
444
445
448
450
451
452
453
534
538
539
541
542
544
545
546
550
552
558
559
560
569
571
573
577
667
668
672
673
675
680
682
684
686
687
688
689
691
692
693
694
697
800
801
802
805
809
811
5670
5671
5672
5675
5676
5677
5679
5682
5683
5685
5690
5691
5791
5793
5794
5795
5796
5797
5798
5799
5800
5801
5805
5806
5810
5813
5814
5816
5817
5819
5820
5821
5916
5917
5918
5922
5923
5924
5926
5927
5930
5934
5936
5937
5939
5942
6039
6042
6045
6049
6050
6052
6054
6057
6058
6059
6060
6062
6065
6066
6067
6068
6069
6074
6075
6164
6170
6171
6173
6176
6178
6180
6186
6187
6189
6191
6192
6193
6194
6196
6197
6198
6291
6295
6296
6299
6300
6305
6306
6308
6312
6313
6314
6316
6323
6421
6423
6424
6425
6426
6430
6431
6433
6434
6436
6442
6446
6543
6547
6549
6552
6557
6559
6560
6561
6562
6565
6567
6568
6569
6676
6684
10920
10921
10925
10929
10941
11044
11048
11049
11050
11054
11055
11056
11058
11170
11171
11176
11178
11182
11188
11189
11190
11191
11194
11301
11303
11305
11310
11415
11416
11417
11418
11423
11426
11431
11433
11435
11436
11449
11539
11540
11541
11543
11545
11548
11552
11554
11558
11563
11570
11664
11666
11670
11674
11679
11682
11683
11687
11688
11693
11695
11796
11798
11799
11803
11809
11810
11818
11822
11823
11912
11913
11916
11919
11920
11923
11926
11928
11933
11935
11940
11945
12050
12053
12054
12057
12060
12064
12065
12069
12074
12075
12168
12169
12171
12178
12180
12192
12195
12197
12199
12200
12296
12297
12298
12305
12311
12313
12316
12321
12325
12415
12419
12420
12421
12426
12429
12434
12437
12441
12445
12446
12450
12451
12536
12537
12539
12540
12541
12542
12552
12553
12554
12556
12559
12561
12562
12565
12566
12569
12574
12575
12662
12664
12666
12672
12673
12674
12675
12677
12679
12681
12682
12686
12687
12689
12691
12696
12698
12786
12794
12801
12802
12803
12806
12810
12812
12814
12815
12816
12823
12826
12915
12918
12920
12925
12926
12928
12929
12930
12931
12932
12936
12937
12939
12940
12945
12951
13038
13040
13041
13042
13044
13049
13053
13054
13056
13059
13060
13063
13065
13066
13069
13074
13075
13165
13166
13168
13169
13171
13173
13177
13188
13189
13195
13296
13297
13298
13299
13301
13302
13304
13305
13306
13307
13312
13313
13315
13426
13433
13435
13437
13550
19298
19299
19300
19303
19307
19309
19310
19312
19421
19422
19426
19427
19429
19432
19433
19438
19439
19441
19442
19445
19448
19449
19536
19537
19539
19541
19542
19543
19544
19545
19546
19548
19552
19553
19554
19555
19556
19560
19561
19567
19568
19571
19572
19575
19659
19660
19664
19670
19671
19672
19675
19677
19679
19680
19684
19687
19689
19691
19692
19695
19698
19700
19785
19786
19788
19793
19794
19799
19800
19801
19808
19814
19815
19821
19825
19911
19916
19917
19918
19919
19920
19923
19924
19925
19932
19935
19937
19938
19939
19941
19942
19945
19946
20044
20045
20047
20049
20051
20052
20057
20058
20059
20060
20062
20065
20068
