548
550
551
552
557
558
564
668
669
671
674
676
678
681
685
689
692
696
697
788
789
790
792
793
800
801
805
808
810
813
814
815
816
817
821
822
823
824
826
914
916
917
918
920
927
928
929
932
934
937
941
944
945
1034
1035
1037
1038
1042
1044
1046
1048
1051
1053
1055
1056
1062
1063
1064
1065
1067
1069
1071
1072
1077
1078
1159
1164
1166
1171
1175
1177
1178
1179
1181
1182
1183
1184
1187
1190
1191
1192
1194
1196
1198
1199
1201
1202
1289
1290
1292
1295
1302
1303
1306
1309
1310
1312
1315
1319
1320
1323
1325
1327
1412
1413
1415
1418
1421
1422
1424
1425
1426
1427
1428
1431
1433
1434
1435
1436
1438
1439
1440
1444
1445
1446
1447
1448
1449
1450
1541
1542
1544
1548
1549
1550
1557
1558
1563
1564
1566
1567
1572
1674
1679
1680
1681
1683
1689
4052
4054
4056
4059
4060
18178
18179
18185
18300
18301
18303
18306
18309
18310
18312
18313
18319
18415
18416
18417
18421
18423
18424
18425
18427
18428
18429
18431
18432
18433
18434
18435
18441
18443
18444
18445
18446
18448
18538
18542
18543
18546
18549
18551
18552
18557
18559
18564
18566
18568
18571
18573
18665
18667
18668
18672
18676
18677
18679
18682
18683
18684
18689
18690
18692
18693
18694
18697
18788
18789
18793
18795
18796
18797
18799
18802
18807
18809
18811
18814
18917
18918
18919
18922
18925
18931
18932
18935
18936
18938
18946
18948
19045
19049
19050
19052
19055
19056
19057
19059
19060
19061
19062
19068
