807
812
813
816
918
922
925
929
944
1039
1042
1046
1048
1049
1050
1055
1057
1059
1060
1061
1063
1064
1065
1067
1069
1072
1073
1161
1164
1166
1167
1170
1172
1173
1174
1176
1177
1180
1182
1183
1185
1186
1187
1188
1189
1190
1195
1196
1200
1201
1202
1293
1296
1297
1299
1301
1307
1309
1310
1312
1316
1318
1320
1325
1419
1422
1430
1431
1434
1435
1436
1437
1438
1439
1440
1442
1444
1445
1447
1448
1451
1540
1545
1546
1549
1551
1553
1554
1555
1559
1561
1562
1563
1564
1567
1574
1576
1665
1666
1670
1672
1675
1677
1687
1688
1690
1691
1695
1696
1791
1798
1799
1801
1804
1805
1809
1811
1812
1814
1816
1928
1929
18308
18309
18312
18313
18422
18424
18425
18426
18429
18431
18433
18435
18440
18442
18540
18542
18544
18546
18547
18551
18554
18562
18566
18567
18571
18574
18661
18664
18666
18667
18671
18673
18674
18675
18676
18677
18678
18683
18685
18689
18690
18691
18692
18693
18695
18696
18699
18784
18786
18788
18791
18793
18794
18797
18798
18800
18804
18805
18806
18808
18812
18813
18816
18818
18820
18824
18909
18912
18917
18922
18924
18925
18927
18929
18932
18934
18935
18944
18945
19035
19038
19039
19041
19044
19046
19048
19049
19050
19051
19052
19053
19062
19063
19066
19067
19072
19078
19166
19169
19170
19173
19174
19177
19178
19179
19181
19182
19184
19187
19190
19195
19196
19197
19198
19289
19290
19291
19292
19296
19304
19305
19306
19309
19311
19313
19318
19319
19320
19418
19426
19428
19431
19432
19435
19436
