506
507
508
512
518
520
521
523
525
527
529
530
532
534
538
539
631
634
635
636
637
638
640
643
644
645
647
649
650
652
653
654
657
659
661
669
756
759
760
762
767
771
776
778
780
783
784
785
786
788
789
790
792
793
794
796
885
887
891
893
895
896
898
900
903
904
906
908
909
910
911
913
914
916
917
1018
1019
1024
1025
1029
1030
1031
1033
1034
1036
11023
11024
11025
11150
11273
11276
11280
11399
11400
11405
11518
11522
11523
11527
11533
11538
11644
11646
11649
11654
11658
11767
11770
11772
11775
11776
11781
11783
11788
11891
11900
11905
12016
12017
12019
12022
12023
12026
12028
12031
12032
12035
12036
12038
12138
12142
12144
12147
12151
12152
12158
12160
12162
12270
12282
12284
12287
12288
12289
12388
12389
12394
12398
12401
12404
12405
12409
12411
12412
12413
12511
12513
12516
12522
12523
12524
12526
12528
12639
12641
12642
12643
12644
12647
12648
12649
12651
12653
12656
12658
12659
12661
12766
12768
12776
12780
12781
12783
12786
12788
12791
12888
12889
12891
12905
12907
12910
13016
13018
13019
13022
13024
13027
13028
13033
13034
13035
13140
13147
13149
13151
13152
13155
13157
13158
13164
13265
13267
13268
13270
13271
13274
13275
13279
13280
13282
13288
13391
13396
13397
13401
13403
13404
13405
13406
13407
13411
13519
13525
13526
13528
13531
13532
13644
18895
18897
18898
18899
18900
18902
18904
18907
18909
18910
18913
19009
19012
19013
19016
19019
19020
19023
19025
19026
19030
19032
19033
19037
19040
19042
19043
19045
19046
19130
19134
19135
19136
19140
19141
19142
19144
19145
19146
19147
19152
19156
19157
19159
19164
19166
19167
19169
19170
19171
19255
19256
19257
19258
19263
19265
19269
19270
19274
19276
19277
19279
19280
19286
19287
19289
19290
19294
19295
19380
19382
19384
19388
19389
19394
19401
19402
19403
19404
19405
19406
19408
19409
19414
19415
19505
19512
19514
19516
19517
19518
19521
19523
19524
19525
19526
19528
19533
19538
19543
19545
19546
19632
19638
19641
19643
19646
19647
19650
19652
19653
19655
19656
19660
19663
19665
19671
19763
19768
19771
19772
19773
19776
19778
19782
19783
19784
19785
19788
19790
19791
