1521
1527
1528
1533
1534
1636
1638
1641
1643
1645
1647
1648
1650
1651
1658
1662
1664
1665
1666
1756
1757
1760
1762
1765
1770
1771
1772
1774
1777
1781
1782
1784
1785
1786
1788
1791
1792
1793
1794
1879
1881
1883
1884
1887
1889
1893
1896
1897
1898
1899
1906
1908
1909
1913
1914
1915
1918
1919
1923
2004
2005
2006
2008
2009
2011
2014
2015
2017
2018
2022
2023
2024
2028
2030
2036
2038
2041
2042
2047
2048
2132
2134
2135
2137
2138
2139
2140
2141
2142
2145
2146
2148
2152
2153
2156
2157
2160
2162
2163
2167
2168
2263
2267
2268
2272
2273
2274
2276
2277
2279
2281
2285
2288
2289
10525
10527
10530
10646
10771
10779
10896
10899
10905
11013
11015
11016
11017
11019
11022
11023
11026
11031
11032
11034
11035
11040
11042
11135
11136
11138
11146
11149
11150
11151
11160
11163
11165
11166
11167
11264
11265
11270
11272
11276
11281
11284
11293
11385
11393
11399
11400
11401
11407
11410
11414
11416
11417
11418
11506
11507
11509
11514
11523
11532
11533
11535
11536
11538
11539
11541
11543
11547
11633
11635
11637
11638
11643
11645
11650
11653
11654
11655
11656
11657
11659
11664
11668
11671
11762
11765
11766
11768
11771
11776
11777
11778
11779
11780
11781
11784
11785
11789
11790
11794
11795
11796
11884
11885
11886
11887
11890
11892
11893
11894
11896
11900
11901
11902
11905
11909
11911
11913
11914
11917
11918
11921
12003
12004
12006
12010
12012
12015
12016
12018
12024
12034
12036
12040
12042
12043
12045
12046
12047
12048
12128
12129
12131
12134
12137
12141
12146
12149
12150
12151
12153
12158
12159
12160
12163
12167
12170
12173
12253
12261
12262
12263
12264
12266
12269
12271
12272
12274
12275
12278
12279
12284
12286
12288
12289
12297
12379
12384
12389
12390
12391
12395
12396
12397
12399
12401
12402
12404
12405
12406
12408
12415
12419
12502
12505
12508
12509
12511
12514
12517
12518
12523
12525
12536
12539
12542
12543
12545
12546
12549
12627
12637
12639
12640
12644
12645
12649
12652
12654
12660
12663
12667
12670
12674
12759
12770
12772
12774
12777
12782
12786
12787
12789
12793
12877
12881
12883
12884
12887
12890
12893
12896
12898
12899
12903
12904
12909
12910
12913
12914
12918
12921
12923
12925
13005
13007
13011
13012
13016
13017
13020
13022
13024
13028
13033
13034
13036
13039
13041
13042
13047
13051
13130
13131
13132
13138
13139
13141
13142
13143
13145
13146
13149
13151
13153
13154
13162
13166
13168
13170
13172
13173
13257
13258
13260
13262
13266
13267
13268
13269
13270
13272
13280
13285
13286
13288
13291
13295
13296
13297
13300
13378
13384
13385
13388
13391
13392
13395
13396
13401
13402
13406
13409
13410
13411
13414
13415
13416
13418
13508
13512
13513
13518
13520
13522
13528
13530
13531
13532
13534
13535
13536
13538
13539
13540
13544
13546
13631
13634
13639
13641
13642
13643
13644
13645
13646
13651
13652
13657
13658
13660
13664
13665
13667
13757
13758
13764
13765
13767
13768
13769
13771
13772
13773
13775
13777
13788
13792
13884
13885
13888
13889
13890
13891
13893
13894
13897
13898
13899
13905
13909
13914
14013
14022
14024
14029
14031
14034
14145
14151
14153
14154
18525
18526
18527
20394
20395
20396
20397
20398
20400
20402
20405
20406
20409
20515
20516
20517
20534
20538
20649
20650
20651
20652
20656
20657
20661
20662
20767
20769
20770
20771
20772
20774
20775
20776
20778
20780
20781
20782
20783
