2046
2047
2052
2056
2061
2065
2066
2069
2165
2168
2171
2174
2178
2185
2188
2189
2190
2191
2192
2193
2196
2197
2286
2293
2299
2301
2302
2304
2305
2309
2310
2313
2314
2318
2319
2320
2321
2323
2324
2326
2327
2410
2415
2421
2424
2425
2432
2435
2439
2441
2442
2443
2447
2450
2539
2542
2545
2547
2551
2552
2553
2554
2557
2559
2563
2564
2565
2566
2567
2574
2577
2663
2664
2665
2671
2672
2675
2685
2686
2688
2690
2694
2695
2697
2702
2788
2796
2798
2799
2801
2802
2804
2808
2811
2812
2813
2815
2819
2820
2821
2823
2824
2825
2917
2919
2921
2925
2928
2934
2937
2939
2943
2944
2946
8296
8297
8298
8299
8303
8304
8309
8311
8315
8417
8419
8420
8421
8422
8424
8425
8426
8427
8428
8429
8430
8436
8439
8440
8442
8445
8546
8547
8551
8552
8553
8555
8566
8567
8570
8669
8675
8678
8680
8682
8687
8688
8689
8690
8691
8694
8794
8796
8798
8801
8803
8808
8809
8815
8817
8818
8918
8919
8920
8922
8924
8927
8931
8932
8933
8935
8936
8937
8939
8940
8941
8947
9043
9046
9049
9050
9051
9055
9056
9064
9065
9071
9074
9165
9172
9178
9181
9182
9189
9190
9293
9296
9297
9299
9305
9306
9308
9312
9313
9315
9316
9318
9319
9322
9323
9324
9418
9420
9424
9429
9431
9432
9435
9440
9445
9539
9541
9542
9543
9545
9547
9549
9551
9552
9555
9557
9558
9560
9563
9565
9569
9571
9572
9574
9661
9665
9670
9679
9680
9686
9691
9696
9698
9700
9701
9792
9793
9800
9801
9804
9812
9813
9815
9910
9911
9912
9913
9917
9926
9930
9932
9933
9934
9935
9938
9939
9941
9944
9945
9946
9947
9949
10038
10039
10043
10050
10051
10052
10053
10060
10064
10065
10070
10071
10073
10074
10076
10077
10160
10162
10166
10175
10176
10180
10182
10184
10190
10191
10194
10196
10198
10202
10293
10295
10296
10298
10303
10316
10320
10326
10408
10409
10411
10412
10416
10419
10425
10429
10431
10433
10434
10435
10436
10441
10448
10450
10535
10536
10537
10540
10544
10548
10549
10550
10553
10555
10557
10558
10559
10562
10563
10565
10566
10571
10572
10574
10575
10578
10658
10659
10662
10663
10664
10668
10669
10672
10674
10675
10678
10681
10682
10683
10685
10688
10689
10696
10697
10698
10703
10704
10787
10789
10793
10795
10796
10802
10803
10810
10813
10819
10821
10826
10909
10911
10912
10918
10921
10922
10923
10924
10925
10927
10930
10931
10933
10935
10936
10937
10941
10943
10944
10946
10947
10951
10952
11034
11035
11042
11044
11046
11047
11050
11052
11054
11057
11060
11069
11071
11074
11075
11078
11080
11162
11167
11168
11169
11171
11172
11174
11178
11179
11180
11183
11184
11189
11190
11191
11193
11194
11200
11202
11205
11284
11287
11294
11295
11296
11297
11298
11299
11300
11303
11308
11309
11315
11316
11317
11318
11319
11410
11411
11414
11417
11424
11427
11428
11429
11435
11437
11440
11441
11444
11445
11448
11449
11452
11455
11533
11535
11536
11545
11547
11549
11552
11553
11558
11562
11564
11569
11570
11571
11572
11578
11579
11660
11661
11662
11665
11666
11669
11674
11677
11678
11679
11682
11683
11685
11690
11698
11703
11704
11705
11787
11790
11792
11793
11796
11797
11801
11806
11809
11819
11820
11822
11823
11825
11909
11911
11916
11917
11920
11924
11929
11931
11932
11937
11939
11947
12036
12037
12039
12042
12050
12059
12063
12067
12068
12069
12071
12073
12160
12165
12166
12171
12175
12178
12179
12182
12186
12187
12193
12194
12198
12201
12203
12284
12287
12293
12294
12295
12297
12299
12303
12304
12306
12316
12320
12321
12328
12415
12417
12423
12424
12430
12432
12435
12445
12446
12449
12539
12544
12545
12547
12548
12549
12556
12557
12561
12564
12566
12567
12568
12569
12570
12571
12662
12668
12669
12672
12673
12675
12676
12678
12679
12682
12687
12694
12701
12796
12798
12799
12803
12804
12811
12812
12817
12818
12820
12821
12826
12919
12922
12929
12933
12934
12935
12937
12941
12942
12943
12945
13048
13051
13052
13063
13065
20919
20923
20925
20935
20936
20937
20942
20943
