8532
8534
8658
8662
8780
8785
8902
8904
8909
8910
9020
9022
9024
9028
9032
9034
9036
9038
9043
9045
9146
9147
9150
9154
9155
9157
9166
9270
9273
9278
9279
9282
9288
9291
9294
9296
9393
9396
9401
9408
9409
9414
9421
9515
9516
9517
9520
9522
9525
9526
9528
9534
9535
9537
9539
9541
9543
9544
9548
9550
9639
9640
9643
9646
9647
9648
9650
9653
9655
9656
9659
9660
9661
9665
9666
9667
9670
9672
9673
9674
9764
9766
9767
9769
9770
9773
9777
9779
9780
9786
9791
9792
9796
9798
9799
9891
9894
9895
9896
9899
9900
9901
9903
9904
9907
9908
9912
9913
9919
9921
9925
10015
10017
10018
10020
10023
10024
10028
10034
10035
10038
10040
10042
10043
10044
10047
10054
10134
10136
10146
10147
10148
10149
10150
10152
10154
10155
10157
10159
10163
10164
10167
10172
10173
10175
10179
10259
10262
10263
10264
10267
10269
10270
10272
10273
10274
10278
10280
10286
10288
10293
10299
10300
10304
10384
10388
10389
10395
10401
10402
10403
10404
10407
10409
10410
10411
10415
10416
10417
10422
10424
10425
10427
10517
10519
10520
10521
10523
10526
10528
10531
10533
10537
10538
10539
10542
10543
10547
10548
10549
10552
10556
10637
10638
10642
10643
10647
10649
10651
10652
10653
10656
10658
10662
10666
10667
10669
10673
10674
10676
10680
10763
10765
10768
10770
10772
10773
10774
10775
10779
10780
10781
10783
10784
10785
10788
10789
10790
10793
10795
10797
10799
10802
10803
10805
10883
10887
10888
10890
10892
10895
10896
10902
10903
10904
10906
10911
10912
10913
10917
10919
10921
10924
10925
10926
10929
10931
11008
11012
11014
11016
11017
11018
11019
11020
11021
11023
11024
11025
11026
11027
11028
11029
11031
11032
11035
11037
11038
11039
11044
11045
11049
11050
11053
11055
11056
11130
11131
11133
11135
11136
11137
11138
11144
11146
11147
11151
11152
11157
11158
11161
11165
11172
11174
11176
11183
11256
11264
11266
11269
11270
11271
11272
11273
11274
11276
11277
11279
11281
11284
11286
11287
11289
11295
11298
11300
11302
11304
11305
11306
11307
11384
11390
11395
11400
11401
11403
11404
11407
11408
11409
11411
11423
11424
11426
11427
11429
11432
11509
11513
11515
11519
11520
11522
11524
11528
11530
11531
11533
11534
11539
11540
11543
11545
11546
11547
11549
11551
11552
11554
11556
11629
11631
11634
11636
11637
11643
11647
11648
11649
11650
11651
11652
11653
11657
11658
11659
11663
11664
11666
11667
11669
11670
11671
11676
11677
11678
11681
11682
11754
11756
11757
11759
11760
11763
11765
11766
11772
11773
11775
11777
11779
11784
11785
11787
11788
11791
11793
11794
11799
11801
11805
11807
11808
11879
11885
11887
11888
11891
11893
11895
11896
11897
11898
11900
11903
11906
11907
11908
11909
11912
11914
11915
11918
11919
11921
11922
11923
11925
11928
11929
12005
12010
12015
12021
12025
12027
12028
12032
12035
12039
12043
12051
12052
12055
12130
12132
12146
12147
12150
12152
12156
12157
12161
12165
12168
12170
12172
12175
12180
12181
12183
12254
12258
12259
12264
12272
12274
12275
12277
12278
12280
12281
12285
12290
12295
12301
12303
12381
12383
12385
12388
12389
12390
12393
12395
12397
12403
12404
12405
12406
12407
12414
12415
12417
12419
12427
12428
12430
12432
12507
12508
12510
12511
12515
12517
12521
12522
12524
12530
12533
12535
12538
12543
12544
12545
12549
12551
12552
12555
12556
12558
12638
12641
12644
12646
12647
12649
12652
12655
12656
12657
12659
12660
12661
12663
12665
12667
12668
12669
12673
12678
12680
12682
12757
12758
12761
12763
12765
12766
12770
12775
12777
12783
12785
12787
12788
12789
12794
12801
12885
12889
12894
12895
12897
12903
12904
12906
12908
12911
12912
12913
12915
12916
12918
12920
12921
13009
13010
13011
13013
13014
13016
13019
13020
13023
13024
13025
13027
13029
13033
13036
13041
13043
13044
13049
13051
13134
13137
13140
13144
13146
13147
13149
13150
13153
13157
13159
13160
13167
13168
13169
13173
13174
13261
13274
13275
13279
13280
13283
13284
13287
13289
13291
13293
13294
13297
13298
13301
13388
13389
13390
13391
13392
13393
13394
13395
13398
13401
13403
13404
13405
13407
13408
13410
13411
13413
13418
13420
13425
13515
13516
13519
13521
13524
13525
13532
13535
13536
13537
13541
13543
13545
13546
13548
13646
13647
13650
13651
13652
13657
13662
13664
13665
13668
13669
13773
13775
13776
13777
13785
16902
16908
17027
17028
17029
17033
