6034
6035
6039
6146
6150
6151
6154
6159
6160
6162
6166
6171
6172
6263
6265
6266
6272
6275
6277
6279
6281
6282
6283
6289
6290
6292
6295
6296
6298
6388
6389
6391
6393
6396
6397
6398
6399
6402
6407
6410
6411
6414
6415
6420
6422
6423
6515
6517
6519
6522
6523
6524
6527
6529
6530
6531
6534
6535
6538
6539
6542
6543
6544
6545
6548
6553
6635
6637
6640
6646
6649
6653
6655
6656
6658
6662
6663
6664
6671
6675
6676
6678
6759
6761
6764
6765
6769
6772
6773
6776
6780
6781
6782
6783
6784
6788
6790
6792
6793
6794
6800
6802
6888
6890
6895
6896
6897
6898
6899
6900
6902
6904
6906
6910
6914
6917
6922
6923
7017
7020
7021
7023
7024
7025
7027
7031
7032
7033
7034
7037
7041
7045
7150
7158
7159
7161
9527
9529
9531
9532
9658
