1900
1902
1903
1905
1907
1910
1915
1916
2017
2019
2022
2023
2029
2030
2031
2032
2034
2037
2041
2043
2045
2137
2147
2149
2156
2161
2162
2164
2165
2166
2167
2169
2170
2176
2261
2262
2267
2271
2272
2278
2283
2289
2303
2385
2386
2388
2391
2392
2393
2396
2400
2402
2407
2408
2409
2411
2412
2419
2420
2426
2509
2510
2513
2514
2517
2518
2520
2522
2526
2527
2530
2531
2532
2535
2537
2538
2539
2544
2545
2546
2547
2549
2550
2552
2554
2636
2638
2641
2644
2648
2655
2657
2659
2660
2662
2664
2665
2666
2667
2670
2766
2767
2769
2775
2783
2785
2786
2788
2789
2791
2792
2794
2796
2800
2801
2802
2889
2890
2894
2895
2896
2899
2902
2903
2904
2905
2906
2909
2911
2912
2913
2915
2916
2921
3021
3022
3023
3025
3027
3029
3030
3032
3033
3035
3036
3039
3043
