13154
13155
13156
13158
13275
13278
13279
13280
13282
13284
13289
13400
13404
13406
13410
13412
13414
13415
13523
13528
13530
13532
13537
13648
13651
13652
13653
13656
13657
13663
13776
13777
13778
13780
13782
16898
16899
16900
16906
16908
16909
16911
16917
17020
17021
17023
17024
17025
17027
17032
17040
17043
17044
17047
17137
17138
17141
17142
17144
17145
17146
17147
17148
17149
17151
17154
17155
17160
17162
17163
17165
17166
17167
17169
17173
17175
17260
17262
17263
17265
17269
17273
17278
17280
17281
17282
17283
17284
17285
17287
17289
17290
17293
17294
17298
17302
17384
17386
17388
17391
17394
17395
17399
17402
17403
17405
17406
17407
17409
17412
17413
17414
17415
17417
17418
17420
17421
17422
17427
17509
17510
17511
17512
17513
17516
17518
17520
17524
17527
17530
17531
17532
17534
17538
17540
17541
17542
17543
17547
17550
17553
17635
17638
17639
17640
17642
17644
17646
17647
17649
17652
17653
17655
17658
17660
17661
17666
17670
17672
17673
17763
17764
17765
17769
17770
17771
17773
17776
17780
17782
17785
17787
17789
17790
17794
17796
17799
17800
17889
17891
17894
17896
17899
17900
17906
17908
17909
17912
17913
17916
17920
17921
18021
18023
18024
18026
18028
18031
18038
