422
423
429
434
435
437
439
440
442
5547
5550
5551
5555
5561
5562
5565
5672
5679
5680
5681
5684
5685
5686
5696
5697
5793
5795
5796
5802
5803
5804
5806
5808
5812
5813
5814
5817
5822
5824
5913
5915
5919
5920
5921
5922
5923
5926
5932
5933
5936
5937
5939
5941
5942
5944
5945
5946
5949
6037
6043
6044
6045
6048
6049
6054
6056
6057
6058
6059
6060
6062
6063
6064
6065
6066
6067
6068
6070
6071
6073
6074
6075
6076
6160
6163
6166
6167
6170
6172
6174
6176
6180
6182
6184
6185
6187
6188
6191
6195
6196
6199
6200
6201
6202
6288
6291
6294
6296
6301
6303
6304
6309
6311
6312
6313
6316
6319
6323
6325
6328
6412
6413
6421
6422
6423
6424
6428
6430
6431
6433
6436
6437
6439
6441
6443
6445
6446
6449
6450
6451
6452
6539
6540
6545
6546
6549
6550
6552
6557
6563
6564
6566
6567
6568
6571
6572
6574
6577
6579
6661
6665
6667
6669
6672
6673
6675
6676
6679
6680
6681
6682
6684
6685
6690
6693
6695
6696
6700
6704
6786
6787
6788
6791
6793
6795
6796
6799
6801
6806
6807
6809
6811
6812
6814
6815
6816
6817
6819
6823
6913
6914
6919
6920
6923
6927
6928
6929
6930
6932
6933
6936
6937
6939
6940
6941
6946
6947
6950
7037
7038
7039
7040
7045
7047
7049
7050
7051
7053
7058
7060
7061
7062
7063
7066
7067
7070
7071
7162
7164
7165
7166
7169
7171
7173
7178
7179
7180
7181
7182
7183
7185
7186
7187
7190
7193
7194
7196
7197
7199
7200
7289
7290
7291
7292
7294
7296
7298
7301
7302
7304
7305
7309
7312
7313
7316
7317
7318
7322
7415
7417
7418
7420
7422
7425
7428
7430
7431
7434
7440
7446
7448
7543
7547
7549
7551
7552
7555
7556
7562
7563
7565
7566
7567
7569
7674
7675
7676
7677
7682
7684
7685
18297
18299
18301
18302
18304
18305
18308
18418
18419
18421
18424
18426
18427
18429
18432
18437
18439
18440
18444
18445
18543
18544
18545
18551
18552
18553
18554
18555
18572
18670
18674
18675
18676
18678
18680
18682
18684
18690
18691
18692
18693
18697
18699
18788
18790
18793
18797
18798
18805
18809
18810
18811
18812
18814
18823
18824
18917
18918
18922
18923
18926
18928
18930
18931
18932
18934
18935
18939
18940
18941
18942
18944
18947
18948
18949
19050
19051
19059
19060
19062
19064
19066
19068
19069
19070
19169
19170
19171
19174
19175
19178
19182
19183
19185
19186
19189
19303
19305
19306
19307
19311
19312
19313
