3179
3180
3181
3303
3305
3308
3309
3310
3428
3430
3433
3435
11425
11430
11431
11436
11439
11553
11555
11562
11670
11675
11678
11679
11681
11682
11684
11685
11687
11692
11794
11796
11802
11803
11806
11808
11809
11810
11915
11919
11920
11923
11925
11926
11930
11931
11935
11936
11937
11942
11945
12041
12047
12048
12051
12054
12055
12056
12057
12059
12071
12164
12167
12173
12180
12184
12187
12189
12190
12192
12194
12196
12197
12289
12295
12296
12297
12309
12310
12312
12313
12314
12320
12322
12415
12416
12419
12422
12423
12424
12434
12437
12438
12440
12442
12537
12543
12544
12545
12546
12552
12554
12555
12557
12558
12560
12563
12566
12567
12568
12572
12573
12575
12576
12663
12667
12679
12681
12682
12686
12687
12697
12700
12789
12790
12795
12798
12799
12802
12807
12813
12814
12819
12821
12912
12915
12916
12925
12926
12927
12930
12937
12939
12941
12942
12943
12944
12948
12952
13036
13038
13041
13046
13049
13050
13051
13055
13057
13058
13064
13065
13067
13068
13074
13076
13077
13078
13166
13171
13172
13173
13177
13178
13181
13182
13185
13189
13191
13193
13194
13197
13203
13284
13285
13289
13290
13293
13297
13299
13304
13306
13307
13308
13310
13312
13316
13320
13321
13322
13323
13326
13327
13409
13416
13419
13421
13422
13424
13428
13432
13435
13438
13439
13440
13441
13445
13451
13538
13539
13540
13541
13545
13547
13548
13549
13550
13551
13554
13556
13558
13560
13562
13564
13566
13567
13568
13571
13575
13577
13659
13663
13664
13665
13668
13670
13671
13672
13673
13675
13677
13679
13680
13682
13685
13686
13689
13690
13691
13694
13696
13697
13699
13701
13702
13704
13784
13786
13787
13788
13792
13794
13795
13798
13800
13802
13803
13805
13808
13811
13813
13815
13817
13820
13823
13824
13827
13914
13917
13918
13919
13922
13923
13928
13929
13930
13937
13938
13941
13942
13944
13949
13951
14036
14038
14042
14043
14045
14048
14050
14051
14052
14053
14054
14055
14061
14062
14069
14071
14073
14074
14077
14161
14164
14171
14172
14174
14175
14177
14180
14182
14197
14198
14200
14201
14287
14289
14291
14292
14293
14294
14295
14296
14298
14299
14300
14313
14314
14315
14414
14415
14418
14421
14431
14432
14433
14434
14437
14438
14443
14444
14542
14543
14544
14548
14549
14551
14552
14553
14557
14563
14567
14569
14570
14671
14674
14678
14679
14688
19183
19185
19186
19188
19190
19294
19298
19301
19303
19305
19307
19308
19310
19313
19315
19316
19418
19420
19423
19424
19425
19429
19435
19438
19439
19441
19442
19443
19444
19446
19543
19550
19554
19556
19557
19558
19559
19561
19667
19668
19670
19674
19675
19676
19678
19679
19685
19686
19688
19689
19696
19793
19795
19799
19800
19803
19806
19807
19809
19810
19811
19815
19817
19931
19933
