3645
3646
3648
3651
3652
3654
3657
3658
3661
3663
3763
3765
3767
3768
3770
3776
3778
3779
3781
3783
3785
3787
3788
3789
3790
3792
3885
3887
3888
3892
3895
3896
3900
3901
3907
3908
3910
3912
3917
4012
4013
4016
4017
4019
4021
4023
4028
4033
4035
4038
4039
4043
4140
4145
4146
4147
4149
4151
4156
4157
4159
4271
4274
4276
16144
16147
16148
16150
16158
16264
16266
16267
16269
16270
16274
16278
16282
16283
16288
16289
16291
16383
16389
16390
16392
16393
16394
16396
16402
16404
16406
16408
16412
16415
16416
16421
16506
16507
16511
16513
16514
16519
16523
16524
16525
16531
16534
16539
16540
16541
16543
16546
16547
16548
16635
16640
16642
16643
16646
16648
16649
16651
16653
16654
16660
16661
16662
16663
16664
16665
16667
16755
16756
16757
16759
16760
16766
16771
16774
16777
16781
16783
16786
16788
16794
16886
16889
16892
16893
16894
16896
16900
16902
16904
16906
16907
16910
16911
16913
16914
17019
17020
17021
17026
17028
