889
891
892
895
900
904
906
913
914
915
916
917
1010
1012
1015
1016
1017
1020
1021
1022
1023
1024
1025
1026
1027
1028
1029
1036
1038
1039
1134
1139
1141
1142
1143
1144
1150
1151
1152
1153
1154
1158
1161
1162
1164
1166
1168
1258
1260
1264
1265
1269
1278
1280
1281
1282
1284
1392
1393
1394
1395
1397
1398
1399
1401
2532
2534
2635
2639
2641
2642
2644
2650
2656
2661
2756
2757
2759
2761
2762
2763
2764
2767
2768
2771
2772
2773
2779
2780
2782
2783
2784
2785
2786
2787
2788
2791
2792
2793
2794
2798
2880
2884
2885
2891
2892
2893
2894
2897
2898
2899
2902
2904
2905
2906
2908
2909
2912
2913
2914
2916
2919
2920
2921
2923
2924
3008
3009
3012
3015
3019
3021
3023
3025
3027
3031
3032
3037
3038
3045
3046
3140
3142
3144
3147
3149
3151
3153
3155
3156
3158
4512
4513
4515
4518
4519
4521
4522
4523
4525
4526
4527
4531
4537
4538
4636
4637
4641
4643
4644
4648
4650
4652
4653
4654
4655
4661
4766
4770
4780
4782
4787
4897
4898
4899
4903
4906
19152
19266
19268
19269
19270
19275
19281
19282
19284
19388
19392
19402
19408
19409
19410
19411
19412
19522
19523
19527
19532
20886
20887
20888
20898
20899
20904
20905
20908
20910
20911
20914
20915
20918
21008
21010
21014
21017
21026
21027
21028
21029
21031
21032
21033
21035
21038
21040
