2674
2676
2678
2681
2682
2685
2688
2791
2793
2795
2797
2799
2803
2805
2807
2809
2815
2816
2818
2820
2916
2919
2920
2921
2922
2923
2924
2926
2929
2930
2932
2933
2934
2937
2938
2941
2942
2948
2949
2950
3035
3038
3039
3043
3045
3047
3048
3050
3053
3054
3055
3056
3060
3061
3062
3065
3067
3069
3070
3071
3073
3076
3077
3160
3161
3169
3170
3173
3174
3175
3177
3179
3180
3182
3186
3187
3188
3192
3193
3194
3285
3292
3294
3295
3297
3298
3300
3302
3304
3305
3306
3308
3309
3311
3314
3315
3318
3325
3410
3414
3417
3424
3426
3428
3429
3430
3431
3432
3433
3437
3442
3447
3449
3450
3451
3452
3537
3540
3543
3546
3547
3548
3550
3553
3554
3558
3559
3560
3561
3563
3565
3566
3567
3568
3570
3571
3572
3574
3575
3666
3668
3669
3670
3671
3673
3675
3676
3682
3683
3685
3690
3692
3802
3803
3805
3809
3810
3814
6679
6681
6802
6804
6808
6810
6928
6929
6932
6935
7058
20303
20306
20422
20431
20437
20440
20441
20541
20542
20544
20554
20555
20559
20565
20567
20571
20572
20666
20668
20669
20671
20672
20675
20678
20679
20680
20684
20688
20689
20692
20693
20694
20697
20698
20699
20787
20788
20789
20798
20799
20800
20801
20805
20806
20811
20812
20814
20816
20817
20818
20819
20820
20822
20823
20824
20825
20914
20915
20917
20918
20920
20925
20926
20928
20930
20932
20934
20937
20943
20946
20947
