2142
2143
2145
2152
2153
2154
2155
2157
2159
2160
2267
2273
2274
2276
2279
2280
2394
2396
2398
2400
2402
2406
3764
3769
3770
3772
3774
3777
3778
3780
3781
3782
3788
3792
3881
3890
3891
3892
3893
3894
3895
3900
3901
3903
3904
3905
3907
3910
3912
3913
3914
3916
3917
3921
4007
4010
4012
4016
4017
4019
4021
4023
4024
4025
4027
4033
4034
4035
4037
4039
4040
4042
4043
4132
4133
4134
4135
4136
4137
4138
4139
4140
4142
4144
4145
4149
4152
4155
4156
4162
4163
4164
4169
4172
4259
4260
4263
4272
4274
4276
4281
5646
5647
5649
5650
5651
5655
5656
5657
5658
5763
5765
5776
5782
5786
5790
5883
5885
5886
5888
5893
5895
5896
5897
5898
5899
5900
5902
5907
5910
5913
5919
5920
5921
6007
6009
6011
6013
6014
6015
6018
6020
6022
6025
6026
6027
6029
6030
6031
6032
6036
6039
6131
6133
6142
6144
6146
6147
6148
6149
6151
6152
6153
6154
6155
6157
6159
6162
6164
6165
6166
6167
6168
6170
6171
6172
6260
6265
6266
6268
6269
6274
6275
6276
6277
6278
6280
6281
6284
6285
6286
6289
6291
6292
6293
6387
6389
6396
6399
6402
6414
6417
6418
6515
6517
6519
6524
6526
6527
6530
10027
10031
10032
10150
10152
10153
10157
10273
10275
10280
10398
10402
10405
10513
10516
10532
10639
10648
10650
10651
10652
10657
10663
10763
10764
10770
10771
10782
10785
10786
10889
10891
10896
10906
10907
10909
10912
11010
11014
11018
11019
11021
11024
11030
11031
11037
11039
11135
11136
11139
11140
11141
11143
11145
11152
11154
11155
11157
11158
11159
11160
11165
11167
11263
11276
11277
11280
11281
11286
11287
11385
11386
11393
11397
11399
11401
11403
11412
11512
11516
11526
11531
11532
11533
11535
11537
11540
11637
11639
11643
11644
11648
11649
11651
11653
11654
11655
11656
11660
11665
11761
11762
11766
11771
11773
11776
11780
11789
11790
11791
11792
11889
11892
11893
11894
11895
11900
11901
11902
11906
11914
12017
12021
12022
12024
12025
12026
12027
12028
12032
12035
12038
12039
12137
12139
12142
12144
12150
12154
12157
12161
12165
12269
12270
12271
12272
12275
12278
12283
12284
12285
12288
12388
12389
12395
12398
12400
12403
12406
12408
12409
12410
12411
12520
12526
12530
12644
12648
12651
12653
12655
12772
12775
12777
12778
12780
12782
12895
12897
12899
12905
12908
