3891
3901
3904
3908
3910
4014
4019
4022
4023
4024
4026
4030
4033
4035
4037
4039
4041
4044
4135
4140
4142
4144
4149
4150
4151
4152
4155
4156
4158
4159
4162
4164
4167
4168
4169
4170
4256
4263
4265
4269
4270
4271
4272
4273
4274
4277
4281
4282
4283
4289
4292
4294
4296
4298
4381
4385
4391
4392
4393
4394
4396
4400
4401
4402
4409
4411
4412
4413
4415
4416
4417
4418
4422
4423
4509
4511
4513
4517
4518
4519
4520
4523
4530
4531
4535
4538
4539
4541
4543
4546
4547
4635
4636
4638
4639
4640
4642
4644
4647
4652
4656
4660
4661
4662
4664
4665
4666
4669
4762
4765
4767
4769
4773
4775
4780
4785
4790
4891
4897
4899
4900
4903
4904
4906
4908
4911
15018
15024
15025
15030
15034
15141
15142
15146
15149
15150
15153
15154
15156
15157
15159
15160
15161
15163
15262
15266
15269
15270
15273
15274
15275
15276
15278
15279
15280
15282
15284
15285
15290
15389
15391
15393
15395
15396
15398
15399
15402
15406
15407
15408
15409
15410
15417
15510
15512
15519
15520
15530
15531
15535
15540
15542
15635
15636
15637
15638
15639
15640
15642
15647
15649
15650
15652
15654
15656
15658
15660
15661
15662
15663
15665
15762
15766
15767
15770
15772
15773
15776
15778
15781
15782
15787
15789
15790
15890
15892
15897
15898
15899
15902
15904
15908
15909
15910
15913
16016
16017
16018
16019
16020
16023
16025
16030
16032
16034
16035
16145
16146
16153
16157
