3793
3802
3804
3809
3811
3816
3918
3923
3924
3925
3926
3927
3928
3929
3933
3934
3935
3938
3944
3945
3947
3948
3949
4038
4040
4042
4044
4046
4050
4051
4052
4053
4055
4056
4057
4059
4060
4062
4064
4069
4070
4071
4075
4077
4160
4162
4163
4165
4167
4174
4175
4178
4181
4182
4183
4185
4189
4192
4193
4194
4202
4289
4291
4293
4297
4305
4307
4311
4313
4314
4315
4316
4326
4410
4412
4417
4424
4426
4427
4430
4431
4432
4433
4434
4436
4438
4440
4443
4446
4543
4544
4546
4547
4548
4551
4555
4556
4557
4559
4560
4561
4564
4565
4566
4567
4571
4575
4663
4664
4675
4680
4682
4683
4686
4688
4694
4797
4799
4801
4802
4806
4809
4811
4812
4814
4816
8431
8435
8552
8556
8558
8560
8561
8678
8679
8683
8687
8924
8925
8926
8935
8940
8941
9046
9048
9053
9055
9056
9057
9061
9066
9173
9179
9181
9184
9187
9188
9191
9297
9298
9299
9302
9304
9305
9310
9312
9313
9420
9422
9424
9426
9427
9432
9433
9437
9543
9544
9545
9551
9561
9562
9565
9568
9671
9672
9675
9680
9681
9684
9686
9694
9797
9802
9803
9804
9807
9810
9811
9812
9816
9818
9819
9920
9921
9929
9930
9931
9932
9937
9941
9943
9944
9946
9947
10041
10042
10043
10046
10047
10050
10059
10060
10061
10064
10071
10072
10166
10167
10168
10178
10179
10182
10183
10187
10188
10190
10192
10195
10197
10295
10296
10298
10304
10314
10316
10317
10318
10322
10416
10420
10425
10430
10432
10438
10444
10445
10446
10447
10543
10544
10545
10548
10555
10562
10563
10564
10565
10667
10668
10677
10678
10681
10683
10687
10690
10692
10696
10697
10790
10792
10797
10799
10806
10807
10810
10813
10815
10816
10819
10823
10922
10923
10927
10930
10935
10936
10937
10938
10945
10946
10947
11039
11040
11043
11048
11052
11054
11055
11056
11059
11062
11064
11066
11069
11070
11164
11165
11170
11172
11173
11174
11177
11179
11183
11187
11188
11196
11290
11294
11301
11302
11305
11306
11307
11309
11312
11313
11314
11316
11321
11322
11418
11419
11422
11424
11430
11432
11434
11435
11440
11442
11443
11544
11545
11546
11550
11551
11553
11560
11563
11565
11566
11569
11570
11667
11673
11681
11686
11688
11793
11800
11802
11807
11812
11813
11815
11820
11821
11822
11921
11922
11924
11926
11929
11937
11938
11940
11941
11943
12044
12045
12051
12052
12053
12059
12061
12062
12063
12067
12068
12168
12176
12177
12179
12180
12181
12182
12183
12184
12190
12195
12294
12298
12300
12301
12302
12304
12306
12311
12313
12314
12425
12426
12427
12438
12552
12556
12558
12563
12683
12684
12688
12798
12804
12814
