     193.0
     522.8
     559.4
     738.7
     849.2
     884.0
     934.8
    1049.1
    1108.8
    1590.2
    1784.0
    1880.8
    1895.7
    2141.6
    2282.4
    2341.9
    2467.0
    2520.1
    2665.7
    2678.0
    2851.0
    3285.4
    3681.5
    4948.4
    5212.6
    5363.5
    5381.2
    5531.4
    5645.3
    5818.4
    5959.3
    5987.1
    6134.1
    6188.4
    6395.0
    6407.0
    6622.1
    7057.3
    7087.7
    7192.4
    7197.0
    7303.1
    7310.9
    7487.1
    7760.3
    8011.1
    8040.7
    8181.4
    8255.8
    8362.4
    8444.5
    8855.3
    9016.8
    9069.0
    9331.2
    9345.4
    9670.1
    9844.4
    9903.5
   10287.1
   10489.9
   10521.0
   10757.8
   11020.1
   11455.6
   11530.8
   11616.1
   11851.1
   12109.6
   12141.4
   12421.8
   12463.7
   12521.8
   12892.4
   13638.4
   14046.3
   14457.3
   14570.8
   14663.1
   15058.4
   15327.3
   15486.3
   15789.1
   16243.6
   16360.8
   16404.6
   16418.6
   16794.1
   16970.3
   17049.5
   18452.0
   18460.2
   18549.0
   18886.7
   18910.8
   18992.3
   20246.8
   20288.4
   20301.9
   20342.4
   20735.8
   20965.7
   21130.5
   21306.0
   21461.8
   21656.1
   21748.4
   22492.5
   22942.2
   23018.4
