     280.8
     314.3
    1311.7
    1707.2
    1792.8
    1827.2
    2118.6
    2232.5
    2338.2
    2512.3
    2525.6
    2551.4
    2665.5
    2779.6
    2969.6
    3075.1
    3126.6
    3513.5
    3764.2
    4066.7
    4236.6
    4461.6
    4537.0
    5013.2
    5030.1
    5135.2
    6001.5
    6124.8
    6130.4
    6297.5
    6350.1
    6363.8
    6578.1
    6721.1
    6898.2
    7030.0
    7209.9
    7266.6
    7286.6
    7462.9
    7574.5
    7937.4
    8940.0
    9184.7
    9285.5
    9605.9
    9696.7
   10084.5
   10115.2
   10270.7
   10365.7
   10881.5
   11072.6
   11100.4
   11390.8
   11457.3
   11484.8
   11583.8
   11937.6
   12094.7
   12146.9
   12505.4
   12705.2
   12958.9
   13766.0
   13792.9
   13905.6
   14011.2
   14290.3
   14383.0
   14760.4
   15100.5
   15543.7
   15568.4
   15710.8
   15838.6
   15838.9
   16160.6
   16267.1
   16370.7
   16526.8
   17226.9
   17665.9
   18046.1
   18155.4
   18286.8
   18383.5
   18394.4
   18440.3
   18602.5
   18763.4
   19077.3
   19296.9
   19437.2
   19527.3
   19654.5
   19713.6
   20433.7
   20437.8
   20498.0
   20502.7
   20685.2
   20706.1
   20762.8
   21126.8
   21393.8
   21427.2
   21427.5
   21529.0
   21658.2
   21922.8
   22380.1
   22706.3
   22709.0
   22983.9
