     233.5
     285.6
    1323.0
    1416.6
    1440.6
    1529.3
    1945.3
    2003.3
    2185.3
    2235.7
    2603.3
    3197.7
    3259.9
    3268.5
    3670.8
    3796.7
    4117.5
    4191.1
    4251.6
    4739.0
    5035.5
    5261.9
    5437.7
    5501.4
    5525.0
    5536.7
    5702.3
    6386.7
    6471.5
    6620.2
    6672.1
    6944.0
    6971.2
    6973.6
    6986.9
    7187.7
    7242.3
    7383.6
    7488.2
    7517.4
    7686.6
    7702.6
    7762.2
    8131.4
    8235.1
    8607.5
    8735.3
    8871.9
    8900.1
    8995.9
    9337.2
   10087.1
   10179.0
   10256.0
   10629.0
   10691.6
   10820.1
   11035.4
   11390.7
   11394.0
   11461.8
   11686.9
   12138.8
   12971.6
   13750.9
   13886.2
   14061.8
   14268.8
   14307.3
   14439.8
   14521.5
   14525.4
   14565.5
   14621.2
   14767.5
   14804.8
   14849.0
   15174.2
   15260.6
   15299.1
   15411.1
   15430.9
   15461.8
   15775.7
   15840.1
   15970.0
   16240.9
   16259.0
   16287.3
   16551.3
   16628.0
   16744.2
   16845.7
   17050.2
   17338.5
   17340.1
   17508.6
   17647.6
   17675.1
   17770.9
   17806.6
   17900.0
   18272.6
   18482.2
   18643.2
   18784.4
   19103.2
   19333.1
   19352.0
   19543.5
   19624.6
   19864.0
   19933.7
   19955.9
   20051.3
   20224.8
   20475.2
   20675.2
   20699.2
   20836.3
   21063.9
   21205.6
   21225.5
   21298.5
   21334.4
   21358.5
   21407.3
   21483.8
   21956.8
   22236.7
   22353.7
   22452.0
   22923.4
   22996.4
