     142.8
     763.8
     866.9
    1039.1
    1343.9
    1444.0
    1672.7
    1704.4
    1725.1
    1816.2
    1824.3
    1848.6
    2277.1
    2331.2
    2790.9
    2888.8
    3524.3
    3672.7
    3738.9
    3739.5
    4241.4
    4512.2
    4800.6
    4855.4
    4871.0
    4883.2
    4942.9
    5236.3
    5402.5
    5705.1
    5914.7
    6090.1
    6127.4
    6818.5
    6900.4
    7021.4
    7211.2
    7314.3
    7498.5
    7745.9
    8057.9
    8336.8
    8840.9
    8905.0
    9013.8
    9174.2
    9538.5
    9602.4
   10041.0
   10057.3
   10245.6
   10270.1
   11598.0
   11752.8
   12373.0
   13075.6
   13136.8
   13304.7
   13630.3
   13842.0
   13973.2
   14057.8
   14218.8
   14526.6
   14909.8
   15040.5
   15314.1
   15361.4
   15495.2
   16028.5
   16453.6
   17080.9
   17357.3
   17721.7
   18229.8
   18317.8
   18961.1
   18984.6
   19020.1
   19788.4
   20075.5
   20751.7
   20904.4
   21071.3
   21077.8
   21406.3
   21733.3
   21737.5
   21770.6
   21864.9
   22011.8
   22209.6
   22479.3
   22666.8
   22728.7
   23023.8
