     176.6
     386.5
     959.4
     999.8
    1719.0
    1761.5
    1820.7
    2173.1
    2662.9
    2777.7
    2841.9
    2909.9
    3439.2
    4097.1
    4160.3
    4375.1
    4425.0
    4439.6
    4669.6
    4685.7
    4881.4
    5202.7
    5851.9
    6051.4
    6211.3
    6224.0
    6416.0
    6634.7
    6814.3
    6902.8
    7099.5
    7275.3
    7401.7
    7559.3
    8100.1
    8327.7
    8432.0
    8634.1
    9345.4
    9415.1
    9496.8
    9553.8
   10078.8
   10280.6
   10411.1
   10496.9
   10529.3
   10705.8
   10763.2
   10997.5
   11309.9
   11570.5
   11854.9
   12079.3
   12095.9
   12189.5
   12273.4
   12287.8
   12293.9
   12367.1
   12489.0
   12550.0
   12874.0
   12885.5
   13065.9
   13189.2
   13269.8
   13445.8
   13448.6
   13607.7
   13829.7
   13909.5
   14166.7
   14479.7
   14681.5
   14973.2
   15147.2
   15758.3
   15854.4
   16152.7
   16343.0
   16408.8
   16451.3
   16634.6
   16637.9
   16780.7
   16845.0
   17199.3
   17350.3
   17408.0
   17473.5
   17525.7
   17593.7
   17768.2
   17899.0
   17910.4
   18033.7
   18034.7
   18070.7
   18353.4
   18684.6
   18719.6
   18934.2
   19169.7
   19184.8
   19211.9
   19231.8
   19473.5
   20024.5
   20138.5
   20144.5
   20423.4
   20947.1
   21003.3
   21434.0
   21665.9
   21833.4
   22121.0
   22145.9
   22423.7
   22658.8
   23025.1
   23034.1
