     324.5
     714.1
     793.0
    1080.1
    1358.8
    1600.1
    1931.1
    2057.3
    2070.0
    2525.8
    2671.2
    2919.3
    2970.0
    2977.7
    3075.7
    3332.8
    3554.1
    3615.3
    3922.6
    3984.6
    4171.5
    4260.1
    4465.3
    4499.0
    4889.4
    5403.1
    5517.9
    5580.9
    5773.1
    5848.9
    6085.5
    6624.9
    6643.9
    6686.2
    6733.3
    6900.3
    6923.2
    7143.3
    7206.4
    7248.6
    7367.4
    7461.5
    7552.5
    7573.5
    7701.7
    7814.2
    7929.4
    7981.5
    8270.0
    8397.3
    8630.1
    9061.3
    9192.5
    9294.8
    9328.5
    9366.0
    9851.6
    9995.0
   10120.2
   10155.8
   10270.9
   10458.7
   10518.3
   10603.0
   11081.1
   11179.2
   11355.5
   11729.9
   11984.5
   12028.1
   12191.9
   12324.9
   12547.5
   12607.7
   12652.6
   12700.4
   13182.0
   13446.3
   14301.0
   14342.1
   14674.6
   14743.1
   15349.7
   15416.6
   15435.8
   15447.1
   15685.7
   15737.7
   16390.7
   16813.4
   16854.3
   16947.9
   17360.4
   19195.2
   19371.7
   19537.6
   19574.3
   19830.4
   19926.9
   20090.9
   20120.0
   20222.5
   20536.0
   20766.3
   21223.7
   21335.7
   21936.3
   22014.7
   22103.2
   22572.8
