     434.4
     741.1
     855.1
     999.1
    1158.8
    1795.3
    1923.0
    2383.5
    2439.0
    2620.2
    2654.6
    2700.8
    3656.2
    3679.2
    3845.9
    4041.5
    4115.2
    4695.3
    5095.5
    5258.5
    5327.9
    5390.7
    5460.5
    5718.0
    6591.4
    6988.7
    7031.8
    7147.8
    7253.0
    7313.6
    8113.0
    8421.4
    8551.9
    8615.2
    8645.0
    8809.6
    8855.9
    8893.0
    8927.5
    9107.9
    9496.5
    9828.7
    9856.1
    9961.4
    9977.4
   10088.9
   10234.7
   10343.3
   10364.2
   10487.1
   10589.9
   10970.1
   11145.4
   11352.9
   11378.8
   11491.8
   12228.4
   12349.0
   12408.3
   12929.7
   13107.2
   13218.7
   13765.2
   13859.4
   14542.2
   14602.4
   14897.9
   14953.4
   15004.8
   15312.4
   15497.0
   15848.2
   15901.7
   15930.7
   15945.5
   16338.2
   16592.5
   16652.6
   16707.4
   16932.1
   17575.6
   17990.9
   18048.5
   18088.5
   18116.4
   18244.5
   18437.6
   18492.5
   18775.5
   19029.4
   19109.4
   19287.7
   19321.6
   19681.1
   19898.7
   20139.8
   20381.1
   20439.3
   20494.6
   20518.4
   20647.6
   20710.4
   20716.2
   21171.4
   21459.3
   21517.3
   21602.2
   22400.7
   22905.2
