      99.4
     510.5
     813.8
    1167.3
    1303.5
    1568.7
    1619.8
    1785.1
    1851.5
    1993.9
    2046.3
    2170.6
    2472.0
    2583.3
    2588.1
    2658.7
    3047.1
    3994.9
    4056.5
    4194.2
    4401.9
    4538.5
    4921.0
    4993.8
    5123.6
    5136.4
    5461.8
    5498.3
    5536.7
    5643.9
    6314.6
    6317.2
    6353.2
    6609.5
    6823.2
    6884.9
    6941.9
    7036.3
    7219.3
    7289.2
    7429.7
    7519.6
    7598.8
    7603.4
    7627.4
    7737.4
    7760.8
    8236.5
    8883.9
    8985.9
    9577.8
    9736.1
    9930.7
   10154.7
   10238.9
   10343.7
   10457.0
   10626.7
   10729.3
   10895.6
   10927.7
   10950.9
   11116.2
   11482.0
   11501.9
   11559.5
   11644.3
   12445.4
   12502.4
   12887.1
   12911.3
   12929.3
   13112.8
   13414.1
   13471.0
   13621.9
   13658.6
   13737.6
   13878.0
   14158.9
   14245.3
   14563.1
   14921.2
   15144.8
   15168.4
   15271.9
   15492.8
   15527.6
   15803.7
   15961.8
   17143.1
   17209.4
   18069.7
   18240.3
   18295.8
   18498.3
   18757.4
   19144.2
   19589.0
   19862.1
   19875.0
   19971.3
   20013.7
   20413.4
   20469.3
   20516.5
   20562.6
   20711.6
   21053.4
   21099.3
   21359.7
   22414.9
   22566.9
   22810.7
