      86.0
      91.1
     375.7
     583.4
     725.2
     892.7
    1018.8
    1084.2
    1092.4
    1194.8
    1746.0
    1801.0
    1905.4
    2319.9
    2513.5
    2725.2
    2781.2
    2783.6
    2885.8
    2955.4
    3440.6
    3510.0
    3605.3
    4115.8
    4177.0
    4979.3
    5063.9
    5072.2
    5200.5
    5463.7
    5583.4
    5763.2
    6351.2
    6691.6
    6769.6
    6778.0
    6888.4
    7101.8
    7180.0
    7218.5
    7261.1
    7381.9
    7629.4
    7969.2
    8122.3
    8627.5
    8874.8
    9323.9
    9638.3
    9831.0
    9852.2
    9965.5
   10263.7
   10305.8
   10365.6
   10443.4
   10776.6
   10782.4
   11014.7
   11050.2
   11238.6
   11269.7
   11271.1
   11626.8
   11811.6
   11840.3
   12218.7
   12440.8
   12528.9
   12660.3
   12667.5
   12707.6
   12725.1
   12973.3
   13875.4
   13992.3
   14138.5
   14151.6
   14161.6
   14168.2
   14184.8
   14311.5
   14493.3
   14906.9
   16078.3
   16309.8
   16399.3
   16771.4
   17653.6
   18103.1
   18301.7
   18467.3
   18707.0
   18777.0
   19020.1
   19110.2
   19413.8
   19450.0
   19654.7
   20147.3
   20359.6
   20863.4
   20901.7
   21150.5
   21182.2
   21591.2
   21704.5
   21933.4
   22222.5
   22246.6
   22365.4
   22693.0
   22775.7
   22982.2
