     133.4
     222.7
     226.8
     528.8
     799.6
    1300.2
    1930.0
    1935.6
    2235.1
    2615.2
    2664.4
    2757.2
    2767.4
    2991.2
    3358.0
    3527.5
    3735.8
    3924.2
    4090.5
    4123.7
    4284.9
    4313.3
    4520.0
    4767.2
    5466.7
    5709.8
    5868.6
    6130.5
    6259.3
    6449.9
    6615.3
    6862.1
    6890.2
    7036.8
    7227.5
    7421.2
    7488.7
    8016.5
    8021.3
    8022.9
    8151.8
    9079.7
    9152.5
    9283.8
    9351.4
    9397.8
    9587.6
    9588.6
    9948.9
    9968.9
   10281.4
   10501.9
   10599.0
   10687.2
   10755.6
   10931.0
   12154.5
   12173.0
   12438.8
   12587.1
   13063.3
   13598.9
   13610.8
   13671.3
   13863.8
   14351.8
   14509.9
   14649.4
   14899.0
   14998.1
   15387.2
   15511.5
   15680.9
   15927.6
   16195.3
   16376.0
   16605.4
   16785.1
   16985.4
   17001.3
   17123.6
   17283.3
   17357.0
   17502.9
   17569.6
   17913.1
   18085.8
   18175.1
   18259.4
   18609.1
   18646.5
   18731.9
   19303.0
   19848.4
   20148.6
   20222.4
   20327.7
   20477.1
   20749.6
   20755.5
   20807.7
   20912.4
   20969.5
   20970.7
   21183.0
   21224.1
   21481.1
   21656.0
   21721.6
   21767.6
   21864.3
   21935.8
   21990.2
   22670.4
   22720.9
