     117.8
     411.0
     453.6
     537.3
     755.9
     912.3
     968.0
    1228.8
    1454.1
    1528.3
    1597.5
    2101.2
    2602.8
    3349.3
    3555.9
    3588.9
    3636.8
    3821.9
    3924.6
    4390.5
    4578.6
    4788.7
    4941.6
    5028.3
    5626.0
    5678.5
    5884.3
    5932.3
    6094.7
    6424.9
    6567.6
    6777.6
    8392.8
    8527.3
    8541.6
    8619.6
    8799.9
    8802.9
    8864.3
    8986.7
    9091.9
    9155.3
    9447.6
    9473.7
    9648.3
    9692.8
   10053.0
   10067.4
   10149.1
   10217.5
   10225.0
   10517.9
   10705.6
   10779.3
   10840.5
   10854.4
   11277.9
   11901.1
   11956.7
   12150.1
   12362.9
   12641.7
   14033.9
   14255.0
   14307.6
   14394.5
   14561.9
   14685.5
   14713.8
   14752.9
   14969.8
   15144.2
   15200.4
   15378.2
   15805.3
   16264.8
   16267.0
   16614.0
   16683.5
   16813.1
   16830.3
   16954.5
   16994.1
   17136.6
   17286.8
   17349.5
   17490.6
   17565.8
   17669.3
   17782.4
   17836.1
   17850.1
   17896.8
   17924.8
   18901.0
   18954.5
   19013.9
   19056.3
   19106.6
   19182.5
   19278.1
   19389.5
   19415.3
   19739.4
   19769.8
   19815.5
   20093.1
   20126.2
   20152.9
   20383.9
   20443.5
   20493.8
   20558.2
   21133.7
   21630.6
   22000.0
   22209.5
   22929.8
