     255.1
     295.7
     536.1
     589.2
     778.0
     937.9
    1056.0
    1115.7
    1337.0
    1406.0
    1705.0
    1910.8
    1933.6
    2095.3
    2108.9
    2164.4
    2252.7
    2331.5
    2343.1
    2589.8
    2668.0
    3193.1
    3201.1
    3265.4
    3333.1
    3339.5
    3656.4
    3788.9
    3932.3
    4344.7
    4862.3
    5035.8
    5109.6
    5625.7
    5662.0
    5769.2
    6344.4
    6677.0
    6961.9
    7581.4
    7618.4
    7758.2
    7931.2
    8066.0
    8994.1
    9320.3
    9718.8
    9856.8
   10267.8
   10393.5
   10432.1
   10491.2
   10612.0
   10975.1
   11050.0
   11208.7
   11615.5
   11638.9
   11695.9
   11783.2
   11826.9
   12128.6
   12314.7
   12381.8
   12719.2
   12804.3
   12906.6
   13029.9
   13141.0
   13502.5
   13711.9
   13792.0
   13807.1
   13884.0
   13955.7
   13959.8
   14090.9
   14449.4
   14506.2
   14566.4
   14848.2
   15156.0
   15908.5
   16036.7
   16143.5
   16213.7
   16329.4
   16418.4
   16448.6
   16714.8
   16715.4
   16783.2
   16912.5
   16998.5
   17333.5
   17582.3
   17729.2
   18122.7
   18131.6
   18869.5
   19090.2
   19834.8
   20627.7
   20633.7
   20985.3
   21032.6
   21721.4
   21732.1
   21764.9
   21979.2
   22659.1
   22958.2
   22995.9
