      53.1
     201.4
     551.6
     651.4
     735.7
     805.8
    1097.8
    1169.1
    1210.4
    1246.8
    1298.3
    1718.4
    1943.8
    2617.7
    2619.8
    2636.4
    2731.0
    2732.3
    2866.1
    2947.4
    2987.4
    3043.6
    3285.8
    3293.0
    3356.6
    3708.0
    4010.5
    4032.3
    4183.2
    4219.4
    4228.6
    4356.7
    4707.4
    5008.1
    5284.6
    5368.9
    5418.7
    5634.2
    5730.0
    5953.3
    5953.7
    5985.3
    6271.4
    6284.3
    6478.0
    6645.8
    6870.6
    7302.3
    7374.9
    7605.0
    7664.4
    7746.2
    7839.6
    8268.9
    8865.8
   10165.9
   10222.9
   10233.8
   10338.2
   10572.1
   11300.9
   11488.6
   11861.0
   11895.9
   12210.5
   12462.2
   12652.6
   12717.4
   12918.9
   13086.1
   13877.0
   14078.4
   14133.4
   14439.0
   14556.4
   14638.5
   14640.6
   15174.9
   15306.4
   15427.7
   15439.2
   15535.3
   15567.4
   15854.4
   16044.1
   16295.8
   16530.9
   16600.3
   16738.2
   16976.9
   17146.4
   17589.7
   17972.7
   18253.3
   18256.5
   18858.5
   19160.8
   19380.2
   19573.4
   19877.0
   19961.5
   20223.7
   20337.3
   20673.6
   20799.6
   20994.8
   21372.6
   21373.8
   21415.8
   21663.8
   21694.7
   21708.7
   21944.8
   22198.1
   22559.3
   22648.5
   22735.3
   22788.9
   23003.7
