     110.6
     593.5
     720.8
     791.7
     803.9
     993.6
    1028.7
    1157.2
    1403.7
    1427.4
    2066.7
    2398.4
    2411.6
    2448.2
    2670.8
    2873.0
    2907.1
    3571.0
    3615.0
    3835.4
    4566.1
    4584.3
    4637.6
    4816.4
    5022.7
    5057.4
    5361.6
    5405.3
    5542.5
    5546.5
    5969.6
    5990.8
    6192.1
    6360.0
    6383.4
    6414.0
    6765.7
    6830.7
    7322.8
    7328.0
    7355.2
    7405.5
    7470.5
    7549.9
    7812.6
    7953.0
    8159.2
    8302.7
    8379.9
    8582.3
    8665.5
    8827.3
    9252.0
    9404.4
    9536.0
    9958.5
   10589.3
   10766.2
   10803.4
   10950.7
   11055.9
   11472.3
   11565.9
   11783.9
   11877.0
   11960.5
   12179.8
   12363.3
   12801.9
   12910.5
   12910.8
   13031.8
   13263.4
   13338.8
   13436.2
   13766.4
   13817.6
   13860.6
   13932.0
   13960.4
   13968.3
   14052.1
   14080.8
   14157.2
   14287.8
   14302.6
   14523.1
   14589.0
   15383.5
   15461.4
   15946.6
   15960.7
   16289.6
   16330.9
   16939.1
   16996.8
   17009.1
   17100.9
   17401.1
   17405.1
   17426.9
   17641.8
   17771.0
   18366.2
   18601.0
   18732.6
   19065.7
   19381.0
   19841.1
   19883.3
   19906.8
   20036.3
   20374.2
   20399.3
   20548.2
   20674.1
   21031.5
   21433.0
   21760.1
   22714.4
   22869.5
   22982.6
   23015.8
   23019.2
