     137.6
     264.1
     332.3
     369.2
     581.2
     600.6
     619.9
     767.3
    1165.8
    1174.6
    1219.3
    1233.5
    1830.4
    2211.9
    2749.7
    2796.7
    3479.2
    3866.2
    3986.4
    4063.5
    4199.1
    4447.4
    4489.1
    4528.5
    4624.6
    4678.5
    4728.9
    4812.6
    4912.6
    5403.4
    5627.2
    5681.7
    5722.5
    5835.7
    6088.1
    6143.5
    6234.4
    6630.3
    6809.8
    7066.1
    7096.0
    7144.0
    7176.4
    7918.4
    8017.4
    8226.8
    8451.2
    8459.7
    8646.2
    8819.5
    8921.6
    9480.8
    9805.3
    9946.6
    9982.9
    9997.3
   10599.5
   10732.5
   11169.7
   11723.4
   12072.1
   12274.4
   12309.8
   12406.7
   12479.6
   12703.6
   12773.7
   12911.2
   13008.9
   13042.4
   13185.8
   13311.4
   13525.2
   13622.4
   13630.7
   13707.4
   13830.0
   14012.4
   14085.8
   14102.7
   14154.9
   14230.4
   15006.6
   15284.9
   15316.9
   15460.7
   16583.9
   16648.8
   16785.1
   16889.9
   17002.5
   17443.2
   17884.5
   17909.2
   18167.5
   18579.8
   18656.2
   18972.7
   19149.2
   19156.5
   19416.6
   19547.5
   19551.4
   19625.4
   19840.5
   19921.9
   20048.4
   20509.1
   20658.0
   20789.0
   20925.0
   21399.6
   21545.3
   21588.1
   22055.9
   22252.6
   22407.9
   22414.2
   22695.2
