     181.3
     772.9
    1073.4
    1282.9
    1792.8
    1834.4
    2341.9
    2408.1
    2607.4
    2808.8
    3418.2
    3700.2
    3978.2
    4218.5
    4256.4
    4277.6
    4288.2
    4786.3
    4843.4
    5190.2
    5442.2
    5691.2
    5765.9
    6105.1
    6110.5
    6136.2
    6533.7
    6906.6
    6997.8
    7151.7
    7313.6
    7348.1
    7372.6
    7378.0
    7380.2
    7547.5
    7748.6
    8277.9
    8435.5
    8506.9
    8638.1
    8713.6
    8735.0
    8744.9
    8779.5
    9133.2
    9534.3
    9574.1
   10335.3
   10366.0
   10979.0
   11205.0
   11327.0
   11489.6
   11615.0
   11993.4
   12027.4
   12151.1
   12427.5
   13068.1
   13295.5
   13524.7
   14249.1
   14760.4
   15226.1
   15326.1
   15573.6
   16019.3
   16205.5
   16207.8
   16446.7
   16502.6
   16654.0
   16884.4
   17133.8
   17169.6
   17318.4
   17799.4
   18300.4
   18348.1
   18403.3
   18814.8
   18920.9
   19227.8
   19237.3
   19878.3
   20125.3
   20497.3
   20746.3
   20899.2
   21125.0
   21242.0
   21658.4
   21660.0
   21790.3
   21875.6
   21916.4
   22022.4
   22362.9
   22504.5
   22694.1
   22750.2
   22984.5
