     110.7
     155.0
     171.2
     220.1
     230.9
     309.0
     316.4
     527.9
     728.7
     739.0
     787.6
    1169.9
    1452.3
    1465.8
    1612.5
    1693.5
    1815.9
    1925.7
    2331.3
    2546.2
    2891.4
    3120.8
    3383.0
    3393.7
    3850.7
    3907.5
    3976.3
    3977.3
    3980.7
    4099.3
    4199.6
    4408.8
    4682.3
    4812.7
    5000.5
    5075.3
    5411.2
    5426.2
    5807.8
    5919.4
    5933.1
    6023.5
    6111.0
    6552.4
    6681.2
    6859.5
    6983.1
    7113.7
    7155.5
    7291.9
    7373.8
    7735.0
    7829.4
    7850.0
    7905.7
    7937.5
    8023.9
    8153.0
    8649.5
    8689.4
    8905.5
    9096.5
    9177.1
    9306.8
    9381.9
    9405.6
    9764.2
    9994.4
   10049.1
   10144.6
   10210.0
   10326.3
   10385.9
   10414.4
   10543.2
   10722.8
   10828.3
   10926.6
   11151.1
   11477.4
   11523.5
   12163.3
   12381.1
   12558.5
   12773.0
   12786.2
   12795.2
   13060.7
   13206.7
   13301.6
   13517.6
   13677.5
   13687.7
   13976.7
   14201.4
   14208.3
   14370.4
   14396.1
   14530.8
   14543.1
   14669.2
   14782.9
   14835.2
   14868.5
   15262.6
   15309.8
   15383.0
   15654.0
   15854.5
   15971.4
   16152.6
   16226.3
   16444.8
   16709.7
   16808.9
   16886.2
   17020.4
   17032.7
   17178.6
   17327.9
   17358.7
   17604.1
   17761.9
   17863.3
   17945.2
   18085.7
   18448.0
   18610.0
   18976.4
   18978.8
   19125.9
   19738.6
   19904.2
   20022.6
   20093.4
   20096.7
   20708.7
   20729.7
   20883.9
   20913.0
   21031.4
   21031.7
   21370.1
   21539.8
   21608.8
   21736.0
   21850.9
   21989.9
   22454.3
   22501.1
   22528.7
   22601.6
   22631.3
   22761.7
   22930.9
   23024.6
