     303.3
     429.4
     578.3
     795.9
     941.9
     994.1
    1027.5
    1135.0
    1357.0
    1749.4
    2024.0
    2335.2
    2821.8
    3075.5
    3212.4
    3749.7
    3920.8
    4022.2
    4176.2
    4448.0
    4786.3
    4979.1
    5020.3
    5039.8
    5057.3
    5231.7
    5234.4
    5378.2
    5880.4
    5903.7
    6006.1
    6174.0
    6388.5
    6520.4
    6684.5
    6775.7
    7098.2
    7141.7
    7389.7
    7633.0
    7935.7
    8041.2
    8724.8
    8846.5
    9383.1
    9503.4
    9758.2
    9964.4
   10285.2
   10418.1
   10880.7
   11774.0
   11981.8
   12001.4
   12431.3
   12604.7
   12638.0
   12763.5
   12980.6
   13121.3
   13200.4
   13657.7
   13836.6
   14064.3
   14211.3
   14259.8
   14544.6
   14931.8
   14990.9
   14997.9
   15418.0
   15462.6
   15645.7
   15657.9
   15952.5
   16059.5
   16174.7
   16254.3
   16446.0
   16457.2
   16486.8
   16834.0
   17142.6
   17160.6
   17171.8
   17243.2
   17272.2
   17393.2
   17577.8
   17760.4
   17831.7
   18213.1
   18268.3
   18439.3
   18594.3
   18598.1
   18782.8
   18800.3
   18921.0
   19126.9
   19188.9
   19396.9
   19641.9
   19747.2
   20293.8
   20990.2
   21258.2
   21854.4
   21952.5
   22092.9
   22221.0
   22408.6
