     200.1
     261.0
     275.3
     491.8
     645.2
     834.8
     975.4
     991.4
    1001.0
    1245.2
    1337.5
    1558.2
    1596.2
    1783.0
    1873.4
    2121.6
    2611.4
    3062.3
    3408.8
    3765.0
    3906.0
    3970.4
    4028.4
    4047.8
    4193.0
    4217.8
    4614.3
    4650.9
    4795.4
    4801.4
    4845.4
    4901.2
    4972.2
    5022.2
    5484.1
    5689.9
    6316.1
    6802.8
    6824.7
    7192.2
    7255.8
    7324.2
    7437.2
    7681.0
    7876.7
    8433.2
    8550.4
    8555.4
    8663.2
    9194.1
    9206.8
    9608.2
    9825.2
   10221.1
   10455.8
   10644.4
   10808.0
   10926.0
   11058.6
   11442.1
   11487.7
   11703.9
   11709.6
   12159.3
   12420.9
   12632.8
   12635.7
   12638.2
   12935.0
   12977.8
   13085.6
   13111.7
   13409.4
   13489.6
   13607.3
   13832.4
   13943.6
   13968.4
   14056.5
   14135.6
   14283.2
   14389.7
   14422.9
   14435.6
   15019.0
   15802.9
   15816.8
   15830.9
   15850.5
   15984.9
   16221.4
   16242.4
   16336.3
   16733.5
   16896.3
   17115.0
   17350.0
   17444.9
   17510.1
   17658.2
   17739.2
   17805.8
   17832.2
   17900.4
   18834.2
   19099.6
   19124.1
   19756.9
   19879.7
   19912.8
   19922.5
   20095.5
   20106.2
   20394.8
   21027.1
   21141.3
   21843.3
   22134.7
   22733.9
   22776.0
