     204.6
     422.0
     640.8
     781.2
    1082.6
    1148.8
    1793.4
    1820.3
    1985.4
    2013.9
    2249.3
    2358.6
    2454.3
    2497.3
    2824.8
    2929.4
    3245.8
    3688.9
    4317.3
    4393.4
    4627.7
    4859.7
    5064.7
    5235.0
    5479.7
    5823.0
    6103.9
    6364.1
    6406.9
    6621.3
    6641.7
    7065.2
    7218.1
    7330.4
    7444.3
    8237.1
    8305.7
    8315.1
    8570.7
    8906.7
    8926.7
    9098.2
    9496.3
    9653.6
    9873.1
   10059.4
   10131.6
   10357.8
   10494.9
   10786.1
   10943.0
   11048.1
   11105.2
   11564.7
   12126.1
   12741.8
   12850.6
   12980.9
   13669.8
   14004.7
   14115.1
   14193.1
   14338.7
   14488.4
   14532.6
   14612.4
   15214.9
   15418.7
   15523.2
   15673.2
   15951.0
   16428.0
   16472.4
   16631.2
   16773.3
   16866.7
   16917.9
   17041.7
   17155.2
   17276.2
   17454.8
   17585.7
   17657.6
   18063.8
   18189.8
   18197.3
   18239.3
   18355.9
   18480.0
   18679.6
   19132.5
   20001.4
   20180.1
   20249.4
   20502.3
   21047.2
   21302.3
   21757.2
   21958.0
   22012.1
   22294.6
   22320.1
   22655.8
