     820.4
    1026.9
    1221.9
    1291.9
    1340.6
    1436.5
    1444.0
    1528.0
    1665.9
    1715.4
    1715.6
    1852.5
    2004.6
    2262.8
    2286.8
    2383.1
    2491.8
    2674.3
    2693.9
    2808.8
    3025.8
    3169.0
    3227.6
    3515.9
    3616.1
    3754.7
    4070.0
    4339.7
    4347.4
    4365.9
    4619.4
    4740.3
    5069.1
    5263.6
    5380.0
    5491.7
    5688.5
    5902.5
    6121.3
    6279.9
    6475.3
    6629.4
    6907.3
    6970.9
    7102.6
    7140.3
    7287.0
    8039.4
    8294.0
    8352.9
    9303.5
    9964.1
    9967.3
   10047.2
   10126.6
   10216.5
   10435.4
   10611.9
   10649.2
   10675.8
   10865.0
   10990.3
   11053.3
   11245.9
   11617.6
   12081.9
   12167.3
   12284.7
   12416.2
   12615.6
   12997.0
   13422.2
   13828.1
   13924.3
   14000.4
   14102.4
   14397.7
   14941.6
   15679.9
   16387.3
   16392.7
   16546.8
   16660.1
   16915.3
   17041.0
   17443.4
   18093.5
   18143.3
   18487.3
   18736.2
   19274.2
   19504.1
   19681.3
   20111.0
   20143.3
   20605.3
   21027.8
   21252.5
   21409.3
   21488.4
   21521.2
   21764.2
   21910.6
   22461.7
