     111.3
     115.0
     935.6
     965.1
    1071.6
    1338.0
    1406.7
    1528.4
    1669.5
    2081.3
    2087.0
    2408.0
    2517.8
    2805.2
    3328.2
    3380.2
    3461.5
    4341.1
    4740.1
    4758.4
    4896.4
    5200.1
    5328.2
    5481.5
    5598.7
    6003.5
    6512.4
    6568.8
    6924.9
    7215.3
    7244.9
    7284.4
    7491.6
    7756.1
    8207.1
    8225.3
    8766.5
    9068.1
    9285.1
    9800.9
   10007.0
   10097.7
   10540.5
   11017.3
   11415.7
   11471.6
   11633.6
   12252.0
   12454.7
   12488.1
   12545.1
   12547.3
   12566.1
   12786.4
   12907.3
   13043.3
   13417.4
   13965.0
   14056.1
   14121.1
   14558.9
   15287.8
   15579.7
   16208.2
   16471.9
   16524.2
   16626.3
   16955.5
   17568.4
   17608.5
   17702.5
   17900.7
   17901.8
   18291.9
   18323.5
   18528.2
   18782.3
   19322.6
   19934.4
   20132.8
   20150.3
   20177.9
   20274.9
   20470.8
   20602.5
   20630.1
   20677.9
   20989.1
   21207.9
   21988.5
   22163.5
   22245.0
   22354.8
   22357.1
   22872.7
