      81.7
     131.6
     267.6
     453.0
     685.8
     875.0
    1044.8
    1235.5
    1491.1
    1669.8
    1792.7
    1855.0
    1917.4
    2320.9
    2389.1
    2637.1
    2699.2
    2879.9
    2953.4
    3009.2
    3049.7
    4238.5
    4366.1
    4524.6
    5052.2
    5246.0
    5419.0
    5768.4
    6921.2
    7014.6
    7083.2
    7091.8
    7212.5
    7317.2
    7347.2
    7449.6
    7632.1
    7647.2
    7690.9
    8612.1
    8835.6
    8982.8
    9020.9
    9094.6
    9396.0
    9569.7
    9656.1
    9846.7
    9917.4
    9943.2
   10153.0
   10195.7
   10200.3
   10211.0
   10233.1
   10410.8
   10703.4
   11114.7
   11137.2
   11269.3
   11807.1
   11844.8
   11917.5
   12207.4
   12392.7
   12424.9
   12537.8
   12548.4
   12860.3
   13017.6
   13031.7
   13208.2
   13249.8
   13334.3
   13340.2
   13392.0
   13536.3
   13571.4
   13594.3
   13983.8
   14134.9
   14744.6
   15678.0
   15774.5
   15905.0
   15945.1
   15980.8
   16100.6
   16103.7
   16466.1
   16905.4
   17141.5
   17186.8
   17368.3
   17532.4
   17920.4
   17982.2
   18153.5
   18671.3
   19650.7
   19679.5
   19694.5
   19782.3
   19926.7
   20066.7
   21068.3
   21079.2
   22005.1
   22085.9
   22324.1
   22531.1
