     406.9
     641.2
    1334.5
    1335.4
    1759.0
    1863.1
    2043.0
    2547.0
    2626.4
    2627.8
    2701.8
    2930.7
    3052.2
    3172.5
    3342.7
    3658.5
    3682.7
    3869.1
    3891.4
    4441.5
    4524.5
    4552.5
    4637.8
    5280.1
    5680.1
    5902.5
    6331.7
    6334.6
    6372.5
    6832.0
    6975.6
    7262.5
    7382.7
    7743.4
    7931.0
    8387.7
    8436.4
    8471.3
    8852.1
    8864.0
    9080.7
    9155.2
    9166.0
    9319.7
    9589.0
    9770.4
   10223.8
   10626.6
   10673.4
   11242.5
   11260.1
   11660.3
   11752.7
   11764.9
   12048.2
   12167.9
   12204.4
   12349.4
   12589.0
   12589.4
   12723.9
   12775.2
   12939.6
   13262.0
   13574.0
   13961.1
   14238.2
   14504.2
   14662.9
   14681.0
   14704.8
   14705.5
   15015.4
   15064.9
   15104.2
   15824.7
   15923.0
   15938.2
   16627.2
   17358.2
   17392.7
   17473.9
   17508.2
   18076.8
   18247.3
   18397.3
   18475.0
   18960.4
   19139.0
   19294.4
   19366.7
   19399.7
   19425.6
   19885.3
   19920.8
   20089.8
   20127.3
   20258.3
   20476.2
   20571.7
   21063.8
   21277.2
   21352.9
   21465.4
   21490.0
   21650.6
   21690.6
   22365.5
   22448.8
   22950.9
   22986.4
   23016.6
   23043.6
