     103.7
     900.7
     909.3
     933.9
    1338.8
    1368.9
    1878.2
    1904.5
    2085.4
    2089.6
    2220.0
    2832.6
    3047.5
    3134.8
    3219.2
    3285.7
    3535.8
    3838.0
    3967.5
    3978.2
    4001.0
    4671.7
    4781.9
    4911.4
    5031.9
    5177.5
    5245.2
    5842.3
    6005.8
    6215.0
    6366.4
    6470.4
    6523.9
    6806.5
    6895.9
    6897.0
    7480.6
    7484.8
    7691.2
    7699.0
    8173.3
    8411.8
    8492.6
    8517.0
    8775.5
    8799.5
    8864.2
    8944.8
    8953.0
    9113.0
    9256.4
    9709.2
    9711.9
    9775.5
    9877.2
    9902.3
   10157.1
   10237.3
   10342.0
   10395.2
   10693.8
   10736.0
   10938.8
   10963.7
   11372.3
   11412.3
   11680.4
   12054.3
   12117.6
   12403.1
   12718.1
   12921.4
   13318.7
   13323.3
   13565.0
   13865.5
   13881.0
   13902.0
   13929.6
   13947.8
   13975.2
   14022.7
   14032.7
   14410.4
   14411.9
   14733.5
   14748.1
   14777.6
   15066.3
   15431.4
   15477.1
   15516.0
   15570.5
   15873.8
   16383.6
   16422.4
   16727.0
   16920.6
   17023.7
   17266.8
   17392.4
   17398.6
   17497.6
   17793.3
   18358.8
   18638.5
   18640.2
   18660.9
   18835.1
   18989.3
   19194.0
   19214.0
   19733.6
   20381.4
   20582.7
   20777.1
   21069.7
   21432.6
   21852.0
   22293.1
   22534.1
   22760.5
   22838.3
   22878.6
