     341.1
     727.0
    1357.3
    1692.1
    1802.2
    2182.8
    2199.9
    2352.5
    3057.7
    3058.8
    3101.3
    3128.9
    3635.9
    3725.6
    3867.5
    3956.2
    4124.8
    4393.5
    4395.1
    4519.5
    4719.4
    4822.8
    5045.2
    5057.5
    5344.1
    5391.2
    5491.0
    5665.4
    5910.2
    6435.0
    6813.0
    7147.8
    7187.5
    7203.6
    7392.4
    7447.3
    7563.6
    7761.8
    7810.4
    7932.8
    8009.4
    8196.5
    8217.4
    8241.9
    8271.8
    8354.9
    9218.3
    9404.7
    9514.0
    9665.3
   10057.5
   10580.4
   10875.2
   10891.2
   10966.4
   10989.8
   11494.5
   11541.3
   11704.3
   11867.3
   11943.8
   11960.9
   12047.7
   12102.3
   12277.7
   12670.9
   12786.6
   12887.8
   13120.1
   13726.5
   13740.3
   13870.7
   14539.4
   14541.3
   14567.7
   14802.0
   15359.5
   15899.7
   15912.4
   15930.3
   16113.4
   16150.0
   16247.2
   16362.9
   16363.7
   16635.7
   17164.3
   17316.3
   17818.2
   18292.7
   18482.9
   18497.6
   18949.6
   19204.7
   19267.5
   19284.0
   19324.4
   19408.2
   19780.6
   19888.5
   19897.7
   20122.8
   20513.2
   20635.3
   20765.3
   21046.6
   21199.4
   21253.1
   21375.4
   21581.1
   21913.5
   21942.8
   22141.3
   22267.9
   22372.2
   22600.5
