     491.5
     510.0
     668.5
     816.7
    1203.6
    1260.1
    1495.9
    1537.1
    1572.5
    1658.2
    1661.8
    1962.5
    2080.8
    3073.9
    3565.0
    3662.2
    3678.5
    3813.4
    3846.9
    3851.9
    4223.9
    4233.8
    4358.0
    4430.2
    4433.8
    4784.8
    4887.0
    5240.9
    5463.1
    5474.5
    6028.2
    6566.3
    6698.8
    6733.9
    6894.7
    7142.1
    7193.3
    7224.8
    8194.3
    8416.6
    8569.0
    8793.5
    8911.1
    9472.9
    9516.1
    9696.9
    9760.0
   10053.0
   10115.3
   10241.6
   10599.9
   10751.6
   10961.3
   11081.3
   11266.4
   11276.4
   12154.6
   12277.8
   12356.9
   12373.2
   12406.2
   12461.9
   12489.9
   12665.7
   12844.3
   13147.6
   13465.2
   13567.2
   13661.0
   13819.4
   14120.3
   14267.4
   14314.5
   14545.0
   14553.4
   15273.0
   15445.3
   15449.5
   15583.5
   15635.2
   15837.1
   16422.5
   16739.1
   17237.2
   17296.7
   17306.7
   17448.7
   17552.0
   17779.5
   17990.5
   18034.8
   18299.9
   18841.5
   18944.7
   18962.6
   19037.0
   19299.2
   20243.4
   20382.5
   20495.7
   20751.5
   20789.5
   20951.4
   21102.4
   21257.9
   21349.0
   21427.8
   21451.3
   21707.2
   21898.4
   22217.7
   22295.1
