     447.6
     874.7
    1196.5
    1260.7
    1424.6
    1440.0
    1502.4
    1648.6
    1652.6
    1894.2
    1944.4
    2079.8
    2979.3
    3190.2
    3328.5
    3347.4
    3496.2
    3569.1
    3738.2
    3990.4
    4011.2
    4296.4
    4298.7
    5090.3
    5134.4
    6438.6
    6647.8
    6718.3
    6729.3
    6861.4
    6872.8
    7457.7
    7614.8
    8105.8
    8106.1
    8109.2
    8145.6
    8212.0
    8331.8
    8334.2
    8492.9
    8687.8
    8736.5
    9308.8
    9911.7
    9997.4
   10389.1
   10526.4
   10850.1
   11110.2
   11307.5
   11994.6
   12220.0
   12446.0
   12478.8
   12751.1
   12881.3
   12959.2
   13025.2
   13127.3
   13310.6
   13471.4
   13550.9
   13995.0
   14110.7
   14376.6
   14386.3
   14389.0
   14392.8
   15104.4
   15110.3
   15188.0
   16191.4
   16333.0
   16502.8
   16512.7
   16595.7
   16675.9
   16678.4
   16686.1
   16785.8
   16852.9
   17198.0
   17394.6
   17430.3
   17652.7
   17692.1
   18088.3
   18350.0
   18522.7
   19663.0
   19720.6
   19998.4
   20074.0
   20284.4
   20505.2
   20738.1
   21576.2
   21646.3
   22247.9
   22302.2
   22309.5
   22339.4
   22556.1
   22582.2
   22642.8
   22797.8
   22813.7
