     318.0
     548.4
     810.0
     935.5
     969.0
    1235.3
    1481.3
    1807.5
    2153.1
    2176.7
    2442.9
    2707.0
    2824.2
    3294.0
    4103.7
    4178.9
    4233.9
    4355.3
    4414.6
    4463.6
    4623.4
    4674.1
    4853.7
    4884.7
    5211.1
    5277.7
    5298.0
    5479.0
    5500.0
    5550.1
    5560.5
    5718.9
    5744.9
    5848.1
    5849.3
    6217.2
    6305.5
    6558.2
    6665.4
    6711.3
    6801.5
    7549.6
    7737.5
    8215.7
    8345.8
    9071.5
    9094.9
    9265.4
    9301.6
    9499.9
   10017.7
   10033.7
   10066.9
   10135.8
   10352.9
   10389.2
   10476.4
   10521.5
   10557.5
   10560.3
   10855.4
   10955.4
   11052.2
   11091.9
   11119.3
   11281.6
   11285.0
   11459.1
   11471.5
   11485.5
   12001.7
   12249.1
   12513.9
   12529.7
   12564.6
   12827.9
   12930.4
   12962.1
   13075.3
   13252.4
   13324.4
   13410.5
   13606.8
   13862.3
   13916.9
   14544.2
   14561.0
   14744.7
   14816.2
   14864.7
   14980.8
   15301.5
   15507.4
   15672.9
   15902.5
   15930.6
   15991.4
   16142.6
   16282.6
   16326.3
   16413.0
   16533.3
   16628.5
   16682.7
   16798.4
   16993.8
   17048.6
   17109.2
   17251.8
   17581.8
   17618.2
   17707.5
   17729.7
   17848.7
   17884.0
   17965.9
   18351.3
   18455.1
   18585.3
   18738.0
   18976.4
   19590.7
   20097.2
   20274.1
   20392.2
   21016.2
   21126.0
   21146.8
   21188.4
   21733.2
   21784.9
   22142.4
   22222.2
   22318.6
   22433.5
   22688.1
   22910.4
