     351.5
     451.3
     474.1
     474.4
     600.6
     722.0
    1249.5
    1357.7
    1524.3
    1562.0
    1943.0
    2599.4
    2696.7
    2839.5
    3273.6
    3546.3
    3719.7
    3770.2
    3784.1
    3799.1
    3840.3
    3859.2
    4188.9
    5017.1
    5060.7
    5098.2
    5231.4
    5246.2
    5339.6
    5413.1
    5610.3
    5983.4
    6115.6
    6300.6
    6527.6
    6600.9
    6942.7
    7094.8
    7108.0
    7273.4
    7742.5
    7910.5
    8210.9
    8360.0
    8897.0
    9036.2
    9149.9
    9305.7
    9360.3
    9477.6
    9510.0
    9732.1
    9733.5
    9892.2
   11200.2
   11362.6
   11668.7
   11696.0
   11840.9
   11879.2
   12779.5
   13112.2
   13290.3
   13434.9
   13569.6
   13908.0
   14204.7
   14461.3
   15147.3
   15371.0
   15523.9
   15680.5
   15758.8
   16308.7
   16462.0
   16804.0
   16821.3
   17188.8
   17240.8
   17253.7
   17354.2
   17355.8
   17610.3
   18502.3
   18803.0
   18988.8
   19164.0
   19303.8
   19948.6
   20091.1
   20210.1
   20286.9
   20332.3
   20447.4
   20543.7
   20924.5
   21149.4
   21778.8
   21814.4
   21888.4
   22052.7
   22089.2
   22265.2
   22305.7
   22506.2
   22660.6
   22839.9
