     202.5
     281.3
     367.3
     797.6
    1069.4
    1098.0
    1190.7
    1278.4
    1424.4
    1480.3
    2010.6
    2281.5
    2748.6
    2763.5
    2903.5
    4622.5
    4754.9
    5409.9
    5463.6
    5573.8
    6063.5
    6113.0
    6237.3
    6251.5
    6360.1
    6979.3
    7445.3
    7487.7
    7772.7
    7836.1
    7945.2
    8098.8
    8133.1
    8470.8
    8766.3
    8771.7
    9251.0
    9401.8
    9622.8
    9834.3
   10218.7
   10261.6
   10301.1
   10499.8
   10579.0
   11187.7
   11240.0
   11417.4
   11548.2
   11842.6
   11892.8
   12293.2
   12576.4
   12657.0
   12690.6
   12806.6
   12862.3
   12865.5
   13114.6
   13208.8
   13342.7
   13667.2
   13817.3
   13864.8
   13901.5
   14018.9
   14202.8
   14697.3
   14989.0
   15025.1
   15261.0
   15601.1
   15628.3
   15790.5
   15934.9
   16208.5
   16353.7
   16383.5
   16453.6
   16723.6
   16749.9
   17784.0
   18037.4
   18080.0
   18085.9
   18140.6
   19054.2
   19308.7
   19336.8
   19423.9
   19580.6
   19689.8
   19778.9
   20030.7
   20892.0
   21013.1
   21318.6
   21627.8
   21757.6
   21839.0
   22040.1
   22203.2
   22532.7
