     301.5
     368.9
     619.2
     878.3
    1080.8
    1104.9
    1291.4
    1398.2
    1476.9
    1538.1
    1574.7
    1593.2
    1932.2
    2034.4
    2084.6
    2254.7
    2384.8
    2451.1
    2813.9
    3134.0
    3489.1
    3729.4
    3951.4
    4026.7
    4528.6
    4880.1
    4957.3
    5132.4
    5236.9
    5575.8
    5985.9
    6029.4
    6326.3
    6517.3
    6752.6
    7248.3
    7344.4
    7419.8
    7986.9
    8574.3
    8581.0
    8607.8
    8700.4
    8960.8
    8979.3
    8993.3
    9024.3
    9388.2
    9745.9
    9770.5
    9779.8
    9842.9
   10001.1
   10068.7
   10159.5
   10218.0
   10524.8
   10657.3
   10807.9
   11016.9
   11475.2
   11493.4
   11584.8
   12459.4
   12494.5
   12586.8
   13139.3
   13283.6
   13465.4
   13488.4
   13540.9
   13543.3
   13638.9
   14030.0
   14379.7
   14590.7
   14674.7
   14712.5
   14888.1
   15121.8
   15683.9
   15839.6
   16337.3
   16360.6
   16518.0
   16789.8
   16899.3
   17063.9
   17064.3
   17212.6
   17430.0
   18123.1
   18234.4
   18282.8
   18284.3
   18385.2
   18397.4
   18805.4
   18993.7
   19349.1
   19397.3
   19575.3
   19641.8
   19762.8
   19811.2
   19885.0
   19978.2
   20077.4
   20245.6
   20247.1
   20329.4
   20438.4
   20607.8
   20693.7
   20889.6
   21209.8
   21265.4
   21278.8
   21279.6
   21432.2
   21503.7
   21529.1
   21610.4
   21617.3
   21660.2
   22191.5
   22401.1
   22578.0
