     778.5
     817.5
     839.9
     927.5
    1204.1
    1427.7
    1879.7
    2502.8
    2755.2
    2757.1
    2998.5
    3050.3
    3129.0
    3147.2
    3173.3
    3402.4
    3404.0
    3474.9
    3899.4
    4504.8
    4890.2
    4893.6
    4997.5
    5163.5
    5837.8
    5913.0
    6158.0
    6224.7
    6398.6
    7142.1
    7175.7
    7224.1
    7317.0
    7366.9
    7538.2
    7616.0
    8000.1
    8727.3
    8875.2
    9740.0
    9919.6
    9986.6
   10018.9
   10076.9
   10249.1
   10758.4
   11574.3
   11576.1
   11891.6
   11991.3
   12023.9
   12107.0
   12208.0
   12433.8
   12585.1
   12595.3
   12837.8
   13259.3
   13345.5
   13471.6
   13474.7
   13651.3
   13717.2
   14036.8
   14041.0
   14147.9
   14334.5
   14424.8
   14891.5
   15163.9
   15413.5
   15486.3
   16687.7
   16713.0
   16787.6
   17584.0
   17675.6
   17991.0
   18157.8
   18582.0
   18610.1
   18756.3
   19133.4
   19326.9
   19350.9
   19750.5
   19757.5
   19765.2
   19780.9
   19796.2
   19947.0
   20043.2
   20209.3
   20241.9
   20441.4
   20583.2
   20991.7
   21214.4
   21269.1
   21461.7
   21548.9
   21674.4
   21782.3
   22118.9
   22232.2
   22253.4
   22292.5
   22428.8
   22875.2
