      67.7
     247.1
     623.8
     714.1
     773.1
     918.2
    1800.9
    1831.0
    1972.9
    2024.1
    2574.2
    2682.3
    2700.6
    2785.2
    2849.0
    3235.9
    3558.0
    3621.3
    3789.7
    3895.5
    3997.1
    4012.0
    4233.0
    4437.4
    4559.1
    4880.3
    5165.1
    5172.4
    5177.8
    5282.0
    5533.3
    5600.0
    5604.1
    5686.2
    5911.6
    5940.8
    6016.6
    6099.1
    6141.7
    6476.4
    6518.0
    7139.1
    7274.7
    7599.9
    7780.3
    7811.1
    8213.7
    8738.7
    8920.9
    9037.2
    9044.5
    9252.8
   10021.3
   10258.4
   10541.0
   10925.3
   11054.4
   11950.0
   12285.1
   13257.2
   13345.2
   13397.5
   13537.1
   13747.4
   13936.7
   14143.2
   14448.7
   14498.0
   14505.5
   15058.6
   15076.8
   15123.1
   15347.6
   15398.0
   15468.5
   15691.2
   15745.2
   15773.2
   15999.5
   16056.3
   16112.1
   16345.1
   16830.2
   16914.3
   16944.5
   16995.0
   17127.1
   17408.7
   18157.7
   18404.6
   18510.5
   18625.3
   18692.5
   18857.5
   19048.6
   19549.4
   19818.8
   19888.4
   20162.9
   20416.5
   20775.3
   20910.8
   21054.0
   21280.1
   21347.9
   21512.1
   22114.1
   22321.4
   22359.5
   22513.9
   22770.8
   22874.3
