     273.7
     487.4
     785.0
     865.7
     905.2
    1014.7
    1030.5
    1097.8
    1259.3
    1606.7
    1698.5
    1733.7
    2325.1
    2528.8
    2543.6
    2580.9
    2715.9
    2881.4
    3008.8
    3215.2
    3655.9
    4012.7
    4015.0
    4295.7
    4412.8
    4584.9
    4857.2
    4900.9
    5260.5
    5272.9
    5470.7
    5703.7
    5894.7
    5961.3
    6006.4
    6119.9
    6196.4
    6276.1
    6307.5
    6350.3
    6389.2
    6588.3
    6963.9
    6983.0
    6995.7
    7344.6
    7796.2
    7840.4
    8231.5
    8741.3
    8788.5
    8895.0
    8903.1
    8926.2
    8926.9
    9317.0
    9914.9
   10237.0
   10498.5
   10674.1
   10759.8
   10949.9
   11752.1
   12021.3
   12108.0
   12212.7
   12273.5
   12274.3
   12596.5
   12888.2
   12924.2
   12933.3
   13065.5
   13156.0
   13407.9
   13469.9
   13509.4
   14325.3
   14356.7
   14562.5
   14913.7
   15247.8
   15309.4
   15313.7
   16108.4
   16296.5
   16355.4
   16362.6
   16379.1
   16505.9
   16804.0
   17097.0
   17345.1
   17447.7
   17507.9
   17601.9
   17706.1
   17815.8
   17869.8
   18003.1
   18114.6
   18605.6
   18643.8
   18767.7
   19309.8
   19483.6
   19701.2
   19744.7
   19800.3
   20095.8
   20236.7
   20237.5
   20840.9
   21082.9
   21125.4
   21241.2
   21361.5
   21585.5
   22008.8
   22293.8
   22320.4
   22483.1
   22821.8
   22826.4
   22937.1
   22960.0
