      83.3
     404.7
     551.4
     630.5
     930.8
    1295.8
    1299.9
    1400.5
    1764.0
    2054.4
    2149.4
    2289.3
    2584.4
    2997.9
    3623.5
    3629.4
    3990.6
    4090.0
    4149.1
    4220.7
    4321.3
    4461.3
    4472.8
    4941.3
    5312.9
    5400.9
    5504.2
    5621.0
    5697.5
    5974.1
    6013.9
    6017.9
    6026.2
    6029.7
    6356.2
    6762.4
    7039.8
    7140.9
    7239.4
    7543.2
    7916.7
    8075.3
    8094.0
    8108.9
    8112.8
    8170.2
    8224.6
    8335.1
    8755.8
    8778.1
    8826.1
    9031.7
    9038.8
    9063.6
    9259.0
    9328.1
    9499.9
    9524.8
    9644.9
    9688.2
   10056.7
   10143.9
   10152.7
   10200.6
   10332.5
   10357.3
   10523.7
   10600.5
   10609.7
   10618.6
   11120.5
   11484.1
   11718.1
   11865.3
   11921.8
   12155.2
   12766.3
   12816.6
   12841.1
   13490.3
   13723.7
   13779.0
   13976.1
   14131.4
   14285.3
   14292.4
   14672.2
   14684.9
   15038.1
   15206.7
   15318.8
   15435.5
   15495.2
   15506.9
   15754.9
   15793.7
   16305.8
   16385.0
   17003.2
   17853.4
   17932.9
   17965.1
   18295.6
   18444.3
   18628.0
   18717.7
   18961.1
   19048.9
   19110.2
   19253.3
   19887.3
   20567.4
   20572.6
   20591.4
   20745.9
   20873.2
   20904.3
   21089.2
   21101.2
   21490.1
   21533.3
   21538.5
   22536.4
   22768.5
   22779.6
   22855.6
   22925.9
   22931.7
   22977.1
