     176.9
     847.0
    1070.8
    1261.1
    1390.8
    1462.0
    1656.6
    1689.3
    1753.7
    1791.5
    2167.4
    2431.6
    2446.4
    2690.1
    2850.3
    2910.2
    2942.6
    2979.6
    3142.1
    3310.8
    3549.2
    3562.6
    3582.7
    3866.5
    3890.9
    4042.1
    4067.0
    4371.1
    4666.2
    5704.0
    5864.4
    5905.7
    6226.6
    6235.4
    6236.7
    6244.3
    6338.1
    6687.7
    6917.9
    6941.7
    7113.8
    7355.3
    7666.3
    7780.2
    8364.7
    8405.0
    8668.4
    8959.3
    9025.5
    9113.4
    9172.6
    9334.4
    9723.3
    9787.1
   10168.6
   10387.7
   10426.2
   10534.1
   10898.7
   11343.0
   12013.9
   12136.5
   12624.7
   12805.5
   13291.4
   13433.2
   13453.5
   13649.0
   13684.9
   14002.3
   14163.4
   14224.2
   14536.8
   14631.1
   14692.6
   14975.0
   15756.4
   15922.5
   16091.7
   16738.4
   16757.2
   16765.6
   16856.3
   16873.7
   16961.6
   16998.4
   17213.4
   17538.5
   17568.6
   17780.8
   18096.1
   18591.9
   18656.8
   18713.6
   19103.1
   19152.4
   19167.1
   20002.6
   20468.4
   20955.6
   21298.1
   21365.4
   21580.2
   22080.8
   22373.3
   22768.4
