     101.1
     361.1
     396.6
     592.6
    1064.5
    1453.9
    1571.6
    1935.9
    2109.9
    2200.7
    3008.5
    3589.8
    3635.3
    3793.6
    4260.5
    4568.8
    4657.5
    5324.0
    6313.0
    6438.6
    6652.8
    6677.2
    7383.9
    7437.4
    7516.9
    7557.4
    8141.6
    8171.5
    8814.1
    9110.9
    9139.0
    9319.2
    9931.7
   10077.4
   10323.9
   10348.3
   10498.4
   10844.5
   11210.0
   11313.5
   11701.5
   11796.7
   11818.7
   11873.9
   11987.8
   12106.2
   12164.8
   12328.6
   12755.7
   12955.7
   13023.0
   13193.1
   13397.5
   14100.3
   14104.7
   14265.4
   14713.4
   14952.8
   15029.0
   15310.3
   15549.3
   15903.6
   15964.4
   16113.9
   16510.8
   16689.4
   16913.8
   16939.5
   17343.6
   17646.5
   17664.4
   17888.2
   18056.2
   18087.2
   18294.8
   18392.9
   18910.9
   18981.8
   19118.3
   19166.8
   19343.6
   19446.6
   19530.1
   19562.2
   19907.8
   20044.9
   20130.9
   20323.1
   20325.8
   20463.8
   20560.4
   20607.5
   20672.4
   20723.2
   21038.6
   21253.9
   21352.3
   21571.9
   21774.5
   21860.5
   22011.7
   22571.5
   22583.2
