-65
-64.9848
-64.9714
-64.9581
-64.9453
-64.9331
-64.9218
-64.9115
-64.9021
-64.8937
-64.8861
-64.8793
-64.8732
-64.8678
-64.8629
-64.8585
-64.8546
-64.851
-64.8479
-64.845
-64.8425
-64.8402
-64.8382
-64.8363
-64.8347
-64.8333
-64.832
-64.8309
-64.8299
-64.8291
-64.8284
-64.8278
-64.8273
-64.8269
-64.8266
-64.8264
-64.8262
-64.8262
-64.8262
-64.8263
-64.8264
-64.8267
-64.8269
-64.8272
-64.8276
-64.828
-64.8285
-64.8289
-64.8295
-64.83
-64.8306
-64.8313
-64.8319
-64.8326
-64.8333
-64.8341
-64.8348
-64.8356
-64.8364
-64.8372
-64.838
-64.8389
-64.8397
-64.8406
-64.8415
-64.8424
-64.8433
-64.8442
-64.8452
-64.8461
-64.847
-64.848
-64.8489
-64.8499
-64.8508
-64.8518
-64.8528
-64.8538
-64.8547
-64.8557
-64.8567
-64.8577
-64.8586
-64.8596
-64.8606
-64.8616
-64.8625
-64.8635
-64.8645
-64.8655
-64.8664
-64.8674
-64.8684
-64.8693
-64.8703
-64.8712
-64.8722
-64.8731
-64.8741
-64.875
-64.876
-64.8769
-64.8778
-64.8787
-64.8797
-64.8806
-64.8815
-64.8824
-64.8833
-64.8842
-64.8851
-64.886
-64.8868
-64.8877
-64.8886
-64.8894
-64.8903
-64.8912
-64.892
-64.8928
-64.8937
-64.8945
-64.8953
-64.8961
-64.897
-64.8978
-64.8986
-64.8994
-64.9001
-64.9009
-64.9017
-64.9025
-64.9032
-64.904
-64.9048
-64.9055
-64.9062
-64.907
-64.9077
-64.9084
-64.9091
-64.9099
-64.9106
-64.9113
-64.912
-64.9127
-64.9133
-64.914
-64.9147
-64.9154
-64.916
-64.9167
-64.9173
-64.918
-64.9186
-64.9193
-64.9199
-64.9205
-64.9211
-64.9217
-64.9223
-64.9229
-64.9235
-64.9241
-64.9247
-64.9253
-64.9259
-64.9265
-64.927
-64.9276
-64.9281
-64.9287
-64.9292
-64.9298
-64.9303
-64.9308
-64.9314
-64.9319
-64.9324
-64.9329
-64.9334
-64.9339
-64.9344
-64.9349
-64.9354
-64.9359
-64.9364
-64.9369
-64.9373
-64.9378
-64.9383
-64.9387
-64.9392
-64.9396
-64.9401
-64.9405
-64.9409
-64.9414
-64.9418
-64.9422
-64.9427
-64.9431
-64.9435
-64.9439
-64.9443
-64.9447
-64.9451
-64.9455
-64.9459
-64.9463
-64.9466
-64.947
-64.9474
-64.9478
-64.9481
-64.9485
-64.9489
-64.9492
-64.9496
-64.9499
-64.9503
-64.9506
-64.9509
-64.9513
-64.9516
-64.9519
-64.9523
-64.9526
-64.9529
-64.9532
-64.9535
-64.9538
-64.9542
-64.9545
-64.9548
-64.9551
-64.9553
-64.9556
-64.9559
-64.9562
-64.9565
-64.9568
-64.9571
-64.9573
-64.9576
-64.9579
-64.9581
-64.9584
-64.9586
-64.9589
-64.9592
-64.9594
-64.9597
-64.9599
-64.9601
-64.9604
-64.9606
-64.9609
-64.9611
-64.9613
-64.9616
-64.9618
-64.962
-64.9622
-64.9624
-64.9627
-64.9629
-64.9631
-64.9633
-64.9635
-64.9637
-64.9639
-64.9641
-64.9643
-64.9645
-64.9647
-64.9649
-64.9651
-64.9653
-64.9654
-64.9656
-64.9658
-64.966
-64.9662
-64.9663
-64.9665
-64.9667
-64.9668
-64.967
-64.9672
-64.9673
-64.9675
-64.9677
-64.9678
-64.968
-64.9681
-64.9683
-64.9684
-64.9686
-64.9687
-64.9689
-64.969
-64.9692
-64.9693
-64.9694
-64.9696
-64.9697
-64.9698
-64.97
-64.9701
-64.9702
-64.9703
-64.9705
-64.9706
-64.9707
-64.9708
-64.971
-64.9711
-64.9712
-64.9713
-64.9714
-64.9715
-64.9716
-64.9717
-64.9719
-64.972
-64.9721
-64.9722
-64.9723
-64.9724
-64.9725
-64.9726
-64.9727
-64.9728
-64.9729
-64.9729
-64.973
-64.9731
-64.9732
-64.9733
-64.9734
-64.9735
-64.9736
-64.9736
-64.9737
-64.9738
-64.9739
-64.974
-64.974
-64.9741
-64.9742
-64.9743
-64.9743
-64.9744
-64.9745
-64.9746
-64.9746
-64.9747
-64.9748
-64.9748
-64.9749
-64.975
-64.975
-64.9751
-64.9751
-64.9752
-64.9753
-64.9753
-64.9754
-64.9754
-64.9755
-64.9755
-64.9756
-64.9757
-64.9757
-64.9758
-64.9758
-64.9759
-64.9759
-64.976
-64.976
-64.976
-64.9761
-64.9761
-64.9762
-64.9762
-64.9763
-64.9763
-64.9763
-64.9764
-64.9764
-64.9765
-64.9765
-64.9765
-64.9766
-64.9766
-64.9766
-64.9767
-64.9767
-64.9768
-64.9768
-64.9768
-64.9768
-64.9769
-64.9769
-64.9769
-64.977
-64.977
-64.977
-64.977
-64.9771
-64.9771
-64.9771
-64.9772
-64.9772
-64.9772
-64.9772
-64.9772
-64.9773
-64.9773
-64.9773
-64.9773
-64.9773
-64.9774
-64.9774
-64.9774
-64.9774
-64.9774
-64.9775
-64.9775
-64.9775
-64.9775
-64.9775
-64.9775
-64.9775
-64.9776
-64.9776
-64.9776
-64.9776
-64.9776
-64.9776
-64.9776
-64.9776
-64.9777
-64.9777
-64.9777
-64.9777
-64.9777
-64.9777
-64.9777
-64.9777
-64.9777
-64.9777
-64.9777
-64.9777
-64.9777
-64.9778
-64.9778
-64.9778
-64.9778
-64.9778
-64.9778
-64.9778
-64.9778
-64.9778
-64.9778
-64.9778
-64.9778
-64.9778
-64.9778
-64.9778
-64.9778
-64.9778
-64.9778
-64.9778
-64.9778
-64.9778
-64.9778
-64.9778
-64.9778
-64.9778
-64.9778
-64.9778
-64.9778
-64.9778
-64.9778
-64.9778
-64.9778
-64.9778
-64.9777
-64.9777
-64.9777
-64.9777
-64.9777
-64.9777
-64.9777
-64.9777
-64.9777
-64.9777
-64.9777
-64.9777
-64.9777
-64.9777
-64.9777
-64.9777
-64.9776
-64.9776
-64.9776
-64.9776
-64.9776
-64.9776
-64.9776
-64.9776
-64.9776
-64.9776
-64.9776
-64.9776
-64.9775
-64.9775
-64.9775
-64.9775
-64.9775
-64.9775
-64.9775
-64.9775
-64.9775
-64.9774
-64.9774
-64.9774
-64.9774
-64.9774
-64.9774
-64.9774
-64.9774
-64.9774
-64.9773
-64.9773
-64.9773
-64.9773
-64.9773
-64.9773
-64.9773
-64.9772
-64.9772
-64.9772
-64.9772
-64.9772
-64.9772
-64.9772
-64.9772
-64.9771
-64.9771
-64.9771
-64.9771
-64.9771
-64.9771
-64.9771
-64.977
-64.977
-64.977
-64.977
-64.977
-64.977
-64.9769
-64.9769
-64.9769
-64.9769
-64.9769
-64.9769
-64.9769
-64.9768
-64.9768
-64.9768
-64.9768
-64.9768
-64.9768
-64.9767
-64.9767
-64.9767
-64.9767
-64.9767
-64.9767
-64.9766
-64.9766
-64.9766
-64.9766
-64.9766
-64.9766
-64.9765
-64.9765
-64.9765
-64.9765
-64.9765
-64.9765
-64.9764
-64.9764
-64.9764
-64.9764
-64.9764
-64.9764
-64.9763
-64.9763
-64.9763
-64.9763
-64.9763
-64.9763
-64.9762
-64.9762
-64.9762
-64.9762
-64.9762
-64.9762
-64.9761
-64.9761
-64.9761
-64.9761
-64.9761
-64.9761
-64.976
-64.976
-64.976
-64.976
-64.976
-64.9759
-64.9759
-64.9759
-64.9759
-64.9759
-64.9759
-64.9758
-64.9758
-64.9758
-64.9758
-64.9758
-64.9758
-64.9757
-64.9757
-64.9757
-64.9757
-64.9757
-64.9756
-64.9756
-64.9756
-64.9756
-64.9756
-64.9756
-64.9755
-64.9755
-64.9755
-64.9755
-64.9755
-64.9755
-64.9754
-64.9754
-64.9754
-64.9754
-64.9754
-64.9753
-64.9753
-64.9753
-64.9753
-64.9753
-64.9753
-64.9752
-64.9752
-64.9752
-64.9752
-64.9752
-64.9752
-64.9751
-64.9751
-64.9751
-64.9751
-64.9751
-64.975
-64.975
-64.975
-64.975
-64.975
-64.975
-64.9749
-64.9749
-64.9717
-64.9626
-64.9459
-64.9213
-64.889
-64.8498
-64.8044
-64.7538
-64.6991
-64.641
-64.5806
-64.5184
-64.4553
-64.3918
-64.3283
-64.2654
-64.2033
-64.1424
-64.0828
-64.0248
-63.9686
-63.9142
-63.8617
-63.8111
-63.7626
-63.7161
-63.6716
-63.6291
-63.5887
-63.5502
-63.5136
-63.4789
-63.4461
-63.4152
-63.3859
-63.3584
-63.3326
-63.3084
-63.2857
-63.2646
-63.2449
-63.2267
-63.2098
-63.1943
-63.18
-63.1669
-63.1551
-63.1443
-63.1347
-63.1261
-63.1185
-63.112
-63.1063
-63.1015
-63.0976
-63.0946
-63.0923
-63.0908
-63.09
-63.0899
-63.0905
-63.0917
-63.0936
-63.096
-63.099
-63.1025
-63.1065
-63.111
-63.116
-63.1214
-63.1273
-63.1335
-63.1401
-63.1471
-63.1544
-63.1621
-63.1701
-63.1783
-63.1868
-63.1956
-63.2047
-63.2139
-63.2234
-63.2331
-63.243
-63.2531
-63.2634
-63.2738
-63.2843
-63.295
-63.3058
-63.3168
-63.3278
-63.339
-63.3502
-63.3616
-63.373
-63.3844
-63.396
-63.4076
-63.4192
-63.4309
-63.4426
-63.4544
-63.4661
-63.4779
-63.4897
-63.5016
-63.5134
-63.5252
-63.537
-63.5488
-63.5606
-63.5724
-63.5842
-63.5959
-63.6077
-63.6193
-63.631
-63.6426
-63.6542
-63.6658
-63.6773
-63.6887
-63.7001
-63.7115
-63.7228
-63.7341
-63.7453
-63.7565
-63.7676
-63.7786
-63.7896
-63.8005
-63.8114
-63.8221
-63.8329
-63.8435
-63.8541
-63.8647
-63.8751
-63.8855
-63.8958
-63.9061
-63.9163
-63.9264
-63.9364
-63.9464
-63.9563
-63.9661
-63.9759
-63.9855
-63.9951
-64.0047
-64.0141
-64.0235
-64.0328
-64.042
-64.0512
-64.0603
-64.0693
-64.0782
-64.0871
-64.0959
-64.1046
-64.1132
-64.1218
-64.1303
-64.1387
-64.1471
-64.1553
-64.1635
-64.1717
-64.1797
-64.1877
-64.1956
-64.2035
-64.2112
-64.2189
-64.2266
-64.2341
-64.2416
-64.249
-64.2564
-64.2637
-64.2709
-64.2781
-64.2851
-64.2922
-64.2991
-64.306
-64.3128
-64.3196
-64.3263
-64.3329
-64.3394
-64.3459
-64.3524
-64.3588
-64.3651
-64.3713
-64.3775
-64.3836
-64.3897
-64.3957
-64.4017
-64.4075
-64.4134
-64.4192
-64.4249
-64.4305
-64.4361
-64.4417
-64.4472
-64.4526
-64.458
-64.4633
-64.4686
-64.4738
-64.479
-64.4841
-64.4891
-64.4942
-64.4991
-64.504
-64.5089
-64.5137
-64.5184
-64.5232
-64.5278
-64.5324
-64.537
-64.5415
-64.546
-64.5504
-64.5548
-64.5591
-64.5634
-64.5676
-64.5718
-64.576
-64.5801
-64.5842
-64.5882
-64.5922
-64.5961
-64.6
-64.6038
-64.6077
-64.6114
-64.6152
-64.6189
-64.6225
-64.6261
-64.6297
-64.6332
-64.6367
-64.6402
-64.6436
-64.647
-64.6503
-64.6537
-64.6569
-64.6602
-64.6634
-64.6665
-64.6697
-64.6728
-64.6758
-64.6789
-64.6819
-64.6848
-64.6878
-64.6907
-64.6936
-64.6964
-64.6992
-64.702
-64.7047
-64.7074
-64.7101
-64.7128
-64.7154
-64.718
-64.7205
-64.7231
-64.7256
-64.7281
-64.7305
-64.7329
-64.7353
-64.7377
-64.74
-64.7424
-64.7446
-64.7469
-64.7491
-64.7513
-64.7535
-64.7557
-64.7578
-64.7599
-64.762
-64.7641
-64.7661
-64.7681
-64.7701
-64.7721
-64.774
-64.7759
-64.7778
-64.7797
-64.7816
-64.7834
-64.7852
-64.787
-64.7888
-64.7905
-64.7922
-64.7939
-64.7956
-64.7973
-64.7989
-64.8005
-64.8021
-64.8037
-64.8053
-64.8068
-64.8084
-64.8099
-64.8114
-64.8128
-64.8143
-64.8157
-64.8171
-64.8185
-64.8199
-64.8213
-64.8226
-64.824
-64.8253
-64.8266
-64.8278
-64.8291
-64.8304
-64.8316
-64.8328
-64.834
-64.8352
-64.8364
-64.8375
-64.8387
-64.8398
-64.8409
-64.842
-64.8431
-64.8441
-64.8452
-64.8462
-64.8473
-64.8483
-64.8493
-64.8503
-64.8512
-64.8522
-64.8531
-64.8541
-64.855
-64.8559
-64.8568
-64.8577
-64.8586
-64.8594
-64.8603
-64.8611
-64.8619
-64.8627
-64.8635
-64.8643
-64.8651
-64.8659
-64.8666
-64.8674
-64.8681
-64.8689
-64.8696
-64.8703
-64.871
-64.8717
-64.8723
-64.873
-64.8737
-64.8743
-64.8749
-64.8756
-64.8762
-64.8768
-64.8774
-64.878
-64.8786
-64.8791
-64.8797
-64.8803
-64.8808
-64.8813
-64.8819
-64.8824
-64.8829
-64.8834
-64.8839
-64.8844
-64.8849
-64.8854
-64.8858
-64.8863
-64.8867
-64.8872
-64.8876
-64.888
-64.8885
-64.8889
-64.8893
-64.8897
-64.8901
-64.8905
-64.8909
-64.8912
-64.8916
-64.892
-64.8923
-64.8927
-64.893
-64.8933
-64.8937
-64.894
-64.8943
-64.8946
-64.8949
-64.8952
-64.8955
-64.8958
-64.8961
-64.8964
-64.8967
-64.8969
-64.8972
-64.8975
-64.8977
-64.898
-64.8982
-64.8984
-64.8987
-64.8989
-64.8991
-64.8993
-64.8996
-64.8998
-64.9
-64.9002
-64.9004
-64.9006
-64.9007
-64.9009
-64.9011
-64.9013
-64.9015
-64.9016
-64.9018
-64.9019
-64.9021
-64.9023
-64.9024
-64.9025
-64.9027
-64.9028
-64.903
-64.9031
-64.9032
-64.9033
-64.9035
-64.9036
-64.9037
-64.9038
-64.9039
-64.904
-64.9041
-64.9042
-64.9043
-64.9044
-64.9045
-64.9046
-64.9046
-64.9047
-64.9048
-64.9049
-64.9049
-64.905
-64.9051
-64.9051
-64.9052
-64.9053
-64.9053
-64.9054
-64.9054
-64.9055
-64.9055
-64.9056
-64.9056
-64.9056
-64.9057
-64.9057
-64.9057
-64.9058
-64.9058
-64.9058
-64.9058
-64.9059
-64.9059
-64.9059
-64.9059
-64.9059
-64.9059
-64.906
-64.906
-64.906
-64.906
-64.906
-64.906
-64.906
-64.906
-64.906
-64.906
-64.906
-64.906
-64.906
-64.9059
-64.9059
-64.9059
-64.9059
-64.9059
-64.9059
-64.9059
-64.9058
-64.9058
-64.9058
-64.9058
-64.9057
-64.9057
-64.9057
-64.9057
-64.9056
-64.9056
-64.9056
-64.9055
-64.9055
-64.9055
-64.9054
-64.9054
-64.9054
-64.9053
-64.9053
-64.9052
-64.9052
-64.9052
-64.9051
-64.9051
-64.905
-64.905
-64.9049
-64.9049
-64.9048
-64.9048
-64.9048
-64.9047
-64.9047
-64.9046
-64.9046
-64.9045
-64.9044
-64.9044
-64.9043
-64.9043
-64.9042
-64.9042
-64.9041
-64.9041
-64.904
-64.904
-64.9039
-64.9038
-64.9038
-64.9037
-64.9037
-64.9036
-64.9035
-64.9035
-64.9034
-64.9034
-64.9033
-64.9032
-64.9032
-64.9031
-64.903
-64.903
-64.9029
-64.9029
-64.9028
-64.9027
-64.9027
-64.9026
-64.9025
-64.9025
-64.9024
-64.9023
-64.9023
-64.9022
-64.9021
-64.9021
-64.902
-64.902
-64.9019
-64.9018
-64.9018
-64.9017
-64.9016
-64.9016
-64.9015
-64.9014
-64.9014
-64.9013
-64.9012
-64.9012
-64.9011
-64.901
-64.901
-64.9009
-64.9008
-64.9008
-64.9007
-64.9006
-64.9006
-64.9005
-64.9004
-64.9004
-64.9003
-64.9002
-64.9002
-64.9001
-64.9
-64.9
-64.8999
-64.8998
-64.8998
-64.8997
-64.8997
-64.8996
-64.8995
-64.8995
-64.8994
-64.8993
-64.8993
-64.8992
-64.8991
-64.8991
-64.899
-64.899
-64.8989
-64.8988
-64.8988
-64.8987
-64.8986
-64.8986
-64.8985
-64.8985
-64.8984
-64.8983
-64.8983
-64.8982
-64.8982
-64.8981
-64.898
-64.898
-64.8979
-64.8979
-64.8978
-64.8978
-64.8977
-64.8976
-64.8976
-64.8975
-64.8975
-64.8974
-64.8974
-64.8973
-64.8973
-64.8972
-64.8971
-64.8971
-64.897
-64.897
-64.8969
-64.8969
-64.8968
-64.8968
-64.8967
-64.8967
-64.8966
-64.8966
-64.8965
-64.8965
-64.8964
-64.8964
-64.8963
-64.8963
-64.8962
-64.8962
-64.8961
-64.8961
-64.896
-64.896
-64.8959
-64.8959
-64.8959
-64.8958
-64.8958
-64.8957
-64.8957
-64.8956
-64.8956
-64.8955
-64.8955
-64.8955
-64.8954
-64.8954
-64.8953
-64.8953
-64.8953
-64.8952
-64.8952
-64.8951
-64.8951
-64.8951
-64.895
-64.895
-64.895
-64.8949
-64.8949
-64.8948
-64.8948
-64.8948
-64.8947
-64.8947
-64.8947
-64.8946
-64.8946
-64.8946
-64.8945
-64.8945
-64.8945
-64.8944
-64.8944
-64.8944
-64.8944
-64.8943
-64.8943
-64.8943
-64.8942
-64.8942
-64.8942
-64.8942
-64.8941
-64.8941
-64.8941
-64.894
-64.894
-64.894
-64.894
-64.8939
-64.8939
-64.8939
-64.8939
-64.8939
-64.8938
-64.8938
-64.8938
-64.8938
-64.8937
-64.8937
-64.8937
-64.8937
-64.8937
-64.8936
-64.8936
-64.8936
-64.8936
-64.8936
-64.8936
-64.8935
-64.8935
-64.8935
-64.8935
-64.8935
-64.8935
-64.8934
-64.8934
-64.8934
-64.8934
-64.8934
-64.8934
-64.8934
-64.8934
-64.8933
-64.8933
-64.8933
-64.8933
-64.8933
-64.8933
-64.8933
-64.8933
-64.8933
-64.8933
-64.8933
-64.8932
-64.8932
-64.8932
-64.8932
-64.8932
-64.8932
-64.8932
-64.8932
-64.8932
-64.8932
-64.8932
-64.8932
-64.8932
-64.8932
-64.8932
-64.8932
-64.8932
-64.8932
-64.8932
-64.8932
-64.8932
-64.8932
-64.8932
-64.8932
-64.8932
-64.8932
-64.8932
-64.8932
-64.8932
-64.8932
-64.8932
-64.8932
-64.8932
-64.8932
-64.8932
-64.8932
-64.8932
-64.8932
-64.8932
-64.8932
-64.8932
-64.8932
-64.8932
-64.8932
-64.8933
-64.8933
-64.8933
-64.8933
-64.8933
-64.8933
-64.8933
-64.8933
-64.8933
-64.8933
-64.8933
-64.8934
-64.8934
-64.8934
-64.8934
-64.8934
-64.8934
-64.8934
-64.8934
-64.8934
-64.8935
-64.8935
-64.8935
-64.8935
-64.8935
-64.8935
-64.8935
-64.8936
-64.8936
-64.8936
-64.8936
-64.8936
-64.8936
-64.8937
-64.8937
-64.8937
-64.8937
-64.8937
-64.8937
-64.8938
-64.8938
-64.8938
-64.8938
-64.8938
-64.8939
-64.8939
-64.8939
-64.8939
-64.8939
-64.894
-64.894
-64.894
-64.894
-64.894
-64.8941
-64.8941
-64.8941
-64.8941
-64.8942
-64.8942
-64.8942
-64.8942
-64.8943
-64.8943
-64.8943
-64.8943
-64.8944
-64.8944
-64.8944
-64.8944
-64.8945
-64.8945
-64.8945
-64.8945
-64.8946
-64.8946
-64.8946
-64.8946
-64.8947
-64.8947
-64.8947
-64.8948
-64.8948
-64.8948
-64.8948
-64.8949
-64.8949
-64.8949
-64.895
-64.895
-64.895
-64.8951
-64.8951
-64.8951
-64.8951
-64.8952
-64.8952
-64.8952
-64.8953
-64.8953
-64.8953
-64.8954
-64.8954
-64.8954
-64.8955
-64.8955
-64.8955
-64.8956
-64.8956
-64.8956
-64.8957
-64.8957
-64.8957
-64.8958
-64.8958
-64.8958
-64.8959
-64.8959
-64.8959
-64.896
-64.896
-64.8961
-64.8961
-64.8961
-64.8962
-64.8962
-64.8962
-64.8963
-64.8963
-64.8964
-64.8964
-64.8964
-64.8965
-64.8965
-64.8965
-64.8966
-64.8966
-64.8967
-64.8967
-64.8967
-64.8968
-64.8968
-64.8969
-64.8969
-64.8969
-64.897
-64.897
-64.8971
-64.8971
-64.8971
-64.8972
-64.8972
-64.8973
-64.8973
-64.8973
-64.8974
-64.8974
-64.8975
-64.8975
-64.8975
-64.8976
-64.8976
-64.8977
-64.8977
-64.8978
-64.8978
-64.8978
-64.8979
-64.8979
-64.898
-64.898
-64.8981
-64.8981
-64.8981
-64.8982
-64.8982
-64.8983
-64.8983
-64.8984
-64.8984
-64.8984
-64.8985
-64.8985
-64.8986
-64.8986
-64.8987
-64.8987
-64.8988
-64.8988
-64.8989
-64.8989
-64.8989
-64.899
-64.899
-64.8991
-64.8991
-64.8992
-64.8992
-64.8993
-64.8993
-64.8994
-64.8994
-64.8995
-64.8995
-64.8995
-64.8996
-64.8996
-64.8997
-64.8997
-64.8998
-64.8998
-64.8999
-64.8999
-64.9
-64.9
-64.9001
-64.9001
-64.9002
-64.9002
-64.9003
-64.9003
-64.9004
-64.9004
-64.9005
-64.9005
-64.9005
-64.9006
-64.9006
-64.9007
-64.9007
-64.9008
-64.9008
-64.9009
-64.9009
-64.901
-64.901
-64.9011
-64.9011
-64.9012
-64.9012
-64.9013
-64.9013
-64.9014
-64.9014
-64.9015
-64.9015
-64.9016
-64.9016
-64.9017
-64.9017
-64.9018
-64.9018
-64.9019
-64.9019
-64.902
-64.902
-64.9021
-64.9021
-64.9022
-64.9022
-64.9023
-64.9023
-64.9024
-64.9024
-64.9025
-64.9025
-64.9026
-64.9026
-64.9027
-64.9028
-64.9028
-64.9029
-64.9029
-64.903
-64.903
-64.9031
-64.9031
-64.9032
-64.9032
-64.9033
-64.9033
-64.9034
-64.9034
-64.9035
-64.9035
-64.9036
-64.9036
-64.9037
-64.9037
-64.9038
-64.9038
-64.9039
-64.9039
-64.904
-64.904
-64.9041
-64.9042
-64.9042
-64.9043
-64.9043
-64.9044
-64.9044
-64.9045
-64.9045
-64.9046
-64.9046
-64.9047
-64.9047
-64.9048
-64.9048
-64.9049
-64.9049
-64.905
-64.905
-64.9051
-64.9052
-64.9052
-64.9053
-64.9053
-64.9054
-64.9054
-64.9055
-64.9055
-64.9056
-64.9056
-64.9057
-64.9057
-64.9058
-64.9058
-64.9059
-64.906
-64.906
-64.9061
-64.9061
-64.9062
-64.9062
-64.9063
-64.9063
-64.9064
-64.9064
-64.9065
-64.9065
-64.9066
-64.9066
-64.9067
-64.9068
-64.9068
-64.9069
-64.9069
-64.907
-64.907
-64.9071
-64.9071
-64.9072
-64.9072
-64.9073
-64.9073
-64.9074
-64.9075
-64.9075
-64.9076
-64.9076
-64.9077
-64.9077
-64.9078
-64.9078
-64.9079
-64.9079
-64.908
-64.908
-64.9081
-64.9082
-64.9082
-64.9083
-64.9083
-64.9084
-64.9084
-64.9085
-64.9085
-64.9086
-64.9086
-64.9087
-64.9087
-64.9088
-64.9088
-64.9089
-64.909
-64.909
-64.9091
-64.9091
-64.9092
-64.9092
-64.9093
-64.9093
-64.9094
-64.9094
-64.9095
-64.9095
-64.9096
-64.9097
-64.9097
-64.9098
-64.9098
-64.9099
-64.9099
-64.91
-64.91
-64.9101
-64.9101
-64.9102
-64.9102
-64.9103
-64.9104
-64.9104
-64.9105
-64.9105
-64.9106
-64.9106
-64.9107
-64.9107
-64.9108
-64.9108
-64.9109
-64.9109
-64.911
-64.9111
-64.9111
-64.9112
-64.9112
-64.9113
-64.9113
-64.9114
-64.9114
-64.9115
-64.9115
-64.9116
-64.9116
-64.9117
-64.9117
-64.9118
-64.9119
-64.9119
-64.912
-64.912
-64.9121
-64.9121
-64.9122
-64.9122
-64.9123
-64.9123
-64.9124
-64.9124
-64.9125
-64.9125
-64.9126
-64.9126
-64.9127
-64.9128
-64.9128
-64.9129
-64.9129
-64.913
-64.913
-64.9131
-64.9131
-64.9132
-64.9132
-64.9133
-64.9133
-64.9134
-64.9134
-64.9135
-64.9135
-64.9136
-64.9137
-64.9137
-64.9138
-64.9138
-64.9139
-64.9139
-64.914
-64.914
-64.9141
-64.9141
-64.9142
-64.9142
-64.9143
-64.9143
-64.9144
-64.9144
-64.9145
-64.9145
-64.9146
-64.9147
-64.9147
-64.9148
-64.9148
-64.9149
-64.9149
-64.915
-64.915
-64.9151
-64.9151
-64.9152
-64.9152
-64.9153
-64.9153
-64.9154
-64.9154
-64.9155
-64.9155
-64.9156
-64.9156
-64.9157
-64.9157
-64.9158
-64.9158
-64.9159
-64.9159
-64.916
-64.9161
-64.9161
-64.9162
-64.9162
-64.9163
-64.9163
-64.9164
-64.9164
-64.9165
-64.9165
-64.9166
-64.9166
-64.9167
-64.9167
-64.9168
-64.9168
-64.9169
-64.9169
-64.917
-64.917
-64.9171
-64.9171
-64.9172
-64.9172
-64.9173
-64.9173
-64.9174
-64.9174
-64.9175
-64.9175
-64.9176
-64.9176
-64.9177
-64.9177
-64.9178
-64.9178
-64.9179
-64.9179
-64.918
-64.918
-64.9181
-64.9181
-64.9182
-64.9182
-64.9183
-64.9183
-64.9184
-64.9184
-64.9185
-64.9185
-64.9186
-64.9186
-64.9187
-64.9187
-64.9188
-64.9188
-64.9189
-64.9189
-64.919
-64.919
-64.9191
-64.9191
-64.9192
-64.9192
-64.9193
-64.9193
-64.9194
-64.9194
-64.9195
-64.9195
-64.9196
-64.9196
-64.9197
-64.9197
-64.9198
-64.9198
-64.9199
-64.9199
-64.92
-64.92
-64.9201
-64.9201
-64.9202
-64.9202
-64.9203
-64.9203
-64.9204
-64.9204
-64.9205
-64.9205
-64.9206
-64.9206
-64.9207
-64.9207
-64.9208
-64.9208
-64.9209
-64.9209
-64.921
-64.921
-64.921
-64.9211
-64.9211
-64.9212
-64.9212
-64.9213
-64.9213
-64.9214
-64.9214
-64.9215
-64.9215
-64.9216
-64.9216
-64.9217
-64.9217
-64.9218
-64.9218
-64.9219
-64.9219
-64.922
-64.922
-64.9221
-64.9221
-64.9221
-64.9222
-64.9222
-64.9223
-64.9223
-64.9224
-64.9224
-64.9225
-64.9225
-64.9226
-64.9226
-64.9227
-64.9227
-64.9228
-64.9228
-64.9229
-64.9229
-64.923
-64.923
-64.923
-64.9231
-64.9231
-64.9232
-64.9232
-64.9233
-64.9233
-64.9234
-64.9234
-64.9235
-64.9235
-64.9236
-64.9236
-64.9236
-64.9237
-64.9237
-64.9238
-64.9238
-64.9239
-64.9239
-64.924
-64.924
-64.9241
-64.9241
-64.9242
-64.9242
-64.9242
-64.9243
-64.9243
-64.9244
-64.9244
-64.9245
-64.9245
-64.9246
-64.9246
-64.9247
-64.9247
-64.9247
-64.9248
-64.9248
-64.9249
-64.9249
-64.925
-64.925
-64.9251
-64.9251
-64.9252
-64.9252
-64.9252
-64.9253
-64.9253
-64.9254
-64.9254
-64.9255
-64.9255
-64.9256
-64.9256
-64.9256
-64.9257
-64.9257
-64.9258
-64.9258
-64.9259
-64.9259
-64.926
-64.926
-64.926
-64.9261
-64.9261
-64.9262
-64.9262
-64.9263
-64.9263
-64.9264
-64.9264
-64.9264
-64.9265
-64.9265
-64.9266
-64.9266
-64.9267
-64.9267
-64.9268
-64.9268
-64.9268
-64.9269
-64.9269
-64.927
-64.927
-64.9271
-64.9271
-64.9271
-64.9272
-64.9272
-64.9273
-64.9273
-64.9274
-64.9274
-64.9274
-64.9275
-64.9275
-64.9276
-64.9276
-64.9277
-64.9277
-64.9277
-64.9278
-64.9278
-64.9279
-64.9279
-64.928
-64.928
-64.928
-64.9281
-64.9281
-64.9282
-64.9282
-64.9283
-64.9283
-64.9283
-64.9284
-64.9284
-64.9285
-64.9285
-64.9286
-64.9286
-64.9286
-64.9287
-64.9287
-64.9288
-64.9288
-64.9288
-64.9289
-64.9289
-64.929
-64.929
-64.9291
-64.9291
-64.9291
-64.9292
-64.9292
-64.9293
-64.9293
-64.9293
-64.9294
-64.9294
-64.9295
-64.9295
-64.9296
-64.9296
-64.9296
-64.9297
-64.9297
-64.9298
-64.9298
-64.9298
-64.9299
-64.9299
-64.93
-64.93
-64.93
-64.9301
-64.9301
-64.9302
-64.9302
-64.9302
-64.9303
-64.9303
-64.9304
-64.9304
-64.9304
-64.9305
-64.9305
-64.9306
-64.9306
-64.9307
-64.9307
-64.9307
-64.9308
-64.9308
-64.9309
-64.9309
-64.9309
-64.931
-64.931
-64.9311
-64.9311
-64.9311
-64.9312
-64.9312
-64.9312
-64.9313
-64.9313
-64.9314
-64.9314
-64.9314
-64.9315
-64.9315
-64.9316
-64.9316
-64.9316
-64.9317
-64.9317
-64.9318
-64.9318
-64.9318
-64.9319
-64.9319
-64.932
-64.932
-64.932
-64.9321
-64.9321
-64.9322
-64.9322
-64.9322
-64.9323
-64.9323
-64.9323
-64.9324
-64.9324
-64.9325
-64.9325
-64.9325
-64.9326
-64.9326
-64.9327
-64.9327
-64.9327
-64.9328
-64.9328
-64.9328
-64.9329
-64.9329
-64.933
-64.933
-64.933
-64.9331
-64.9331
-64.9331
-64.9332
-64.9332
-64.9333
-64.9333
-64.9333
-64.9334
-64.9334
-64.9334
-64.9335
-64.9335
-64.9336
-64.9336
-64.9336
-64.9337
-64.9337
-64.9337
-64.9338
-64.9338
-64.9339
-64.9339
-64.9339
-64.934
-64.934
-64.934
-64.9341
-64.9341
-64.9342
-64.9342
-64.9342
-64.9343
-64.9343
-64.9343
-64.9344
-64.9344
-64.9344
-64.9345
-64.9345
-64.9346
-64.9346
-64.9346
-64.9347
-64.9347
-64.9347
-64.9348
-64.9348
-64.9349
-64.9349
-64.9349
-64.935
-64.935
-64.935
-64.9351
-64.9351
-64.9351
-64.9352
-64.9352
-64.9352
-64.9353
-64.9353
-64.9354
-64.9354
-64.9354
-64.9355
-64.9355
-64.9355
-64.9356
-64.9356
-64.9356
-64.9357
-64.9357
-64.9357
-64.9358
-64.9358
-64.9359
-64.9359
-64.9359
-64.936
-64.936
-64.936
-64.9361
-64.9361
-64.9361
-64.9362
-64.9362
-64.9362
-64.9363
-64.9363
-64.9363
-64.9364
-64.9364
-64.9364
-64.9365
-64.9365
-64.9365
-64.9366
-64.9366
-64.9367
-64.9367
-64.9367
-64.9368
-64.9368
-64.9368
-64.9369
-64.9369
-64.9369
-64.937
-64.937
-64.937
-64.9371
-64.9371
-64.9371
-64.9372
-64.9372
-64.9372
-64.9373
-64.9373
-64.9373
-64.9374
-64.9374
-64.9374
-64.9375
-64.9375
-64.9375
-64.9376
-64.9376
-64.9376
-64.9377
-64.9377
-64.9377
-64.9378
-64.9378
-64.9378
-64.9379
-64.9379
-64.9379
-64.938
-64.938
-64.938
-64.9381
-64.9381
-64.9381
-64.9382
-64.9382
-64.9382
-64.9383
-64.9383
-64.9383
-64.9384
-64.9384
-64.9384
-64.9385
-64.9385
-64.9385
-64.9386
-64.9386
-64.9386
-64.9387
-64.9387
-64.9387
-64.9388
-64.9388
-64.9388
-64.9389
-64.9389
-64.9389
-64.939
-64.939
-64.939
-64.9391
-64.9391
-64.9391
-64.9391
-64.9392
-64.9392
-64.9392
-64.9393
-64.9393
-64.9393
-64.9394
-64.9394
-64.9394
-64.9395
-64.9395
-64.9395
-64.9396
-64.9396
-64.9396
-64.9397
-64.9397
-64.9397
-64.9398
-64.9398
-64.9398
-64.9398
-64.9399
-64.9399
-64.9399
-64.94
-64.94
-64.94
-64.9401
-64.9401
-64.9401
-64.9402
-64.937
-64.9279
-64.9113
-64.8868
-64.8546
-64.8155
-64.7702
-64.7198
-64.6651
-64.6072
-64.5469
-64.4849
-64.4219
-64.3585
-64.2952
-64.2325
-64.1705
-64.1098
-64.0504
-63.9925
-63.9364
-63.8822
-63.8298
-63.7795
-63.7311
-63.6847
-63.6404
-63.5981
-63.5578
-63.5194
-63.483
-63.4485
-63.4159
-63.385
-63.356
-63.3286
-63.3029
-63.2789
-63.2564
-63.2354
-63.2159
-63.1978
-63.1811
-63.1656
-63.1515
-63.1386
-63.1269
-63.1163
-63.1068
-63.0983
-63.0909
-63.0845
-63.0789
-63.0743
-63.0706
-63.0676
-63.0655
-63.0641
-63.0634
-63.0635
-63.0642
-63.0655
-63.0675
-63.07
-63.0731
-63.0768
-63.0809
-63.0855
-63.0906
-63.0961
-63.1021
-63.1084
-63.1151
-63.1222
-63.1297
-63.1374
-63.1455
-63.1538
-63.1624
-63.1713
-63.1804
-63.1898
-63.1994
-63.2092
-63.2191
-63.2293
-63.2396
-63.2501
-63.2607
-63.2715
-63.2824
-63.2934
-63.3045
-63.3157
-63.327
-63.3384
-63.3499
-63.3614
-63.373
-63.3846
-63.3963
-63.408
-63.4198
-63.4316
-63.4434
-63.4552
-63.4671
-63.4789
-63.4908
-63.5027
-63.5145
-63.5264
-63.5382
-63.55
-63.5618
-63.5736
-63.5853
-63.597
-63.6087
-63.6203
-63.6319
-63.6435
-63.655
-63.6665
-63.6779
-63.6893
-63.7006
-63.7119
-63.7231
-63.7343
-63.7454
-63.7564
-63.7674
-63.7783
-63.7892
-63.7999
-63.8107
-63.8213
-63.8319
-63.8424
-63.8529
-63.8633
-63.8736
-63.8838
-63.894
-63.9041
-63.9141
-63.9241
-63.934
-63.9438
-63.9535
-63.9632
-63.9727
-63.9823
-63.9917
-64.001
-64.0103
-64.0195
-64.0287
-64.0377
-64.0467
-64.0556
-64.0645
-64.0732
-64.0819
-64.0905
-64.0991
-64.1075
-64.1159
-64.1243
-64.1325
-64.1407
-64.1488
-64.1568
-64.1648
-64.1726
-64.1805
-64.1882
-64.1959
-64.2035
-64.211
-64.2185
-64.2259
-64.2332
-64.2404
-64.2476
-64.2547
-64.2618
-64.2688
-64.2757
-64.2826
-64.2893
-64.2961
-64.3027
-64.3093
-64.3158
-64.3223
-64.3287
-64.3351
-64.3413
-64.3476
-64.3537
-64.3598
-64.3658
-64.3718
-64.3777
-64.3836
-64.3894
-64.3951
-64.4008
-64.4065
-64.412
-64.4175
-64.423
-64.4284
-64.4338
-64.4391
-64.4443
-64.4495
-64.4546
-64.4597
-64.4647
-64.4697
-64.4747
-64.4795
-64.4844
-64.4891
-64.4939
-64.4986
-64.5032
-64.5078
-64.5123
-64.5168
-64.5212
-64.5256
-64.53
-64.5343
-64.5386
-64.5428
-64.547
-64.5511
-64.5552
-64.5592
-64.5632
-64.5672
-64.5711
-64.575
-64.5788
-64.5826
-64.5863
-64.5901
-64.5937
-64.5974
-64.601
-64.6045
-64.608
-64.6115
-64.615
-64.6184
-64.6217
-64.6251
-64.6284
-64.6316
-64.6348
-64.638
-64.6412
-64.6443
-64.6474
-64.6505
-64.6535
-64.6565
-64.6594
-64.6623
-64.6652
-64.6681
-64.6709
-64.6737
-64.6765
-64.6792
-64.6819
-64.6846
-64.6873
-64.6899
-64.6925
-64.695
-64.6975
-64.7
-64.7025
-64.705
-64.7074
-64.7098
-64.7121
-64.7145
-64.7168
-64.7191
-64.7213
-64.7236
-64.7258
-64.728
-64.7301
-64.7323
-64.7344
-64.7365
-64.7385
-64.7406
-64.7426
-64.7446
-64.7465
-64.7485
-64.7504
-64.7523
-64.7542
-64.756
-64.7579
-64.7597
-64.7615
-64.7633
-64.765
-64.7667
-64.7684
-64.7701
-64.7718
-64.7735
-64.7751
-64.7767
-64.7783
-64.7799
-64.7814
-64.783
-64.7845
-64.786
-64.7875
-64.7889
-64.7904
-64.7918
-64.7932
-64.7946
-64.796
-64.7973
-64.7987
-64.8
-64.8013
-64.8026
-64.8039
-64.8052
-64.8064
-64.8077
-64.8089
-64.8101
-64.8113
-64.8124
-64.8136
-64.8147
-64.8159
-64.817
-64.8181
-64.8192
-64.8203
-64.8213
-64.8224
-64.8234
-64.8244
-64.8254
-64.8264
-64.8274
-64.8284
-64.8293
-64.8303
-64.8312
-64.8321
-64.833
-64.8339
-64.8348
-64.8357
-64.8365
-64.8374
-64.8382
-64.8391
-64.8399
-64.8407
-64.8415
-64.8423
-64.843
-64.8438
-64.8445
-64.8453
-64.846
-64.8467
-64.8475
-64.8482
-64.8488
-64.8495
-64.8502
-64.8509
-64.8515
-64.8522
-64.8528
-64.8534
-64.8541
-64.8547
-64.8553
-64.8559
-64.8564
-64.857
-64.8576
-64.8582
-64.8587
-64.8592
-64.8598
-64.8603
-64.8608
-64.8613
-64.8619
-64.8624
-64.8628
-64.8633
-64.8638
-64.8643
-64.8647
-64.8652
-64.8656
-64.8661
-64.8665
-64.8669
-64.8674
-64.8678
-64.8682
-64.8686
-64.869
-64.8694
-64.8697
-64.8701
-64.8705
-64.8709
-64.8712
-64.8716
-64.8719
-64.8723
-64.8726
-64.8729
-64.8733
-64.8736
-64.8739
-64.8742
-64.8745
-64.8748
-64.8751
-64.8754
-64.8757
-64.8759
-64.8762
-64.8765
-64.8767
-64.877
-64.8773
-64.8775
-64.8778
-64.878
-64.8782
-64.8785
-64.8787
-64.8789
-64.8791
-64.8794
-64.8796
-64.8798
-64.88
-64.8802
-64.8804
-64.8806
-64.8808
-64.8809
-64.8811
-64.8813
-64.8815
-64.8816
-64.8818
-64.882
-64.8821
-64.8823
-64.8824
-64.8826
-64.8827
-64.8829
-64.883
-64.8832
-64.8833
-64.8834
-64.8836
-64.8837
-64.8838
-64.8839
-64.884
-64.8841
-64.8843
-64.8844
-64.8845
-64.8846
-64.8847
-64.8848
-64.8849
-64.885
-64.8851
-64.8851
-64.8852
-64.8853
-64.8854
-64.8855
-64.8855
-64.8856
-64.8857
-64.8858
-64.8858
-64.8859
-64.886
-64.886
-64.8861
-64.8861
-64.8862
-64.8862
-64.8863
-64.8863
-64.8864
-64.8864
-64.8865
-64.8865
-64.8866
-64.8866
-64.8866
-64.8867
-64.8867
-64.8867
-64.8868
-64.8868
-64.8868
-64.8869
-64.8869
-64.8869
-64.8869
-64.887
-64.887
-64.887
-64.887
-64.887
-64.887
-64.887
-64.8871
-64.8871
-64.8871
-64.8871
-64.8871
-64.8871
-64.8871
-64.8871
-64.8871
-64.8871
-64.8871
-64.8871
-64.8871
-64.8871
-64.8871
-64.8871
-64.8871
-64.8871
-64.8871
-64.8871
-64.8871
-64.8871
-64.887
-64.887
-64.887
-64.887
-64.887
-64.887
-64.887
-64.887
-64.8869
-64.8869
-64.8869
-64.8869
-64.8869
-64.8868
-64.8868
-64.8868
-64.8868
-64.8868
-64.8867
-64.8867
-64.8867
-64.8867
-64.8867
-64.8866
-64.8866
-64.8866
-64.8865
-64.8865
-64.8865
-64.8865
-64.8864
-64.8864
-64.8864
-64.8864
-64.8863
-64.8863
-64.8863
-64.8862
-64.8862
-64.8862
-64.8861
-64.8861
-64.8861
-64.8861
-64.886
-64.886
-64.886
-64.8859
-64.8859
-64.8859
-64.8858
-64.8858
-64.8858
-64.8857
-64.8857
-64.8857
-64.8856
-64.8856
-64.8856
-64.8855
-64.8855
-64.8855
-64.8854
-64.8854
-64.8853
-64.8853
-64.8853
-64.8852
-64.8852
-64.8852
-64.8851
-64.8851
-64.8851
-64.885
-64.885
-64.885
-64.8849
-64.8849
-64.8849
-64.8848
-64.8848
-64.8848
-64.8847
-64.8847
-64.8847
-64.8846
-64.8814
-64.8722
-64.8556
-64.831
-64.7988
-64.7596
-64.7143
-64.6638
-64.6091
-64.5511
-64.4908
-64.4287
-64.3657
-64.3022
-64.2388
-64.1759
-64.1139
-64.0531
-63.9936
-63.9357
-63.8795
-63.8251
-63.7727
-63.7222
-63.6738
-63.6273
-63.5829
-63.5405
-63.5001
-63.4616
-63.4251
-63.3905
-63.3578
-63.3268
-63.2977
-63.2702
-63.2445
-63.2203
-63.1977
-63.1766
-63.157
-63.1388
-63.122
-63.1065
-63.0923
-63.0793
-63.0674
-63.0568
-63.0472
-63.0386
-63.0311
-63.0246
-63.019
-63.0143
-63.0104
-63.0074
-63.0052
-63.0037
-63.0029
-63.0029
-63.0035
-63.0048
-63.0066
-63.0091
-63.0121
-63.0157
-63.0197
-63.0243
-63.0293
-63.0347
-63.0406
-63.0468
-63.0535
-63.0605
-63.0678
-63.0755
-63.0804
-63.0799
-63.0725
-63.0577
-63.0359
-63.0076
-62.9738
-62.9353
-62.893
-62.8478
-62.8006
-62.7521
-62.7028
-62.6535
-62.6044
-62.556
-62.5087
-62.4627
-62.4182
-62.3753
-62.3342
-62.2951
-62.2578
-62.2225
-62.1893
-62.158
-62.1287
-62.1015
-62.0761
-62.0527
-62.0311
-62.0113
-61.9933
-61.9771
-61.9625
-61.9495
-61.938
-61.9281
-61.9196
-61.9126
-61.9068
-61.9024
-61.8992
-61.8971
-61.8963
-61.8965
-61.8978
-61.9001
-61.9033
-61.9075
-61.9125
-61.9184
-61.9251
-61.9325
-61.9407
-61.9496
-61.9591
-61.9693
-61.98
-61.9913
-62.0032
-62.0156
-62.0284
-62.0417
-62.0555
-62.0696
-62.0841
-62.099
-62.1143
-62.1298
-62.1457
-62.1618
-62.1783
-62.1949
-62.2118
-62.2289
-62.2462
-62.2636
-62.2813
-62.299
-62.317
-62.335
-62.3532
-62.3715
-62.3898
-62.4083
-62.4268
-62.4454
-62.464
-62.4827
-62.5014
-62.5201
-62.5388
-62.5576
-62.5763
-62.5951
-62.6138
-62.6325
-62.6512
-62.6699
-62.6885
-62.7071
-62.7256
-62.7441
-62.7625
-62.7809
-62.7992
-62.8175
-62.8356
-62.8537
-62.8717
-62.8897
-62.9075
-62.9253
-62.943
-62.9606
-62.978
-62.9954
-63.0127
-63.0299
-63.047
-63.064
-63.0809
-63.0977
-63.1143
-63.1309
-63.1473
-63.1637
-63.1799
-63.196
-63.212
-63.2279
-63.2436
-63.2593
-63.2748
-63.2902
-63.3055
-63.3207
-63.3358
-63.3476
-63.3535
-63.352
-63.3426
-63.3257
-63.3017
-63.2717
-63.2365
-63.1971
-63.1544
-63.1092
-63.0622
-63.0142
-62.9657
-62.9172
-62.8691
-62.8217
-62.7754
-62.7303
-62.6867
-62.6446
-62.6043
-62.5656
-62.5289
-62.4939
-62.4609
-62.4297
-62.4004
-62.3729
-62.3472
-62.3233
-62.3011
-62.2806
-62.2618
-62.2446
-62.229
-62.2149
-62.2022
-62.1909
-62.181
-62.1725
-62.1652
-62.1591
-62.1542
-62.1504
-62.1477
-62.146
-62.1453
-62.1456
-62.1468
-62.1489
-62.1518
-62.1556
-62.1601
-62.1653
-62.1712
-62.1778
-62.1851
-62.1929
-62.2014
-62.2103
-62.2198
-62.2298
-62.2403
-62.2512
-62.2626
-62.2743
-62.2865
-62.299
-62.3118
-62.3249
-62.3384
-62.3521
-62.3661
-62.3804
-62.3949
-62.4096
-62.4245
-62.4395
-62.4548
-62.4702
-62.4858
-62.5015
-62.5173
-62.5333
-62.5493
-62.5655
-62.5817
-62.598
-62.6144
-62.6308
-62.6472
-62.6637
-62.6802
-62.6968
-62.7134
-62.7299
-62.7465
-62.7631
-62.7766
-62.7843
-62.7847
-62.7774
-62.7627
-62.7412
-62.7138
-62.6814
-62.645
-62.6054
-62.5635
-62.52
-62.4755
-62.4308
-62.3861
-62.3419
-62.2986
-62.2563
-62.2154
-62.1761
-62.1383
-62.1023
-62.0681
-62.0357
-62.0052
-61.9766
-61.9499
-61.925
-61.902
-61.8807
-61.8613
-61.8555
-61.8541
-61.8545
-61.8558
-61.8576
-61.8597
-61.8622
-61.8651
-61.8685
-61.8724
-61.877
-61.8821
-61.8879
-61.8943
-61.9014
-61.9091
-61.9175
-61.9264
-61.936
-61.9461
-61.9567
-61.9679
-61.9797
-61.9918
-62.0045
-62.0176
-62.0311
-62.045
-62.0709
-62.0999
-62.1293
-62.1583
-62.1864
-62.2138
-62.2403
-62.2661
-62.2913
-62.316
-62.3403
-62.3642
-62.3877
-62.411
-62.434
-62.4569
-62.4795
-62.5019
-62.5241
-62.5462
-62.5681
-62.5898
-62.6114
-62.6328
-62.654
-62.6751
-62.696
-62.7168
-62.7374
-62.7579
-62.7782
-62.7983
-62.8183
-62.8381
-62.8577
-62.8772
-62.8965
-62.9157
-62.9347
-62.9535
-62.9721
-62.9906
-63.0089
-63.0271
-63.0451
-63.0629
-63.0805
-63.098
-63.1153
-63.1325
-63.1495
-63.1663
-63.183
-63.1994
-63.2158
-63.2319
-63.2479
-63.2638
-63.2795
-63.295
-63.3103
-63.3255
-63.3406
-63.3554
-63.3702
-63.3847
-63.3991
-63.4134
-63.4275
-63.4415
-63.4553
-63.4689
-63.4824
-63.4958
-63.509
-63.522
-63.5349
-63.5477
-63.5603
-63.5728
-63.5852
-63.5974
-63.6095
-63.6317
-63.6562
-63.6806
-63.7042
-63.7268
-63.7482
-63.7686
-63.7881
-63.8067
-63.8246
-63.8418
-63.8584
-63.8745
-63.8901
-63.9053
-63.92
-63.9344
-63.9484
-63.962
-63.9753
-63.9884
-64.0011
-64.0135
-64.0257
-64.0376
-64.0492
-64.0606
-64.0717
-64.0826
-64.0932
-64.1037
-64.1139
-64.1239
-64.1337
-64.1433
-64.1527
-64.1619
-64.1709
-64.1797
-64.1883
-64.1968
-64.205
-64.2132
-64.2211
-64.2289
-64.2365
-64.244
-64.2513
-64.2585
-64.2655
-64.2724
-64.2791
-64.2857
-64.2922
-64.2985
-64.3047
-64.3108
-64.3168
-64.3226
-64.3283
-64.3339
-64.3394
-64.3448
-64.3501
-64.3552
-64.3603
-64.3652
-64.3701
-64.3748
-64.3795
-64.3841
-64.3885
-64.3929
-64.3972
-64.4014
-64.4055
-64.4096
-64.4135
-64.4174
-64.4212
-64.4249
-64.4286
-64.4321
-64.4356
-64.439
-64.4424
-64.4457
-64.4489
-64.452
-64.4551
-64.4581
-64.4611
-64.464
-64.4668
-64.4696
-64.4723
-64.475
-64.4776
-64.4801
-64.4826
-64.4851
-64.4875
-64.4898
-64.4921
-64.4943
-64.4965
-64.4987
-64.5008
-64.5029
-64.5049
-64.5037
-64.4966
-64.482
-64.4596
-64.4296
-64.3926
-64.3495
-64.3013
-64.2489
-64.1933
-64.1352
-64.0755
-64.0148
-63.9537
-63.8927
-63.8322
-63.7726
-63.7141
-63.657
-63.5825
-63.4939
-63.3959
-63.2918
-63.1842
-63.0748
-62.9649
-62.8554
-62.7472
-62.641
-62.5371
-62.436
-62.3381
-62.2435
-62.1524
-62.065
-61.9813
-61.9015
-61.8254
-61.7532
-61.6848
-61.6201
-61.5591
-61.5017
-61.4479
-61.3975
-61.3505
-61.3067
-61.2661
-61.2286
-61.194
-61.1623
-61.1333
-61.107
-61.0832
-61.0618
-61.0428
-61.0261
-61.0115
-60.999
-60.9884
-60.9798
-60.973
-60.9679
-60.9644
-60.9626
-60.9622
-60.9633
-60.9657
-60.9695
-60.9745
-60.9806
-60.9879
-60.9963
-61.0057
-61.016
-61.0272
-61.0393
-61.0523
-61.066
-61.0804
-61.0956
-61.1113
-61.1277
-61.1447
-61.1623
-61.1803
-61.1988
-61.2178
-61.2372
-61.257
-61.2772
-61.2977
-61.3185
-61.3396
-61.361
-61.3826
-61.4045
-61.4266
-61.4489
-61.4713
-61.4939
-61.5167
-61.5396
-61.5625
-61.5856
-61.6088
-61.632
-61.6553
-61.6787
-61.702
-61.7254
-61.7488
-61.7722
-61.7956
-61.819
-61.8424
-61.8657
-61.889
-61.9122
-61.9354
-61.9585
-61.9816
-62.0046
-62.0275
-62.0503
-62.073
-62.0957
-62.1182
-62.1406
-62.163
-62.1852
-62.2073
-62.2293
-62.2511
-62.2729
-62.2945
-62.316
-62.3373
-62.3586
-62.3796
-62.4006
-62.4214
-62.4421
-62.4626
-62.483
-62.5032
-62.5233
-62.5433
-62.5631
-62.5827
-62.6022
-62.6216
-62.6408
-62.6598
-62.6787
-62.6974
-62.716
-62.7345
-62.7528
-62.7709
-62.7889
-62.8067
-62.8244
-62.8419
-62.8593
-62.8765
-62.8936
-62.9105
-62.9272
-62.9439
-62.9603
-62.9767
-62.9928
-63.0089
-63.0247
-63.0405
-63.0561
-63.0715
-63.0868
-63.102
-63.117
-63.1319
-63.1466
-63.1612
-63.1756
-63.1899
-63.2041
-63.2182
-63.2321
-63.2458
-63.2595
-63.273
-63.2864
-63.2996
-63.3127
-63.3257
-63.3386
-63.3513
-63.3639
-63.3764
-63.3887
-63.401
-63.4131
-63.4251
-63.4369
-63.4487
-63.4603
-63.4718
-63.4832
-63.4945
-63.5057
-63.5167
-63.5277
-63.5385
-63.5492
-63.5599
-63.5704
-63.5808
-63.5911
-63.6012
-63.6113
-63.6213
-63.6312
-63.641
-63.6506
-63.6602
-63.6697
-63.6791
-63.6884
-63.6976
-63.7066
-63.7156
-63.7246
-63.7334
-63.7421
-63.7507
-63.7593
-63.7677
-63.7761
-63.7844
-63.7926
-63.8007
-63.8087
-63.8166
-63.8245
-63.8323
-63.84
-63.8476
-63.8551
-63.8626
-63.8699
-63.8773
-63.8845
-63.8916
-63.8987
-63.9057
-63.9126
-63.9195
-63.9263
-63.933
-63.9396
-63.9462
-63.9527
-63.9591
-63.9655
-63.9718
-63.978
-63.9842
-63.9903
-63.9963
-64.0023
-64.0082
-64.014
-64.0198
-64.0255
-64.0312
-64.0368
-64.0423
-64.0478
-64.0532
-64.0586
-64.0639
-64.0692
-64.0744
-64.0795
-64.0846
-64.0896
-64.0946
-64.0995
-64.1044
-64.1092
-64.114
-64.1187
-64.1234
-64.128
-64.1326
-64.1371
-64.1416
-64.146
-64.1504
-64.1547
-64.159
-64.1632
-64.1674
-64.1716
-64.1757
-64.1797
-64.1838
-64.1877
-64.1917
-64.1956
-64.1994
-64.2032
-64.207
-64.2107
-64.2144
-64.218
-64.2216
-64.2252
-64.2287
-64.2322
-64.2357
-64.2391
-64.2425
-64.2458
-64.2491
-64.2524
-64.2556
-64.2588
-64.262
-64.2651
-64.2682
-64.2713
-64.2743
-64.2773
-64.2803
-64.2832
-64.2861
-64.289
-64.2918
-64.2946
-64.2974
-64.3001
-64.3029
-64.3055
-64.3082
-64.3108
-64.3134
-64.316
-64.3185
-64.3211
-64.3235
-64.326
-64.3284
-64.3308
-64.3332
-64.3356
-64.3379
-64.3402
-64.3425
-64.3447
-64.347
-64.3492
-64.3514
-64.3535
-64.3556
-64.3578
-64.3598
-64.3619
-64.3639
-64.366
-64.368
-64.3699
-64.3719
-64.3738
-64.3757
-64.3776
-64.3795
-64.3813
-64.3831
-64.385
-64.3867
-64.3885
-64.3903
-64.392
-64.3937
-64.3954
-64.397
-64.3987
-64.4003
-64.4019
-64.4035
-64.4051
-64.4067
-64.4082
-64.4098
-64.4113
-64.4128
-64.4143
-64.4157
-64.4172
-64.4186
-64.42
-64.4214
-64.4228
-64.4242
-64.4255
-64.4268
-64.4282
-64.4295
-64.4308
-64.432
-64.4333
-64.4346
-64.4358
-64.437
-64.4382
-64.4394
-64.4406
-64.4418
-64.4429
-64.4441
-64.4452
-64.4463
-64.4474
-64.4485
-64.4496
-64.4507
-64.4517
-64.4528
-64.4538
-64.4548
-64.4559
-64.4569
-64.4578
-64.4588
-64.4598
-64.4608
-64.4617
-64.4626
-64.4636
-64.4645
-64.4654
-64.4663
-64.4672
-64.468
-64.4689
-64.4698
-64.4706
-64.4715
-64.4723
-64.4731
-64.4739
-64.4747
-64.4755
-64.4763
-64.4771
-64.4779
-64.4786
-64.4794
-64.4801
-64.4808
-64.4816
-64.4823
-64.483
-64.4837
-64.4844
-64.4851
-64.4858
-64.4865
-64.4871
-64.4878
-64.4884
-64.4891
-64.4897
-64.4904
-64.491
-64.4916
-64.4922
-64.4928
-64.4934
-64.494
-64.4946
-64.4952
-64.4958
-64.4963
-64.4969
-64.4975
-64.498
-64.4954
-64.4869
-64.4709
-64.4471
-64.4156
-64.3772
-64.3327
-64.2831
-64.2293
-64.1722
-64.1127
-64.0516
-63.9894
-63.9269
-63.8644
-63.8024
-63.7412
-63.6812
-63.6197
-63.5541
-63.4835
-63.4074
-63.3264
-63.2411
-63.1524
-63.0613
-62.9658
-62.8645
-62.7567
-62.643
-62.5243
-62.4017
-62.2766
-62.15
-62.0231
-61.897
-61.7725
-61.6503
-61.531
-61.4152
-61.3032
-61.1952
-61.0916
-60.9924
-60.8978
-60.8077
-60.7222
-60.6412
-60.5647
-60.4926
-60.4248
-60.3612
-60.3017
-60.2462
-60.1945
-60.1466
-60.1023
-60.0614
-60.0239
-59.9897
-59.9585
-59.9303
-59.905
-59.8825
-59.8626
-59.8452
-59.8303
-59.8177
-59.8073
-59.7991
-59.7929
-59.7886
-59.7863
-59.7857
-59.7868
-59.7896
-59.7939
-59.7997
-59.8069
-59.8155
-59.8253
-59.8364
-59.8486
-59.8619
-59.8763
-59.8917
-59.908
-59.9253
-59.9433
-59.9622
-59.9819
-60.0022
-60.0233
-60.045
-60.0673
-60.0901
-60.1135
-60.1374
-60.1618
-60.1866
-60.2118
-60.2374
-60.2634
-60.2897
-60.3163
-60.3431
-60.3703
-60.3976
-60.4252
-60.453
-60.4809
-60.509
-60.5373
-60.5657
-60.5941
-60.6227
-60.6513
-60.6801
-60.7088
-60.7376
-60.7664
-60.7953
-60.8241
-60.8529
-60.8817
-60.9105
-60.9392
-60.9806
-61.0375
-61.0972
-61.1561
-61.2129
-61.2671
-61.3189
-61.3684
-61.4158
-61.4614
-61.5055
-61.5482
-61.5896
-61.6299
-61.6692
-61.7076
-61.7452
-61.7819
-61.8179
-61.8532
-61.8879
-61.9219
-61.9552
-61.988
-62.032
-62.078
-62.1235
-62.1677
-62.2103
-62.2513
-62.2907
-62.3287
-62.3654
-62.4009
-62.4354
-62.4689
-62.5015
-62.5333
-62.5642
-62.5945
-62.624
-62.6529
-62.6923
-62.7335
-62.7742
-62.8136
-62.8514
-62.8876
-62.9223
-62.9556
-62.9876
-63.0185
-63.0483
-63.0772
-63.1051
-63.1323
-63.1587
-63.1844
-63.2093
-63.2337
-63.2574
-63.2805
-63.3031
-63.325
-63.3465
-63.3675
-63.3879
-63.4079
-63.4274
-63.4464
-63.465
-63.4832
-63.5009
-63.5182
-63.5352
-63.5517
-63.5679
-63.5837
-63.5992
-63.6143
-63.629
-63.6435
-63.6576
-63.6714
-63.6848
-63.698
-63.7109
-63.7235
-63.7358
-63.7479
-63.7597
-63.7712
-63.7824
-63.7935
-63.8042
-63.8148
-63.8251
-63.8352
-63.845
-63.8547
-63.8641
-63.8733
-63.8823
-63.8912
-63.8998
-63.9082
-63.9165
-63.9246
-63.9325
-63.9402
-63.9478
-63.9552
-63.9624
-63.9695
-63.9764
-63.9832
-63.9898
-63.9963
-64.0027
-64.0089
-64.0149
-64.0209
-64.0267
-64.0324
-64.0379
-64.0434
-64.0487
-64.0539
-64.059
-64.064
-64.0688
-64.0736
-64.0783
-64.0828
-64.0873
-64.0917
-64.0959
-64.1001
-64.1042
-64.1082
-64.1121
-64.1159
-64.1197
-64.1233
-64.1269
-64.1304
-64.1338
-64.1372
-64.1405
-64.1437
-64.1468
-64.1499
-64.1529
-64.1558
-64.1587
-64.1615
-64.1642
-64.1669
-64.1695
-64.1721
-64.1746
-64.1771
-64.1795
-64.1818
-64.1841
-64.1864
-64.1885
-64.1907
-64.1928
-64.1949
-64.1969
-64.1988
-64.2008
-64.2026
-64.2045
-64.2063
-64.208
-64.2097
-64.2114
-64.2131
-64.2147
-64.2163
-64.2178
-64.2193
-64.2208
-64.2222
-64.2236
-64.225
-64.2263
-64.2277
-64.2289
-64.2302
-64.2314
-64.2326
-64.2338
-64.2447
-64.2579
-64.2711
-64.2837
-64.2954
-64.3061
-64.316
-64.3251
-64.3335
-64.3413
-64.3486
-64.3554
-64.3618
-64.3678
-64.3736
-64.379
-64.3841
-64.3891
-64.3937
-64.3982
-64.4025
-64.4065
-64.4104
-64.4141
-64.4177
-64.4211
-64.4243
-64.4274
-64.4303
-64.4331
-64.4358
-64.4384
-64.4408
-64.4431
-64.4453
-64.4474
-64.4494
-64.4513
-64.453
-64.4547
-64.4563
-64.4578
-64.4592
-64.4605
-64.4617
-64.4629
-64.464
-64.465
-64.4659
-64.4668
-64.4676
-64.4683
-64.4689
-64.4695
-64.4701
-64.4706
-64.471
-64.4714
-64.4717
-64.4719
-64.4722
-64.4723
-64.4724
-64.4725
-64.4726
-64.4726
-64.4725
-64.4724
-64.4723
-64.4721
-64.4719
-64.4717
-64.4715
-64.4712
-64.4708
-64.4705
-64.4701
-64.4697
-64.4693
-64.4688
-64.4683
-64.4678
-64.4673
-64.4668
-64.4662
-64.4656
-64.465
-64.4644
-64.4637
-64.4631
-64.4624
-64.4617
-64.461
-64.4603
-64.4596
-64.4588
-64.4581
-64.4573
-64.4565
-64.4557
-64.4549
-64.4541
-64.4533
-64.4525
-64.4517
-64.4508
-64.45
-64.4491
-64.4483
-64.4474
-64.4466
-64.4457
-64.4448
-64.4439
-64.4431
-64.4422
-64.4413
-64.4404
-64.4395
-64.4386
-64.4377
-64.4368
-64.436
-64.4351
-64.4342
-64.4333
-64.4324
-64.4315
-64.4306
-64.4297
-64.4288
-64.4279
-64.4271
-64.4262
-64.4253
-64.4244
-64.4235
-64.4227
-64.4218
-64.4209
-64.4201
-64.4192
-64.4184
-64.4175
-64.4167
-64.4158
-64.415
-64.4142
-64.4134
-64.4125
-64.4117
-64.4109
-64.4101
-64.4093
-64.4085
-64.4077
-64.4069
-64.4062
-64.4054
-64.4046
-64.4039
-64.4031
-64.4024
-64.4016
-64.4009
-64.4001
-64.3994
-64.3987
-64.398
-64.3973
-64.3966
-64.3959
-64.3952
-64.3946
-64.3939
-64.3932
-64.3926
-64.3919
-64.3913
-64.3906
-64.39
-64.3894
-64.3888
-64.3882
-64.3876
-64.387
-64.3864
-64.3858
-64.3852
-64.3847
-64.3841
-64.3836
-64.383
-64.3825
-64.382
-64.3815
-64.3809
-64.3804
-64.3799
-64.3795
-64.379
-64.3785
-64.378
-64.3776
-64.3771
-64.3767
-64.3762
-64.3758
-64.3754
-64.3749
-64.3745
-64.3741
-64.3737
-64.3733
-64.373
-64.3726
-64.3722
-64.3719
-64.3715
-64.3711
-64.3708
-64.3705
-64.3701
-64.3698
-64.3695
-64.3692
-64.3689
-64.3686
-64.3683
-64.3681
-64.3678
-64.3675
-64.3673
-64.367
-64.3668
-64.3665
-64.3663
-64.3661
-64.3658
-64.3625
-64.3532
-64.3365
-64.312
-64.2799
-64.2408
-64.1956
-64.1453
-64.0908
-64.033
-63.9728
-63.911
-63.8481
-63.7849
-63.7217
-63.6591
-63.5973
-63.5367
-63.4774
-63.4197
-63.3638
-63.3097
-63.2575
-63.2073
-63.159
-63.1128
-63.0687
-63.0265
-62.9864
-62.9482
-62.912
-62.8776
-62.8451
-62.8145
-62.7856
-62.7584
-62.7329
-62.709
-62.6867
-62.6658
-62.6465
-62.6286
-62.612
-62.5967
-62.5828
-62.57
-62.5584
-62.548
-62.5386
-62.5303
-62.5231
-62.5167
-62.5114
-62.5069
-62.5033
-62.5004
-62.4984
-62.4972
-62.4966
-62.4968
-62.4976
-62.4991
-62.5012
-62.5038
-62.507
-62.5107
-62.515
-62.5197
-62.5249
-62.5305
-62.5365
-62.5244
-62.4972
-62.4594
-62.4141
-62.3638
-62.3099
-62.2539
-62.1967
-62.139
-62.0814
-62.0244
-61.9685
-61.9139
-61.8609
-61.8098
-61.7606
-61.7134
-61.6685
-61.6257
-61.5853
-61.5471
-61.5112
-61.4775
-61.4461
-61.4168
-61.3897
-61.3648
-61.3418
-61.3209
-61.3019
-61.2848
-61.2695
-61.256
-61.2441
-61.2339
-61.2252
-61.2181
-61.2124
-61.2081
-61.2051
-61.2034
-61.203
-61.2037
-61.2055
-61.2085
-61.2124
-61.2173
-61.2232
-61.2299
-61.2375
-61.2459
-61.2551
-61.265
-61.2756
-61.2868
-61.2987
-61.3112
-61.3242
-61.3378
-61.3518
-61.3664
-61.3814
-61.3968
-61.4126
-61.4288
-61.4453
-61.4621
-61.4793
-61.4967
-61.5145
-61.5324
-61.5506
-61.569
-61.5876
-61.6064
-61.6253
-61.6444
-61.6636
-61.6829
-61.7024
-61.7219
-61.7416
-61.7613
-61.781
-61.8008
-61.8207
-61.8406
-61.8605
-61.8804
-61.9003
-61.9203
-61.9402
-61.9601
-61.98
-61.9998
-62.0197
-62.0394
-62.0592
-62.0788
-62.0985
-62.118
-62.1375
-62.1569
-62.1763
-62.1955
-62.2147
-62.2338
-62.2528
-62.2718
-62.2906
-62.3093
-62.3279
-62.3464
-62.3648
-62.3832
-62.4013
-62.4194
-62.4374
-62.4553
-62.473
-62.4906
-62.5081
-62.5255
-62.5428
-62.5599
-62.577
-62.5939
-62.6106
-62.6273
-62.6438
-62.6602
-62.6765
-62.6926
-62.7086
-62.7245
-62.7403
-62.7559
-62.7715
-62.7869
-62.8021
-62.8172
-62.8323
-62.8471
-62.8619
-62.8765
-62.891
-62.9054
-62.9197
-62.9338
-62.9478
-62.9617
-62.9755
-62.9891
-63.0099
-63.0467
-63.0866
-63.1262
-63.1711
-63.2154
-63.2576
-63.3045
-63.3503
-63.394
-63.4352
-63.4739
-63.5104
-63.5449
-63.5776
-63.6087
-63.6384
-63.6668
-63.694
-63.7202
-63.7454
-63.7698
-63.7932
-63.8159
-63.8379
-63.8591
-63.8796
-63.8995
-63.9188
-63.9375
-63.9557
-63.9732
-63.9903
-64.0068
-64.0228
-64.0384
-64.0534
-64.0681
-64.0822
-64.096
-64.1094
-64.1223
-64.1349
-64.1471
-64.1589
-64.1703
-64.1815
-64.1988
-64.2172
-64.2548
-64.2959
-64.3362
-64.3743
-64.4098
-64.4425
-64.4728
-64.5073
-64.5411
-64.5732
-64.6035
-64.6318
-64.6583
-64.6831
-64.7065
-64.7286
-64.7494
-64.7691
-64.7879
-64.8057
-64.8226
-64.8387
-64.8541
-64.8687
-64.8826
-64.8959
-64.9086
-64.9207
-64.9322
-64.9432
-64.9536
-64.9635
-64.973
-64.9819
-64.9904
-64.9985
-65.0061
-65.0133
-65.0201
-65.0265
-65.0326
-65.0383
-65.0436
-65.0486
-65.0533
-65.0636
-65.075
-65.0861
-65.0965
-65.1061
-65.1149
-65.1229
-65.1302
-65.1368
-65.1428
-65.1483
-65.1341
-65.1036
-65.0613
-65.0107
-64.9542
-64.8935
-64.8299
-64.7906
-64.7599
-64.7307
-64.7007
-64.6691
-64.6359
-64.6016
-64.5665
-64.5312
-64.4959
-64.4738
-64.4551
-64.4376
-64.4204
-64.4032
-64.3861
-64.3692
-64.3527
-64.3367
-64.3276
-64.3206
-64.3144
-64.3085
-64.3028
-64.2974
-64.2922
-64.2873
-64.2828
-64.2787
-64.2751
-64.2719
-64.2691
-64.2669
-64.2651
-64.2638
-64.2629
-64.2625
-64.2625
-64.2629
-64.2637
-64.2777
-64.2949
-64.3125
-64.3265
-64.3338
-64.333
-64.3238
-64.3066
-64.2821
-64.2514
-64.2155
-64.1753
-64.1319
-64.0861
-64.0386
-63.9901
-63.9412
-63.8924
-63.844
-63.7964
-63.7499
-63.7046
-63.6608
-63.6321
-63.6082
-63.5862
-63.565
-63.5444
-63.5244
-63.5049
-63.4861
-63.468
-63.4508
-63.4346
-63.4193
-63.405
-63.3918
-63.3796
-63.3684
-63.3582
-63.349
-63.3407
-63.3333
-63.3269
-63.3213
-63.3166
-63.3126
-63.3094
-63.307
-63.3122
-63.3197
-63.3279
-63.3362
-63.3444
-63.3525
-63.3605
-63.3685
-63.3764
-63.3843
-63.3923
-63.4004
-63.4085
-63.4168
-63.4251
-63.4626
-63.5102
-63.5599
-63.6082
-63.6539
-63.6969
-63.7425
-63.8076
-63.8755
-63.9419
-64.0052
-64.0649
-64.1211
-64.1741
-64.2241
-64.2778
-64.3305
-64.381
-64.4291
-64.4747
-64.518
-64.5592
-64.5985
-64.636
-64.6719
-64.7062
-64.7391
-64.7707
-64.801
-64.8302
-64.8582
-64.8852
-64.9111
-64.9361
-64.9601
-64.9832
-65.0055
-65.0269
-65.0475
-65.0673
-65.0923
-65.1178
-65.1426
-65.1663
-65.1887
-65.2099
-65.23
-65.249
-65.267
-65.284
-65.3002
-65.3155
-65.3301
-65.344
-65.3572
-65.3697
-65.3817
-65.393
-65.4037
-65.4139
-65.4236
-65.4327
-65.4414
-65.4496
-65.4573
-65.4645
-65.4713
-65.4777
-65.495
-65.5144
-65.5335
-65.5514
-65.5678
-65.5829
-65.6021
-65.6214
-65.6395
-65.6562
-65.6715
-65.6855
-65.6982
-65.7098
-65.7203
-65.73
-65.7388
-65.7468
-65.7541
-65.7607
-65.7668
-65.7777
-65.7893
-65.8004
-65.8107
-65.82
-65.8283
-65.8356
-65.8421
-65.8479
-65.8528
-65.8572
-65.8609
-65.8695
-65.8788
-65.9102
-65.9486
-65.9874
-66.0241
-66.0579
-66.0887
-66.1166
-66.1419
-66.1649
-66.1859
-66.2051
-66.2227
-66.2389
-66.2538
-66.2675
-66.2802
-66.2919
-66.3026
-66.3125
-66.3215
-66.3297
-66.3372
-66.344
-66.3502
-66.3556
-66.3605
-66.3647
-66.3684
-66.3715
-66.3741
-66.3762
-66.3778
-66.3789
-66.3795
-66.3797
-66.3795
-66.3788
-66.3778
-66.3763
-66.3745
-66.3723
-66.3697
-66.3668
-66.3636
-66.3601
-66.3562
-66.3521
-66.3476
-66.3429
-66.3379
-66.3326
-66.3271
-66.3213
-66.3153
-66.3091
-66.3026
-66.2959
-66.289
-66.2819
-66.2746
-66.2671
-66.2595
-66.2674
-66.2786
-66.2897
-66.2997
-66.3081
-66.3148
-66.3201
-66.3239
-66.3266
-66.3282
-66.3288
-66.3287
-66.3278
-66.3315
-66.3357
-66.3394
-66.3424
-66.3444
-66.3455
-66.3457
-66.3452
-66.3439
-66.3421
-66.3396
-66.3367
-66.3332
-66.3293
-66.325
-66.3203
-66.3152
-66.3098
-66.304
-66.298
-66.2916
-66.285
-66.2781
-66.2709
-66.2635
-66.2559
-66.248
-66.2399
-66.2316
-66.2231
-66.2144
-66.2056
-66.1965
-66.1873
-66.1779
-66.1684
-66.1587
-66.1489
-66.1389
-66.1288
-66.1186
-66.1083
-66.0978
-66.0872
-66.0766
-66.0658
-66.0549
-66.044
-66.033
-66.0219
-66.0107
-65.9994
-65.9881
-65.9767
-65.9652
-65.9505
-65.9298
-65.9015
-65.8651
-65.8211
-65.77
-65.7127
-65.6502
-65.5835
-65.5134
-65.4409
-65.3667
-65.2915
-65.2159
-65.1403
-65.0652
-64.991
-64.918
-64.8463
-64.7762
-64.7079
-64.6414
-64.5768
-64.5143
-64.4537
-64.3953
-64.3388
-64.2845
-64.2321
-64.1818
-64.1334
-64.087
-64.0425
-63.9999
-63.959
-63.9199
-63.8826
-63.8469
-63.8128
-63.7802
-63.7492
-63.7197
-63.6916
-63.6648
-63.6394
-63.6152
-63.5923
-63.5706
-63.55
-63.5305
-63.5121
-63.4947
-63.4783
-63.4629
-63.4483
-63.4347
-63.4219
-63.4099
-63.3987
-63.3883
-63.3786
-63.3696
-63.3612
-63.3535
-63.3464
-63.3399
-63.334
-63.3286
-63.3237
-63.3194
-63.3155
-63.312
-63.309
-63.3065
-63.3043
-63.3025
-63.3011
-63.3
-63.2993
-63.2989
-63.2988
-63.2989
-63.2994
-63.3001
-63.3011
-63.3023
-63.3038
-63.3055
-63.3073
-63.3094
-63.3117
-63.3141
-63.3167
-63.3195
-63.3224
-63.3255
-63.3287
-63.332
-63.3355
-63.339
-63.3427
-63.3464
-63.3503
-63.3543
-63.3583
-63.3624
-63.3666
-63.3708
-63.3751
-63.3795
-63.3839
-63.3884
-63.3929
-63.3975
-63.4021
-63.4067
-63.4114
-63.4161
-63.4208
-63.4255
-63.4303
-63.435
-63.4398
-63.4446
-63.4494
-63.4542
-63.4591
-63.4639
-63.4687
-63.4735
-63.4783
-63.4832
-63.488
-63.4928
-63.4976
-63.5023
-63.5071
-63.5119
-63.5166
-63.5213
-63.5261
-63.5308
-63.5354
-63.5401
-63.5447
-63.5494
-63.554
-63.5586
-63.5631
-63.5677
-63.5722
-63.5767
-63.5811
-63.5856
