-65
-64.9848
-64.9714
-64.9581
-64.9453
-64.9331
-64.9218
-64.9115
-64.9021
-64.8937
-64.8861
-64.8793
-64.8732
-64.8678
-64.8629
-64.8585
-64.8546
-64.851
-64.8479
-64.845
-64.8425
-64.8402
-64.8382
-64.8363
-64.8347
-64.8333
-64.832
-64.8309
-64.8299
-64.8291
-64.8284
-64.8278
-64.8273
-64.8269
-64.8266
-64.8264
-64.8262
-64.8262
-64.8262
-64.8263
-64.8264
-64.8267
-64.8269
-64.8272
-64.8276
-64.828
-64.8285
-64.8289
-64.8295
-64.83
-64.8306
-64.8313
-64.8319
-64.8326
-64.8333
-64.8341
-64.8348
-64.8356
-64.8364
-64.8372
-64.838
-64.8389
-64.8397
-64.8406
-64.8415
-64.8424
-64.8433
-64.8442
-64.8452
-64.8461
-64.847
-64.848
-64.8489
-64.8499
-64.8508
-64.8518
-64.8528
-64.8538
-64.8547
-64.8557
-64.8567
-64.8577
-64.8586
-64.8596
-64.8606
-64.8616
-64.8625
-64.8635
-64.8645
-64.8655
-64.8664
-64.8674
-64.8684
-64.8693
-64.8703
-64.8712
-64.8722
-64.8731
-64.8741
-64.875
-64.876
-64.8769
-64.8778
-64.8787
-64.8797
-64.8806
-64.8815
-64.8824
-64.8833
-64.8842
-64.8851
-64.886
-64.8868
-64.8877
-64.8886
-64.8894
-64.8903
-64.8912
-64.892
-64.8928
-64.8937
-64.8945
-64.8953
-64.8961
-64.897
-64.8978
-64.8986
-64.8994
-64.9001
-64.9009
-64.9017
-64.9025
-64.9032
-64.904
-64.9048
-64.9055
-64.9062
-64.907
-64.9077
-64.9084
-64.9091
-64.9099
-64.9106
-64.9113
-64.912
-64.9127
-64.9133
-64.914
-64.9147
-64.9154
-64.916
-64.9167
-64.9173
-64.918
-64.9186
-64.9193
-64.9199
-64.9205
-64.9211
-64.9217
-64.9223
-64.9229
-64.9235
-64.9241
-64.9247
-64.9253
-64.9259
-64.9265
-64.927
-64.9276
-64.9281
-64.9287
-64.9292
-64.9298
-64.9303
-64.9308
-64.9314
-64.9319
-64.9324
-64.9329
-64.9334
-64.9339
-64.9344
-64.9349
-64.9354
-64.9359
-64.9364
-64.9369
-64.9373
-64.9378
-64.9383
-64.9387
-64.9392
-64.9396
-64.9401
-64.9405
-64.9409
-64.9414
-64.9418
-64.9422
-64.9427
-64.9431
-64.9435
-64.9439
-64.9443
-64.9447
-64.9451
-64.9455
-64.9459
-64.9463
-64.9466
-64.947
-64.9474
-64.9478
-64.9481
-64.9485
-64.9489
-64.9492
-64.9496
-64.9499
-64.9503
-64.9506
-64.9509
-64.9513
-64.9516
-64.9519
-64.9523
-64.9526
-64.9529
-64.9532
-64.9535
-64.9538
-64.9542
-64.9545
-64.9548
-64.9551
-64.9553
-64.9556
-64.9559
-64.9562
-64.9565
-64.9568
-64.9571
-64.9573
-64.9576
-64.9579
-64.9581
-64.9584
-64.9586
-64.9589
-64.9592
-64.9594
-64.9597
-64.9599
-64.9601
-64.9604
-64.9606
-64.9609
-64.9611
-64.9613
-64.9616
-64.9618
-64.962
-64.9622
-64.9624
-64.9627
-64.9629
-64.9631
-64.9633
-64.9635
-64.9637
-64.9639
-64.9641
-64.9643
-64.9645
-64.9647
-64.9649
-64.9651
-64.9653
-64.9654
-64.9656
-64.9658
-64.966
-64.9662
-64.9663
-64.9665
-64.9667
-64.9668
-64.967
-64.9672
-64.9673
-64.9675
-64.9677
-64.9678
-64.968
-64.9681
-64.9683
-64.9684
-64.9686
-64.9687
-64.9689
-64.969
-64.9692
-64.9693
-64.9694
-64.9696
-64.9697
-64.9698
-64.97
-64.9701
-64.9702
-64.9703
-64.9705
-64.9706
-64.9707
-64.9708
-64.971
-64.9711
-64.9712
-64.9713
-64.9714
-64.9715
-64.9716
-64.9717
-64.9719
-64.972
-64.9721
-64.9722
-64.9723
-64.9724
-64.9725
-64.9726
-64.9727
-64.9728
-64.9729
-64.9729
-64.973
-64.9731
-64.9732
-64.9733
-64.9734
-64.9735
-64.9736
-64.9736
-64.9737
-64.9738
-64.9739
-64.974
-64.974
-64.9741
-64.9742
-64.9743
-64.9743
-64.9744
-64.9745
-64.9746
-64.9746
-64.9747
-64.9748
-64.9748
-64.9749
-64.975
-64.975
-64.9751
-64.9751
-64.9752
-64.9753
-64.9753
-64.9754
-64.9754
-64.9755
-64.9755
-64.9756
-64.9757
-64.9757
-64.9758
-64.9758
-64.9759
-64.9759
-64.976
-64.976
-64.976
-64.9761
-64.9761
-64.9762
-64.9762
-64.9763
-64.9763
-64.9763
-64.9764
-64.9764
-64.9765
-64.9765
-64.9765
-64.9766
-64.9766
-64.9766
-64.9767
-64.9767
-64.9768
-64.9768
-64.9768
-64.9768
-64.9769
-64.9769
-64.9769
-64.977
-64.977
-64.977
-64.977
-64.9771
-64.9771
-64.9771
-64.9772
-64.9772
-64.9772
-64.9772
-64.9772
-64.9773
-64.9773
-64.9773
-64.9773
-64.9773
-64.9774
-64.9774
-64.9774
-64.9774
-64.9774
-64.9775
-64.9775
-64.9775
-64.9775
-64.9775
-64.9775
-64.9775
-64.9776
-64.9776
-64.9776
-64.9776
-64.9776
-64.9776
-64.9776
-64.9776
-64.9777
-64.9777
-64.9777
-64.9777
-64.9777
-64.9777
-64.9777
-64.9777
-64.9777
-64.9777
-64.9777
-64.9777
-64.9777
-64.9778
-64.9778
-64.9778
-64.9778
-64.9778
-64.9778
-64.9778
-64.9778
-64.9778
-64.9778
-64.9778
-64.9778
-64.9778
-64.9778
-64.9778
-64.9778
-64.9778
-64.9778
-64.9778
-64.9778
-64.9778
-64.9778
-64.9778
-64.9778
-64.9778
-64.9778
-64.9778
-64.9778
-64.9778
-64.9778
-64.9778
-64.9778
-64.9778
-64.9777
-64.9777
-64.9777
-64.9777
-64.9777
-64.9777
-64.9777
-64.9777
-64.9777
-64.9777
-64.9777
-64.9777
-64.9777
-64.9777
-64.9777
-64.9777
-64.9776
-64.9776
-64.9776
-64.9776
-64.9776
-64.9776
-64.9776
-64.9776
-64.9776
-64.9776
-64.9776
-64.9776
-64.9775
-64.9775
-64.9775
-64.9775
-64.9775
-64.9775
-64.9775
-64.9775
-64.9775
-64.9774
-64.9774
-64.9774
-64.9774
-64.9774
-64.9774
-64.9774
-64.9774
-64.9774
-64.9773
-64.9773
-64.9773
-64.9773
-64.9773
-64.9773
-64.9773
-64.9772
-64.9772
-64.9772
-64.9772
-64.9772
-64.9772
-64.9772
-64.9772
-64.9771
-64.9771
-64.9771
-64.9771
-64.9771
-64.9771
-64.9771
-64.977
-64.977
-64.977
-64.977
-64.977
-64.977
-64.9769
-64.9769
-64.9769
-64.9769
-64.9769
-64.9769
-64.9769
-64.9768
-64.9768
-64.9768
-64.9768
-64.9768
-64.9768
-64.9767
-64.9767
-64.9767
-64.9767
-64.9767
-64.9767
-64.9766
-64.9766
-64.9766
-64.9766
-64.9766
-64.9766
-64.9765
-64.9765
-64.9765
-64.9765
-64.9765
-64.9765
-64.9764
-64.9764
-64.9764
-64.9764
-64.9764
-64.9764
-64.9763
-64.9763
-64.9763
-64.9763
-64.9763
-64.9763
-64.9762
-64.9762
-64.9762
-64.9762
-64.9762
-64.9762
-64.9761
-64.9761
-64.9761
-64.9761
-64.9761
-64.9761
-64.976
-64.976
-64.976
-64.976
-64.976
-64.9759
-64.9759
-64.9759
-64.9759
-64.9759
-64.9759
-64.9758
-64.9758
-64.9758
-64.9758
-64.9758
-64.9758
-64.9757
-64.9757
-64.9757
-64.9757
-64.9757
-64.9756
-64.9756
-64.9756
-64.9756
-64.9756
-64.9756
-64.9755
-64.9755
-64.9755
-64.9755
-64.9755
-64.9755
-64.9754
-64.9754
-64.9754
-64.9754
-64.9754
-64.9753
-64.9753
-64.9753
-64.9753
-64.9753
-64.9753
-64.9752
-64.9752
-64.9752
-64.9752
-64.9752
-64.9752
-64.9751
-64.9751
-64.9751
-64.9751
-64.9751
-64.975
-64.975
-64.975
-64.975
-64.975
-64.975
-64.9749
-64.9749
-64.9749
-64.9749
-64.9749
-64.9749
-64.9748
-64.9748
-64.9748
-64.9748
-64.9748
-64.9748
-64.9747
-64.9747
-64.9747
-64.9747
-64.9747
-64.9747
-64.9746
-64.9746
-64.9746
-64.9746
-64.9746
-64.9746
-64.9745
-64.9745
-64.9745
-64.9745
-64.9745
-64.9745
-64.9744
-64.9744
-64.9744
-64.9744
-64.9744
-64.9744
-64.9743
-64.9743
-64.9743
-64.9743
-64.9743
-64.9743
-64.9742
-64.9742
-64.9742
-64.9742
-64.9742
-64.9742
-64.9741
-64.9741
-64.9741
-64.9741
-64.9741
-64.9741
-64.974
-64.974
-64.974
-64.974
-64.974
-64.974
-64.9739
-64.9739
-64.9739
-64.9739
-64.9739
-64.9739
-64.9739
-64.9738
-64.9738
-64.9738
-64.9738
-64.9738
-64.9738
-64.9737
-64.9737
-64.9737
-64.9737
-64.9737
-64.9737
-64.9736
-64.9736
-64.9736
-64.9736
-64.9736
-64.9736
-64.9736
-64.9735
-64.9735
-64.9735
-64.9735
-64.9735
-64.9735
-64.9735
-64.9734
-64.9734
-64.9734
-64.9734
-64.9734
-64.9734
-64.9734
-64.9733
-64.9733
-64.9733
-64.9733
-64.9733
-64.9733
-64.9732
-64.9732
-64.9732
-64.9732
-64.9732
-64.9732
-64.9732
-64.9732
-64.9731
-64.9731
-64.9731
-64.9731
-64.9731
-64.9731
-64.9731
-64.973
-64.973
-64.973
-64.973
-64.973
-64.973
-64.973
-64.9729
-64.9729
-64.9729
-64.9729
-64.9729
-64.9729
-64.9729
-64.9728
-64.9728
-64.9728
-64.9728
-64.9728
-64.9728
-64.9728
-64.9728
-64.9727
-64.9727
-64.9727
-64.9727
-64.9727
-64.9727
-64.9727
-64.9727
-64.9726
-64.9726
-64.9726
-64.9726
-64.9726
-64.9726
-64.9726
-64.9725
-64.9725
-64.9725
-64.9725
-64.9725
-64.9725
-64.9725
-64.9725
-64.9724
-64.9724
-64.9724
-64.9724
-64.9724
-64.9724
-64.9724
-64.9724
-64.9724
-64.9723
-64.9723
-64.9723
-64.9723
-64.9723
-64.9723
-64.9723
-64.9723
-64.9722
-64.9722
-64.9722
-64.9722
-64.9722
-64.9722
-64.9529
-64.9174
-64.8703
-64.8152
-64.7543
-64.6894
-64.6217
-64.5524
-64.4822
-64.4118
-64.3416
-64.2721
-64.2037
-64.1366
-64.0711
-64.0074
-63.9456
-63.8858
-63.828
-63.7724
-63.719
-63.6678
-63.6188
-63.572
-63.5274
-63.4849
-63.4446
-63.4063
-63.37
-63.3358
-63.3035
-63.273
-63.2444
-63.2176
-63.1925
-63.169
-63.1472
-63.1269
-63.1081
-63.0908
-63.0749
-63.0604
-63.0471
-63.0351
-63.0243
-63.0146
-63.0061
-62.9987
-62.9922
-62.9868
-62.9823
-62.9787
-62.976
-62.9741
-62.9731
-62.9728
-62.9732
-62.9743
-62.9761
-62.9785
-62.9816
-62.9852
-62.9894
-62.9941
-62.9993
-63.005
-63.0112
-63.0177
-63.0248
-63.0322
-63.0399
-63.0481
-63.0565
-63.0653
-63.0744
-63.0837
-63.0934
-63.1033
-63.1134
-63.1237
-63.1343
-63.145
-63.156
-63.1671
-63.1783
-63.1898
-63.2013
-63.213
-63.2248
-63.2367
-63.2487
-63.2608
-63.273
-63.2852
-63.2975
-63.3099
-63.3223
-63.3348
-63.3473
-63.3599
-63.3724
-63.385
-63.3976
-63.4102
-63.4228
-63.4354
-63.448
-63.4606
-63.4732
-63.4858
-63.4983
-63.5109
-63.5233
-63.5358
-63.5482
-63.5606
-63.573
-63.5853
-63.5975
-63.6097
-63.6219
-63.634
-63.646
-63.658
-63.67
-63.6818
-63.6937
-63.7054
-63.7171
-63.7287
-63.7403
-63.7518
-63.7632
-63.7745
-63.7858
-63.797
-63.8081
-63.8192
-63.8301
-63.841
-63.8519
-63.8626
-63.8733
-63.8839
-63.8944
-63.9048
-63.9152
-63.9255
-63.9357
-63.9458
-63.9558
-63.9658
-63.9757
-63.9855
-63.9952
-64.0049
-64.0144
-64.0239
-64.0333
-64.0426
-64.0519
-64.0611
-64.0702
-64.0792
-64.0881
-64.097
-64.1057
-64.1144
-64.1231
-64.1316
-64.1401
-64.1485
-64.1568
-64.165
-64.1732
-64.1813
-64.1893
-64.1973
-64.2051
-64.2129
-64.2206
-64.2283
-64.2359
-64.2434
-64.2508
-64.2582
-64.2655
-64.2727
-64.2799
-64.287
-64.294
-64.3009
-64.3078
-64.3146
-64.3214
-64.3281
-64.3347
-64.3413
-64.3478
-64.3542
-64.3605
-64.3669
-64.3731
-64.3793
-64.3854
-64.3914
-64.3974
-64.4034
-64.4092
-64.415
-64.4208
-64.4265
-64.4321
-64.4377
-64.4433
-64.4487
-64.4541
-64.4595
-64.4648
-64.47
-64.4752
-64.4804
-64.4855
-64.4905
-64.4955
-64.5004
-64.5053
-64.5101
-64.5149
-64.5197
-64.5243
-64.529
-64.5335
-64.5381
-64.5426
-64.547
-64.5514
-64.5558
-64.5601
-64.5643
-64.5685
-64.5727
-64.5768
-64.5809
-64.5849
-64.5889
-64.5929
-64.5968
-64.6006
-64.6045
-64.6082
-64.612
-64.6157
-64.6193
-64.623
-64.6266
-64.6301
-64.6336
-64.6371
-64.6405
-64.6439
-64.6472
-64.6506
-64.6538
-64.6571
-64.6603
-64.6635
-64.6666
-64.6697
-64.6728
-64.6758
-64.6788
-64.6818
-64.6847
-64.6876
-64.6905
-64.6933
-64.6962
-64.6989
-64.7017
-64.7044
-64.7071
-64.7097
-64.7124
-64.7149
-64.7175
-64.72
-64.7226
-64.725
-64.7275
-64.7299
-64.7323
-64.7347
-64.737
-64.7393
-64.7416
-64.7439
-64.7461
-64.7483
-64.7505
-64.7526
-64.7516
-64.7446
-64.7301
-64.7076
-64.6775
-64.6404
-64.5971
-64.5487
-64.496
-64.4401
-64.3817
-64.3216
-64.2606
-64.199
-64.1376
-64.0766
-64.0165
-63.9575
-63.8999
-63.8438
-63.7894
-63.7368
-63.6861
-63.6373
-63.5905
-63.5457
-63.5029
-63.4621
-63.4233
-63.3864
-63.3514
-63.3183
-63.287
-63.2575
-63.2298
-63.2037
-63.1793
-63.1565
-63.1352
-63.1154
-63.0971
-63.0801
-63.0645
-63.0502
-63.0372
-63.0253
-63.0146
-63.0051
-62.9966
-62.9891
-62.9827
-62.9771
-62.9726
-62.9688
-62.966
-62.9639
-62.9626
-62.9621
-62.9623
-62.9631
-62.9646
-62.9668
-62.9695
-62.9728
-62.9766
-62.981
-62.9859
-62.9912
-62.997
-63.0032
-63.0098
-63.0168
-63.0242
-63.0319
-63.0399
-63.0483
-63.0569
-63.0659
-63.0751
-63.0845
-63.0942
-63.1042
-63.1143
-63.1246
-63.1351
-63.1458
-63.1566
-63.1676
-63.1787
-63.19
-63.2013
-63.2128
-63.2244
-63.2361
-63.2478
-63.2596
-63.2715
-63.2835
-63.2955
-63.3076
-63.3197
-63.3318
-63.344
-63.3562
-63.3684
-63.3806
-63.3928
-63.405
-63.4173
-63.4295
-63.4417
-63.4539
-63.466
-63.4782
-63.4903
-63.5024
-63.5145
-63.5265
-63.5385
-63.5504
-63.5623
-63.5742
-63.586
-63.5978
-63.6095
-63.6212
-63.6328
-63.6443
-63.6558
-63.6672
-63.6755
-63.6778
-63.6728
-63.6599
-63.6395
-63.6121
-63.5787
-63.5402
-63.4975
-63.4516
-63.4033
-63.3532
-63.3022
-63.2507
-63.1993
-63.1483
-63.0982
-63.0491
-63.0013
-62.955
-62.9103
-62.8673
-62.8262
-62.7869
-62.7495
-62.714
-62.6804
-62.6487
-62.6189
-62.591
-62.5648
-62.5404
-62.5178
-62.4968
-62.4775
-62.4597
-62.4435
-62.4288
-62.4155
-62.4036
-62.3931
-62.3838
-62.3758
-62.369
-62.3634
-62.3588
-62.3554
-62.3529
-62.3514
-62.3509
-62.3512
-62.3525
-62.3545
-62.3574
-62.361
-62.3653
-62.3703
-62.376
-62.3823
-62.3892
-62.3966
-62.4046
-62.4132
-62.4222
-62.4317
-62.4416
-62.452
-62.4627
-62.4738
-62.4853
-62.4971
-62.5093
-62.5217
-62.5344
-62.5474
-62.5606
-62.5741
-62.5878
-62.6017
-62.6158
-62.63
-62.6444
-62.659
-62.6737
-62.6885
-62.7035
-62.7185
-62.7337
-62.7489
-62.7642
-62.7796
-62.7951
-62.8106
-62.8261
-62.8417
-62.8573
-62.8729
-62.8885
-62.9042
-62.9198
-62.9355
-62.9511
-62.9667
-62.9823
-62.9979
-63.0134
-63.0289
-63.0444
-63.0599
-63.0753
-63.0906
-63.1059
-63.1211
-63.1363
-63.1514
-63.1665
-63.1815
-63.1964
-63.2112
-63.226
-63.2407
-63.2553
-63.2698
-63.2843
-63.2987
-63.313
-63.3272
-63.3413
-63.3553
-63.3693
-63.3831
-63.3969
-63.4105
-63.4241
-63.4376
-63.451
-63.4642
-63.4774
-63.4905
-63.5035
-63.5164
-63.5292
-63.5419
-63.5545
-63.567
-63.5794
-63.5917
-63.6039
-63.616
-63.628
-63.64
-63.6518
-63.6635
-63.6751
-63.6866
-63.698
-63.7093
-63.7206
-63.7317
-63.7427
-63.7536
-63.7645
-63.7752
-63.7858
-63.7964
-63.8068
-63.8172
-63.8274
-63.8376
-63.8476
-63.8576
-63.8675
-63.8773
-63.887
-63.8966
-63.9061
-63.9155
-63.9249
-63.9341
-63.9433
-63.9524
-63.9613
-63.9702
-63.9791
-63.9878
-63.9964
-64.005
-64.0135
-64.0218
-64.0302
-64.0384
-64.0465
-64.0546
-64.0626
-64.0705
-64.0783
-64.086
-64.0937
-64.1013
-64.1088
-64.1163
-64.1236
-64.1309
-64.1381
-64.1453
-64.1523
-64.1593
-64.1663
-64.1731
-64.1799
-64.1866
-64.1932
-64.1998
-64.2063
-64.2128
-64.2191
-64.2254
-64.2317
-64.2379
-64.244
-64.25
-64.256
-64.2619
-64.2678
-64.2736
-64.2793
-64.285
-64.2906
-64.2962
-64.3016
-64.3071
-64.3125
-64.3178
-64.3231
-64.3283
-64.3334
-64.3385
-64.3436
-64.3485
-64.3535
-64.3584
-64.3632
-64.368
-64.3727
-64.3774
-64.382
-64.3865
-64.3911
-64.3955
-64.4
-64.4043
-64.4087
-64.4129
-64.4172
-64.4214
-64.4255
-64.4296
-64.4336
-64.4376
-64.4416
-64.4455
-64.4494
-64.4532
-64.457
-64.4608
-64.4645
-64.4681
-64.4717
-64.4753
-64.4788
-64.4823
-64.4858
-64.4892
-64.4926
-64.4959
-64.4992
-64.5025
-64.5057
-64.5089
-64.5121
-64.5152
-64.5183
-64.5213
-64.5244
-64.5273
-64.5303
-64.5332
-64.5361
-64.5389
-64.5417
-64.5445
-64.5472
-64.55
-64.5526
-64.5553
-64.5579
-64.5605
-64.5631
-64.5656
-64.5681
-64.5706
-64.573
-64.5754
-64.5778
-64.5801
-64.5825
-64.5848
-64.587
-64.5893
-64.5915
-64.5937
-64.5958
-64.598
-64.6001
-64.6022
-64.6042
-64.6063
-64.6083
-64.6103
-64.6122
-64.6142
-64.6161
-64.618
-64.6198
-64.6217
-64.6235
-64.6253
-64.6271
-64.6288
-64.6306
-64.6323
-64.634
-64.6356
-64.6373
-64.6389
-64.6405
-64.6421
-64.6437
-64.6452
-64.6467
-64.6482
-64.6497
-64.6512
-64.6527
-64.6541
-64.6555
-64.6569
-64.6583
-64.6596
-64.661
-64.6623
-64.6636
-64.6649
-64.6662
-64.6674
-64.6687
-64.6699
-64.6711
-64.6723
-64.6734
-64.6746
-64.6757
-64.6769
-64.678
-64.6791
-64.6802
-64.6812
-64.6823
-64.6833
-64.6844
-64.6854
-64.6864
-64.6874
-64.6883
-64.6893
-64.6902
-64.6912
-64.6921
-64.693
-64.6939
-64.6947
-64.6956
-64.6965
-64.6973
-64.6981
-64.699
-64.6998
-64.7006
-64.7014
-64.7021
-64.7029
-64.7036
-64.7044
-64.7051
-64.7058
-64.7065
-64.7072
-64.7079
-64.7086
-64.7093
-64.7099
-64.7106
-64.7112
-64.7118
-64.7125
-64.7131
-64.7137
-64.7143
-64.7148
-64.7154
-64.716
-64.7165
-64.7171
-64.7176
-64.7182
-64.7187
-64.7192
-64.7197
-64.7202
-64.7207
-64.7212
-64.7216
-64.7221
-64.7226
-64.723
-64.7235
-64.7239
-64.7243
-64.7248
-64.7252
-64.7256
-64.726
-64.7264
-64.7268
-64.7272
-64.7275
-64.7279
-64.7283
-64.7286
-64.729
-64.7293
-64.7297
-64.73
-64.7303
-64.7306
-64.731
-64.7313
-64.7316
-64.7319
-64.7322
-64.7325
-64.7327
-64.733
-64.7333
-64.7336
-64.7338
-64.7341
-64.7343
-64.7346
-64.7348
-64.7351
-64.7353
-64.7355
-64.7358
-64.736
-64.7362
-64.7364
-64.7366
-64.7368
-64.737
-64.7372
-64.7374
-64.7376
-64.7378
-64.738
-64.7382
-64.7383
-64.7385
-64.7387
-64.7388
-64.739
-64.7392
-64.7393
-64.7395
-64.7396
-64.7397
-64.7399
-64.74
-64.7402
-64.7403
-64.7404
-64.7405
-64.7407
-64.7408
-64.7409
-64.741
-64.7411
-64.7412
-64.7414
-64.7415
-64.7416
-64.7417
-64.7418
-64.7418
-64.7419
-64.742
-64.7421
-64.7422
-64.7423
-64.7424
-64.7424
-64.7425
-64.7426
-64.7427
-64.7427
-64.7428
-64.7429
-64.7429
-64.743
-64.7431
-64.7431
-64.7432
-64.7432
-64.7433
-64.7433
-64.7434
-64.7434
-64.7435
-64.7435
-64.7436
-64.7436
-64.7437
-64.7437
-64.7438
-64.7438
-64.7438
-64.7439
-64.7439
-64.7439
-64.744
-64.744
-64.744
-64.7441
-64.7441
-64.7441
-64.7441
-64.7442
-64.7442
-64.7442
-64.7442
-64.7443
-64.7443
-64.7443
-64.7443
-64.7443
-64.7443
-64.7444
-64.7444
-64.7444
-64.7444
-64.7444
-64.7444
-64.7444
-64.7445
-64.7445
-64.7445
-64.7445
-64.7445
-64.7445
-64.7445
-64.7445
-64.7445
-64.7445
-64.7445
-64.7445
-64.7445
-64.7445
-64.7446
-64.7446
-64.7446
-64.7446
-64.7446
-64.7446
-64.7446
-64.7446
-64.7446
-64.7446
-64.7446
-64.7446
-64.7446
-64.7446
-64.7446
-64.7446
-64.7446
-64.7446
-64.7446
-64.7446
-64.7446
-64.7446
-64.7446
-64.7446
-64.7446
-64.7446
-64.7446
-64.7446
-64.7446
-64.7446
-64.7446
-64.7446
-64.7446
-64.7446
-64.7446
-64.7446
-64.7446
-64.7446
-64.7446
-64.7446
-64.7446
-64.7446
-64.7446
-64.7446
-64.7446
-64.7446
-64.7446
-64.7446
-64.7446
-64.7446
-64.7446
-64.7446
-64.7446
-64.7446
-64.7446
-64.7446
-64.7446
-64.7446
-64.7446
-64.7446
-64.7446
-64.7447
-64.7447
-64.7447
-64.7447
-64.7447
-64.7447
-64.7447
-64.7447
-64.7447
-64.7447
-64.7447
-64.7447
-64.7448
-64.7448
-64.7448
-64.7448
-64.7448
-64.7448
-64.7448
-64.7448
-64.7448
-64.7449
-64.7449
-64.7449
-64.7449
-64.7449
-64.7449
-64.7449
-64.745
-64.745
-64.745
-64.745
-64.745
-64.7451
-64.7451
-64.7451
-64.7451
-64.7451
-64.7452
-64.7452
-64.7452
-64.7452
-64.7452
-64.7453
-64.7453
-64.7453
-64.7453
-64.7454
-64.7454
-64.7454
-64.7455
-64.7455
-64.7455
-64.7455
-64.7456
-64.7456
-64.7456
-64.7457
-64.7457
-64.7457
-64.7458
-64.7458
-64.7458
-64.7459
-64.7459
-64.7459
-64.746
-64.746
-64.746
-64.7461
-64.7461
-64.7461
-64.7462
-64.7462
-64.7463
-64.7463
-64.7463
-64.7464
-64.7464
-64.7465
-64.7465
-64.7466
-64.7466
-64.7467
-64.7467
-64.7467
-64.7468
-64.7468
-64.7469
-64.7469
-64.747
-64.747
-64.7471
-64.7471
-64.7472
-64.7472
-64.7473
-64.7473
-64.7474
-64.7475
-64.7475
-64.7476
-64.7476
-64.7477
-64.7477
-64.7478
-64.7478
-64.7479
-64.748
-64.748
-64.7481
-64.7481
-64.7482
-64.7483
-64.7483
-64.7484
-64.7485
-64.7485
-64.7486
-64.7486
-64.7487
-64.7488
-64.7488
-64.7489
-64.749
-64.749
-64.7491
-64.7492
-64.7493
-64.7493
-64.7494
-64.7495
-64.7495
-64.7496
-64.7497
-64.7498
-64.7498
-64.7499
-64.75
-64.7501
-64.7501
-64.7502
-64.7503
-64.7504
-64.7504
-64.7505
-64.7506
-64.7507
-64.7508
-64.7508
-64.7509
-64.751
-64.7511
-64.7512
-64.7513
-64.7513
-64.7514
-64.7515
-64.7516
-64.7517
-64.7518
-64.7518
-64.7519
-64.752
-64.7521
-64.7522
-64.7523
-64.7524
-64.7525
-64.7526
-64.7526
-64.7527
-64.7528
-64.7529
-64.753
-64.7531
-64.7532
-64.7533
-64.7534
-64.7535
-64.7536
-64.7537
-64.7538
-64.7539
-64.754
-64.7541
-64.7542
-64.7543
-64.7544
-64.7545
-64.7546
-64.7547
-64.7548
-64.7549
-64.755
-64.7551
-64.7552
-64.7553
-64.7554
-64.7555
-64.7556
-64.7557
-64.7558
-64.7559
-64.756
-64.7561
-64.7562
-64.7563
-64.7564
-64.7565
-64.7567
-64.7568
-64.7569
-64.757
-64.7571
-64.7572
-64.7573
-64.7574
-64.7575
-64.7576
-64.7578
-64.7579
-64.758
-64.7581
-64.7582
-64.7583
-64.7584
-64.7586
-64.7587
-64.7588
-64.7589
-64.759
-64.7591
-64.7593
-64.7594
-64.7595
-64.7596
-64.7597
-64.7598
-64.76
-64.7601
-64.7602
-64.7603
-64.7604
-64.7606
-64.7607
-64.7608
-64.7609
-64.761
-64.7612
-64.7613
-64.7614
-64.7615
-64.7617
-64.7618
-64.7619
-64.762
-64.7622
-64.7623
-64.7624
-64.7625
-64.7627
-64.7628
-64.7629
-64.763
-64.7632
-64.7633
-64.7634
-64.7636
-64.7637
-64.7638
-64.7639
-64.7641
-64.7642
-64.7643
-64.7645
-64.7646
-64.7647
-64.7649
-64.765
-64.7651
-64.7652
-64.7654
-64.7655
-64.7656
-64.7658
-64.7659
-64.766
-64.7662
-64.7663
-64.7664
-64.7666
-64.7667
-64.7668
-64.767
-64.7671
-64.7673
-64.7674
-64.7675
-64.7677
-64.7678
-64.7679
-64.7681
-64.7682
-64.7683
-64.7685
-64.7686
-64.7688
-64.7689
-64.769
-64.7692
-64.7693
-64.7695
-64.7696
-64.7697
-64.7699
-64.77
-64.7701
-64.7703
-64.7704
-64.7706
-64.7707
-64.7709
-64.771
-64.7711
-64.7713
-64.7714
-64.7716
-64.7717
-64.7718
-64.772
-64.7721
-64.7723
-64.7724
-64.7726
-64.7727
-64.7728
-64.773
-64.7731
-64.7733
-64.7734
-64.7736
-64.7737
-64.7739
-64.774
-64.7741
-64.7743
-64.7744
-64.7746
-64.7747
-64.7749
-64.775
-64.7752
-64.7753
-64.7755
-64.7756
-64.7757
-64.7759
-64.776
-64.7762
-64.7763
-64.7765
-64.7766
-64.7768
-64.7769
-64.7771
-64.7772
-64.7774
-64.7775
-64.7777
-64.7778
-64.778
-64.7781
-64.7783
-64.7784
-64.7786
-64.7787
-64.7789
-64.779
-64.7792
-64.7793
-64.7794
-64.7796
-64.7797
-64.7799
-64.78
-64.7802
-64.7803
-64.7805
-64.7806
-64.7808
-64.7809
-64.7811
-64.7813
-64.7814
-64.7816
-64.7817
-64.7819
-64.782
-64.7822
-64.7823
-64.7825
-64.7826
-64.7828
-64.7829
-64.7831
-64.7832
-64.7834
-64.7835
-64.7837
-64.7838
-64.784
-64.7841
-64.7843
-64.7844
-64.7846
-64.7847
-64.7849
-64.785
-64.7852
-64.7853
-64.7855
-64.7856
-64.7858
-64.786
-64.7861
-64.7863
-64.7864
-64.7866
-64.7867
-64.7869
-64.787
-64.7872
-64.7873
-64.7875
-64.7876
-64.7878
-64.7879
-64.7881
-64.7883
-64.7884
-64.7886
-64.7887
-64.7889
-64.789
-64.7892
-64.7893
-64.7895
-64.7896
-64.7898
-64.7868
-64.7778
-64.7614
-64.737
-64.7051
-64.6661
-64.6211
-64.5708
-64.5165
-64.4588
-64.3987
-64.337
-64.2743
-64.2111
-64.1481
-64.0856
-64.024
-63.9635
-63.9044
-63.8469
-63.7911
-63.7371
-63.685
-63.635
-63.5869
-63.5409
-63.4968
-63.4548
-63.4148
-63.3768
-63.3407
-63.3065
-63.2742
-63.2437
-63.2149
-63.1879
-63.1625
-63.1387
-63.1165
-63.0959
-63.0766
-63.0588
-63.0424
-63.0273
-63.0134
-63.0008
-62.9894
-62.9791
-62.9699
-62.9617
-62.9545
-62.9484
-62.9431
-62.9387
-62.9352
-62.9326
-62.9307
-62.9296
-62.9291
-62.9294
-62.9304
-62.932
-62.9342
-62.9369
-62.9403
-62.9441
-62.9485
-62.9533
-62.9586
-62.9644
-62.9705
-62.9771
-62.984
-62.9913
-62.9989
-63.0069
-63.0151
-63.0237
-63.0325
-63.0416
-63.0509
-63.0604
-63.0702
-63.0801
-63.0903
-63.1006
-63.1111
-63.1218
-63.1326
-63.1435
-63.1545
-63.1657
-63.177
-63.1884
-63.1998
-63.2113
-63.223
-63.2346
-63.2464
-63.2582
-63.27
-63.2819
-63.2938
-63.3057
-63.3177
-63.3296
-63.3416
-63.3536
-63.3656
-63.3776
-63.3895
-63.4015
-63.4135
-63.4254
-63.4373
-63.4492
-63.4611
-63.4729
-63.4847
-63.4964
-63.5081
-63.5198
-63.5315
-63.543
-63.5546
-63.5661
-63.5775
-63.5889
-63.6002
-63.6114
-63.6227
-63.6338
-63.6449
-63.6559
-63.6669
-63.6777
-63.6886
-63.6993
-63.71
-63.7206
-63.7312
-63.7417
-63.7521
-63.7624
-63.7727
-63.7829
-63.793
-63.803
-63.813
-63.8229
-63.8327
-63.8425
-63.8521
-63.8617
-63.8712
-63.8807
-63.8901
-63.8994
-63.9086
-63.9177
-63.9268
-63.9358
-63.9447
-63.9536
-63.9623
-63.971
-63.9797
-63.9882
-63.9967
-64.0051
-64.0134
-64.0217
-64.0299
-64.038
-64.046
-64.054
-64.0619
-64.0697
-64.0775
-64.0851
-64.0928
-64.1003
-64.1078
-64.1152
-64.1225
-64.1298
-64.137
-64.1441
-64.1512
-64.1582
-64.1651
-64.172
-64.1788
-64.1855
-64.1922
-64.1988
-64.2054
-64.2118
-64.2183
-64.2246
-64.2309
-64.2372
-64.2433
-64.2495
-64.2555
-64.2615
-64.2675
-64.2733
-64.2792
-64.2849
-64.2906
-64.2963
-64.3019
-64.3074
-64.3129
-64.3184
-64.3237
-64.3291
-64.3343
-64.3396
-64.3447
-64.3498
-64.3549
-64.3599
-64.3649
-64.3698
-64.3747
-64.3795
-64.3842
-64.389
-64.3936
-64.3983
-64.4028
-64.4074
-64.4118
-64.4163
-64.4207
-64.425
-64.4293
-64.4336
-64.4378
-64.442
-64.4461
-64.4502
-64.4511
-64.446
-64.4335
-64.413
-64.3658
-64.2956
-64.2078
-64.1068
-63.996
-63.878
-63.755
-63.6286
-63.5005
-63.3719
-63.2436
-63.1168
-62.9919
-62.8697
-62.7506
-62.635
-62.5231
-62.4151
-62.3114
-62.2119
-62.1167
-62.0258
-61.9393
-61.8572
-61.7793
-61.7056
-61.6361
-61.5706
-61.5091
-61.4514
-61.3975
-61.3471
-61.3003
-61.2569
-61.2167
-61.1797
-61.1457
-61.1146
-61.0864
-61.0608
-61.0378
-61.0173
-60.9992
-60.9834
-60.9698
-60.9582
-60.9486
-60.941
-60.9352
-60.9311
-60.9286
-60.9278
-60.9285
-60.9306
-60.9341
-60.9389
-60.9449
-60.9521
-60.9605
-60.9699
-60.9803
-60.9917
-61.004
-61.0172
-61.0311
-61.0459
-61.0614
-61.0775
-61.0943
-61.1118
-61.1298
-61.1483
-61.1674
-61.1869
-61.2069
-61.2273
-61.2481
-61.2693
-61.2908
-61.3126
-61.3347
-61.3571
-61.3797
-61.4026
-61.4256
-61.4489
-61.4723
-61.4959
-61.5196
-61.5434
-61.5673
-61.5914
-61.6155
-61.6396
-61.6639
-61.6881
-61.7124
-61.7367
-61.7611
-61.7854
-61.8097
-61.834
-61.8582
-61.8825
-61.9066
-61.9308
-61.9548
-61.9788
-62.0028
-62.0266
-62.0504
-62.0741
-62.0977
-62.1212
-62.1446
-62.1679
-62.1911
-62.2141
-62.2371
-62.2599
-62.2826
-62.3052
-62.3276
-62.3499
-62.3721
-62.3941
-62.416
-62.4378
-62.4594
-62.4809
-62.5022
-62.5234
-62.5444
-62.5653
-62.586
-62.6066
-62.627
-62.6473
-62.6674
-62.6874
-62.7072
-62.7269
-62.7464
-62.7657
-62.7849
-62.8039
-62.8228
-62.8415
-62.8601
-62.8785
-62.8967
-62.9148
-62.9328
-62.9506
-62.9682
-62.9857
-63.003
-63.0202
-63.0372
-63.0541
-63.0708
-63.0874
-63.1038
-63.12
-63.1362
-63.1521
-63.168
-63.1836
-63.1992
-63.2146
-63.2298
-63.2449
-63.2599
-63.2747
-63.2894
-63.3039
-63.3183
-63.3326
-63.3467
-63.3607
-63.3746
-63.3883
-63.4019
-63.4153
-63.4287
-63.4419
-63.4549
-63.4679
-63.4807
-63.4934
-63.506
-63.5184
-63.5307
-63.5429
-63.555
-63.567
-63.5788
-63.5905
-63.6021
-63.6136
-63.625
-63.6363
-63.6474
-63.6584
-63.6694
-63.6802
-63.6909
-63.7015
-63.712
-63.7224
-63.7326
-63.7428
-63.7529
-63.7629
-63.7727
-63.7825
-63.7922
-63.8017
-63.8112
-63.8206
-63.8299
-63.839
-63.8481
-63.8571
-63.866
-63.8749
-63.8836
-63.8922
-63.9007
-63.9092
-63.9176
-63.9259
-63.934
-63.9422
-63.9502
-63.9581
-63.966
-63.9738
-63.9815
-63.9891
-63.9935
-63.9919
-63.9829
-63.966
-63.9415
-63.9099
-63.8723
-63.8294
-63.7823
-63.7319
-63.6791
-63.6245
-63.5688
-63.5127
-63.4566
-63.4009
-63.346
-63.2922
-63.2397
-63.1886
-63.1392
-63.0916
-63.0458
-63.0018
-62.9598
-62.9197
-62.8815
-62.8453
-62.811
-62.7786
-62.748
-62.7193
-62.6923
-62.667
-62.6434
-62.6215
-62.6011
-62.5823
-62.565
-62.5491
-62.5346
-62.5214
-62.5096
-62.4989
-62.4895
-62.4813
-62.4741
-62.468
-62.4629
-62.4589
-62.4557
-62.4535
-62.4522
-62.4517
-62.4519
-62.453
-62.4548
-62.4573
-62.4604
-62.4642
-62.4686
-62.4736
-62.4791
-62.4852
-62.4918
-62.4988
-62.5064
-62.5143
-62.5227
-62.5314
-62.5406
-62.55
-62.5598
-62.57
-62.5804
-62.5911
-62.6021
-62.6133
-62.6248
-62.6364
-62.6483
-62.6604
-62.6726
-62.6851
-62.6976
-62.7103
-62.7232
-62.7362
-62.7492
-62.7624
-62.7757
-62.7891
-62.8025
-62.816
-62.8296
-62.8432
-62.8569
-62.8706
-62.8843
-62.898
-62.9118
-62.9256
-62.9394
-62.9531
-62.9669
-62.9807
-62.9945
-63.0082
-63.0219
-63.0356
-63.0493
-63.0629
-63.0765
-63.0901
-63.1036
-63.117
-63.1305
-63.1438
-63.1571
-63.1704
-63.1835
-63.1967
-63.2097
-63.2227
-63.2357
-63.2485
-63.2613
-63.274
-63.2867
-63.2992
-63.3117
-63.3241
-63.3364
-63.3487
-63.3609
-63.373
-63.385
-63.3969
-63.4087
-63.4205
-63.4321
-63.4437
-63.4552
-63.4666
-63.478
-63.4892
-63.5003
-63.5114
-63.5224
-63.5333
-63.5441
-63.5548
-63.5654
-63.5759
-63.5864
-63.5967
-63.607
-63.6172
-63.6273
-63.6373
-63.6472
-63.6571
-63.6668
-63.6765
-63.6861
-63.6956
-63.705
-63.7143
-63.7235
-63.7327
-63.7418
-63.7507
-63.7596
-63.7685
-63.7772
-63.7859
-63.7945
-63.8029
-63.8114
-63.8197
-63.828
-63.8361
-63.8442
-63.8523
-63.8602
-63.8681
-63.8759
-63.8836
-63.8913
-63.8988
-63.9063
-63.9137
-63.9211
-63.9284
-63.9356
-63.9427
-63.9498
-63.9568
-63.9637
-63.9706
-63.9773
-63.9841
-63.9907
-63.9973
-64.0038
-64.0103
-64.0167
-64.023
-64.0293
-64.0355
-64.0416
-64.0477
-64.0537
-64.0596
-64.0655
-64.0713
-64.0771
-64.0828
-64.0885
-64.0941
-64.0996
-64.1051
-64.1105
-64.1159
-64.1212
-64.1264
-64.1316
-64.1368
-64.1419
-64.1469
-64.1519
-64.1569
-64.1617
-64.1666
-64.1714
-64.1761
-64.1808
-64.1854
-64.19
-64.1945
-64.199
-64.2035
-64.2079
-64.2122
-64.2165
-64.2208
-64.225
-64.2292
-64.2333
-64.2374
-64.2414
-64.2454
-64.2494
-64.2533
-64.2572
-64.261
-64.2648
-64.2686
-64.2723
-64.2759
-64.2796
-64.2832
-64.2867
-64.2902
-64.2937
-64.2971
-64.3005
-64.3039
-64.3072
-64.3105
-64.3138
-64.317
-64.3202
-64.3234
-64.3265
-64.3296
-64.3326
-64.3357
-64.3387
-64.3416
-64.3445
-64.3474
-64.3503
-64.3531
-64.3559
-64.3556
-64.3492
-64.3355
-64.3138
-64.2845
-64.2481
-64.2057
-64.1581
-64.1062
-64.0511
-63.9935
-63.9342
-63.8739
-63.8131
-63.7523
-63.6921
-63.6326
-63.5743
-63.5173
-63.4618
-63.4081
-63.3561
-63.306
-63.2578
-63.2116
-63.1674
-63.1252
-63.0849
-63.0467
-63.0103
-62.9759
-62.9433
-62.9126
-62.8836
-62.8564
-62.8309
-62.807
-62.7847
-62.7639
-62.7446
-62.7268
-62.7103
-62.6952
-62.6814
-62.6688
-62.6574
-62.6472
-62.6381
-62.63
-62.62
-62.6053
-62.5845
-62.5571
-62.5234
-62.484
-62.4397
-62.3915
-62.3403
-62.2868
-62.2319
-62.1763
-62.1207
-62.0654
-62.011
-61.9578
-61.9061
-61.8561
-61.8081
-61.7622
-61.7184
-61.6769
-61.6376
-61.6007
-61.566
-61.5336
-61.5035
-61.4756
-61.4498
-61.4262
-61.4046
-61.385
-61.3674
-61.3517
-61.3378
-61.3256
-61.3152
-61.3063
-61.299
-61.2933
-61.289
-61.286
-61.2844
-61.2841
-61.285
-61.2871
-61.2903
-61.2945
-61.2998
-61.306
-61.3132
-61.3213
-61.3302
-61.3399
-61.3503
-61.3615
-61.3734
-61.386
-61.3991
-61.4129
-61.4272
-61.442
-61.4573
-61.4731
-61.4893
-61.506
-61.523
-61.5404
-61.5582
-61.5762
-61.5946
-61.6133
-61.6322
-61.6514
-61.6707
-61.6903
-61.7101
-61.7301
-61.7502
-61.7704
-61.7908
-61.8113
-61.8319
-61.8526
-61.8734
-61.8942
-61.9151
-61.9361
-61.957
-61.978
-61.9991
-62.0201
-62.0411
-62.0621
-62.0832
-62.1041
-62.1251
-62.146
-62.1669
-62.1877
-62.2085
-62.2292
-62.2499
-62.2705
-62.291
-62.3114
-62.3317
-62.352
-62.3722
-62.3923
-62.4122
-62.4321
-62.4519
-62.4716
-62.4912
-62.5106
-62.5299
-62.5492
-62.5683
-62.5873
-62.6061
-62.6249
-62.6435
-62.662
-62.6804
-62.6986
-62.7167
-62.7347
-62.7526
-62.7703
-62.7879
-62.8054
-62.8227
-62.8399
-62.8569
-62.8738
-62.8906
-62.9073
-62.9238
-62.9402
-62.9564
-62.9726
-62.9885
-63.0044
-63.0201
-63.0357
-63.0511
-63.0664
-63.0816
-63.0966
-63.1115
-63.1263
-63.1409
-63.1554
-63.1698
-63.1841
-63.1982
-63.2122
-63.2261
-63.2398
-63.2534
-63.2669
-63.2802
-63.2935
-63.3066
-63.3196
-63.3324
-63.3452
-63.3578
-63.3703
-63.3827
-63.3949
-63.4071
-63.4191
-63.431
-63.4428
-63.4545
-63.466
-63.4775
-63.4888
-63.5001
-63.5112
-63.5222
-63.5331
-63.5439
-63.5546
-63.5651
-63.5756
-63.586
-63.5963
-63.6064
-63.6165
-63.6264
-63.6363
-63.6461
-63.6557
-63.6653
-63.6748
-63.6841
-63.6934
-63.7026
-63.7117
-63.7207
-63.7296
-63.7384
-63.7472
-63.7558
-63.7644
-63.7728
-63.7812
-63.7895
-63.7977
-63.8058
-63.8139
-63.8218
-63.8297
-63.8375
-63.8452
-63.8528
-63.8604
-63.8679
-63.8753
-63.8826
-63.8898
-63.897
-63.9041
-63.9111
-63.9181
-63.925
-63.9318
-63.9385
-63.9452
-63.9518
-63.9583
-63.9458
-63.9173
-63.8774
-63.8295
-63.7758
-63.7181
-63.6578
-63.5956
-63.5326
-63.4692
-63.4061
-63.3436
-63.282
-63.2218
-63.163
-63.1059
-63.0506
-62.9972
-62.9459
-62.8966
-62.8494
-62.8043
-62.7613
-62.7204
-62.6816
-62.6449
-62.6102
-62.5775
-62.5468
-62.5179
-62.4909
-62.4657
-62.4423
-62.4206
-62.4005
-62.3819
-62.365
-62.3495
-62.3354
-62.3227
-62.3114
-62.3013
-62.2924
-62.2848
-62.2783
-62.2728
-62.2684
-62.2651
-62.2626
-62.2611
-62.2605
-62.2608
-62.2618
-62.2636
-62.2662
-62.2695
-62.2734
-62.278
-62.2832
-62.289
-62.2953
-62.3022
-62.3096
-62.3174
-62.3257
-62.3345
-62.3436
-62.3532
-62.3631
-62.3734
-62.3839
-62.3948
-62.406
-62.4175
-62.4292
-62.4412
-62.4533
-62.4657
-62.4783
-62.4911
-62.5041
-62.5172
-62.5304
-62.5438
-62.5573
-62.571
-62.5847
-62.5985
-62.6124
-62.6264
-62.6405
-62.6546
-62.6687
-62.6829
-62.6971
-62.7114
-62.7257
-62.74
-62.7543
-62.7686
-62.7829
-62.7972
-62.8115
-62.8257
-62.84
-62.8542
-62.8684
-62.8825
-62.8967
-62.9107
-62.9248
-62.9387
-62.9527
-62.9665
-62.9804
-62.9941
-63.0078
-63.0214
-63.035
-63.0485
-63.0619
-63.0753
-63.0885
-63.1017
-63.1149
-63.1279
-63.1409
-63.1537
-63.1665
-63.1793
-63.1919
-63.2044
-63.2169
-63.2293
-63.2416
-63.2537
-63.2659
-63.2779
-63.2898
-63.3016
-63.3134
-63.325
-63.3366
-63.3481
-63.3595
-63.3707
-63.3819
-63.393
-63.4041
-63.415
-63.4258
-63.4366
-63.4472
-63.4578
-63.4682
-63.4786
-63.4889
-63.4991
-63.5092
-63.5192
-63.5291
-63.539
-63.5487
-63.5584
-63.568
-63.5774
-63.5868
-63.5962
-63.6054
-63.6145
-63.6236
-63.6325
-63.6414
-63.6502
-63.64
-63.6138
-63.5763
-63.5307
-63.4793
-63.424
-63.3659
-63.3062
-63.2455
-63.1845
-63.1238
-63.0637
-63.0046
-62.9468
-62.8905
-62.8359
-62.7831
-62.7322
-62.6834
-62.6366
-62.5919
-62.5493
-62.5088
-62.4704
-62.4341
-62.3999
-62.3677
-62.3374
-62.3091
-62.2826
-62.258
-62.2352
-62.2141
-62.1946
-62.1768
-62.1605
-62.1458
-62.1325
-62.1206
-62.11
-62.1008
-62.0928
-62.086
-62.0804
-62.0758
-62.0724
-62.0699
-62.0685
-62.0679
-62.0683
-62.0695
-62.0716
-62.0744
-62.0779
-62.0822
-62.0872
-62.0928
-62.0991
-62.1059
-62.1133
-62.1212
-62.1296
-62.1385
-62.1479
-62.1577
-62.1679
-62.1785
-62.1895
-62.2008
-62.2124
-62.2243
-62.2366
-62.2491
-62.2618
-62.2748
-62.288
-62.3015
-62.3151
-62.3289
-62.3428
-62.3569
-62.3712
-62.3856
-62.4001
-62.4147
-62.4294
-62.4442
-62.4591
-62.474
-62.489
-62.4855
-62.4665
-62.4364
-62.3986
-62.3554
-62.3083
-62.2587
-62.2076
-62.1556
-62.1036
-62.0518
-62.0008
-61.951
-61.9024
-61.8555
-61.8103
-61.767
-61.7256
-61.6863
-61.6491
-61.614
-61.581
-61.5501
-61.5213
-61.4946
-61.4698
-61.4471
-61.4263
-61.4075
-61.3904
-61.3751
-61.3616
-61.3497
-61.3394
-61.3307
-61.3235
-61.3177
-61.3133
-61.3102
-61.3084
-61.3078
-61.3084
-61.3101
-61.3129
-61.3167
-61.3215
-61.3272
-61.3338
-61.3413
-61.3496
-61.3586
-61.3684
-61.3789
-61.39
-61.4018
-61.4141
-61.427
-61.4405
-61.4545
-61.4689
-61.4838
-61.4991
-61.5148
-61.5309
-61.5474
-61.5641
-61.5812
-61.5986
-61.6162
-61.6341
-61.6522
-61.6705
-61.689
-61.7077
-61.7266
-61.7456
-61.7648
-61.784
-61.8034
-61.8229
-61.8425
-61.8621
-61.8818
-61.9016
-61.9214
-61.9412
-61.961
-61.9809
-62.0008
-62.0206
-62.0405
-62.0603
-62.0802
-62.0999
-62.1197
-62.1394
-62.1591
-62.1787
-62.1982
-62.2177
-62.2371
-62.2565
-62.2758
-62.2949
-62.314
-62.3331
-62.352
-62.3708
-62.3896
-62.4082
-62.4082
-62.3925
-62.3656
-62.3308
-62.2904
-62.246
-62.199
-62.1503
-62.1007
-62.0509
-62.0013
-61.9523
-61.9044
-61.8577
-61.8125
-61.769
-61.7273
-61.6875
-61.6496
-61.6137
-61.5799
-61.5481
-61.5184
-61.4907
-61.465
-61.4412
-61.4194
-61.3995
-61.3814
-61.3651
-61.3506
-61.3377
-61.3264
-61.3167
-61.3085
-61.3018
-61.2965
-61.2925
-61.2898
-61.2884
-61.2882
-61.2891
-61.2911
-61.2941
-61.2982
-61.3032
-61.3091
-61.3159
-61.3235
-61.3319
-61.3411
-61.3509
-61.3615
-61.3727
-61.3845
-61.3969
-61.4099
-61.4234
-61.4374
-61.4518
-61.4667
-61.482
-61.4977
-61.5137
-61.5301
-61.5469
-61.5639
-61.5812
-61.5987
-61.6165
-61.6346
-61.6528
-61.6713
-61.6899
-61.7086
-61.7275
-61.7466
-61.7658
-61.785
-61.8044
-61.8238
-61.8433
-61.8629
-61.8825
-61.9022
-61.9219
-61.9535
-61.9877
-62.0221
-62.0557
-62.0883
-62.1196
-62.1499
-62.1792
-62.2077
-62.2354
-62.2624
-62.2887
-62.3146
-62.3399
-62.3648
-62.3893
-62.4134
-62.4371
-62.4605
-62.4835
-62.5063
-62.5287
-62.5507
-62.5725
-62.594
-62.6153
-62.6362
-62.6569
-62.6773
-62.6974
-62.7173
-62.7369
-62.7563
-62.7754
-62.7943
-62.8129
-62.8313
-62.8495
-62.8674
-62.8851
-62.9026
-62.9199
-62.9369
-62.9538
-62.9704
-62.9868
-63.003
-63.019
-63.0348
-63.0504
-63.0658
-63.081
-63.096
-63.1108
-63.1254
-63.1399
-63.1541
-63.1682
-63.1821
-63.1959
-63.2094
-63.2228
-63.236
-63.2491
-63.262
-63.2747
-63.2873
-63.2997
-63.312
-63.3241
-63.336
-63.3478
-63.3595
-63.371
-63.3824
-63.3936
-63.4047
-63.4156
-63.4264
-63.4371
-63.4476
-63.4581
-63.4683
-63.4785
-63.4885
-63.4984
-63.5082
-63.5179
-63.5274
-63.5368
-63.5461
-63.5553
-63.5644
-63.5733
-63.5822
-63.5909
-63.5996
-63.6081
-63.6134
-63.6128
-63.6047
-63.5887
-63.5652
-63.5346
-63.498
-63.4562
-63.4102
-63.3609
-63.3091
-63.2557
-63.2011
-63.1462
-63.0912
-63.0367
-62.9829
-62.9302
-62.8789
-62.829
-62.7807
-62.7342
-62.6895
-62.6466
-62.6057
-62.5667
-62.5296
-62.4944
-62.4612
-62.4298
-62.4002
-62.3724
-62.3464
-62.3221
-62.2994
-62.2784
-62.2589
-62.241
-62.2245
-62.2095
-62.1958
-62.1834
-62.1723
-62.1625
-62.1538
-62.1463
-62.1398
-62.1344
-62.13
-62.1266
-62.1241
-62.1225
-62.1218
-62.1219
-62.1227
-62.1243
-62.1267
-62.1297
-62.1333
-62.1376
-62.1425
-62.148
-62.154
-62.1605
-62.1675
-62.1749
-62.1829
-62.1912
-62.1999
-62.209
-62.2185
-62.2283
-62.2385
-62.2489
-62.2596
-62.2706
-62.2934
-62.3191
-62.3451
-62.3705
-62.3951
-62.4189
-62.4417
-62.4638
-62.4852
-62.5061
-62.5264
-62.5464
-62.5659
-62.5852
-62.6042
-62.6229
-62.6413
-62.6596
-62.6776
-62.6954
-62.7131
-62.7305
-62.7478
-62.7649
-62.7818
-62.7986
-62.8152
-62.8316
-62.8479
-62.864
-62.8799
-62.8957
-62.9113
-62.9268
-62.9421
-62.9572
-62.9722
-62.987
-63.0017
-63.0163
-63.0306
-63.0418
-63.047
-63.0448
-63.0347
-63.0171
-62.9926
-62.962
-62.9263
-62.8865
-62.8434
-62.7978
-62.7507
-62.7024
-62.6538
-62.6051
-62.5569
-62.5095
-62.4632
-62.4181
-62.3744
-62.3324
-62.292
-62.2534
-62.2166
-62.1817
-62.1486
-62.1173
-62.088
-62.0604
-62.0346
-62.0106
-61.9882
-61.9676
-61.9486
-61.9311
-61.9152
-61.9008
-61.8878
-61.8761
-61.8656
-61.8564
-61.8484
-61.8414
-61.8355
-61.8306
-61.8266
-61.8235
-61.8213
-61.8198
-61.8192
-61.8193
-61.8201
-61.8216
-61.8238
-61.8267
-61.8301
-61.8341
-61.8386
-61.8436
-61.849
-61.8549
-61.8611
-61.8677
-61.8745
-61.8817
-61.8892
-61.8969
-61.9049
-61.9131
-61.9215
-61.93
-61.9388
-61.9476
-61.9566
-61.9657
-61.9749
-61.9842
-61.9935
-62.0028
-62.0121
-62.0214
-62.0306
-62.0399
-62.0491
-62.0582
-62.0674
-62.0765
-62.0856
-62.0946
-62.1036
-62.1126
-62.1215
-62.1303
-62.1391
-62.1479
-62.1566
-62.1651
-62.1736
-62.1819
-62.1901
-62.1981
-62.2059
-62.2105
-62.2092
-62.2006
-62.1842
-62.1603
-62.1297
-62.093
-62.0514
-62.0058
-61.957
-61.9059
-61.8533
-61.7999
-61.7462
-61.6927
-61.6398
-61.5878
-61.5371
-61.4877
-61.4399
-61.3938
-61.3496
-61.3072
-61.2667
-61.2282
-61.1916
-61.1571
-61.1244
-61.0938
-61.065
-61.0381
-61.0131
-60.9898
-60.9683
-60.9486
-60.9305
-60.9141
-60.8992
-60.8859
-60.8742
-60.8638
-60.855
-60.8475
-60.8413
-60.8364
-60.8328
-60.8303
-60.829
-60.8287
-60.8295
-60.8312
-60.8339
-60.8375
-60.8418
-60.847
-60.8528
-60.8593
-60.8664
-60.874
-60.8821
-60.8907
-60.8996
-60.909
-60.9186
-60.9287
-60.939
-60.9495
-60.9603
-60.9714
-60.9826
-60.9941
-61.0057
-61.0175
-61.0296
-61.0418
-61.0542
-61.0668
-61.0797
-61.0927
-61.106
-61.1195
-61.1332
-61.1472
-61.1614
-61.1757
-61.1904
-61.2052
-61.2203
-61.2355
-61.251
-61.2667
-61.2826
-61.2987
-61.3149
-61.3314
-61.348
-61.3649
-61.3818
-61.399
-61.4163
-61.4337
-61.4513
-61.469
-61.4869
-61.5048
-61.5229
-61.5411
-61.5593
-61.5777
-61.5962
-61.6147
-61.6333
-61.652
-61.6707
-61.6895
-61.7082
-61.727
-61.7458
-61.7646
-61.7832
-61.8019
-61.8204
-61.8388
-61.8571
-61.8752
-61.8932
-61.911
-61.9286
-61.946
-61.9631
-61.98
-61.9967
-62.0131
-62.0293
-62.0452
-62.0608
-62.0762
-62.0912
-62.1059
-62.1202
-62.1342
-62.1478
-62.1611
-62.1741
-62.1867
-62.199
-62.211
-62.2226
-62.234
-62.2451
-62.2558
-62.2664
-62.2767
-62.2867
-62.2966
-62.3062
-62.3157
-62.3251
-62.3343
-62.3434
-62.3524
-62.3613
-62.3702
-62.3791
-62.3878
-62.3965
-62.4052
-62.4138
-62.4223
-62.4307
-62.439
-62.4472
-62.4554
-62.4635
-62.4716
-62.4795
-62.4875
-62.4953
-62.5031
-62.5107
-62.5184
-62.5259
-62.5334
-62.5407
-62.548
-62.5551
-62.5621
-62.5689
-62.5755
-62.5819
-62.5881
-62.5941
-62.5999
-62.6055
-62.6108
-62.6159
-62.6207
-62.6253
-62.6295
-62.6336
-62.6373
-62.6408
-62.644
-62.647
-62.6498
-62.6525
-62.6549
-62.6571
-62.6592
-62.6612
-62.6631
-62.6648
-62.6665
-62.6681
-62.6696
-62.6711
-62.6726
-62.674
-62.6755
-62.6769
-62.6783
-62.6797
-62.6812
-62.6826
-62.684
-62.6854
-62.6868
-62.6881
-62.6894
-62.6905
-62.6916
-62.6926
-62.6935
-62.6944
-62.6952
-62.696
-62.6968
-62.6975
-62.6983
-62.6992
-62.7001
-62.7011
-62.7022
-62.7034
-62.7048
-62.7062
-62.7078
-62.7095
-62.7114
-62.7133
-62.7154
-62.7175
-62.7198
-62.7222
-62.7247
-62.7273
-62.7299
-62.7327
-62.7355
-62.7384
-62.7413
-62.7443
-62.7474
-62.7505
-62.7537
-62.757
-62.7603
-62.7638
-62.7673
-62.7709
-62.7746
-62.7785
-62.7825
-62.7866
-62.7908
-62.7952
-62.7997
-62.8044
-62.8092
-62.8142
-62.8194
-62.8247
-62.8301
-62.8357
-62.8415
-62.8474
-62.8535
-62.8598
-62.8662
-62.8727
-62.8794
-62.8863
-62.8933
-62.9004
-62.9077
-62.915
-62.9225
-62.93
-62.9376
-62.9452
-62.9529
-62.9606
-62.9683
-62.9759
-62.9836
-62.9912
-62.9989
-63.0065
-63.0141
-63.0217
-63.0293
-63.0369
-63.0445
-63.0521
-63.0598
-63.0674
-63.0751
-63.0828
-63.0905
-63.0982
-63.106
-63.1139
-63.1217
-63.1296
-63.1375
-63.1455
-63.1535
-63.1616
-63.1697
-63.1778
-63.186
-63.1942
-63.2025
-63.2108
-63.2191
-63.2275
-63.2359
-63.2444
-63.2528
-63.2613
-63.2699
-63.2784
-63.287
-63.2956
-63.3043
-63.3129
-63.3216
-63.3303
-63.339
-63.3477
-63.3564
-63.3652
-63.3739
-63.3827
-63.3914
-63.4002
-63.4089
-63.4177
-63.4264
-63.4352
-63.4439
-63.4526
-63.4613
-63.47
-63.4787
-63.4874
-63.4961
-63.5047
-63.5133
-63.522
-63.5305
-63.5391
-63.5476
-63.5561
-63.5646
-63.5731
-63.5815
-63.5899
-63.5982
-63.6065
-63.6148
-63.6231
-63.6313
-63.6395
-63.6476
-63.6557
-63.6638
-63.6718
-63.6798
-63.6878
-63.6957
-63.7035
-63.7113
-63.7191
-63.7268
-63.7345
-63.7421
-63.7497
-63.7572
-63.7647
-63.7722
-63.7796
-63.7869
-63.7942
-63.8014
-63.8086
-63.8158
-63.8229
-63.8299
-63.8369
-63.8439
-63.8507
-63.8576
-63.8644
-63.8711
-63.8778
-63.8844
-63.891
-63.8976
-63.904
-63.9105
-63.9168
-63.9232
-63.9294
-63.9356
-63.9418
-63.9479
-63.954
-63.96
-63.966
-63.9719
-63.9777
-63.9836
-63.9893
-63.995
-64.0007
-64.0063
-64.0118
-64.0173
-64.0228
-64.0282
-64.0336
-64.0389
-64.0441
-64.0493
-64.0644
-64.0817
-64.0991
-64.1158
-64.1316
-64.1464
-64.1603
-64.1734
-64.1857
-64.1974
-64.2085
-64.2191
-64.2293
-64.2391
-64.2485
-64.2576
-64.2664
-64.2749
-64.2832
-64.2912
-64.2989
-64.3065
-64.3138
-64.321
-64.3376
-64.3561
-64.3747
-64.3924
-64.4091
-64.4247
-64.4393
-64.453
-64.4659
-64.478
-64.4895
-64.5004
-64.5108
-64.5207
-64.5302
-64.5393
-64.548
-64.5564
-64.5644
-64.5722
-64.5796
-64.5868
-64.5937
-64.6003
-64.6067
-64.6128
-64.6187
-64.6244
-64.6299
-64.6352
-64.6371
-64.6329
-64.6211
-64.6012
-64.5737
-64.539
-64.4981
-64.452
-64.4015
-64.3477
-64.2914
-64.2333
-64.1741
-64.1144
-64.0547
-63.9954
-63.9368
-63.8793
-63.823
-63.7682
-63.715
-63.6635
-63.6138
-63.566
-63.5201
-63.476
-63.4339
-63.3937
-63.3554
-63.3189
-63.2843
-63.2515
-63.2204
-63.1911
-63.1634
-63.1373
-63.1129
-63.0899
-63.0684
-63.0484
-63.0297
-63.0124
-62.9964
-62.9816
-62.968
-62.9555
-62.9442
-62.9339
-62.9247
-62.9165
-62.9092
-62.9028
-62.8973
-62.8926
-62.8887
-62.8856
-62.8833
-62.8816
-62.8807
-62.8803
-62.8807
-62.8815
-62.883
-62.885
-62.8875
-62.8905
-62.894
-62.8979
-62.9023
-62.9071
-62.9122
-62.9177
-62.9236
-62.9298
-62.9363
-62.9431
-62.9501
-62.9575
-62.9651
-62.9729
-62.9809
-62.9892
-62.9976
-63.0063
-63.0151
-63.024
-63.0331
-63.0424
-63.0518
-63.0613
-63.0709
-63.0806
-63.0904
-63.1003
-63.1103
-63.1203
-63.1304
-63.1406
-63.1508
-63.161
-63.1713
-63.1816
-63.192
-63.2023
-63.2127
-63.2231
-63.2335
-63.2439
-63.2542
-63.2646
-63.275
-63.2853
-63.2957
-63.306
-63.3163
-63.3265
-63.3368
-63.3469
-63.3571
-63.3672
-63.3773
-63.3873
-63.3973
-63.4073
-63.4172
-63.427
-63.4368
-63.4465
-63.4562
-63.4658
-63.4754
-63.4849
-63.4944
-63.5038
-63.5131
-63.5224
-63.5316
-63.5407
-63.5498
-63.5588
-63.5677
-63.5766
-63.5854
-63.5941
-63.6028
-63.6114
-63.6199
-63.6284
-63.6368
-63.6451
-63.6533
-63.6615
-63.6696
-63.6777
-63.6856
-63.6935
-63.7014
-63.7091
-63.7168
-63.7245
-63.732
-63.7395
-63.7469
-63.7543
-63.7616
-63.7688
-63.7759
-63.783
-63.79
-63.797
-63.8038
-63.8107
-63.8174
-63.8241
-63.8307
-63.8373
-63.8437
-63.8502
-63.8565
-63.8628
-63.8691
-63.8752
-63.8814
-63.8874
-63.8934
-63.8993
-63.9052
-63.911
-63.9168
-63.9225
-63.9281
-63.9337
-63.9392
-63.9447
-63.9501
-63.9554
-63.9607
-63.966
-63.9712
-63.9763
-63.9814
-63.9864
-63.9914
-63.9963
-64.0012
-64.006
-64.0108
-64.0155
-64.0202
-64.0248
-64.0294
-64.0339
-64.0384
-64.0428
-64.0472
-64.0515
-64.0558
-64.0601
-64.0643
-64.0685
-64.0726
-64.0766
-64.0807
-64.0847
-64.0886
-64.0925
-64.0964
-64.1002
-64.104
-64.1077
-64.1114
-64.1151
-64.1187
-64.1223
-64.1259
-64.1294
-64.1328
-64.1363
-64.1397
-64.1431
-64.1464
-64.1497
-64.1529
-64.1562
-64.1594
-64.1625
-64.1656
-64.1687
-64.1718
-64.1748
-64.1778
-64.1808
-64.1837
-64.1866
-64.1895
-64.1923
-64.1951
-64.1979
-64.2007
-64.2034
-64.2029
-64.1966
-64.1828
-64.1611
-64.1318
-64.0956
-64.0532
-64.0058
-63.9542
-63.8993
-63.8419
-63.783
-63.723
-63.6626
-63.6023
-63.5425
-63.4836
-63.4257
-63.3693
-63.3144
-63.2612
-63.2098
-63.1602
-63.1127
-63.0671
-63.0235
-62.9819
-62.9422
-62.9046
-62.8688
-62.835
-62.8031
-62.7729
-62.7446
-62.718
-62.693
-62.6697
-62.648
-62.6278
-62.6091
-62.5918
-62.5759
-62.5429
-62.4959
-62.4392
-62.376
-62.3087
-62.2389
-62.1678
-62.0964
-62.0253
-61.9553
-61.8866
-61.8198
-61.7551
-61.6927
-61.6328
-61.5755
-61.521
-61.4692
-61.4202
-61.374
-61.3306
-61.29
-61.2521
-61.2169
-61.1842
-61.1542
-61.1266
-61.1014
-61.0785
-61.0579
-61.0395
-61.0232
-61.0089
-60.9965
-60.986
-60.9773
-60.9703
-60.965
-60.9612
-60.959
-60.9582
-60.9588
-60.9607
-60.9639
-60.9683
-60.9738
-60.9804
-60.9881
-60.9967
-61.0063
-61.0168
-61.0281
-61.0403
-61.0532
-61.0668
-61.0812
-61.0961
-61.1117
-61.1279
-61.1446
-61.1618
-61.1795
-61.1977
-61.2162
-61.2352
-61.2546
-61.2743
-61.2943
-61.3146
-61.3352
-61.356
-61.3771
-61.3984
-61.4199
-61.4416
-61.4635
-61.4854
-61.5076
-61.5298
-61.5521
-61.5738
-61.594
-61.6123
-61.6287
-61.6432
-61.656
-61.6672
-61.6772
-61.6862
-61.6944
-61.702
-61.7093
-61.7163
-61.7234
-61.7305
-61.7377
-61.7453
-61.7532
-61.7614
-61.77
-61.7742
-61.7747
-61.7727
-61.7692
-61.7646
-61.7596
-61.7544
-61.7493
-61.7445
-61.7402
-61.7357
-61.7304
-61.724
-61.7164
-61.7077
-61.6981
-61.688
-61.6774
-61.6667
-61.6562
-61.6411
-61.6224
-61.6014
-61.5792
-61.5565
-61.5338
-61.5116
-61.4982
-61.4878
-61.4949
-61.5058
-61.5161
-61.5243
-61.538
-61.551
-61.5701
-61.5887
-61.6054
-61.62
-61.6327
-61.6383
-61.6373
-61.631
-61.6205
-61.6067
-61.5904
-61.5725
-61.5535
-61.534
-61.5145
-61.4907
-61.4636
-61.4347
-61.4051
-61.3755
-61.3466
-61.3187
-61.2921
-61.2672
-61.244
-61.2172
-61.1871
-61.1544
-61.1201
-61.0847
-61.049
-61.0133
-60.9783
-60.9443
-60.9116
-60.8798
-60.8484
-60.8174
-60.7866
-60.7563
-60.7354
-60.7173
-60.7179
-60.7231
-60.7295
-60.7443
-60.7606
-60.7852
-60.811
-60.8363
-60.8607
-60.8841
-60.9069
-60.9292
-60.9513
-60.9726
-60.9928
-61.0115
-61.0287
-61.0447
-61.0595
-61.0735
-61.0869
-61.0999
-61.1128
-61.1203
-61.1226
-61.1208
-61.1157
-61.1081
-61.0987
-61.0881
-61.0769
-61.0654
-61.0542
-61.0388
-61.0202
-61
-60.9791
-60.9583
-60.938
-60.9188
-60.9009
-60.8845
-60.8699
-60.857
-60.846
-60.837
-60.8427
-60.8531
-60.8657
-60.8792
-60.8934
-60.9082
-60.9235
-60.9395
-60.973
-61.0192
-61.0681
-61.1166
-61.1637
-61.2091
-61.2528
-61.3304
-61.4189
-61.5085
-61.5953
-61.678
-61.7566
-61.8312
-61.9023
-61.9704
-62.0358
-62.1067
-62.1772
-62.2459
-62.3125
-62.377
-62.4394
-62.4998
-62.5584
-62.6265
-62.6953
-62.7626
-62.8278
-62.8898
-62.948
-63.0022
-63.0524
-63.096
-63.1308
-63.1558
-63.171
-63.1771
-63.1751
-63.1612
-63.1375
-63.1063
-63.0695
-63.0287
-62.9851
-62.9397
-62.8936
-62.8545
-62.8175
-62.776
-62.7373
-62.6966
-62.6536
-62.6085
-62.562
-62.5148
-62.4675
-62.4208
-62.3751
-62.3301
-62.2855
-62.2565
-62.2313
-62.2071
-62.1828
-62.1584
-62.1342
-62.1103
-62.0872
-62.0652
-62.0521
-62.0423
-62.0342
-62.0274
-62.0216
-62.017
-62.0137
-62.0115
-62.0107
-62.0065
-61.9997
-61.9915
-61.9827
-61.974
-61.9658
-61.9583
-61.9518
-61.9464
-61.9422
-61.9386
-61.9349
-61.9309
-61.9263
-61.9214
-61.9163
-61.9112
-61.9062
-61.9016
-61.8976
-61.8887
-61.8754
-61.8586
-61.839
-61.8176
-61.7949
-61.7715
-61.748
-61.7249
-61.7104
-61.6932
-61.6721
-61.6808
-61.6984
-61.7163
-61.7314
-61.743
-61.7515
-61.7636
-61.784
-61.8052
-61.825
-61.8426
-61.8579
-61.8711
-61.8828
-61.8932
-61.9106
-61.9293
-61.9634
-61.9997
-62.0342
-62.0658
-62.094
-62.1192
-62.1419
-62.1625
-62.1815
-62.1994
-62.2165
-62.2278
-62.2337
-62.2353
-62.2335
-62.2292
-62.2231
-62.2158
-62.208
-62.2
-62.1922
-62.185
-62.1787
-62.1734
-62.1693
-62.1665
-62.1652
-62.1653
-62.1669
-62.1699
-62.1745
-62.1798
-62.1927
-62.2069
-62.2206
-62.2333
-62.2448
-62.2553
-62.2651
-62.2743
-62.2832
-62.2912
-62.298
-62.3032
-62.3071
-62.3096
-62.3112
-62.3121
-62.3125
-62.3128
-62.3131
-62.3213
-62.3316
-62.3426
-62.3537
-62.3649
-62.3761
-62.3874
-62.399
-62.4108
-62.423
-62.4356
-62.4487
-62.4622
-62.4762
-62.4906
-62.5056
-62.5359
-62.57
-62.6045
-62.6384
-62.6713
-62.7031
-62.7339
-62.7639
-62.7931
-62.8217
-62.8498
-62.8774
-62.9047
-62.9317
-62.9576
-62.989
-63.0199
-63.0558
-63.0907
-63.1525
-63.2216
-63.2896
-63.3536
-63.4128
-63.4673
-63.5176
-63.5643
-63.6078
-63.6488
-63.6876
-63.7245
-63.7598
-63.7938
-63.8265
-63.8581
-63.8888
-63.9185
-63.9475
-63.9756
-64.003
-64.0297
-64.0557
-64.081
-64.1056
-64.1296
-64.153
-64.1757
-64.1979
-64.2194
-64.2403
-64.2607
-64.2805
-64.2996
-64.3182
-64.3363
-64.3538
-64.3708
-64.3872
-64.4032
-64.4187
-64.4336
-64.4481
-64.4622
-64.4757
-64.4888
-64.5014
-64.5136
-64.5253
-64.5365
-64.5472
-64.5574
-64.567
-64.5762
-64.5847
-64.5928
-64.6065
-64.6211
-64.6353
-64.6484
-64.6605
-64.6715
-64.6877
-64.7042
-64.7199
-64.7344
-64.7475
-64.7595
-64.7703
-64.78
-64.7889
-64.7969
-64.8043
-64.811
-64.8172
-64.8229
-64.8282
-64.8331
-64.8376
-64.8417
-64.8456
-64.8491
-64.8523
-64.8553
-64.8579
-64.8603
-64.8625
-64.8643
-64.8659
-64.8672
-64.8682
-64.8689
-64.8694
-64.8695
-64.8694
-64.869
-64.8683
-64.8674
-64.8662
-64.8648
-64.8631
-64.8611
-64.8589
-64.8565
-64.8538
-64.8509
-64.8478
-64.8445
-64.841
-64.8374
-64.8336
-64.8296
-64.8255
-64.8212
-64.8167
-64.8122
-64.8075
-64.8027
-64.7977
-64.7927
-64.7876
-64.7825
-64.7773
-64.772
-64.7668
-64.7615
-64.7563
-64.7511
-64.7459
-64.7407
-64.7355
-64.7304
-64.7253
-64.7201
-64.715
-64.7099
-64.7048
-64.6996
-64.6945
-64.6894
-64.6842
-64.6791
-64.6741
-64.669
-64.664
-64.6591
-64.6542
-64.6494
-64.6447
-64.64
-64.6354
-64.631
-64.6266
-64.6224
-64.6182
-64.6142
-64.6102
-64.6064
-64.6026
-64.5989
-64.5952
-64.5915
-64.5877
-64.5838
-64.5798
-64.5757
-64.5715
-64.5672
-64.5627
-64.558
-64.5533
-64.5483
-64.5433
-64.5381
-64.5327
-64.5272
-64.5216
-64.5158
-64.5099
-64.5039
-64.4977
-64.4914
-64.4849
-64.4783
-64.4716
-64.4647
-64.4578
-64.4507
-64.4436
-64.4363
-64.4288
-64.4213
-64.4135
-64.4056
-64.3976
-64.3894
-64.381
-64.3725
-64.3639
-64.3551
-64.3463
-64.3375
-64.3286
-64.3197
-64.3109
-64.3021
-64.2934
-64.2847
-64.2761
-64.2676
-64.2592
-64.2508
-64.2425
-64.2342
-64.2261
-64.218
-64.21
-64.2021
-64.1943
-64.1866
-64.179
-64.1716
-64.1644
-64.1573
-64.1504
-64.1437
-64.1372
-64.1308
-64.1247
-64.1189
-64.1132
-64.1078
-64.1026
-64.0945
-64.0807
-64.0598
-64.0313
-63.9955
-63.953
-63.9047
-63.8515
-63.7943
-63.734
-63.6714
-63.6073
-63.5423
-63.477
-63.4119
-63.3474
-63.2839
-63.2216
-63.1608
-63.1016
-63.0443
-62.989
-62.9357
-62.8844
-62.8353
-62.7884
-62.7437
-62.7011
-62.6606
-62.6223
-62.586
-62.5518
-62.5196
-62.4894
-62.461
-62.4345
-62.4097
-62.3867
-62.3652
-62.3453
-62.3269
-62.3099
-62.2942
-62.2799
-62.2669
-62.255
-62.2444
-62.2349
-62.2266
-62.2193
-62.213
