-65
-64.9848
-64.9714
-64.9581
-64.9453
-64.9331
-64.9218
-64.9115
-64.9021
-64.8937
-64.8861
-64.8793
-64.8732
-64.8678
-64.8629
-64.8585
-64.8546
-64.851
-64.8479
-64.845
-64.8425
-64.8402
-64.8382
-64.8363
-64.8347
-64.8333
-64.832
-64.8309
-64.8299
-64.8291
-64.8284
-64.8278
-64.8273
-64.8269
-64.8266
-64.8264
-64.8262
-64.8262
-64.8262
-64.8263
-64.8264
-64.8267
-64.8269
-64.8272
-64.8276
-64.828
-64.8285
-64.8289
-64.8295
-64.83
-64.8306
-64.8313
-64.8319
-64.8326
-64.8333
-64.8341
-64.8348
-64.8356
-64.8364
-64.8372
-64.838
-64.8389
-64.8397
-64.8406
-64.8415
-64.8424
-64.8433
-64.8442
-64.8452
-64.8461
-64.847
-64.848
-64.8489
-64.8499
-64.8508
-64.8518
-64.8528
-64.8538
-64.8547
-64.8557
-64.8567
-64.8577
-64.8586
-64.8596
-64.8606
-64.8616
-64.8625
-64.8635
-64.8645
-64.8655
-64.8664
-64.8674
-64.8684
-64.8693
-64.8703
-64.8712
-64.8722
-64.8731
-64.8741
-64.875
-64.876
-64.8769
-64.8778
-64.8787
-64.8797
-64.8806
-64.8815
-64.8824
-64.8833
-64.8842
-64.8851
-64.886
-64.8868
-64.8877
-64.8886
-64.8894
-64.8903
-64.8912
-64.892
-64.8928
-64.8937
-64.8945
-64.8953
-64.8961
-64.897
-64.8978
-64.8986
-64.8994
-64.9001
-64.9009
-64.9017
-64.9025
-64.9032
-64.904
-64.9048
-64.9055
-64.9062
-64.907
-64.9077
-64.9084
-64.9091
-64.9099
-64.9106
-64.9113
-64.912
-64.9127
-64.9133
-64.914
-64.9147
-64.9154
-64.916
-64.9167
-64.9173
-64.918
-64.9186
-64.9193
-64.9199
-64.9205
-64.9211
-64.9217
-64.9223
-64.9229
-64.9235
-64.9241
-64.9247
-64.9253
-64.9259
-64.9265
-64.927
-64.9276
-64.9281
-64.9287
-64.9292
-64.9298
-64.9303
-64.9308
-64.9314
-64.9319
-64.9324
-64.9329
-64.9334
-64.9339
-64.9344
-64.9349
-64.9354
-64.9359
-64.9364
-64.9369
-64.9373
-64.9378
-64.9383
-64.9387
-64.9392
-64.9396
-64.9401
-64.9405
-64.9409
-64.9414
-64.9418
-64.9422
-64.9427
-64.9431
-64.9435
-64.9439
-64.9443
-64.9447
-64.9451
-64.9455
-64.9459
-64.9463
-64.9466
-64.947
-64.9474
-64.9478
-64.9481
-64.9485
-64.9489
-64.9492
-64.9496
-64.9499
-64.9503
-64.9506
-64.9509
-64.9513
-64.9516
-64.9519
-64.9523
-64.9526
-64.9529
-64.9532
-64.9535
-64.9538
-64.9542
-64.9545
-64.9548
-64.9551
-64.9553
-64.9556
-64.9559
-64.9562
-64.9565
-64.9568
-64.9571
-64.9573
-64.9576
-64.9579
-64.9581
-64.9584
-64.9586
-64.9589
-64.9592
-64.9594
-64.9597
-64.9599
-64.9601
-64.9604
-64.9606
-64.9609
-64.9611
-64.9613
-64.9616
-64.9618
-64.962
-64.9622
-64.9624
-64.9627
-64.9629
-64.9631
-64.9633
-64.9635
-64.9637
-64.9639
-64.9641
-64.9643
-64.9645
-64.9647
-64.9649
-64.9651
-64.9653
-64.9654
-64.9656
-64.9658
-64.966
-64.9662
-64.9663
-64.9665
-64.9667
-64.9668
-64.967
-64.9672
-64.9673
-64.9675
-64.9677
-64.9678
-64.968
-64.9681
-64.9683
-64.9684
-64.9686
-64.9687
-64.9689
-64.969
-64.9692
-64.9693
-64.9694
-64.9696
-64.9697
-64.9698
-64.97
-64.9701
-64.9702
-64.9703
-64.9705
-64.9706
-64.9707
-64.9708
-64.971
-64.9711
-64.9712
-64.9713
-64.9714
-64.9715
-64.9716
-64.9717
-64.9719
-64.972
-64.9721
-64.9722
-64.9723
-64.9724
-64.9725
-64.9726
-64.9727
-64.9728
-64.9729
-64.9729
-64.973
-64.9731
-64.9732
-64.9733
-64.9734
-64.9735
-64.9736
-64.9736
-64.9737
-64.9738
-64.9739
-64.974
-64.974
-64.9741
-64.9742
-64.9743
-64.9743
-64.9744
-64.9745
-64.9746
-64.9746
-64.9747
-64.9748
-64.9748
-64.9749
-64.975
-64.975
-64.9751
-64.9751
-64.9752
-64.9753
-64.9753
-64.9754
-64.9754
-64.9755
-64.9755
-64.9756
-64.9757
-64.9757
-64.9758
-64.9758
-64.9759
-64.9759
-64.976
-64.976
-64.976
-64.9761
-64.9761
-64.9762
-64.9762
-64.9763
-64.9763
-64.9763
-64.9764
-64.9764
-64.9765
-64.9765
-64.9765
-64.9766
-64.9766
-64.9766
-64.9767
-64.9767
-64.9768
-64.9768
-64.9768
-64.9768
-64.9769
-64.9769
-64.9769
-64.977
-64.977
-64.977
-64.977
-64.9771
-64.9771
-64.9771
-64.9772
-64.9772
-64.9772
-64.9772
-64.9772
-64.9773
-64.9773
-64.9773
-64.9773
-64.9773
-64.9774
-64.9774
-64.9774
-64.9774
-64.9774
-64.9775
-64.9775
-64.9775
-64.9775
-64.9775
-64.9775
-64.9775
-64.9776
-64.9776
-64.9776
-64.9776
-64.9776
-64.9776
-64.9776
-64.9776
-64.9777
-64.9777
-64.9777
-64.9777
-64.9777
-64.9777
-64.9777
-64.9777
-64.9777
-64.9777
-64.9777
-64.9777
-64.9777
-64.9778
-64.9778
-64.9778
-64.9778
-64.9778
-64.9778
-64.9778
-64.9778
-64.9778
-64.9778
-64.9778
-64.9778
-64.9778
-64.9778
-64.9778
-64.9778
-64.9778
-64.9778
-64.9778
-64.9778
-64.9778
-64.9778
-64.9778
-64.9778
-64.9778
-64.9778
-64.9778
-64.9778
-64.9778
-64.9778
-64.9778
-64.9778
-64.9778
-64.9777
-64.9777
-64.9777
-64.9777
-64.9777
-64.9777
-64.9777
-64.9777
-64.9777
-64.9777
-64.9777
-64.9777
-64.9777
-64.9777
-64.9777
-64.9777
-64.9776
-64.9776
-64.9776
-64.9776
-64.9776
-64.9776
-64.9776
-64.9776
-64.9776
-64.9776
-64.9776
-64.9776
-64.9775
-64.9775
-64.9775
-64.9775
-64.9775
-64.9775
-64.9775
-64.9775
-64.9775
-64.9774
-64.9774
-64.9774
-64.9774
-64.9774
-64.9774
-64.9774
-64.9774
-64.9774
-64.9773
-64.9773
-64.9773
-64.9773
-64.9773
-64.9773
-64.9773
-64.9772
-64.9772
-64.9772
-64.9772
-64.9772
-64.9772
-64.9772
-64.9772
-64.9771
-64.9771
-64.9771
-64.9771
-64.9771
-64.9771
-64.9771
-64.977
-64.977
-64.977
-64.977
-64.977
-64.977
-64.9769
-64.9769
-64.9769
-64.9769
-64.9769
-64.9769
-64.9769
-64.9768
-64.9768
-64.9768
-64.9768
-64.9768
-64.9768
-64.9767
-64.9767
-64.9767
-64.9767
-64.9767
-64.9767
-64.9766
-64.9766
-64.9766
-64.9766
-64.9766
-64.9766
-64.9765
-64.9765
-64.9765
-64.9765
-64.9765
-64.9765
-64.9764
-64.9764
-64.9764
-64.9764
-64.9764
-64.9764
-64.9763
-64.9763
-64.9763
-64.9763
-64.9763
-64.9763
-64.9762
-64.9762
-64.9762
-64.9762
-64.9762
-64.9762
-64.9761
-64.9761
-64.9761
-64.9761
-64.9761
-64.9761
-64.976
-64.976
-64.976
-64.976
-64.976
-64.9759
-64.9759
-64.9759
-64.9759
-64.9759
-64.9759
-64.9758
-64.9758
-64.9758
-64.9758
-64.9758
-64.9758
-64.9757
-64.9757
-64.9757
-64.9757
-64.9757
-64.9756
-64.9756
-64.9756
-64.9756
-64.9756
-64.9756
-64.9755
-64.9755
-64.9755
-64.9755
-64.9755
-64.9755
-64.9754
-64.9754
-64.9754
-64.9754
-64.9754
-64.9753
-64.9753
-64.9753
-64.9753
-64.9753
-64.9753
-64.9752
-64.9752
-64.9752
-64.9752
-64.9752
-64.9752
-64.9751
-64.9751
-64.9751
-64.9751
-64.9751
-64.975
-64.975
-64.975
-64.975
-64.975
-64.975
-64.9749
-64.9749
-64.9749
-64.9749
-64.9749
-64.9749
-64.9748
-64.9748
-64.9748
-64.9748
-64.9748
-64.9748
-64.9747
-64.9747
-64.9747
-64.9747
-64.9747
-64.9747
-64.9746
-64.9746
-64.9746
-64.9746
-64.9746
-64.9746
-64.9745
-64.9745
-64.9745
-64.9745
-64.9745
-64.9745
-64.9744
-64.9744
-64.9744
-64.9744
-64.9744
-64.9744
-64.9743
-64.9743
-64.9743
-64.9743
-64.9743
-64.9743
-64.9742
-64.9742
-64.9742
-64.9742
-64.9742
-64.9742
-64.9741
-64.9741
-64.9741
-64.9741
-64.9741
-64.9741
-64.974
-64.974
-64.974
-64.974
-64.974
-64.974
-64.9739
-64.9739
-64.9739
-64.9739
-64.9739
-64.9739
-64.9739
-64.9738
-64.9738
-64.9738
-64.9738
-64.9738
-64.9738
-64.9737
-64.9737
-64.9737
-64.9737
-64.9737
-64.9737
-64.9736
-64.9736
-64.9736
-64.9736
-64.9736
-64.9736
-64.9736
-64.9735
-64.9735
-64.9735
-64.9735
-64.9735
-64.9735
-64.9735
-64.9734
-64.9734
-64.9734
-64.9734
-64.9734
-64.9734
-64.9734
-64.9733
-64.9733
-64.9733
-64.9733
-64.9733
-64.9733
-64.9732
-64.9732
-64.9732
-64.9732
-64.9732
-64.9732
-64.9732
-64.9732
-64.9731
-64.9731
-64.9731
-64.9731
-64.9731
-64.9731
-64.9731
-64.973
-64.973
-64.973
-64.973
-64.973
-64.973
-64.973
-64.9729
-64.9729
-64.9729
-64.9729
-64.9729
-64.9729
-64.9729
-64.9728
-64.9728
-64.9728
-64.9728
-64.9728
-64.9728
-64.9728
-64.9728
-64.9727
-64.9727
-64.9727
-64.9727
-64.9727
-64.9727
-64.9727
-64.9727
-64.9726
-64.9726
-64.9726
-64.9726
-64.9726
-64.9726
-64.9726
-64.9725
-64.9725
-64.9725
-64.9725
-64.9725
-64.9725
-64.9725
-64.9725
-64.9724
-64.9724
-64.9724
-64.9724
-64.9724
-64.9724
-64.9724
-64.9724
-64.9724
-64.9723
-64.9723
-64.9723
-64.9723
-64.9723
-64.9723
-64.9723
-64.9723
-64.9722
-64.9722
-64.9722
-64.9722
-64.9722
-64.9722
-64.9722
-64.9722
-64.9721
-64.9721
-64.9721
-64.9721
-64.9721
-64.9721
-64.9721
-64.9721
-64.9721
-64.972
-64.972
-64.972
-64.972
-64.972
-64.972
-64.972
-64.972
-64.972
-64.9719
-64.9719
-64.9719
-64.9719
-64.9719
-64.9719
-64.9719
-64.9719
-64.9719
-64.9718
-64.9718
-64.9718
-64.9718
-64.9718
-64.9718
-64.9718
-64.9718
-64.9718
-64.9718
-64.9717
-64.9717
-64.9717
-64.9717
-64.9717
-64.9717
-64.9717
-64.9717
-64.9717
-64.9717
-64.9716
-64.9716
-64.9716
-64.9716
-64.9716
-64.9716
-64.9716
-64.9716
-64.9716
-64.9716
-64.9715
-64.9715
-64.9715
-64.9715
-64.9715
-64.9715
-64.9715
-64.9715
-64.9715
-64.9715
-64.9714
-64.9714
-64.9714
-64.9714
-64.9714
-64.9714
-64.9714
-64.9714
-64.9714
-64.9714
-64.9714
-64.9713
-64.9713
-64.9713
-64.9713
-64.9713
-64.9713
-64.9713
-64.9713
-64.9713
-64.9713
-64.9713
-64.9712
-64.9712
-64.9712
-64.9712
-64.9712
-64.9712
-64.9712
-64.9712
-64.9712
-64.9712
-64.9712
-64.9711
-64.9711
-64.9711
-64.9711
-64.9711
-64.9711
-64.9711
-64.9711
-64.9711
-64.9711
-64.9711
-64.9711
-64.971
-64.971
-64.971
-64.971
-64.971
-64.971
-64.971
-64.971
-64.971
-64.971
-64.971
-64.971
-64.9709
-64.9709
-64.9709
-64.9709
-64.9709
-64.9709
-64.9709
-64.9709
-64.9709
-64.9709
-64.9709
-64.9709
-64.9709
-64.9708
-64.9708
-64.9708
-64.9708
-64.9708
-64.9708
-64.9708
-64.9708
-64.9708
-64.9708
-64.9708
-64.9708
-64.9708
-64.9707
-64.9707
-64.9707
-64.9707
-64.9707
-64.9707
-64.9707
-64.9707
-64.9707
-64.9707
-64.9707
-64.9707
-64.9707
-64.9707
-64.9706
-64.9706
-64.9706
-64.9706
-64.9706
-64.9706
-64.9706
-64.9706
-64.9706
-64.9706
-64.9706
-64.9706
-64.9706
-64.9706
-64.9706
-64.9705
-64.9705
-64.9705
-64.9705
-64.9705
-64.9705
-64.9705
-64.9705
-64.9705
-64.9705
-64.9705
-64.9705
-64.9705
-64.9705
-64.9705
-64.9704
-64.9704
-64.9704
-64.9704
-64.9704
-64.9704
-64.9704
-64.9704
-64.9704
-64.9704
-64.9704
-64.9704
-64.9704
-64.9704
-64.9704
-64.9704
-64.9703
-64.9703
-64.9703
-64.9703
-64.9703
-64.9703
-64.9703
-64.9703
-64.9703
-64.9703
-64.9703
-64.9703
-64.9703
-64.9703
-64.9703
-64.9703
-64.9703
-64.9702
-64.9702
-64.9702
-64.9702
-64.9702
-64.9702
-64.9702
-64.9702
-64.9702
-64.9702
-64.9702
-64.9702
-64.9702
-64.9702
-64.9702
-64.9702
-64.9702
-64.9702
-64.9701
-64.9701
-64.9701
-64.9701
-64.9701
-64.9701
-64.9701
-64.9701
-64.9701
-64.9701
-64.9701
-64.9701
-64.9701
-64.9701
-64.9701
-64.9701
-64.9701
-64.9701
-64.9701
-64.97
-64.97
-64.97
-64.97
-64.97
-64.97
-64.97
-64.97
-64.97
-64.97
-64.97
-64.97
-64.97
-64.97
-64.97
-64.97
-64.97
-64.97
-64.97
-64.97
-64.9699
-64.9699
-64.9699
-64.9699
-64.9699
-64.9699
-64.9699
-64.9699
-64.9699
-64.9699
-64.9699
-64.9699
-64.9699
-64.9699
-64.9699
-64.9699
-64.9699
-64.9699
-64.9699
-64.9699
-64.9699
-64.9699
-64.9698
-64.9698
-64.9698
-64.9698
-64.9698
-64.9698
-64.9698
-64.9698
-64.9698
-64.9698
-64.9698
-64.9698
-64.9698
-64.9698
-64.9698
-64.9698
-64.9698
-64.9698
-64.9698
-64.9698
-64.9698
-64.9698
-64.9698
-64.9698
-64.9697
-64.9697
-64.9697
-64.9697
-64.9697
-64.9697
-64.9697
-64.9697
-64.9697
-64.9697
-64.9697
-64.9697
-64.9697
-64.9697
-64.9697
-64.9697
-64.9697
-64.9697
-64.9697
-64.9697
-64.9697
-64.9697
-64.9697
-64.9697
-64.9697
-64.9697
-64.9696
-64.9696
-64.9696
-64.9696
-64.9696
-64.9696
-64.9696
-64.9696
-64.9696
-64.9696
-64.9696
-64.9696
-64.9696
-64.9696
-64.9696
-64.9696
-64.9696
-64.9696
-64.9696
-64.9696
-64.9696
-64.9696
-64.9696
-64.9696
-64.9696
-64.9696
-64.9696
-64.9696
-64.9695
-64.9695
-64.9502
-64.9147
-64.8677
-64.8126
-64.7517
-64.6868
-64.6192
-64.5499
-64.4797
-64.4093
-64.3391
-64.2697
-64.2013
-64.1342
-64.0688
-64.005
-63.9432
-63.8834
-63.8257
-63.7702
-63.7168
-63.6656
-63.6166
-63.5699
-63.5253
-63.4828
-63.4425
-63.4042
-63.368
-63.3338
-63.3015
-63.2711
-63.2425
-63.2157
-63.1906
-63.1672
-63.1454
-63.1251
-63.1064
-63.0891
-63.0732
-63.0587
-63.0455
-63.0335
-63.0227
-63.0131
-63.0046
-62.9972
-62.9908
-62.9854
-62.9809
-62.9774
-62.9747
-62.9728
-62.9718
-62.9715
-62.972
-62.9731
-62.9749
-62.9774
-62.9805
-62.9841
-62.9883
-62.9931
-62.9983
-63.004
-63.0102
-63.0168
-63.0239
-63.0313
-63.0391
-63.0472
-63.0557
-63.0645
-63.0736
-63.083
-63.0927
-63.1026
-63.1127
-63.1231
-63.1336
-63.1444
-63.1554
-63.1665
-63.1778
-63.1892
-63.2008
-63.2125
-63.2243
-63.2362
-63.2482
-63.2603
-63.2725
-63.2848
-63.2971
-63.3095
-63.3219
-63.3344
-63.3469
-63.3595
-63.3721
-63.3847
-63.3973
-63.4099
-63.4225
-63.4351
-63.4477
-63.4603
-63.4729
-63.4855
-63.4981
-63.5106
-63.5231
-63.5355
-63.548
-63.5604
-63.5727
-63.585
-63.5973
-63.6095
-63.6216
-63.6337
-63.6458
-63.6578
-63.6697
-63.6816
-63.6934
-63.7052
-63.7169
-63.7285
-63.74
-63.7515
-63.7629
-63.7743
-63.7855
-63.7967
-63.8078
-63.8189
-63.8299
-63.8408
-63.8516
-63.8623
-63.873
-63.8836
-63.8941
-63.9045
-63.9149
-63.9252
-63.9353
-63.9455
-63.9555
-63.9655
-63.9753
-63.9851
-63.9948
-64.0045
-64.014
-64.0235
-64.0329
-64.0422
-64.0515
-64.0606
-64.0697
-64.0787
-64.0877
-64.0965
-64.1053
-64.114
-64.1226
-64.1311
-64.1396
-64.148
-64.1563
-64.1645
-64.1727
-64.1807
-64.1888
-64.1967
-64.2045
-64.2123
-64.2201
-64.2277
-64.2353
-64.2428
-64.2502
-64.2575
-64.2648
-64.272
-64.2792
-64.2863
-64.2933
-64.3002
-64.3071
-64.3139
-64.3207
-64.3273
-64.3339
-64.3405
-64.347
-64.3534
-64.3597
-64.366
-64.3723
-64.3784
-64.3845
-64.3906
-64.3965
-64.4025
-64.4083
-64.4141
-64.4199
-64.4256
-64.4312
-64.4368
-64.4423
-64.4477
-64.4531
-64.4585
-64.4638
-64.469
-64.4742
-64.4793
-64.4844
-64.4895
-64.4944
-64.4993
-64.5042
-64.509
-64.5138
-64.5185
-64.5232
-64.5278
-64.5324
-64.5369
-64.5414
-64.5458
-64.5502
-64.5546
-64.5589
-64.5631
-64.5673
-64.5715
-64.5756
-64.5796
-64.5837
-64.5877
-64.5916
-64.5955
-64.5993
-64.6032
-64.6069
-64.6107
-64.6144
-64.618
-64.6216
-64.6252
-64.6287
-64.6322
-64.6357
-64.6391
-64.6425
-64.6459
-64.6492
-64.6524
-64.6557
-64.6589
-64.6621
-64.6652
-64.6683
-64.6713
-64.6744
-64.6774
-64.6803
-64.6833
-64.6862
-64.689
-64.6919
-64.6947
-64.6974
-64.7002
-64.7029
-64.7056
-64.7082
-64.7108
-64.7134
-64.716
-64.7185
-64.721
-64.7235
-64.7259
-64.7283
-64.7307
-64.7331
-64.7354
-64.7377
-64.74
-64.7423
-64.7445
-64.7467
-64.7489
-64.751
-64.7532
-64.7553
-64.7574
-64.7594
-64.7614
-64.7634
-64.7654
-64.7674
-64.7693
-64.7712
-64.7731
-64.775
-64.7768
-64.7787
-64.7805
-64.7822
-64.784
-64.7857
-64.7875
-64.7892
-64.7908
-64.7925
-64.7941
-64.7957
-64.7973
-64.7989
-64.8005
-64.802
-64.8035
-64.805
-64.8065
-64.808
-64.8094
-64.8109
-64.8123
-64.8137
-64.815
-64.8164
-64.8177
-64.8191
-64.8204
-64.8217
-64.8229
-64.8242
-64.8254
-64.8267
-64.8279
-64.8291
-64.8303
-64.8314
-64.8326
-64.8337
-64.8348
-64.8359
-64.837
-64.8381
-64.8392
-64.8402
-64.8412
-64.8423
-64.8433
-64.8443
-64.8453
-64.8462
-64.8472
-64.8481
-64.849
-64.85
-64.8509
-64.8518
-64.8526
-64.8535
-64.8544
-64.8552
-64.856
-64.8569
-64.8577
-64.8585
-64.8593
-64.86
-64.8608
-64.8616
-64.8623
-64.863
-64.8638
-64.8645
-64.8652
-64.8659
-64.8665
-64.8672
-64.8679
-64.8685
-64.8692
-64.8698
-64.8704
-64.8711
-64.8717
-64.8723
-64.8728
-64.8734
-64.874
-64.8746
-64.8751
-64.8756
-64.8762
-64.8767
-64.8772
-64.8777
-64.8782
-64.8787
-64.8792
-64.8797
-64.8802
-64.8806
-64.8811
-64.8816
-64.882
-64.8824
-64.8829
-64.8833
-64.8837
-64.8841
-64.8845
-64.8849
-64.8853
-64.8857
-64.886
-64.8864
-64.8868
-64.8871
-64.8875
-64.8878
-64.8881
-64.8885
-64.8888
-64.8891
-64.8894
-64.8897
-64.89
-64.8903
-64.8906
-64.8909
-64.8912
-64.8915
-64.8917
-64.892
-64.8922
-64.8925
-64.8927
-64.893
-64.8932
-64.8935
-64.8937
-64.8939
-64.8941
-64.8944
-64.8946
-64.8948
-64.895
-64.8952
-64.8954
-64.8956
-64.8957
-64.8959
-64.8961
-64.8963
-64.8964
-64.8966
-64.8968
-64.8969
-64.8971
-64.8972
-64.8974
-64.8975
-64.8976
-64.8978
-64.8979
-64.898
-64.8982
-64.8983
-64.8984
-64.8985
-64.8986
-64.8987
-64.8988
-64.8989
-64.899
-64.8991
-64.8992
-64.8993
-64.8994
-64.8995
-64.8996
-64.8996
-64.8997
-64.8998
-64.8999
-64.8999
-64.9
-64.9001
-64.9001
-64.9002
-64.9002
-64.9003
-64.9003
-64.9004
-64.9004
-64.9005
-64.9005
-64.9006
-64.9006
-64.9006
-64.9007
-64.9007
-64.9007
-64.9008
-64.9008
-64.9008
-64.9008
-64.9008
-64.9009
-64.9009
-64.9009
-64.9009
-64.9009
-64.9009
-64.9009
-64.9009
-64.9009
-64.9009
-64.9009
-64.9009
-64.9009
-64.9009
-64.9009
-64.9009
-64.9009
-64.9009
-64.9009
-64.8977
-64.8886
-64.8719
-64.8474
-64.8151
-64.7759
-64.7306
-64.6801
-64.6254
-64.5675
-64.5071
-64.4451
-64.382
-64.3186
-64.2552
-64.1923
-64.1303
-64.0695
-64.01
-63.9521
-63.896
-63.8416
-63.7892
-63.7387
-63.6902
-63.6438
-63.5993
-63.5569
-63.5165
-63.478
-63.4415
-63.4069
-63.3741
-63.3432
-63.314
-63.2865
-63.2607
-63.2365
-63.2139
-63.1927
-63.1731
-63.1548
-63.138
-63.1224
-63.1081
-63.0951
-63.0832
-63.0725
-63.0628
-63.0542
-63.0466
-63.04
-63.0343
-63.0296
-63.0256
-63.0226
-63.0203
-63.0187
-63.0179
-63.0178
-63.0183
-63.0195
-63.0213
-63.0237
-63.0266
-63.0301
-63.0341
-63.0386
-63.0435
-63.0489
-63.0547
-63.0608
-63.0674
-63.0743
-63.0816
-63.0892
-63.0971
-63.1053
-63.1138
-63.1225
-63.1315
-63.1407
-63.1501
-63.1597
-63.1696
-63.1796
-63.1898
-63.2001
-63.2106
-63.2212
-63.232
-63.2428
-63.2538
-63.2649
-63.276
-63.2873
-63.2986
-63.31
-63.3215
-63.333
-63.3445
-63.3561
-63.3678
-63.3794
-63.3911
-63.4028
-63.4146
-63.4263
-63.438
-63.4498
-63.4615
-63.4732
-63.4849
-63.4966
-63.5083
-63.52
-63.5316
-63.5432
-63.5548
-63.5663
-63.5778
-63.5892
-63.6006
-63.612
-63.6233
-63.6346
-63.6458
-63.657
-63.6681
-63.6792
-63.6902
-63.7011
-63.712
-63.7228
-63.7336
-63.7443
-63.7549
-63.7655
-63.776
-63.7864
-63.7968
-63.8071
-63.8173
-63.8274
-63.8375
-63.8475
-63.8575
-63.8674
-63.8772
-63.8869
-63.8965
-63.9061
-63.9156
-63.9251
-63.9344
-63.9437
-63.9529
-63.962
-63.9711
-63.9801
-63.989
-63.9979
-64.0066
-64.0153
-64.0239
-64.0325
-64.041
-64.0494
-64.0577
-64.0659
-64.0741
-64.0822
-64.0903
-64.0982
-64.1061
-64.114
-64.1217
-64.1294
-64.137
-64.1446
-64.152
-64.1594
-64.1668
-64.174
-64.1813
-64.1884
-64.1955
-64.2025
-64.2094
-64.2163
-64.2231
-64.2298
-64.2365
-64.2431
-64.2496
-64.2561
-64.2625
-64.2689
-64.2752
-64.2814
-64.2876
-64.2937
-64.2998
-64.3058
-64.3117
-64.3176
-64.3234
-64.3292
-64.3349
-64.3405
-64.3461
-64.3517
-64.3571
-64.3626
-64.3679
-64.3732
-64.3785
-64.3837
-64.3889
-64.394
-64.399
-64.404
-64.409
-64.4139
-64.4187
-64.4235
-64.4283
-64.433
-64.4377
-64.4423
-64.4468
-64.4513
-64.4558
-64.4602
-64.4646
-64.4689
-64.4732
-64.4774
-64.4816
-64.4858
-64.4899
-64.494
-64.498
-64.502
-64.5059
-64.5098
-64.5136
-64.5175
-64.5212
-64.525
-64.5287
-64.5323
-64.5359
-64.5395
-64.5431
-64.5466
-64.55
-64.5534
-64.5568
-64.5602
-64.5635
-64.5668
-64.57
-64.5733
-64.5764
-64.5796
-64.5827
-64.5858
-64.5888
-64.5918
-64.5948
-64.5977
-64.6007
-64.6035
-64.6064
-64.6092
-64.612
-64.6148
-64.6175
-64.6202
-64.6229
-64.6255
-64.6281
-64.6307
-64.6332
-64.6358
-64.6383
-64.6407
-64.6432
-64.6456
-64.648
-64.6503
-64.6527
-64.655
-64.6573
-64.6595
-64.6618
-64.664
-64.6661
-64.6683
-64.6704
-64.6725
-64.6746
-64.6767
-64.6787
-64.6807
-64.6827
-64.6847
-64.6867
-64.6886
-64.6905
-64.6924
-64.6942
-64.6961
-64.6979
-64.6997
-64.7015
-64.7032
-64.7049
-64.7067
-64.7084
-64.71
-64.7117
-64.7133
-64.7149
-64.7165
-64.7181
-64.7197
-64.7212
-64.7227
-64.7243
-64.7257
-64.7272
-64.7287
-64.7301
-64.7315
-64.7329
-64.7343
-64.7357
-64.737
-64.7384
-64.7397
-64.741
-64.7423
-64.7436
-64.7448
-64.7461
-64.7473
-64.7485
-64.7497
-64.7509
-64.7521
-64.7532
-64.7544
-64.7555
-64.7566
-64.7577
-64.7588
-64.7599
-64.7609
-64.762
-64.763
-64.764
-64.765
-64.766
-64.767
-64.768
-64.769
-64.7699
-64.7708
-64.7718
-64.7727
-64.7736
-64.7745
-64.7753
-64.7762
-64.7771
-64.7779
-64.7787
-64.7796
-64.7804
-64.7812
-64.782
-64.7827
-64.7835
-64.7843
-64.785
-64.7858
-64.7865
-64.7872
-64.7879
-64.7886
-64.7893
-64.79
-64.7907
-64.7914
-64.792
-64.7927
-64.7933
-64.7939
-64.7946
-64.7952
-64.7958
-64.7964
-64.797
-64.7975
-64.7981
-64.7987
-64.7992
-64.7998
-64.8003
-64.8009
-64.8014
-64.8019
-64.8024
-64.8029
-64.8034
-64.8039
-64.8044
-64.8049
-64.8054
-64.8058
-64.8063
-64.8067
-64.8072
-64.8076
-64.8081
-64.8085
-64.8089
-64.8093
-64.8097
-64.8101
-64.8105
-64.8109
-64.8113
-64.8117
-64.8121
-64.8124
-64.8128
-64.8131
-64.8135
-64.8138
-64.8142
-64.8145
-64.8148
-64.8152
-64.8155
-64.8158
-64.8161
-64.8164
-64.8167
-64.817
-64.8173
-64.8176
-64.8179
-64.8182
-64.8184
-64.8187
-64.819
-64.8192
-64.8195
-64.8198
-64.82
-64.8202
-64.8205
-64.8207
-64.821
-64.8212
-64.8214
-64.8216
-64.8219
-64.8221
-64.8223
-64.8225
-64.8227
-64.8229
-64.8231
-64.8233
-64.8235
-64.8237
-64.8238
-64.824
-64.8242
-64.8244
-64.8246
-64.8247
-64.8249
-64.8251
-64.8252
-64.8254
-64.8255
-64.8257
-64.8258
-64.826
-64.8261
-64.8263
-64.8264
-64.8265
-64.8267
-64.8268
-64.8269
-64.8271
-64.8272
-64.8273
-64.8274
-64.8275
-64.8276
-64.8278
-64.8279
-64.828
-64.8281
-64.8282
-64.8283
-64.8284
-64.8285
-64.8286
-64.8287
-64.8288
-64.8289
-64.8289
-64.829
-64.8291
-64.8292
-64.8293
-64.8294
-64.8294
-64.8295
-64.8296
-64.8297
-64.8297
-64.8298
-64.8299
-64.8299
-64.83
-64.8301
-64.8301
-64.8302
-64.8303
-64.8303
-64.8304
-64.8304
-64.8305
-64.8305
-64.8306
-64.8306
-64.8307
-64.8307
-64.8308
-64.8308
-64.8309
-64.8309
-64.831
-64.831
-64.831
-64.8311
-64.8311
-64.8312
-64.8312
-64.8312
-64.8313
-64.8313
-64.8313
-64.8314
-64.8314
-64.8314
-64.8315
-64.8315
-64.8315
-64.8316
-64.8316
-64.8316
-64.8316
-64.8317
-64.8317
-64.8317
-64.8317
-64.8318
-64.8318
-64.8318
-64.8318
-64.8318
-64.8319
-64.8319
-64.8319
-64.8319
-64.8319
-64.8319
-64.832
-64.832
-64.832
-64.832
-64.832
-64.832
-64.8321
-64.8321
-64.8321
-64.8321
-64.8321
-64.8321
-64.8321
-64.8321
-64.8321
-64.8322
-64.8322
-64.8322
-64.8322
-64.8322
-64.8322
-64.8322
-64.8322
-64.8322
-64.8322
-64.8323
-64.8323
-64.8323
-64.8323
-64.8323
-64.8323
-64.8323
-64.8323
-64.8323
-64.8323
-64.8323
-64.8323
-64.8323
-64.8323
-64.8324
-64.8324
-64.8324
-64.8324
-64.8324
-64.8324
-64.8324
-64.8324
-64.8324
-64.8324
-64.8324
-64.8324
-64.8324
-64.8324
-64.8324
-64.8324
-64.8325
-64.8325
-64.8325
-64.8325
-64.8325
-64.8325
-64.8325
-64.8325
-64.8325
-64.8325
-64.8325
-64.8325
-64.8325
-64.8325
-64.8325
-64.8326
-64.8326
-64.8326
-64.8326
-64.8326
-64.8326
-64.8326
-64.8326
-64.8326
-64.8326
-64.8326
-64.8326
-64.8327
-64.8327
-64.8327
-64.8327
-64.8327
-64.8327
-64.8327
-64.8327
-64.8327
-64.8327
-64.8328
-64.8328
-64.8328
-64.8328
-64.8328
-64.8328
-64.8328
-64.8328
-64.8136
-64.7782
-64.7313
-64.6762
-64.6155
-64.5507
-64.4833
-64.4141
-64.3441
-64.2738
-64.2038
-64.1346
-64.0664
-63.9995
-63.9342
-63.8706
-63.809
-63.7494
-63.6918
-63.6365
-63.5833
-63.5323
-63.4835
-63.4368
-63.3924
-63.3501
-63.31
-63.2719
-63.2358
-63.2017
-63.1696
-63.1393
-63.1109
-63.0842
-63.0593
-63.036
-63.0144
-62.9943
-62.9756
-62.9585
-62.9427
-62.9283
-62.9152
-62.9033
-62.8927
-62.8832
-62.8748
-62.8675
-62.8612
-62.8559
-62.8515
-62.848
-62.8454
-62.8437
-62.8427
-62.8425
-62.843
-62.8442
-62.8461
-62.8486
-62.8518
-62.8555
-62.8597
-62.8645
-62.8698
-62.8756
-62.8818
-62.8885
-62.8956
-62.903
-62.9109
-62.9191
-62.9276
-62.9364
-62.9455
-62.955
-62.9646
-62.9746
-62.9847
-62.9951
-63.0057
-63.0165
-63.0274
-63.0386
-63.0499
-63.0613
-63.0729
-63.0846
-63.0964
-63.1083
-63.1203
-63.1324
-63.1446
-63.1569
-63.1692
-63.1816
-63.194
-63.2065
-63.219
-63.2315
-63.2441
-63.2566
-63.2692
-63.2818
-63.2944
-63.307
-63.3196
-63.3322
-63.3448
-63.3573
-63.3698
-63.3823
-63.3948
-63.4072
-63.4196
-63.432
-63.4443
-63.4566
-63.4688
-63.481
-63.4931
-63.5052
-63.5172
-63.5292
-63.5411
-63.5529
-63.5647
-63.5764
-63.588
-63.5996
-63.6111
-63.6226
-63.6339
-63.6452
-63.6565
-63.6676
-63.6787
-63.6897
-63.7006
-63.7115
-63.7223
-63.733
-63.7436
-63.7541
-63.7646
-63.775
-63.7853
-63.7956
-63.8057
-63.8158
-63.8258
-63.8357
-63.8455
-63.8553
-63.865
-63.8746
-63.8841
-63.8935
-63.9029
-63.9122
-63.9214
-63.9305
-63.9395
-63.9485
-63.9574
-63.9662
-63.9749
-63.9836
-63.9922
-64.0007
-64.0091
-64.0175
-64.0257
-64.0339
-64.0421
-64.0501
-64.0581
-64.066
-64.0738
-64.0816
-64.0893
-64.0969
-64.1044
-64.1119
-64.1193
-64.1267
-64.1339
-64.1411
-64.1482
-64.1553
-64.1623
-64.1692
-64.1761
-64.1829
-64.1896
-64.1962
-64.2028
-64.2094
-64.2158
-64.2222
-64.2286
-64.2348
-64.2411
-64.2472
-64.2533
-64.2593
-64.2653
-64.2712
-64.2771
-64.2829
-64.2886
-64.2943
-64.2999
-64.3055
-64.311
-64.3165
-64.3219
-64.3272
-64.3325
-64.3378
-64.343
-64.3481
-64.3532
-64.3582
-64.3632
-64.3681
-64.373
-64.3778
-64.3826
-64.3874
-64.392
-64.3967
-64.4013
-64.4058
-64.4103
-64.4147
-64.4191
-64.4235
-64.4278
-64.4321
-64.4363
-64.4405
-64.4446
-64.4487
-64.4528
-64.4568
-64.4607
-64.4647
-64.4686
-64.4724
-64.4762
-64.48
-64.4837
-64.4874
-64.491
-64.4946
-64.4982
-64.5017
-64.5052
-64.5087
-64.5121
-64.5155
-64.5189
-64.5222
-64.5254
-64.5287
-64.5319
-64.5351
-64.5382
-64.5413
-64.5444
-64.5475
-64.5505
-64.5534
-64.5564
-64.5593
-64.5622
-64.565
-64.5679
-64.5707
-64.5734
-64.5761
-64.5789
-64.5815
-64.5842
-64.5868
-64.5894
-64.5919
-64.5945
-64.597
-64.5995
-64.6019
-64.6043
-64.6067
-64.6091
-64.6114
-64.6138
-64.6161
-64.6183
-64.6206
-64.6228
-64.625
-64.6272
-64.6293
-64.6314
-64.6335
-64.6356
-64.6377
-64.6397
-64.6417
-64.6531
-64.6666
-64.6802
-64.6932
-64.7054
-64.7167
-64.7271
-64.7367
-64.7457
-64.7541
-64.762
-64.7695
-64.7766
-64.7833
-64.7897
-64.7958
-64.8017
-64.8073
-64.8126
-64.8178
-64.8228
-64.8276
-64.8322
-64.8366
-64.8409
-64.845
-64.849
-64.8528
-64.8565
-64.86
-64.8634
-64.8667
-64.8699
-64.8729
-64.8758
-64.8787
-64.8814
-64.884
-64.8865
-64.8889
-64.8912
-64.8934
-64.8955
-64.8975
-64.8994
-64.9013
-64.9031
-64.9048
-64.9064
-64.9079
-64.9094
-64.9108
-64.9122
-64.9134
-64.9146
-64.9158
-64.9169
-64.9179
-64.9189
-64.9198
-64.9206
-64.9214
-64.9222
-64.9229
-64.9235
-64.9241
-64.9247
-64.9252
-64.9257
-64.9261
-64.9265
-64.9268
-64.9271
-64.9274
-64.9277
-64.9279
-64.928
-64.9282
-64.9283
-64.9283
-64.9284
-64.9284
-64.9284
-64.9283
-64.9282
-64.9281
-64.928
-64.9279
-64.9277
-64.9275
-64.9273
-64.927
-64.9268
-64.9265
-64.9262
-64.9259
-64.9255
-64.9252
-64.9248
-64.9244
-64.924
-64.9236
-64.9231
-64.9227
-64.9222
-64.9217
-64.9212
-64.9207
-64.9202
-64.9197
-64.9191
-64.9186
-64.918
-64.9174
-64.9169
-64.9163
-64.9157
-64.9151
-64.9144
-64.9138
-64.9132
-64.9125
-64.9119
-64.9112
-64.9106
-64.9099
-64.9092
-64.9086
-64.9079
-64.9072
-64.9065
-64.9058
-64.9051
-64.9044
-64.9037
-64.903
-64.9022
-64.9015
-64.9008
-64.9001
-64.8993
-64.8986
-64.8979
-64.8972
-64.8964
-64.8957
-64.895
-64.8942
-64.8935
-64.8927
-64.892
-64.8913
-64.8905
-64.8898
-64.889
-64.8883
-64.8876
-64.8868
-64.8861
-64.8853
-64.8846
-64.8839
-64.8831
-64.8824
-64.8817
-64.8809
-64.8802
-64.8795
-64.8787
-64.878
-64.8773
-64.8766
-64.8759
-64.8558
-64.8197
-64.7721
-64.7163
-64.6548
-64.5893
-64.5211
-64.4512
-64.3804
-64.3094
-64.2387
-64.1686
-64.0997
-64.0321
-63.966
-63.9018
-63.8394
-63.779
-63.7208
-63.6647
-63.6107
-63.559
-63.5095
-63.4622
-63.4171
-63.3741
-63.3332
-63.2944
-63.2577
-63.2229
-63.1901
-63.1592
-63.1301
-63.1028
-63.0772
-63.0533
-63.031
-63.0103
-62.991
-62.9733
-62.9569
-62.9419
-62.9282
-62.9157
-62.9045
-62.8944
-62.8854
-62.8775
-62.8707
-62.8648
-62.8599
-62.8558
-62.8527
-62.8504
-62.8489
-62.8482
-62.8482
-62.8489
-62.8503
-62.8523
-62.8549
-62.8581
-62.8619
-62.8662
-62.871
-62.8763
-62.8821
-62.8883
-62.8949
-62.9019
-62.9093
-62.917
-62.9251
-62.9335
-62.9421
-62.9511
-62.9604
-62.9699
-62.9796
-62.9896
-62.9997
-63.0101
-63.0207
-63.0314
-63.0423
-63.0533
-63.0645
-63.0758
-63.0873
-63.0988
-63.1104
-63.1222
-63.134
-63.1458
-63.1578
-63.1698
-63.1819
-63.194
-63.2061
-63.2183
-63.2305
-63.2428
-63.255
-63.2673
-63.2795
-63.2918
-63.304
-63.3163
-63.3285
-63.3408
-63.353
-63.3651
-63.3773
-63.3894
-63.4015
-63.4135
-63.4256
-63.4375
-63.4495
-63.4613
-63.4732
-63.4849
-63.4967
-63.5083
-63.52
-63.5315
-63.543
-63.5544
-63.5658
-63.5771
-63.5884
-63.5995
-63.6106
-63.6217
-63.6326
-63.6435
-63.6544
-63.6651
-63.6758
-63.6864
-63.6969
-63.7074
-63.7146
-63.716
-63.7099
-63.6959
-63.6743
-63.6458
-63.6112
-63.5715
-63.5276
-63.4805
-63.4309
-63.3796
-63.3274
-63.2746
-63.222
-63.1698
-63.1184
-63.068
-63.019
-62.9715
-62.9257
-62.8816
-62.8392
-62.7988
-62.7603
-62.7237
-62.689
-62.6562
-62.6253
-62.5963
-62.5691
-62.5436
-62.52
-62.498
-62.4776
-62.4589
-62.4417
-62.4261
-62.4118
-62.3806
-62.3355
-62.2808
-62.2197
-62.1545
-62.0869
-62.0181
-61.9491
-61.8804
-61.8128
-61.7468
-61.6825
-61.6205
-61.5608
-61.5036
-61.4492
-61.3974
-61.3485
-61.3024
-61.2592
-61.2187
-61.1811
-61.1462
-61.1139
-61.0843
-61.0573
-61.0327
-61.0106
-60.9907
-60.9732
-60.9578
-60.9445
-60.9332
-60.9238
-60.9164
-60.9107
-60.9067
-60.9043
-60.9035
-60.9043
-60.9064
-60.9099
-60.9148
-60.9208
-60.9281
-60.9365
-60.946
-60.9565
-60.968
-60.9804
-60.9937
-61.0078
-61.0227
-61.0384
-61.0548
-61.0718
-61.0895
-61.1077
-61.1266
-61.1459
-61.1658
-61.1861
-61.2069
-61.228
-61.2496
-61.2715
-61.2937
-61.3163
-61.3391
-61.3622
-61.3855
-61.4091
-61.4328
-61.4568
-61.4809
-61.5051
-61.5295
-61.554
-61.5786
-61.6033
-61.6281
-61.6529
-61.6778
-61.7027
-61.7276
-61.7526
-61.7775
-61.8025
-61.8274
-61.8523
-61.8772
-61.9021
-61.9269
-61.9516
-61.9763
-62.0009
-62.0254
-62.0499
-62.0742
-62.0985
-62.1227
-62.1467
-62.1707
-62.1946
-62.2183
-62.2419
-62.2654
-62.2888
-62.312
-62.3352
-62.3581
-62.381
-62.4037
-62.4262
-62.4487
-62.4709
-62.493
-62.515
-62.5368
-62.5585
-62.58
-62.6014
-62.6226
-62.6436
-62.6645
-62.6852
-62.7058
-62.7262
-62.7465
-62.7666
-62.7865
-62.8063
-62.8259
-62.8453
-62.8646
-62.8837
-62.9027
-62.9215
-62.9401
-62.9586
-62.9769
-62.9951
-63.0131
-63.0309
-63.0486
-63.0661
-63.0835
-63.1007
-63.1178
-63.1347
-63.1514
-63.168
-63.1844
-63.2007
-63.2168
-63.2328
-63.2487
-63.2643
-63.2799
-63.2953
-63.3105
-63.3256
-63.3405
-63.3553
-63.37
-63.3845
-63.3989
-63.4131
-63.4272
-63.4412
-63.455
-63.4687
-63.4823
-63.4957
-63.509
-63.5221
-63.5351
-63.548
-63.5608
-63.5734
-63.5859
-63.5983
-63.6106
-63.6227
-63.6347
-63.6466
-63.6584
-63.67
-63.6815
-63.693
-63.7043
-63.7154
-63.7265
-63.7374
-63.7483
-63.759
-63.7696
-63.7801
-63.7905
-63.8008
-63.811
-63.8211
-63.8311
-63.8409
-63.8507
-63.8604
-63.8699
-63.8794
-63.8887
-63.898
-63.9072
-63.9163
-63.9252
-63.9341
-63.9429
-63.9516
-63.9602
-63.9687
-63.9771
-63.9855
-63.9937
-64.0019
-64.0099
-64.0179
-64.0258
-64.0336
-64.0414
-64.049
-64.0566
-64.0641
-64.0715
-64.0788
-64.086
-64.0932
-64.1003
-64.1073
-64.1143
-64.1211
-64.1279
-64.1346
-64.1413
-64.1478
-64.1543
-64.1608
-64.1671
-64.1734
-64.1797
-64.1858
-64.1919
-64.1979
-64.2039
-64.2098
-64.2156
-64.2213
-64.227
-64.2327
-64.2382
-64.2438
-64.2492
-64.2546
-64.2599
-64.2652
-64.2704
-64.2756
-64.2807
-64.2857
-64.2907
-64.2956
-64.3005
-64.3053
-64.3101
-64.3148
-64.3195
-64.3241
-64.3286
-64.3331
-64.3376
-64.342
-64.3464
-64.3507
-64.3549
-64.3591
-64.3633
-64.3674
-64.3715
-64.3755
-64.3795
-64.3834
-64.3873
-64.3911
-64.3758
-64.3443
-64.3014
-64.2503
-64.1935
-64.1327
-64.0691
-64.0038
-63.9375
-63.871
-63.8047
-63.739
-63.6743
-63.6109
-63.5491
-63.4889
-63.4306
-63.3742
-63.3199
-63.2677
-63.2176
-63.1696
-63.1238
-63.0802
-63.0387
-62.9992
-62.9619
-62.9266
-62.8932
-62.8618
-62.8323
-62.8046
-62.7787
-62.7545
-62.7321
-62.7112
-62.6919
-62.6741
-62.6578
-62.6429
-62.6294
-62.6172
-62.6062
-62.5964
-62.5879
-62.5804
-62.574
-62.5687
-62.5643
-62.5609
-62.5584
-62.5568
-62.5561
-62.5561
-62.5569
-62.5584
-62.5606
-62.5635
-62.5671
-62.5712
-62.576
-62.5813
-62.5871
-62.5934
-62.6002
-62.6074
-62.6151
-62.6232
-62.6317
-62.6405
-62.6497
-62.6593
-62.6691
-62.6792
-62.6896
-62.7003
-62.7112
-62.7224
-62.7337
-62.7453
-62.757
-62.769
-62.781
-62.7933
-62.8057
-62.8182
-62.8308
-62.8435
-62.8564
-62.8693
-62.8823
-62.8954
-62.9085
-62.9217
-62.9349
-62.9482
-62.9615
-62.9749
-62.9882
-63.0016
-63.015
-63.0284
-63.0418
-63.0552
-63.0686
-63.0819
-63.0953
-63.1086
-63.1219
-63.1352
-63.1484
-63.1616
-63.1747
-63.1878
-63.2009
-63.2139
-63.2268
-63.2397
-63.2526
-63.2653
-63.278
-63.2907
-63.3033
-63.3158
-63.3282
-63.3406
-63.3529
-63.3652
-63.3773
-63.3894
-63.4014
-63.4133
-63.4252
-63.4369
-63.4486
-63.4602
-63.4717
-63.4832
-63.4945
-63.5058
-63.517
-63.5281
-63.5391
-63.55
-63.5608
-63.5716
-63.5823
-63.5929
-63.6034
-63.6138
-63.6241
-63.6343
-63.6445
-63.6546
-63.6645
-63.6744
-63.6842
-63.694
-63.7036
-63.7132
-63.7226
-63.732
-63.7413
-63.7505
-63.7597
-63.7687
-63.7777
-63.7866
-63.7954
-63.8041
-63.8127
-63.8213
-63.8298
-63.8382
-63.8465
-63.8547
-63.8629
-63.871
-63.879
-63.8869
-63.8948
-63.9025
-63.9102
-63.9179
-63.9254
-63.9329
-63.9403
-63.9476
-63.9549
-63.9621
-63.9692
-63.9762
-63.9832
-63.9901
-63.9969
-64.0037
-64.0104
-64.017
-64.0236
-64.0301
-64.0365
-64.0429
-64.0492
-64.0554
-64.0616
-64.0677
-64.0738
-64.0798
-64.0857
-64.0916
-64.0974
-64.1031
-64.1088
-64.1144
-64.12
-64.1255
-64.131
-64.1364
-64.1417
-64.147
-64.1522
-64.1574
-64.1625
-64.1676
-64.1726
-64.1776
-64.1825
-64.1873
-64.1922
-64.1969
-64.2016
-64.2063
-64.2109
-64.2155
-64.22
-64.2244
-64.2289
-64.2332
-64.2375
-64.2418
-64.2461
-64.2502
-64.2544
-64.2585
-64.2723
-64.2883
-64.3044
-64.3198
-64.3343
-64.3478
-64.3605
-64.3724
-64.3835
-64.394
-64.404
-64.4135
-64.4226
-64.4312
-64.4396
-64.4476
-64.4554
-64.4628
-64.47
-64.477
-64.4838
-64.4903
-64.4967
-64.5028
-64.5088
-64.5146
-64.5202
-64.5256
-64.5309
-64.5361
-64.541
-64.5459
-64.5506
-64.5551
-64.5595
-64.5638
-64.568
-64.572
-64.5759
-64.5797
-64.5834
-64.587
-64.5904
-64.5938
-64.5971
-64.6002
-64.6033
-64.6063
-64.6091
-64.6119
-64.6146
-64.6172
-64.6198
-64.6222
-64.6246
-64.6269
-64.6291
-64.6313
-64.6334
-64.6354
-64.6373
-64.6392
-64.641
-64.6428
-64.6445
-64.6461
-64.6477
-64.6492
-64.6507
-64.6521
-64.6535
-64.6548
-64.656
-64.6573
-64.6584
-64.6596
-64.67
-64.6826
-64.6952
-64.7072
-64.7183
-64.7286
-64.7379
-64.7465
-64.7544
-64.7618
-64.7686
-64.7749
-64.7808
-64.7864
-64.7917
-64.7966
-64.8013
-64.8057
-64.8099
-64.8139
-64.8177
-64.8213
-64.8247
-64.8279
-64.831
-64.8339
-64.8366
-64.8392
-64.8416
-64.8439
-64.8461
-64.8481
-64.85
-64.8518
-64.8535
-64.8551
-64.8565
-64.8579
-64.8591
-64.8602
-64.8613
-64.8622
-64.8631
-64.8639
-64.8645
-64.8651
-64.8657
-64.8753
-64.8869
-64.8986
-64.9097
-64.9198
-64.9291
-64.9374
-64.945
-64.952
-64.9583
-64.964
-64.9693
-64.9742
-64.9787
-64.9829
-64.9868
-64.9904
-64.9937
-64.9968
-64.9997
-65.0023
-65.0048
-65.007
-65.0091
-65.011
-65.0127
-65.0142
-65.0157
-65.0169
-65.018
-65.019
-65.0198
-65.0205
-65.0211
-65.0216
-65.0219
-65.0222
-65.0223
-65.0223
-65.0222
-65.0221
-65.0218
-65.0214
-65.021
-65.0204
-65.0198
-65.0191
-65.0183
-65.0175
-65.0166
-65.0156
-65.0145
-65.0134
-65.0122
-65.011
-65.0097
-65.0083
-65.0069
-65.0055
-65.004
-65.0024
-65.0008
-64.9992
-64.9975
-64.9958
-64.994
-64.9922
-64.9904
-64.9885
-64.9866
-64.9847
-64.9827
-64.9807
-64.9787
-64.9766
-64.9746
-64.9725
-64.9703
-64.9682
-64.966
-64.9639
-64.9617
-64.9594
-64.9572
-64.955
-64.9527
-64.9504
-64.9481
-64.9458
-64.9435
-64.9412
-64.9389
-64.9365
-64.9342
-64.9318
-64.9295
-64.9271
-64.9247
-64.9224
-64.92
-64.9176
-64.9152
-64.9128
-64.9104
-64.9081
-64.9057
-64.9033
-64.9009
-64.8985
-64.8961
-64.8937
-64.8913
-64.889
-64.8866
-64.8842
-64.8819
-64.8795
-64.8771
-64.8748
-64.8724
-64.8701
-64.8677
-64.8654
-64.8631
-64.8608
-64.8585
-64.8562
-64.8539
-64.8516
-64.8493
-64.847
-64.8448
-64.8425
-64.8403
-64.8381
-64.8358
-64.8336
-64.8314
-64.8292
-64.8271
-64.8249
-64.8227
-64.8206
-64.8184
-64.8163
-64.8142
-64.8121
-64.81
-64.8079
-64.8059
-64.8038
-64.8018
-64.7997
-64.7977
-64.7957
-64.7937
-64.7917
-64.7897
-64.7878
-64.7858
-64.7839
-64.782
-64.7801
-64.7782
-64.7763
-64.7744
-64.7726
-64.7708
-64.7689
-64.7671
-64.7653
-64.7635
-64.7617
-64.76
-64.7582
-64.7372
-64.7002
-64.6516
-64.5949
-64.5325
-64.4662
-64.3971
-64.3264
-64.2548
-64.183
-64.1114
-64.0406
-63.9708
-63.9024
-63.8356
-63.7705
-63.7074
-63.6462
-63.5872
-63.5303
-63.4757
-63.4232
-63.373
-63.3249
-63.2791
-63.2354
-63.1939
-63.1544
-63.117
-63.0815
-63.0481
-63.0165
-62.9868
-62.9588
-62.9326
-62.9081
-62.8851
-62.8638
-62.844
-62.8256
-62.8087
-62.7931
-62.7788
-62.7658
-62.754
-62.7434
-62.7339
-62.7254
-62.7181
-62.7117
-62.7062
-62.7017
-62.6981
-62.6953
-62.6933
-62.6921
-62.6916
-62.6918
-62.6928
-62.6943
-62.6965
-62.6993
-62.7026
-62.7064
-62.7108
-62.7157
-62.721
-62.7268
-62.733
-62.7396
-62.7466
-62.7539
-62.7616
-62.7696
-62.7779
-62.7864
-62.7953
-62.8044
-62.8138
-62.8234
-62.8332
-62.8432
-62.8534
-62.8638
-62.8743
-62.885
-62.8959
-62.9068
-62.9179
-62.9291
-62.9404
-62.9518
-62.9633
-62.9749
-62.9865
-62.9982
-63.01
-63.0218
-63.0336
-63.0455
-63.0574
-63.0694
-63.0813
-63.0933
-63.1053
-63.1172
-63.1292
-63.1412
-63.1532
-63.1651
-63.1771
-63.189
-63.2009
-63.2127
-63.2246
-63.2364
-63.2482
-63.2599
-63.2716
-63.2832
-63.2948
-63.3064
-63.3179
-63.3293
-63.3407
-63.352
-63.3633
-63.3745
-63.3857
-63.3968
-63.4078
-63.4188
-63.4297
-63.4406
-63.4513
-63.462
-63.4727
-63.4832
-63.4937
-63.5042
-63.5145
-63.5248
-63.535
-63.5452
-63.5552
-63.5652
-63.5751
-63.585
-63.5948
-63.6044
-63.6141
-63.6236
-63.6331
-63.6425
-63.6518
-63.6611
-63.6702
-63.6793
-63.6884
-63.6973
-63.7062
-63.715
-63.7237
-63.7324
-63.741
-63.7495
-63.7579
-63.7663
-63.7746
-63.7828
-63.7909
-63.799
-63.807
-63.8149
-63.8228
-63.8306
-63.8383
-63.846
-63.8536
-63.8611
-63.8685
-63.8759
-63.8832
-63.8905
-63.8977
-63.9048
-63.9118
-63.9188
-63.9258
-63.9326
-63.9394
-63.9461
-63.9528
-63.9594
-63.966
-63.9724
-63.9789
-63.9852
-63.9915
-63.9978
-64.004
-64.0101
-64.0162
-64.0222
-64.0281
-64.034
-64.0399
-64.0457
-64.0514
-64.0571
-64.0627
-64.0683
-64.0738
-64.0793
-64.0847
-64.09
-64.0953
-64.1006
-64.1058
-64.111
-64.1161
-64.1211
-64.1261
-64.1311
-64.136
-64.1409
-64.1457
-64.1505
-64.1552
-64.1599
-64.1645
-64.1691
-64.1737
-64.1782
-64.1826
-64.1871
-64.1914
-64.1958
-64.2001
-64.2043
-64.2085
-64.2127
-64.2168
-64.2209
-64.2249
-64.229
-64.2329
-64.2369
-64.2407
-64.2446
-64.2484
-64.2522
-64.2559
-64.2597
-64.2633
-64.267
-64.2706
-64.2741
-64.2777
-64.2812
-64.2846
-64.2881
-64.2914
-64.2948
-64.2981
-64.3014
-64.3047
-64.3079
-64.3112
-64.3143
-64.3175
-64.3206
-64.3237
-64.3267
-64.3297
-64.3327
-64.3357
-64.3386
-64.3415
-64.3444
-64.3473
-64.3501
-64.3529
-64.3557
-64.3584
-64.3611
-64.3638
-64.3665
-64.3691
-64.3717
-64.3743
-64.3769
-64.3794
-64.3819
-64.3844
-64.3677
-64.3161
-64.2373
-64.1394
-64.0282
-63.9078
-63.7811
-63.6506
-63.5179
-63.3846
-63.2517
-63.1202
-62.9908
-62.8642
-62.7408
-62.6211
-62.5053
-62.3936
-62.2863
-62.1834
-62.085
-61.9911
-61.9017
-61.8168
-61.7363
-61.6602
-61.5883
-61.5206
-61.4569
-61.3972
-61.3414
-61.2892
-61.2407
-61.1956
-61.1539
-61.1154
-61.08
-61.0476
-61.0181
-60.9913
-60.9672
-60.9457
-60.9266
-60.9098
-60.8953
-60.8829
-60.8726
-60.8642
-60.8577
-60.853
-60.85
-60.8487
-60.8489
-60.8506
-60.8538
-60.8583
-60.864
-60.871
-60.8792
-60.8885
-60.8988
-60.9101
-60.9224
-60.9356
-60.9496
-60.9644
-60.98
-60.9963
-61.0133
-61.031
-61.0492
-61.068
-61.0874
-61.1072
-61.1275
-61.1483
-61.1695
-61.191
-61.2129
-61.2352
-61.2577
-61.2806
-61.3037
-61.327
-61.3506
-61.3743
-61.3983
-61.4224
-61.4466
-61.471
-61.4955
-61.5201
-61.5448
-61.5695
-61.5943
-61.6192
-61.644
-61.6507
-61.6422
-61.6228
-61.5958
-61.5634
-61.5273
-61.4888
-61.4488
-61.408
-61.3671
-61.3266
-61.2869
-61.2483
-61.2111
-61.1754
-61.1415
-61.1094
-61.0792
-61.0511
-61.025
-61.0009
-60.9789
-60.9589
-60.9409
-60.9249
-60.9109
-60.8987
-60.8884
-60.8799
-60.8731
-60.868
-60.8645
-60.8626
-60.8622
-60.8633
-60.8657
-60.8694
-60.8744
-60.8807
-60.8881
-60.8966
-60.9062
-60.9168
-60.9283
-60.9408
-60.9542
-60.9683
-60.9833
-60.999
-61.0154
-61.0325
-61.0502
-61.0686
-61.0874
-61.1069
-61.1268
-61.1471
-61.168
-61.1892
-61.2108
-61.2328
-61.2551
-61.2777
-61.3006
-61.3238
-61.3472
-61.3709
-61.3947
-61.4187
-61.4429
-61.4673
-61.4918
-61.5164
-61.5411
-61.5659
-61.5908
-61.6157
-61.6407
-61.6657
-61.6908
-61.7158
-61.7409
-61.766
-61.791
-61.816
-61.841
-61.866
-61.8909
-61.9157
-61.9405
-61.9652
-61.9899
-62.0144
-62.0389
-62.0633
-62.0875
-62.1117
-62.1358
-62.1414
-62.1315
-62.1106
-62.0819
-62.0477
-62.0097
-61.9691
-61.9268
-61.8838
-61.8405
-61.7975
-61.7552
-61.7139
-61.6739
-61.6354
-61.5986
-61.5636
-61.5305
-61.4994
-61.4702
-61.4431
-61.418
-61.395
-61.3739
-61.3548
-61.3377
-61.3224
-61.3091
-61.2975
-61.2876
-61.2795
-61.273
-61.2681
-61.2647
-61.2628
-61.2622
-61.2631
-61.2652
-61.2686
-61.2732
-61.2789
-61.2857
-61.2936
-61.3024
-61.3122
-61.3229
-61.3345
-61.3469
-61.36
-61.3863
-61.4284
-61.474
-61.5195
-61.5636
-61.606
-61.6466
-61.6856
-61.7232
-61.7596
-61.795
-61.8295
-61.8633
-61.8965
-61.9292
-61.9613
-61.9931
-62.0244
-62.0554
-62.0861
-62.1165
-62.1465
-62.1763
-62.2058
-62.235
-62.2639
-62.2926
-62.321
-62.3492
-62.3771
-62.4047
-62.4321
-62.4592
-62.486
-62.5126
-62.539
-62.565
-62.5909
-62.6165
-62.6418
-62.6669
-62.6917
-62.7163
-62.7406
-62.7647
-62.7885
-62.8121
-62.8355
-62.8586
-62.8814
-62.904
-62.9264
-62.9486
-62.9705
-62.9921
-63.0136
-63.0347
-63.0557
-63.0764
-63.0969
-63.1172
-63.1373
-63.1571
-63.1767
-63.1961
-63.2152
-63.2342
-63.2529
-63.2714
-63.2897
-63.3078
-63.3257
-63.3434
-63.3608
-63.3781
-63.3951
-63.412
-63.4286
-63.4451
-63.4614
-63.4774
-63.4933
-63.509
-63.5245
-63.5398
-63.555
-63.5699
-63.5847
-63.5993
-63.6137
-63.6279
-63.642
-63.6559
-63.6696
-63.6831
-63.6965
-63.7097
-63.7228
-63.7357
-63.7484
-63.761
-63.7734
-63.7857
-63.7978
-63.8097
-63.8215
-63.8332
-63.8447
-63.8561
-63.8673
-63.8784
-63.8893
-63.9001
-63.9108
-63.9213
-63.9317
-63.942
-63.9522
-63.9622
-63.972
-63.9818
-63.9914
-64.0009
-64.0103
-64.0196
-64.0287
-64.0377
-64.0466
-64.0554
-64.0641
-64.0727
-64.0811
-64.0895
-64.0977
-64.1059
-64.1139
-64.1218
-64.1296
-64.1342
-64.1328
-64.1238
-64.107
-64.0824
-64.0508
-64.0131
-63.9702
-63.923
-63.8725
-63.8195
-63.7647
-63.7089
-63.6526
-63.5963
-63.5405
-63.4854
-63.4313
-63.3786
-63.3273
-63.2777
-63.2298
-63.1837
-63.1395
-63.0972
-63.0569
-63.0184
-62.9819
-62.9473
-62.9145
-62.8836
-62.8545
-62.8272
-62.8016
-62.7777
-62.7554
-62.7346
-62.7154
-62.6977
-62.6814
-62.6665
-62.653
-62.6407
-62.6297
-62.6198
-62.6111
-62.6035
-62.597
-62.5915
-62.587
-62.5834
-62.5808
-62.579
-62.578
-62.5778
-62.5598
-62.5271
-62.4954
-62.4592
-62.4184
-62.3739
-62.3265
-62.2772
-62.2267
-62.1758
-62.125
-62.0749
-62.0257
-61.9779
-61.9316
-61.8871
-61.8446
-61.804
-61.7656
-61.7293
-61.6952
-61.6633
-61.6335
-61.6059
-61.5805
-61.557
-61.5357
-61.5162
-61.4988
-61.4651
-61.4183
-61.3626
-61.3011
-61.2362
-61.1693
-61.1017
-61.0343
-60.9677
-60.9025
-60.8391
-60.778
-60.7192
-60.6631
-60.6097
-60.5592
-60.5116
-60.467
-60.4254
-60.3867
-60.351
-60.3181
-60.2881
-60.2608
-60.2362
-60.2141
-60.1947
-60.1776
-60.1629
-60.1504
-60.1402
-60.132
-60.1258
-60.1216
-60.1192
-60.1321
-60.1496
-60.169
-60.1891
-60.2093
-60.2297
-60.2502
-60.2709
-60.2918
-60.313
-60.3346
-60.3566
-60.379
-60.4018
-60.425
-60.4487
-60.4727
-60.4972
-60.522
-60.5473
-60.5728
-60.5987
-60.6248
-60.6513
-60.678
-60.7049
-60.7321
-60.7594
-60.7869
-60.8146
-60.8424
-60.8703
-60.8984
-60.9265
-60.9547
-60.9829
-61.0112
-61.0395
-61.0678
-61.0961
-61.1244
-61.1527
-61.181
-61.2092
-61.2374
-61.2655
-61.2935
-61.3214
-61.3493
-61.3771
-61.4047
-61.4323
-61.4597
-61.487
-61.5142
-61.5413
-61.5682
-61.595
-61.6216
-61.6481
-61.6744
-61.7005
-61.7265
-61.7524
-61.778
-61.8035
-61.8288
-61.8539
-61.8789
-61.9037
-61.9283
-61.9527
-61.9769
-62.0009
-62.0365
-62.0746
-62.1126
-62.1496
-62.1853
-62.2197
-62.2529
-62.2849
-62.316
-62.3461
-62.3753
-62.4039
-62.4317
-62.459
-62.4857
-62.5118
-62.5374
-62.5626
-62.5873
-62.6116
-62.6354
-62.6589
-62.6819
-62.7046
-62.7269
-62.7488
-62.7703
-62.7916
-62.8125
-62.833
-62.8532
-62.8732
-62.8928
-62.912
-62.931
-62.9497
-62.9682
-62.9863
-63.0041
-63.0217
-63.039
-63.0561
-63.0729
-63.0894
-63.1057
-63.1217
-63.1375
-63.1531
-63.1684
-63.1835
-63.1984
-63.2131
-63.2275
-63.2418
-63.2558
-63.2696
-63.2832
-63.2966
-63.3098
-63.3229
-63.3357
-63.3484
-63.3608
-63.3731
-63.3852
-63.3971
-63.4089
-63.4205
-63.4319
-63.4432
-63.4543
-63.4652
-63.476
-63.4867
-63.4971
-63.5075
-63.5177
-63.5277
-63.5376
-63.5474
-63.557
-63.5665
-63.5759
-63.5851
-63.5942
-63.6032
-63.612
-63.6207
-63.6293
-63.6378
-63.6462
-63.6544
-63.6626
-63.6706
-63.6785
-63.6863
-63.694
-63.7016
-63.7091
-63.7165
-63.7238
-63.731
-63.7381
-63.7451
-63.752
-63.7588
-63.7655
-63.7721
-63.7787
-63.7851
-63.7915
-63.7978
-63.804
-63.8101
-63.8161
-63.8221
-63.8279
-63.8337
-63.8394
-63.8451
-63.8507
-63.8562
-63.8616
-63.8669
-63.8722
-63.8774
-63.8826
-63.8876
-63.8927
-63.8976
-63.9025
-63.9073
-63.9121
-63.9168
-63.9214
-63.926
-63.9305
-63.935
-63.9394
-63.9437
-63.948
-63.9522
-63.9564
-63.9605
-63.9646
-63.9686
-63.9726
-63.9765
-63.9804
-63.9842
-63.988
-63.9918
-63.9954
-63.9991
-64.0027
-64.0062
-64.0097
-64.0132
-63.9976
-63.966
-63.923
-63.8719
-63.8152
-63.7544
-63.6909
-63.6257
-63.5596
-63.4932
-63.4271
-63.3616
-63.2972
-63.234
-63.1724
-63.1126
-63.0545
-62.9985
-62.9445
-62.8926
-62.8428
-62.7952
-62.7498
-62.7065
-62.6654
-62.6263
-62.5894
-62.5545
-62.5215
-62.4906
-62.4615
-62.4342
-62.4088
-62.3851
-62.363
-62.3426
-62.3238
-62.3064
-62.2906
-62.2761
-62.2631
-62.2513
-62.2408
-62.2315
-62.2233
-62.2163
-62.2104
-62.2055
-62.2016
-62.1986
-62.1965
-62.1954
-62.195
-62.1955
-62.1967
-62.1986
-62.2012
-62.2045
-62.2085
-62.213
-62.2181
-62.2238
-62.23
-62.2367
-62.2438
-62.2514
-62.2594
-62.2679
-62.2767
-62.2859
-62.2954
-62.3053
-62.3154
-62.3258
-62.3366
-62.3475
-62.3587
-62.3702
-62.3818
-62.3936
-62.4056
-62.4178
-62.4302
-62.4427
-62.4553
-62.468
-62.4809
-62.4939
-62.5069
-62.52
-62.5333
-62.5465
-62.5599
-62.5733
-62.5867
-62.6002
-62.6137
-62.6272
-62.6407
-62.6543
-62.6678
-62.6814
-62.6949
-62.7085
-62.722
-62.7355
-62.749
-62.7625
-62.7759
-62.7893
-62.8026
-62.8159
-62.8292
-62.8424
-62.8555
-62.8687
-62.8817
-62.8947
-62.9076
-62.9205
-62.9333
-62.946
-62.9587
-62.9713
-62.9838
-62.9963
-63.0087
-63.021
-63.0332
-63.0453
-63.0574
-63.0694
-63.0813
-63.0931
-63.1048
-63.1165
-63.1281
-63.1396
-63.151
-63.1623
-63.2021
-63.2482
-63.2945
-63.3458
-63.396
-63.4433
-63.4875
-63.5287
-63.5671
-63.6031
-63.637
-63.6689
-63.6993
-63.7281
-63.7557
-63.782
-63.8073
-63.8317
-63.8551
-63.8777
-63.8995
-63.9205
-63.9408
-63.9605
-63.9795
-63.9979
-64.0157
-64.033
-64.0497
-64.0658
-64.0815
-64.0967
-64.1113
-64.1256
-64.1393
-64.1527
-64.1656
-64.1781
-64.1903
-64.202
-64.2134
-64.2244
-64.235
-64.2453
-64.2553
-64.265
-64.2743
-64.3092
-64.3494
-64.3895
-64.4276
-64.4694
-64.5097
-64.5476
-64.5827
-64.6152
-64.6453
-64.6733
-64.6994
-64.7238
-64.7468
-64.7684
-64.7888
-64.8081
-64.8265
-64.8439
-64.8604
-64.8761
-64.8911
-64.9054
-64.9189
-64.9318
-64.9441
-64.9558
-64.9669
-64.9775
-64.9875
-64.997
-65.006
-65.0146
-65.0226
-65.0303
-65.0375
-65.0443
-65.0507
-65.0567
-65.0623
-65.0675
-65.0724
-65.077
-65.0812
-65.0851
-65.0887
-65.092
-65.1188
-65.1506
-65.1822
-65.212
-65.2393
-65.2641
-65.2865
-65.3069
-65.3254
-65.3423
-65.3577
-65.3776
-65.3977
-65.4168
-65.4346
-65.451
-65.4661
-65.48
-65.4928
-65.5045
-65.5154
-65.5253
-65.5345
-65.543
-65.5508
-65.5579
-65.5644
-65.5947
-65.6329
-65.6722
-65.7099
-65.7449
-65.7772
-65.8069
-65.8342
-65.8593
-65.8826
-65.9042
-65.9244
-65.9432
-65.9609
-65.9774
-65.9929
-66.0075
-66.0212
-66.0341
-66.0462
-66.0576
-66.0683
-66.0782
-66.0876
-66.0963
-66.1044
-66.1119
-66.1189
-66.1254
-66.1313
-66.1367
-66.1628
-66.193
-66.2228
-66.2507
-66.2761
-66.2991
-66.3198
-66.3385
-66.363
-66.3875
-66.4106
-66.4318
-66.4512
-66.4688
-66.4898
-66.5103
-66.5296
-66.5472
-66.5633
-66.5778
-66.591
-66.6028
-66.6135
-66.6232
-66.6318
-66.6396
-66.6465
-66.6526
-66.6579
-66.6625
-66.6665
-66.6698
-66.6725
-66.6747
-66.6762
-66.6773
-66.6778
-66.6778
-66.6773
-66.6764
-66.675
-66.6732
-66.6709
-66.6683
-66.6653
-66.6619
-66.6581
-66.654
-66.6495
-66.6447
-66.6396
-66.6342
-66.6285
-66.6225
-66.6162
-66.6097
-66.6029
-66.5959
-66.5886
-66.5811
-66.5733
-66.5653
-66.5572
-66.5488
-66.5402
-66.5315
-66.5225
-66.5134
-66.5041
-66.4947
-66.489
-66.5052
-66.5263
-66.5478
-66.5678
-66.5858
-66.6017
-66.6154
-66.6482
-66.6865
-66.7245
-66.765
-66.8033
-66.8385
-66.8703
-66.8991
-66.925
-66.9483
-66.9694
-66.9853
-66.9935
-66.9926
-66.9825
-66.9636
-66.9367
-66.9027
-66.8627
-66.8177
-66.7687
-66.7165
-66.662
-66.6058
-66.5485
-66.4907
-66.4328
-66.3751
-66.3179
-66.2616
-66.2062
-66.1519
-66.0989
-66.0473
-65.9971
-65.9484
-65.9012
-65.8554
-65.8112
-65.7685
-65.7273
-65.6876
-65.6493
-65.6125
-65.577
-65.5429
-65.51
-65.4785
-65.4481
-65.419
-65.391
-65.3642
-65.3384
-65.3136
-65.2898
-65.267
-65.2452
-65.2242
-65.2041
-65.1848
-65.1898
-65.2007
-65.2125
-65.2234
-65.2329
-65.2407
-65.2471
-65.2521
-65.2562
-65.2593
-65.2676
-65.2765
-65.285
-65.2928
-65.2997
-65.3058
-65.3112
-65.3159
-65.3201
-65.3239
-65.3272
-65.3301
-65.3327
-65.3351
-65.3371
-65.339
-65.3406
-65.342
-65.3432
-65.3442
-65.345
-65.3456
-65.3461
-65.3464
-65.3466
-65.3466
-65.3464
-65.327
-65.2916
-65.2448
-65.1901
-65.1298
-65.0656
-64.9989
-64.9305
-64.8613
-64.7918
-64.7226
-64.6541
-64.5866
-64.5204
-64.4557
-64.3927
-64.3314
-64.2721
-64.2148
-64.1594
-64.1333
-64.1188
-64.1085
-64.0991
-64.0896
-64.0794
-64.0689
-64.0579
-64.0469
-64.036
-64.0253
-64.015
-64.0052
-63.9959
-63.9872
-63.9792
-63.9717
-63.965
-63.9588
-63.9533
-63.9485
-63.9442
-63.9405
-63.9374
-63.9348
-63.9328
-63.9313
-63.9302
-63.9296
-63.9294
-63.9296
-63.9302
-63.9312
-63.9326
-63.9607
-63.9949
-64.0295
-64.0625
-64.0932
-64.1215
-64.1477
-64.1719
-64.1945
-64.2157
-64.2356
-64.2544
-64.2723
-64.2894
-64.3058
-64.3216
-64.3367
-64.3514
-64.3655
-64.3792
-64.3924
-64.4052
-64.4176
-64.4296
-64.4413
-64.4526
-64.4635
-64.4741
-64.4844
-64.4944
-64.5041
-64.5134
-64.5225
-64.5312
-64.5397
-64.5479
-64.5559
-64.5635
-64.5709
-64.578
-64.5849
-64.5916
-64.5979
-64.6041
-64.61
-64.6157
-64.6212
-64.6264
-64.6314
-64.6362
-64.6408
-64.6452
-64.6494
-64.6534
-64.6571
-64.6607
-64.6642
-64.6674
-64.6704
-64.6733
-64.676
-64.6785
-64.6809
-64.683
-64.6851
-64.6869
-64.6887
-64.6902
-64.6916
-64.6929
-64.694
-64.695
-64.6959
-64.6966
-64.6972
-64.6976
-64.698
-64.6982
-64.6983
-64.6982
-64.6981
-64.6978
-64.6975
-64.697
-64.6964
-64.6957
-64.6949
-64.694
-64.6931
-64.692
-64.6908
-64.6896
-64.6882
-64.6868
-64.6853
-64.6837
-64.6821
-64.6803
-64.6785
-64.6766
-64.6747
-64.6727
-64.6706
-64.6684
-64.6662
-64.6639
-64.6616
-64.6592
-64.6568
-64.6543
-64.6517
-64.6491
-64.6465
-64.6438
-64.641
-64.6382
-64.6354
-64.6325
-64.6296
-64.6267
-64.6237
-64.6207
-64.6176
-64.6145
-64.6114
-64.6083
-64.6051
-64.6019
-64.5987
-64.5954
-64.5922
-64.5889
-64.5856
-64.5822
-64.5789
-64.5755
-64.5721
-64.5687
-64.5653
-64.5619
-64.5584
-64.555
-64.5515
-64.548
-64.5445
-64.5411
-64.5376
-64.5341
-64.5305
-64.527
-64.5235
-64.52
-64.5165
-64.513
-64.5094
-64.5059
-64.5024
-64.4989
-64.4954
-64.4919
-64.4884
-64.4849
-64.4814
-64.4779
-64.4744
-64.4709
-64.4674
-64.464
-64.4605
-64.4571
-64.4537
-64.4502
-64.4468
-64.4434
-64.44
-64.4367
-64.4333
-64.4299
-64.4266
-64.4233
-64.42
-64.4167
-64.4134
-64.4101
-64.4069
-64.4036
-64.4004
-64.3972
-64.394
-64.3909
-64.3877
-64.3846
-64.3815
-64.3784
-64.3753
-64.3722
-64.3661
-64.354
-64.3345
-64.3072
-64.2723
-64.2305
-64.1827
-64.1298
-64.0727
-64.0124
-63.9498
-63.8856
-63.8204
-63.7549
-63.6895
-63.6246
-63.5607
-63.498
-63.4367
-63.377
-63.3191
-63.2737
-63.2327
-63.194
-63.1566
-63.1205
