-65
-64.9848
-64.9714
-64.9581
-64.9453
-64.9331
-64.9218
-64.9115
-64.9021
-64.8937
-64.8861
-64.8793
-64.8732
-64.8678
-64.8629
-64.8585
-64.8546
-64.851
-64.8479
-64.845
-64.8425
-64.8402
-64.8382
-64.8363
-64.8347
-64.8333
-64.832
-64.8309
-64.8299
-64.8291
-64.8284
-64.8278
-64.8273
-64.8269
-64.8266
-64.8264
-64.8262
-64.8262
-64.8262
-64.8263
-64.8264
-64.8267
-64.8269
-64.8272
-64.8276
-64.828
-64.8285
-64.8289
-64.8295
-64.83
-64.8306
-64.8313
-64.8319
-64.8326
-64.8333
-64.8341
-64.8348
-64.8356
-64.8364
-64.8372
-64.838
-64.8389
-64.8397
-64.8406
-64.8415
-64.8424
-64.8433
-64.8442
-64.8452
-64.8461
-64.847
-64.848
-64.8489
-64.8499
-64.8508
-64.8518
-64.8528
-64.8538
-64.8547
-64.8557
-64.8567
-64.8577
-64.8586
-64.8596
-64.8606
-64.8616
-64.8625
-64.8635
-64.8645
-64.8655
-64.8664
-64.8674
-64.8684
-64.8693
-64.8703
-64.8712
-64.8722
-64.8731
-64.8741
-64.875
-64.876
-64.8769
-64.8778
-64.8787
-64.8797
-64.8806
-64.8815
-64.8824
-64.8833
-64.8842
-64.8851
-64.886
-64.8868
-64.8877
-64.8886
-64.8894
-64.8903
-64.8912
-64.892
-64.8928
-64.8937
-64.8945
-64.8953
-64.8961
-64.897
-64.8978
-64.8986
-64.8994
-64.9001
-64.9009
-64.9017
-64.9025
-64.9032
-64.904
-64.9048
-64.9055
-64.9062
-64.907
-64.9077
-64.9084
-64.9091
-64.9099
-64.9106
-64.9113
-64.912
-64.9127
-64.9133
-64.914
-64.9147
-64.9154
-64.916
-64.9167
-64.9173
-64.918
-64.9186
-64.9193
-64.9199
-64.9205
-64.9211
-64.9217
-64.9223
-64.9229
-64.9235
-64.9241
-64.9247
-64.9253
-64.9259
-64.9265
-64.927
-64.9276
-64.9281
-64.9287
-64.9292
-64.9298
-64.9303
-64.9308
-64.9314
-64.9319
-64.9324
-64.9329
-64.9334
-64.9339
-64.9344
-64.9349
-64.9354
-64.9359
-64.9364
-64.9369
-64.9373
-64.9378
-64.9383
-64.9387
-64.9392
-64.9396
-64.9401
-64.9405
-64.9409
-64.9414
-64.9418
-64.9422
-64.9427
-64.9431
-64.9435
-64.9439
-64.9443
-64.9447
-64.9451
-64.9455
-64.9459
-64.9463
-64.9466
-64.947
-64.9474
-64.9478
-64.9481
-64.9485
-64.9489
-64.9492
-64.9496
-64.9499
-64.9503
-64.9506
-64.9509
-64.9513
-64.9516
-64.9519
-64.9523
-64.9526
-64.9529
-64.9532
-64.9535
-64.9538
-64.9542
-64.9545
-64.9548
-64.9551
-64.9553
-64.9556
-64.9559
-64.9562
-64.9565
-64.9568
-64.9571
-64.9573
-64.9576
-64.9579
-64.9581
-64.9584
-64.9586
-64.9589
-64.9592
-64.9594
-64.9597
-64.9599
-64.9601
-64.9604
-64.9606
-64.9609
-64.9611
-64.9613
-64.9616
-64.9618
-64.962
-64.9622
-64.9624
-64.9627
-64.9629
-64.9631
-64.9633
-64.9635
-64.9637
-64.9639
-64.9641
-64.9643
-64.9645
-64.9647
-64.9649
-64.9651
-64.9653
-64.9654
-64.9656
-64.9658
-64.966
-64.9662
-64.9663
-64.9665
-64.9667
-64.9668
-64.967
-64.9672
-64.9673
-64.9675
-64.9677
-64.9678
-64.968
-64.9681
-64.9683
-64.9684
-64.9686
-64.9687
-64.9689
-64.969
-64.9692
-64.9693
-64.9694
-64.9696
-64.9697
-64.9698
-64.97
-64.9701
-64.9702
-64.9703
-64.9705
-64.9706
-64.9707
-64.9708
-64.971
-64.9711
-64.9712
-64.9713
-64.9714
-64.9715
-64.9716
-64.9717
-64.9719
-64.972
-64.9721
-64.9722
-64.9723
-64.9724
-64.9725
-64.9726
-64.9727
-64.9728
-64.9729
-64.9729
-64.973
-64.9731
-64.9732
-64.9733
-64.9734
-64.9735
-64.9736
-64.9736
-64.9737
-64.9738
-64.9739
-64.974
-64.974
-64.9741
-64.9742
-64.9743
-64.9743
-64.9744
-64.9745
-64.9746
-64.9746
-64.9747
-64.9748
-64.9748
-64.9749
-64.975
-64.975
-64.9751
-64.9751
-64.9752
-64.9753
-64.9753
-64.9754
-64.9754
-64.9755
-64.9755
-64.9756
-64.9757
-64.9757
-64.9758
-64.9758
-64.9759
-64.9759
-64.976
-64.976
-64.976
-64.9761
-64.9761
-64.9762
-64.9762
-64.9763
-64.9763
-64.9763
-64.9764
-64.9764
-64.9765
-64.9765
-64.9765
-64.9766
-64.9766
-64.9766
-64.9767
-64.9767
-64.9768
-64.9768
-64.9768
-64.9768
-64.9769
-64.9769
-64.9769
-64.977
-64.977
-64.977
-64.977
-64.9771
-64.9771
-64.9771
-64.9772
-64.9772
-64.9772
-64.9772
-64.9772
-64.9773
-64.9773
-64.9773
-64.9773
-64.9773
-64.9774
-64.9774
-64.9774
-64.9774
-64.9774
-64.9775
-64.9775
-64.9775
-64.9775
-64.9775
-64.9775
-64.9775
-64.9776
-64.9776
-64.9776
-64.9776
-64.9776
-64.9776
-64.9776
-64.9776
-64.9777
-64.9777
-64.9777
-64.9777
-64.9777
-64.9777
-64.9777
-64.9777
-64.9777
-64.9777
-64.9777
-64.9777
-64.9777
-64.9778
-64.9778
-64.9778
-64.9778
-64.9778
-64.9778
-64.9778
-64.9778
-64.9778
-64.9778
-64.9778
-64.9778
-64.9778
-64.9778
-64.9778
-64.9778
-64.9778
-64.9778
-64.9778
-64.9778
-64.9778
-64.9778
-64.9778
-64.9778
-64.9778
-64.9778
-64.9778
-64.9778
-64.9778
-64.9778
-64.9778
-64.9778
-64.9778
-64.9777
-64.9777
-64.9777
-64.9777
-64.9777
-64.9777
-64.9777
-64.9777
-64.9777
-64.9777
-64.9777
-64.9777
-64.9777
-64.9777
-64.9777
-64.9777
-64.9776
-64.9776
-64.9776
-64.9776
-64.9776
-64.9776
-64.9776
-64.9776
-64.9776
-64.9776
-64.9776
-64.9776
-64.9775
-64.9775
-64.9775
-64.9775
-64.9775
-64.9775
-64.9775
-64.9775
-64.9775
-64.9774
-64.9774
-64.9774
-64.9774
-64.9774
-64.9774
-64.9774
-64.9774
-64.9774
-64.9773
-64.9773
-64.9773
-64.9773
-64.9773
-64.9773
-64.9773
-64.9772
-64.9772
-64.9772
-64.9772
-64.9772
-64.9772
-64.9772
-64.9772
-64.9771
-64.9771
-64.9771
-64.9771
-64.9771
-64.9771
-64.9771
-64.977
-64.977
-64.977
-64.977
-64.977
-64.977
-64.9769
-64.9769
-64.9769
-64.9769
-64.9769
-64.9769
-64.9769
-64.9768
-64.9768
-64.9768
-64.9768
-64.9768
-64.9768
-64.9767
-64.9767
-64.9767
-64.9767
-64.9767
-64.9767
-64.9766
-64.9766
-64.9766
-64.9766
-64.9766
-64.9766
-64.9765
-64.9765
-64.9765
-64.9765
-64.9765
-64.9765
-64.9764
-64.9764
-64.9764
-64.9764
-64.9764
-64.9764
-64.9763
-64.9763
-64.9763
-64.9763
-64.9763
-64.9763
-64.9762
-64.9762
-64.9762
-64.9762
-64.9762
-64.9762
-64.9761
-64.9761
-64.9761
-64.9761
-64.9761
-64.9761
-64.976
-64.976
-64.976
-64.976
-64.976
-64.9759
-64.9759
-64.9759
-64.9759
-64.9759
-64.9759
-64.9758
-64.9758
-64.9758
-64.9758
-64.9758
-64.9758
-64.9757
-64.9757
-64.9757
-64.9757
-64.9757
-64.9756
-64.9756
-64.9756
-64.9756
-64.9756
-64.9756
-64.9755
-64.9755
-64.9755
-64.9755
-64.9755
-64.9755
-64.9754
-64.9754
-64.9754
-64.9754
-64.9754
-64.9753
-64.9753
-64.9753
-64.9753
-64.9753
-64.9753
-64.9752
-64.9752
-64.9752
-64.9752
-64.9752
-64.9752
-64.9751
-64.9751
-64.9751
-64.9751
-64.9751
-64.975
-64.975
-64.975
-64.975
-64.975
-64.975
-64.9749
-64.9749
-64.9749
-64.9749
-64.9749
-64.9749
-64.9748
-64.9748
-64.9748
-64.9748
-64.9748
-64.9748
-64.9747
-64.9747
-64.9747
-64.9747
-64.9747
-64.9747
-64.9746
-64.9746
-64.9746
-64.9746
-64.9746
-64.9746
-64.9745
-64.9745
-64.9745
-64.9745
-64.9745
-64.9745
-64.9744
-64.9744
-64.9744
-64.9744
-64.9744
-64.9744
-64.9743
-64.9743
-64.9743
-64.9743
-64.9743
-64.9743
-64.9742
-64.9742
-64.9742
-64.9742
-64.9742
-64.9742
-64.9741
-64.9741
-64.9741
-64.9741
-64.9741
-64.9741
-64.974
-64.974
-64.974
-64.974
-64.974
-64.974
-64.9739
-64.9739
-64.9739
-64.9739
-64.9739
-64.9739
-64.9739
-64.9738
-64.9738
-64.9738
-64.9738
-64.9738
-64.9738
-64.9737
-64.9737
-64.9737
-64.9737
-64.9737
-64.9737
-64.9736
-64.9736
-64.9736
-64.9736
-64.9736
-64.9736
-64.9736
-64.9735
-64.9735
-64.9735
-64.9735
-64.9735
-64.9735
-64.9735
-64.9734
-64.9734
-64.9734
-64.9734
-64.9734
-64.9734
-64.9734
-64.9733
-64.9733
-64.9733
-64.9733
-64.9733
-64.9733
-64.9732
-64.9732
-64.9732
-64.9732
-64.9732
-64.9732
-64.9732
-64.9732
-64.9731
-64.9731
-64.9731
-64.9731
-64.9731
-64.9731
-64.9731
-64.973
-64.973
-64.973
-64.973
-64.973
-64.973
-64.973
-64.9729
-64.9729
-64.9729
-64.9729
-64.9729
-64.9729
-64.9729
-64.9728
-64.9728
-64.9728
-64.9728
-64.9728
-64.9728
-64.9728
-64.9728
-64.9727
-64.9727
-64.9727
-64.9727
-64.9727
-64.9727
-64.9727
-64.9727
-64.9726
-64.9726
-64.9726
-64.9726
-64.9726
-64.9726
-64.9726
-64.9725
-64.9725
-64.9725
-64.9725
-64.9725
-64.9725
-64.9725
-64.9725
-64.9724
-64.9724
-64.9724
-64.9724
-64.9724
-64.9724
-64.9724
-64.9724
-64.9724
-64.9723
-64.9723
-64.9723
-64.9723
-64.9723
-64.9723
-64.9723
-64.9723
-64.9722
-64.9722
-64.9722
-64.9722
-64.9722
-64.9722
-64.9722
-64.9722
-64.9721
-64.9721
-64.9721
-64.9721
-64.9721
-64.9721
-64.9721
-64.9721
-64.9721
-64.972
-64.972
-64.972
-64.972
-64.972
-64.972
-64.972
-64.972
-64.972
-64.9719
-64.9719
-64.9719
-64.9719
-64.9719
-64.9719
-64.9719
-64.9719
-64.9719
-64.9718
-64.9718
-64.9718
-64.9718
-64.9718
-64.9718
-64.9718
-64.9718
-64.9718
-64.9718
-64.9717
-64.9717
-64.9717
-64.9717
-64.9717
-64.9717
-64.9717
-64.9717
-64.9717
-64.9717
-64.9716
-64.9716
-64.9716
-64.9716
-64.9716
-64.9716
-64.9716
-64.9716
-64.9716
-64.9716
-64.9715
-64.9715
-64.9715
-64.9715
-64.9715
-64.9715
-64.9715
-64.9715
-64.9715
-64.9715
-64.9714
-64.9714
-64.9714
-64.9714
-64.9714
-64.9714
-64.9714
-64.9714
-64.9714
-64.9714
-64.9714
-64.9713
-64.9713
-64.9713
-64.9713
-64.9713
-64.9713
-64.9713
-64.9713
-64.9713
-64.9713
-64.9713
-64.9712
-64.9712
-64.9712
-64.9712
-64.9712
-64.9712
-64.9712
-64.9712
-64.9712
-64.9712
-64.9712
-64.9711
-64.9711
-64.9711
-64.9711
-64.9711
-64.9711
-64.9711
-64.9711
-64.9711
-64.9711
-64.9711
-64.9711
-64.971
-64.971
-64.971
-64.971
-64.971
-64.971
-64.971
-64.971
-64.971
-64.971
-64.971
-64.971
-64.9709
-64.9709
-64.9709
-64.9709
-64.9709
-64.9709
-64.9709
-64.9709
-64.9709
-64.9709
-64.9709
-64.9709
-64.9709
-64.9708
-64.9708
-64.9708
-64.9708
-64.9708
-64.9708
-64.9708
-64.9708
-64.9708
-64.9708
-64.9708
-64.9708
-64.9708
-64.9707
-64.9707
-64.9707
-64.9707
-64.9707
-64.9707
-64.9707
-64.9707
-64.9707
-64.9707
-64.9707
-64.9707
-64.9707
-64.9707
-64.9706
-64.9706
-64.9706
-64.9706
-64.9706
-64.9706
-64.9706
-64.9706
-64.9706
-64.9706
-64.9706
-64.9706
-64.9706
-64.9706
-64.9706
-64.9705
-64.9705
-64.9705
-64.9705
-64.9705
-64.9705
-64.9705
-64.9705
-64.9705
-64.9705
-64.9705
-64.9705
-64.9705
-64.9705
-64.9705
-64.9704
-64.9704
-64.9704
-64.9704
-64.9704
-64.9704
-64.9704
-64.9704
-64.9704
-64.9704
-64.9704
-64.9704
-64.9704
-64.9704
-64.9704
-64.9704
-64.9703
-64.9703
-64.9703
-64.9703
-64.9703
-64.9703
-64.9703
-64.9703
-64.9703
-64.9703
-64.9703
-64.9703
-64.9703
-64.9703
-64.9703
-64.9703
-64.9703
-64.9702
-64.9702
-64.9702
-64.9702
-64.9702
-64.9702
-64.9702
-64.9702
-64.9702
-64.9702
-64.9702
-64.9702
-64.9702
-64.9702
-64.9702
-64.9702
-64.9702
-64.9702
-64.9701
-64.9701
-64.9701
-64.9701
-64.9701
-64.9701
-64.9701
-64.9701
-64.9701
-64.9701
-64.9701
-64.9701
-64.9701
-64.9701
-64.9701
-64.9701
-64.9701
-64.9701
-64.9701
-64.97
-64.97
-64.97
-64.97
-64.97
-64.97
-64.97
-64.97
-64.97
-64.97
-64.97
-64.97
-64.97
-64.97
-64.97
-64.97
-64.97
-64.97
-64.97
-64.97
-64.9699
-64.9699
-64.9699
-64.9699
-64.9699
-64.9699
-64.9699
-64.9699
-64.9699
-64.9699
-64.9699
-64.9699
-64.9699
-64.9699
-64.9699
-64.9699
-64.9699
-64.9699
-64.9699
-64.9699
-64.9699
-64.9699
-64.9698
-64.9698
-64.9698
-64.9698
-64.9698
-64.9698
-64.9698
-64.9698
-64.9698
-64.9698
-64.9698
-64.9698
-64.9698
-64.9698
-64.9698
-64.9698
-64.9698
-64.9698
-64.9698
-64.9698
-64.9698
-64.9698
-64.9698
-64.9698
-64.9697
-64.9697
-64.9697
-64.9697
-64.9697
-64.9697
-64.9697
-64.9697
-64.9697
-64.9697
-64.9697
-64.9697
-64.9697
-64.9697
-64.9697
-64.9697
-64.9697
-64.9697
-64.9697
-64.9697
-64.9697
-64.9697
-64.9697
-64.9697
-64.9697
-64.9697
-64.9696
-64.9696
-64.9696
-64.9696
-64.9696
-64.9696
-64.9696
-64.9696
-64.9696
-64.9696
-64.9696
-64.9696
-64.9696
-64.9696
-64.9696
-64.9696
-64.9696
-64.9696
-64.9696
-64.9696
-64.9696
-64.9696
-64.9696
-64.9696
-64.9696
-64.9696
-64.9696
-64.9696
-64.9695
-64.9695
-64.9695
-64.9695
-64.9695
-64.9695
-64.9695
-64.9695
-64.9695
-64.9695
-64.9695
-64.9695
-64.9695
-64.9695
-64.9695
-64.9695
-64.9695
-64.9695
-64.9695
-64.9695
-64.9695
-64.9695
-64.9695
-64.9695
-64.9695
-64.9695
-64.9695
-64.9695
-64.9695
-64.9695
-64.9695
-64.9695
-64.9695
-64.9694
-64.9694
-64.9694
-64.9694
-64.9694
-64.9694
-64.9694
-64.9694
-64.9694
-64.9694
-64.9694
-64.9694
-64.9694
-64.9694
-64.9694
-64.9694
-64.9694
-64.9694
-64.9694
-64.9694
-64.9694
-64.9694
-64.9694
-64.9694
-64.9694
-64.9694
-64.9694
-64.9694
-64.9694
-64.9694
-64.9694
-64.9694
-64.9694
-64.9694
-64.9694
-64.9694
-64.9693
-64.9693
-64.9693
-64.9693
-64.9693
-64.9693
-64.9693
-64.9693
-64.9693
-64.9693
-64.9693
-64.9693
-64.9693
-64.9693
-64.9693
-64.9693
-64.9693
-64.9693
-64.9693
-64.9693
-64.9693
-64.9693
-64.9693
-64.9693
-64.9693
-64.9693
-64.9693
-64.9693
-64.9693
-64.9693
-64.9693
-64.9693
-64.9693
-64.9693
-64.9693
-64.9693
-64.9693
-64.9693
-64.9693
-64.9693
-64.9693
-64.9693
-64.9693
-64.9693
-64.9692
-64.9692
-64.9692
-64.9692
-64.9692
-64.9692
-64.9692
-64.9692
-64.9692
-64.9692
-64.9692
-64.9692
-64.9692
-64.9692
-64.9692
-64.9692
-64.9692
-64.9692
-64.9692
-64.9692
-64.9692
-64.9692
-64.9692
-64.9692
-64.9692
-64.9692
-64.9692
-64.9692
-64.9692
-64.9692
-64.9692
-64.9692
-64.9692
-64.9692
-64.9692
-64.9692
-64.9692
-64.9692
-64.9692
-64.9692
-64.9692
-64.9692
-64.9692
-64.9692
-64.9692
-64.9692
-64.9692
-64.9692
-64.9692
-64.9692
-64.9692
-64.9692
-64.9692
-64.9692
-64.9691
-64.9691
-64.9691
-64.9691
-64.9691
-64.9691
-64.9691
-64.9691
-64.9691
-64.9691
-64.9691
-64.9691
-64.9691
-64.9691
-64.9691
-64.9691
-64.9691
-64.9691
-64.9691
-64.9691
-64.9691
-64.9691
-64.9691
-64.9691
-64.9691
-64.9691
-64.9691
-64.9691
-64.9691
-64.9691
-64.9691
-64.9691
-64.9691
-64.9691
-64.9691
-64.9691
-64.9691
-64.9691
-64.9691
-64.9691
-64.9691
-64.9691
-64.9691
-64.9691
-64.9691
-64.9691
-64.9691
-64.9691
-64.9691
-64.9691
-64.9691
-64.9691
-64.9691
-64.9691
-64.9691
-64.9691
-64.9691
-64.9691
-64.9691
-64.9691
-64.9691
-64.9691
-64.9691
-64.9691
-64.9691
-64.9691
-64.9691
-64.9691
-64.9691
-64.9691
-64.9691
-64.9691
-64.9691
-64.9691
-64.9691
-64.9691
-64.969
-64.969
-64.969
-64.969
-64.969
-64.969
-64.969
-64.969
-64.969
-64.969
-64.969
-64.969
-64.969
-64.969
-64.969
-64.969
-64.969
-64.969
-64.969
-64.969
-64.969
-64.969
-64.969
-64.969
-64.969
-64.969
-64.969
-64.969
-64.969
-64.969
-64.969
-64.969
-64.969
-64.969
-64.969
-64.969
-64.969
-64.969
-64.969
-64.969
-64.969
-64.969
-64.969
-64.969
-64.969
-64.969
-64.969
-64.969
-64.969
-64.969
-64.969
-64.969
-64.969
-64.969
-64.969
-64.969
-64.969
-64.969
-64.969
-64.969
-64.969
-64.969
-64.969
-64.969
-64.969
-64.969
-64.969
-64.969
-64.969
-64.969
-64.969
-64.969
-64.969
-64.969
-64.969
-64.969
-64.969
-64.969
-64.969
-64.969
-64.969
-64.969
-64.969
-64.969
-64.969
-64.969
-64.969
-64.969
-64.969
-64.969
-64.969
-64.969
-64.969
-64.969
-64.969
-64.969
-64.969
-64.969
-64.969
-64.969
-64.969
-64.969
-64.969
-64.969
-64.969
-64.969
-64.969
-64.969
-64.969
-64.969
-64.969
-64.969
-64.969
-64.969
-64.969
-64.969
-64.969
-64.969
-64.969
-64.969
-64.969
-64.969
-64.969
-64.969
-64.969
-64.969
-64.969
-64.969
-64.969
-64.969
-64.969
-64.969
-64.969
-64.969
-64.969
-64.969
-64.969
-64.969
-64.969
-64.969
-64.969
-64.969
-64.969
-64.969
-64.969
-64.969
-64.969
-64.969
-64.969
-64.969
-64.969
-64.969
-64.969
-64.969
-64.969
-64.969
-64.969
-64.969
-64.969
-64.969
-64.969
-64.969
-64.969
-64.969
-64.969
-64.969
-64.969
-64.969
-64.969
-64.969
-64.969
-64.969
-64.969
-64.969
-64.969
-64.969
-64.969
-64.969
-64.969
-64.969
-64.969
-64.969
-64.969
-64.969
-64.969
-64.969
-64.969
-64.969
-64.969
-64.969
-64.969
-64.969
-64.969
-64.969
-64.969
-64.969
-64.969
-64.969
-64.969
-64.969
-64.969
-64.969
-64.969
-64.969
-64.969
-64.969
-64.969
-64.969
-64.969
-64.969
-64.969
-64.969
-64.969
-64.969
-64.969
-64.969
-64.969
-64.969
-64.969
-64.969
-64.969
-64.969
-64.969
-64.969
-64.969
-64.969
-64.969
-64.969
-64.969
-64.969
-64.969
-64.969
-64.969
-64.969
-64.969
-64.969
-64.969
-64.969
-64.969
-64.969
-64.969
-64.969
-64.969
-64.969
-64.969
-64.969
-64.969
-64.969
-64.969
-64.969
-64.969
-64.969
-64.969
-64.969
-64.969
-64.969
-64.969
-64.969
-64.969
-64.969
-64.969
-64.969
-64.969
-64.969
-64.969
-64.969
-64.969
-64.969
-64.969
-64.969
-64.969
-64.969
-64.969
-64.969
-64.969
-64.969
-64.969
-64.969
-64.969
-64.969
-64.969
-64.969
-64.969
-64.969
-64.969
-64.969
-64.969
-64.969
-64.969
-64.969
-64.969
-64.969
-64.969
-64.969
-64.969
-64.969
-64.969
-64.969
-64.969
-64.969
-64.969
-64.969
-64.969
-64.969
-64.969
-64.969
-64.969
-64.969
-64.969
-64.969
-64.969
-64.969
-64.969
-64.969
-64.969
-64.969
-64.969
-64.969
-64.969
-64.969
-64.969
-64.969
-64.969
-64.969
-64.969
-64.969
-64.969
-64.969
-64.969
-64.969
-64.969
-64.969
-64.969
-64.969
-64.969
-64.969
-64.969
-64.969
-64.969
-64.969
-64.969
-64.969
-64.969
-64.969
-64.969
-64.969
-64.969
-64.9781
-64.9893
-65.0006
-65.0114
-65.0213
-65.0304
-65.0387
-65.0463
-65.0533
-65.0597
-65.0657
-65.0712
-65.0764
-65.0812
-65.0858
-65.0901
-65.0942
-65.098
-65.1017
-65.1052
-65.1085
-65.1116
-65.1146
-65.1174
-65.1201
-65.1227
-65.1251
-65.1274
-65.1296
-65.1316
-65.1336
-65.1354
-65.1372
-65.1388
-65.1403
-65.1418
-65.1431
-65.1444
-65.1456
-65.1467
-65.1477
-65.1486
-65.1495
-65.1503
-65.151
-65.1517
-65.1523
-65.1528
-65.1533
-65.1537
-65.1541
-65.1544
-65.1546
-65.1548
-65.1549
-65.155
-65.1551
-65.1551
-65.155
-65.1549
-65.1548
-65.1546
-65.1544
-65.1542
-65.1539
-65.1536
-65.1532
-65.1528
-65.1524
-65.152
-65.1515
-65.151
-65.1505
-65.1499
-65.1493
-65.1487
-65.1481
-65.1474
-65.1467
-65.146
-65.1453
-65.1446
-65.1438
-65.1431
-65.1423
-65.1415
-65.1406
-65.1398
-65.1389
-65.1381
-65.1372
-65.1363
-65.1354
-65.1345
-65.1335
-65.1326
-65.1316
-65.1307
-65.1297
-65.1287
-65.1277
-65.1267
-65.1257
-65.1247
-65.1237
-65.1227
-65.1216
-65.1206
-65.1195
-65.1185
-65.1174
-65.1164
-65.1153
-65.1143
-65.1132
-65.1121
-65.1111
-65.11
-65.1089
-65.1078
-65.1068
-65.1057
-65.1046
-65.1035
-65.1024
-65.1014
-65.1003
-65.0992
-65.0981
-65.097
-65.096
-65.0949
-65.0938
-65.0927
-65.0916
-65.0906
-65.0895
-65.0884
-65.0874
-65.0863
-65.0852
-65.0842
-65.0831
-65.0821
-65.081
-65.08
-65.0789
-65.0779
-65.0768
-65.0758
-65.0748
-65.0738
-65.0727
-65.0717
-65.0707
-65.0697
-65.0687
-65.0677
-65.0667
-65.0657
-65.0647
-65.0637
-65.0627
-65.0617
-65.0608
-65.0598
-65.0588
-65.0579
-65.0569
-65.056
-65.0551
-65.0541
-65.0532
-65.0523
-65.0513
-65.0504
-65.0495
-65.0486
-65.0477
-65.0468
-65.0459
-65.045
-65.0442
-65.0433
-65.0424
-65.0416
-65.0407
-65.0399
-65.039
-65.0382
-65.0373
-65.0365
-65.0357
-65.0349
-65.0341
-65.0333
-65.0325
-65.0317
-65.0309
-65.0301
-65.0293
-65.0285
-65.0278
-65.027
-65.0263
-65.0255
-65.0248
-65.024
-65.0233
-65.0226
-65.0219
-65.0211
-65.0204
-65.0197
-65.019
-65.0183
-65.0176
-65.017
-65.0163
-65.0156
-65.0149
-65.0143
-65.0136
-65.013
-65.0123
-65.0117
-65.0111
-65.0104
-65.0098
-65.0092
-65.0086
-65.008
-65.0074
-65.0068
-65.0062
-65.0056
-65.005
-65.0044
-65.0039
-65.0033
-65.0027
-65.0022
-65.0016
-65.0011
-65.0005
-65
-64.9995
-64.999
-64.9984
-64.9979
-64.9974
-64.9969
-64.9964
-64.9959
-64.9954
-64.9949
-64.9944
-64.994
-64.9935
-64.993
-64.9925
-64.9921
-64.9916
-64.9912
-64.9907
-64.9903
-64.9899
-64.9894
-64.989
-64.9886
-64.9881
-64.9877
-64.9873
-64.9869
-64.9865
-64.9861
-64.9857
-64.9853
-64.9849
-64.9845
-64.9842
-64.9838
-64.9834
-64.983
-64.9827
-64.9823
-64.982
-64.9816
-64.9813
-64.9809
-64.9806
-64.9802
-64.9799
-64.9796
-64.9793
-64.9789
-64.9786
-64.9783
-64.978
-64.9777
-64.9774
-64.9771
-64.9768
-64.9765
-64.9762
-64.9759
-64.9756
-64.9753
-64.975
-64.9748
-64.9745
-64.9742
-64.974
-64.9737
-64.9734
-64.9732
-64.9729
-64.9727
-64.9724
-64.9722
-64.972
-64.9717
-64.9715
-64.9712
-64.971
-64.9708
-64.9706
-64.9703
-64.9701
-64.9699
-64.9697
-64.9695
-64.9693
-64.9691
-64.9689
-64.9687
-64.9685
-64.9683
-64.9681
-64.9679
-64.9677
-64.9675
-64.9673
-64.9672
-64.967
-64.9668
-64.9666
-64.9665
-64.9663
-64.9661
-64.966
-64.9658
-64.9657
-64.9655
-64.9653
-64.9652
-64.965
-64.9649
-64.9648
-64.9646
-64.9645
-64.9643
-64.9642
-64.9641
-64.9639
-64.9638
-64.9637
-64.9635
-64.9634
-64.9633
-64.9632
-64.963
-64.9629
-64.9628
-64.9627
-64.9626
-64.9625
-64.9624
-64.9623
-64.9622
-64.962
-64.9619
-64.9618
-64.9617
-64.9616
-64.9616
-64.9615
-64.9614
-64.9613
-64.9612
-64.9611
-64.961
-64.9609
-64.9608
-64.9608
-64.9607
-64.9606
-64.9605
-64.9605
-64.9604
-64.9603
-64.9602
-64.9602
-64.9601
-64.96
-64.96
-64.9599
-64.9598
-64.9598
-64.9597
-64.9597
-64.9596
-64.9595
-64.9595
-64.9594
-64.9594
-64.9593
-64.9593
-64.9592
-64.9592
-64.9591
-64.9591
-64.959
-64.959
-64.959
-64.9589
-64.9589
-64.9588
-64.9588
-64.9588
-64.9587
-64.9587
-64.9586
-64.9586
-64.9586
-64.9585
-64.9585
-64.9585
-64.9585
-64.9584
-64.9584
-64.9584
-64.9584
-64.9583
-64.9583
-64.9583
-64.9583
-64.9582
-64.9582
-64.9582
-64.9582
-64.9582
-64.9581
-64.9581
-64.9581
-64.9581
-64.9581
-64.9581
-64.9581
-64.958
-64.958
-64.958
-64.958
-64.958
-64.958
-64.958
-64.958
-64.958
-64.958
-64.958
-64.958
-64.958
-64.958
-64.958
-64.958
-64.9579
-64.9579
-64.9579
-64.9579
-64.9579
-64.958
-64.958
-64.958
-64.958
-64.958
-64.958
-64.958
-64.958
-64.958
-64.958
-64.958
-64.958
-64.958
-64.958
-64.958
-64.958
-64.958
-64.9581
-64.9581
-64.9581
-64.9581
-64.9581
-64.9581
-64.9581
-64.9581
-64.9581
-64.9582
-64.9582
-64.9582
-64.9582
-64.9582
-64.9582
-64.9582
-64.9583
-64.9583
-64.9583
-64.9583
-64.9583
-64.9583
-64.9584
-64.9584
-64.9584
-64.9584
-64.9584
-64.9585
-64.9585
-64.9585
-64.9585
-64.9585
-64.9586
-64.9586
-64.9586
-64.9586
-64.9586
-64.9587
-64.9587
-64.9587
-64.9587
-64.9588
-64.9588
-64.9588
-64.9588
-64.9589
-64.9589
-64.9589
-64.9589
-64.9589
-64.959
-64.959
-64.959
-64.959
-64.9591
-64.9591
-64.9591
-64.9592
-64.9592
-64.9592
-64.9592
-64.9593
-64.9593
-64.9593
-64.9593
-64.9594
-64.9594
-64.9594
-64.9594
-64.9595
-64.9595
-64.9595
-64.9596
-64.9596
-64.9596
-64.9596
-64.9597
-64.9597
-64.9597
-64.9598
-64.9598
-64.9598
-64.9598
-64.9599
-64.9599
-64.9599
-64.96
-64.96
-64.96
-64.9601
-64.9601
-64.9601
-64.9601
-64.9602
-64.9602
-64.9602
-64.9603
-64.9603
-64.9603
-64.9604
-64.9604
-64.9604
-64.9604
-64.9605
-64.9605
-64.9605
-64.9606
-64.9606
-64.9606
-64.9607
-64.9607
-64.9607
-64.9608
-64.9608
-64.9608
-64.9608
-64.9609
-64.9609
-64.9609
-64.961
-64.961
-64.961
-64.9611
-64.9611
-64.9611
-64.9612
-64.9612
-64.9612
-64.9612
-64.9613
-64.9613
-64.9613
-64.9614
-64.9614
-64.9614
-64.9615
-64.9615
-64.9615
-64.9616
-64.9616
-64.9616
-64.9617
-64.9617
-64.9617
-64.9617
-64.9618
-64.9618
-64.9618
-64.9619
-64.9619
-64.9619
-64.962
-64.962
-64.962
-64.9621
-64.9621
-64.9621
-64.9621
-64.9622
-64.9622
-64.9622
-64.9623
-64.9623
-64.9623
-64.9624
-64.9624
-64.9624
-64.9624
-64.9625
-64.9625
-64.9625
-64.9626
-64.9626
-64.9626
-64.9627
-64.9627
-64.9627
-64.9627
-64.9628
-64.9628
-64.9628
-64.9629
-64.9629
-64.9629
-64.963
-64.963
-64.963
-64.963
-64.9631
-64.9631
-64.9631
-64.9632
-64.9632
-64.9632
-64.9632
-64.9633
-64.9633
-64.9633
-64.9634
-64.9634
-64.9634
-64.9634
-64.9635
-64.9635
-64.9635
-64.9635
-64.9636
-64.9636
-64.9636
-64.9637
-64.9637
-64.9637
-64.9637
-64.9638
-64.9638
-64.973
-64.9842
-64.9955
-65.0063
-65.0163
-65.0254
-65.0337
-65.0414
-65.0483
-65.0548
-65.0608
-65.0663
-65.0715
-65.0764
-65.081
-65.0854
-65.0895
-65.0934
-65.097
-65.1005
-65.1039
-65.107
-65.11
-65.1129
-65.1156
-65.1182
-65.1206
-65.1229
-65.1251
-65.1272
-65.1292
-65.1311
-65.1328
-65.1345
-65.136
-65.1375
-65.1389
-65.1402
-65.1414
-65.1425
-65.1435
-65.1445
-65.1454
-65.1462
-65.147
-65.1476
-65.1483
-65.1488
-65.1493
-65.1497
-65.1501
-65.1504
-65.1507
-65.1509
-65.1511
-65.1512
-65.1512
-65.1513
-65.1512
-65.1512
-65.151
-65.1509
-65.1507
-65.1505
-65.1502
-65.1499
-65.1496
-65.1492
-65.1488
-65.1484
-65.1479
-65.1475
-65.1469
-65.1464
-65.1458
-65.1453
-65.1446
-65.144
-65.1433
-65.1427
-65.142
-65.1412
-65.1405
-65.1398
-65.139
-65.1382
-65.1374
-65.1366
-65.1357
-65.1349
-65.134
-65.1331
-65.1322
-65.1313
-65.1304
-65.1295
-65.1286
-65.1276
-65.1267
-65.1257
-65.1247
-65.1237
-65.1228
-65.1218
-65.1208
-65.1197
-65.1187
-65.1177
-65.1167
-65.1157
-65.1146
-65.1136
-65.1125
-65.1115
-65.1105
-65.1094
-65.1084
-65.1073
-65.1062
-65.1052
-65.1041
-65.1031
-65.102
-65.1009
-65.0999
-65.0988
-65.0977
-65.0967
-65.0956
-65.0945
-65.0935
-65.0924
-65.0913
-65.0903
-65.0892
-65.0882
-65.0871
-65.0861
-65.085
-65.084
-65.0829
-65.0819
-65.0808
-65.0798
-65.0788
-65.0777
-65.0767
-65.0757
-65.0746
-65.0736
-65.0726
-65.0716
-65.0706
-65.0696
-65.0686
-65.0676
-65.0666
-65.0656
-65.0646
-65.0637
-65.0627
-65.0617
-65.0607
-65.0598
-65.0588
-65.0579
-65.0569
-65.056
-65.055
-65.0541
-65.0532
-65.0523
-65.0514
-65.0504
-65.0495
-65.0486
-65.0477
-65.0468
-65.046
-65.0451
-65.0442
-65.0433
-65.0425
-65.0416
-65.0408
-65.0399
-65.0391
-65.0382
-65.0374
-65.0366
-65.0358
-65.0349
-65.0341
-65.0333
-65.0325
-65.0317
-65.0309
-65.0302
-65.0294
-65.0286
-65.0279
-65.0271
-65.0263
-65.0256
-65.0249
-65.0241
-65.0234
-65.0227
-65.0219
-65.0212
-65.0205
-65.0198
-65.0191
-65.0184
-65.0177
-65.0171
-65.0164
-65.0157
-65.015
-65.0144
-65.0137
-65.0131
-65.0124
-65.0118
-65.0112
-65.0105
-65.0099
-65.0093
-65.0087
-65.0081
-65.0075
-65.0069
-65.0063
-65.0057
-65.0051
-65.0045
-65.004
-65.0034
-65.0029
-65.0023
-65.0017
-65.0012
-65.0007
-65.0001
-64.9996
-64.9991
-64.9985
-64.998
-64.9975
-64.997
-64.9772
-64.9412
-64.8937
-64.8381
-64.7767
-64.7113
-64.6432
-64.5735
-64.5028
-64.432
-64.3614
-64.2915
-64.2227
-64.1552
-64.0893
-64.0252
-63.963
-63.9028
-63.8447
-63.7888
-63.7351
-63.6835
-63.6342
-63.5871
-63.5421
-63.4993
-63.4587
-63.4201
-63.3836
-63.349
-63.3164
-63.2857
-63.2568
-63.2297
-63.2044
-63.1807
-63.1586
-63.1381
-63.1191
-63.1015
-63.0854
-63.0706
-63.0571
-63.0449
-63.0339
-63.024
-63.0153
-63.0077
-63.001
-62.9954
-62.9907
-62.987
-62.9841
-62.982
-62.9808
-62.9803
-62.9805
-62.9815
-62.9831
-62.9854
-62.9882
-62.9917
-62.9957
-63.0003
-63.0054
-63.0109
-63.0169
-63.0234
-63.0302
-63.0375
-63.0451
-63.0531
-63.0614
-63.0701
-63.079
-63.0882
-63.0977
-63.1075
-63.1175
-63.1277
-63.1381
-63.1487
-63.1595
-63.1705
-63.1817
-63.1929
-63.2044
-63.2159
-63.2276
-63.2394
-63.2513
-63.2632
-63.2753
-63.2874
-63.2996
-63.3119
-63.3242
-63.3365
-63.3489
-63.3613
-63.3738
-63.3862
-63.3987
-63.4112
-63.4237
-63.4362
-63.4487
-63.4612
-63.4737
-63.4861
-63.4985
-63.5109
-63.5233
-63.5357
-63.548
-63.5603
-63.5725
-63.5847
-63.5968
-63.6089
-63.621
-63.633
-63.6449
-63.6568
-63.6686
-63.6804
-63.6921
-63.7037
-63.7153
-63.7268
-63.7383
-63.7496
-63.7609
-63.7722
-63.7833
-63.7944
-63.8055
-63.8164
-63.8273
-63.8381
-63.8488
-63.8594
-63.87
-63.8805
-63.8909
-63.9012
-63.9115
-63.9217
-63.9318
-63.9418
-63.9517
-63.9616
-63.9714
-63.9811
-63.9907
-64.0003
-64.0097
-64.0191
-64.0284
-64.0377
-64.0468
-64.0559
-64.0649
-64.0738
-64.0827
-64.0914
-64.1001
-64.1087
-64.1173
-64.1257
-64.1341
-64.1424
-64.1506
-64.1588
-64.1669
-64.1749
-64.1828
-64.1907
-64.1985
-64.2062
-64.2138
-64.2214
-64.2289
-64.2363
-64.2437
-64.251
-64.2582
-64.2654
-64.2724
-64.2794
-64.2864
-64.2933
-64.3001
-64.3068
-64.3135
-64.3201
-64.3267
-64.3332
-64.3396
-64.3459
-64.3522
-64.3585
-64.3646
-64.3708
-64.3768
-64.3828
-64.3887
-64.3946
-64.4004
-64.4062
-64.4119
-64.4175
-64.4231
-64.4286
-64.4341
-64.4395
-64.4448
-64.4501
-64.4554
-64.4606
-64.4657
-64.4708
-64.4759
-64.4808
-64.4858
-64.4907
-64.4955
-64.5003
-64.505
-64.5097
-64.5143
-64.5189
-64.5235
-64.528
-64.5324
-64.5368
-64.5412
-64.5455
-64.5497
-64.5539
-64.5581
-64.5622
-64.5663
-64.5704
-64.5744
-64.5783
-64.5822
-64.5861
-64.5899
-64.5937
-64.5975
-64.6012
-64.6049
-64.6085
-64.6121
-64.6157
-64.6192
-64.6227
-64.6261
-64.6295
-64.6329
-64.6362
-64.6395
-64.6428
-64.646
-64.6492
-64.6523
-64.6554
-64.6585
-64.6616
-64.6646
-64.6676
-64.6705
-64.6735
-64.6763
-64.6792
-64.682
-64.6848
-64.6876
-64.6903
-64.693
-64.6957
-64.6983
-64.701
-64.7035
-64.7061
-64.7086
-64.7111
-64.7136
-64.716
-64.7185
-64.7208
-64.7232
-64.7255
-64.7278
-64.7301
-64.7324
-64.7346
-64.7368
-64.739
-64.7412
-64.7433
-64.7454
-64.7475
-64.7495
-64.7516
-64.7536
-64.7556
-64.7575
-64.7595
-64.7614
-64.7633
-64.7652
-64.767
-64.7689
-64.7707
-64.7725
-64.7742
-64.776
-64.7777
-64.7794
-64.7811
-64.7828
-64.7844
-64.7861
-64.7877
-64.7893
-64.7908
-64.7924
-64.7939
-64.7954
-64.7969
-64.7984
-64.7999
-64.8013
-64.8027
-64.8042
-64.8055
-64.8069
-64.8083
-64.8096
-64.8109
-64.8123
-64.8135
-64.8148
-64.8161
-64.8173
-64.8186
-64.8198
-64.821
-64.8222
-64.8233
-64.8245
-64.8256
-64.8268
-64.8279
-64.829
-64.8301
-64.8311
-64.8322
-64.8332
-64.8343
-64.8353
-64.8363
-64.8373
-64.8382
-64.8392
-64.8402
-64.8411
-64.842
-64.843
-64.8439
-64.8448
-64.8456
-64.8465
-64.8474
-64.8482
-64.849
-64.8499
-64.8507
-64.8515
-64.8523
-64.8531
-64.8538
-64.8546
-64.8553
-64.8561
-64.8568
-64.8575
-64.8582
-64.8589
-64.8596
-64.8603
-64.861
-64.8616
-64.8623
-64.8629
-64.8636
-64.8642
-64.8648
-64.8654
-64.866
-64.8666
-64.8672
-64.8677
-64.8683
-64.8689
-64.8694
-64.87
-64.8705
-64.871
-64.8715
-64.872
-64.8725
-64.873
-64.8735
-64.874
-64.8745
-64.8749
-64.8754
-64.8758
-64.8763
-64.8767
-64.8772
-64.8776
-64.878
-64.8784
-64.8788
-64.8792
-64.8796
-64.88
-64.8804
-64.8807
-64.8811
-64.8815
-64.8818
-64.8822
-64.8825
-64.8828
-64.8832
-64.8835
-64.8838
-64.8841
-64.8845
-64.8848
-64.8851
-64.8854
-64.8856
-64.8859
-64.8862
-64.8865
-64.8867
-64.887
-64.8873
-64.8875
-64.8878
-64.888
-64.8883
-64.8885
-64.8887
-64.889
-64.8892
-64.8894
-64.8896
-64.8898
-64.89
-64.8902
-64.8904
-64.8906
-64.8908
-64.891
-64.8912
-64.8914
-64.8916
-64.8917
-64.8919
-64.8921
-64.8922
-64.8924
-64.8925
-64.8927
-64.8928
-64.893
-64.8931
-64.8933
-64.8934
-64.8935
-64.8937
-64.8938
-64.8939
-64.894
-64.8941
-64.8943
-64.8944
-64.8945
-64.8946
-64.8947
-64.8948
-64.8949
-64.895
-64.8951
-64.8952
-64.8953
-64.8953
-64.8954
-64.8955
-64.8956
-64.8957
-64.8957
-64.8958
-64.8959
-64.8959
-64.896
-64.8961
-64.8961
-64.8962
-64.8962
-64.8963
-64.8963
-64.8964
-64.8964
-64.8965
-64.8965
-64.8966
-64.8966
-64.8966
-64.8967
-64.8967
-64.8968
-64.8968
-64.8968
-64.8968
-64.8969
-64.8969
-64.8969
-64.8969
-64.897
-64.897
-64.897
-64.897
-64.897
-64.897
-64.8971
-64.8971
-64.8971
-64.8971
-64.8971
-64.8971
-64.8971
-64.8971
-64.8971
-64.8971
-64.8971
-64.8971
-64.8971
-64.8971
-64.8971
-64.8971
-64.8971
-64.8971
-64.8971
-64.8971
-64.8971
-64.897
-64.897
-64.897
-64.897
-64.897
-64.897
-64.897
-64.8969
-64.8969
-64.8969
-64.8969
-64.8969
-64.8968
-64.8968
-64.8968
-64.8968
-64.8968
-64.8967
-64.8967
-64.8967
-64.8967
-64.8966
-64.8966
-64.8966
-64.8965
-64.8965
-64.8965
-64.8965
-64.8964
-64.8964
-64.8964
-64.8963
-64.8963
-64.8963
-64.8962
-64.8962
-64.8962
-64.8961
-64.8961
-64.8961
-64.896
-64.896
-64.8959
-64.8959
-64.8959
-64.8958
-64.8958
-64.8958
-64.8957
-64.8957
-64.8956
-64.8956
-64.8956
-64.8955
-64.8955
-64.8955
-64.8954
-64.8954
-64.8953
-64.8953
-64.8953
-64.8952
-64.8952
-64.8951
-64.8951
-64.8951
-64.895
-64.895
-64.8949
-64.8949
-64.8948
-64.8948
-64.8948
-64.8947
-64.8947
-64.8946
-64.8946
-64.8946
-64.8945
-64.8945
-64.8944
-64.8944
-64.8943
-64.8943
-64.8943
-64.8942
-64.8942
-64.8941
-64.8941
-64.8941
-64.894
-64.894
-64.8939
-64.8939
-64.8938
-64.8938
-64.8938
-64.8937
-64.8937
-64.8936
-64.8936
-64.8936
-64.8935
-64.8935
-64.8934
-64.8934
-64.8934
-64.8933
-64.8933
-64.8932
-64.8932
-64.8932
-64.8931
-64.8931
-64.8931
-64.893
-64.893
-64.8929
-64.8929
-64.8929
-64.8928
-64.8928
-64.8928
-64.8927
-64.8927
-64.8926
-64.8926
-64.8926
-64.8925
-64.8925
-64.8925
-64.8924
-64.8924
-64.8924
-64.8923
-64.8923
-64.8923
-64.8922
-64.8922
-64.8922
-64.8921
-64.8921
-64.8921
-64.892
-64.892
-64.892
-64.8919
-64.8919
-64.8919
-64.8918
-64.8918
-64.8918
-64.8918
-64.8917
-64.8917
-64.8917
-64.8916
-64.8916
-64.8916
-64.8916
-64.8915
-64.8915
-64.8915
-64.8915
-64.8914
-64.8914
-64.8914
-64.8913
-64.8913
-64.8913
-64.8913
-64.8913
-64.8912
-64.8912
-64.8912
-64.8912
-64.8911
-64.8911
-64.8911
-64.8911
-64.8911
-64.891
-64.891
-64.891
-64.891
-64.8909
-64.8909
-64.8909
-64.8909
-64.8909
-64.8909
-64.8908
-64.8908
-64.8908
-64.8908
-64.8908
-64.8908
-64.8907
-64.8907
-64.8907
-64.8907
-64.8907
-64.8907
-64.8907
-64.8906
-64.8906
-64.8906
-64.8906
-64.8906
-64.8906
-64.8906
-64.8906
-64.8905
-64.8905
-64.8905
-64.8905
-64.8905
-64.8905
-64.8905
-64.8905
-64.8905
-64.8905
-64.8905
-64.8904
-64.8904
-64.8904
-64.8904
-64.8904
-64.8904
-64.8904
-64.8904
-64.8904
-64.8904
-64.8904
-64.8904
-64.8904
-64.8904
-64.8904
-64.8904
-64.8904
-64.8904
-64.8904
-64.8904
-64.8904
-64.8904
-64.8904
-64.8904
-64.8904
-64.8904
-64.8904
-64.8904
-64.8904
-64.8904
-64.8904
-64.8904
-64.8904
-64.8904
-64.8904
-64.8904
-64.8904
-64.8904
-64.8904
-64.8904
-64.8904
-64.8904
-64.8904
-64.8904
-64.8904
-64.8904
-64.8905
-64.8905
-64.8905
-64.8905
-64.8905
-64.8905
-64.8905
-64.8905
-64.8905
-64.8905
-64.8905
-64.8905
-64.8906
-64.8906
-64.8906
-64.8906
-64.8906
-64.8906
-64.8906
-64.8906
-64.8907
-64.8907
-64.8907
-64.8907
-64.8907
-64.8907
-64.8907
-64.8908
-64.8908
-64.8908
-64.8908
-64.8908
-64.8908
-64.8908
-64.8909
-64.8909
-64.8909
-64.8909
-64.8909
-64.891
-64.891
-64.891
-64.891
-64.891
-64.891
-64.8911
-64.8911
-64.8911
-64.8911
-64.8911
-64.8912
-64.8912
-64.8912
-64.8912
-64.8913
-64.8913
-64.8913
-64.8913
-64.8913
-64.8914
-64.8914
-64.8914
-64.8914
-64.8915
-64.8915
-64.8915
-64.8915
-64.8916
-64.8916
-64.8916
-64.8916
-64.8917
-64.8917
-64.8917
-64.8917
-64.8918
-64.8918
-64.8918
-64.8918
-64.8919
-64.8919
-64.8919
-64.892
-64.892
-64.892
-64.892
-64.8921
-64.8921
-64.8921
-64.8922
-64.8922
-64.8922
-64.8923
-64.8923
-64.8923
-64.8923
-64.8924
-64.8924
-64.8924
-64.8925
-64.8925
-64.8925
-64.8926
-64.8926
-64.8926
-64.8927
-64.8927
-64.8927
-64.8928
-64.8928
-64.8928
-64.8929
-64.8929
-64.8929
-64.893
-64.893
-64.893
-64.8931
-64.8931
-64.8932
-64.8932
-64.8932
-64.8933
-64.8933
-64.8933
-64.8934
-64.8934
-64.8934
-64.8935
-64.8935
-64.8936
-64.8936
-64.8936
-64.8937
-64.8937
-64.8938
-64.8938
-64.8938
-64.8939
-64.8939
-64.8939
-64.894
-64.894
-64.8941
-64.8748
-64.8394
-64.7925
-64.7374
-64.6767
-64.6119
-64.5444
-64.4752
-64.4051
-64.3348
-64.2648
-64.1955
-64.1272
-64.0603
-63.9949
-63.9314
-63.8697
-63.81
-63.7524
-63.697
-63.6438
-63.5927
-63.5439
-63.4972
-63.4528
-63.4105
-63.3703
-63.3322
-63.2961
-63.262
-63.2299
-63.1996
-63.1526
-63.0918
-63.0218
-62.9457
-62.866
-62.7841
-62.7014
-62.6187
-62.5367
-62.4561
-62.3773
-62.3007
-62.2265
-62.1549
-62.0861
-62.0203
-61.9575
-61.8978
-61.8411
-61.7875
-61.737
-61.6895
-61.6449
-61.6033
-61.5646
-61.5286
-61.4953
-61.4647
-61.4366
-61.4109
-61.3876
-61.3667
-61.3479
-61.3312
-61.3166
-61.304
-61.2932
-61.2843
-61.2771
-61.2715
-61.2675
-61.2651
-61.2641
-61.2645
-61.2662
-61.2692
-61.2734
-61.2787
-61.2852
-61.2926
-61.3011
-61.3106
-61.3209
-61.3321
-61.344
-61.3568
-61.3703
-61.3845
-61.3993
-61.4147
-61.4308
-61.4473
-61.4644
-61.482
-61.5
-61.5185
-61.5374
-61.5566
-61.5762
-61.5961
-61.6164
-61.6369
-61.6577
-61.6787
-61.6999
-61.7214
-61.743
-61.7648
-61.7868
-61.8089
-61.8311
-61.8534
-61.8758
-61.8983
-61.9209
-61.9435
-61.9662
-61.9889
-62.0117
-62.0344
-62.0572
-62.0799
-62.1027
-62.1254
-62.1481
-62.1708
-62.1934
-62.216
-62.2385
-62.261
-62.2834
-62.3057
-62.328
-62.3501
-62.3722
-62.3942
-62.4161
-62.4379
-62.4596
-62.4812
-62.5026
-62.524
-62.5453
-62.5664
-62.5874
-62.6083
-62.6291
-62.6497
-62.6702
-62.6906
-62.7108
-62.7309
-62.7509
-62.7707
-62.7904
-62.81
-62.8294
-62.8487
-62.8678
-62.8868
-62.9057
-62.9244
-62.9429
-62.9614
-62.9796
-62.9978
-63.0157
-63.0336
-63.0513
-63.0688
-63.0862
-63.1035
-63.1206
-63.1376
-63.1544
-63.1711
-63.1876
-63.204
-63.2203
-63.2364
-63.2523
-63.2682
-63.2838
-63.2994
-63.3148
-63.3301
-63.3452
-63.3602
-63.375
-63.3898
-63.4043
-63.4188
-63.4331
-63.4473
-63.4613
-63.4752
-63.489
-63.5027
-63.5162
-63.5296
-63.5429
-63.556
-63.569
-63.5819
-63.5947
-63.6074
-63.6199
-63.6323
-63.6446
-63.6567
-63.6688
-63.6807
-63.6925
-63.7042
-63.7158
-63.7273
-63.7386
-63.7499
-63.761
-63.772
-63.7829
-63.7937
-63.8044
-63.815
-63.8255
-63.8359
-63.8462
-63.8563
-63.8664
-63.8764
-63.8863
-63.896
-63.9057
-63.9153
-63.9247
-63.9341
-63.9434
-63.9526
-63.9617
-63.9707
-63.9796
-63.9884
-63.9972
-64.0058
-64.0144
-64.0228
-64.0312
-64.0395
-64.0477
-64.0559
-64.0639
-64.0719
-64.0797
-64.0875
-64.0952
-64.1029
-64.1104
-64.1179
-64.1253
-64.1326
-64.1399
-64.1471
-64.1541
-64.1612
-64.1681
-64.175
-64.1818
-64.1885
-64.1952
-64.2018
-64.2083
-64.2148
-64.2212
-64.2275
-64.2338
-64.2399
-64.2461
-64.2521
-64.2581
-64.2641
-64.2699
-64.2757
-64.2815
-64.2872
-64.2928
-64.2984
-64.3039
-64.3093
-64.3147
-64.32
-64.3253
-64.3305
-64.3357
-64.3408
-64.3459
-64.3509
-64.3558
-64.3607
-64.3655
-64.3703
-64.3751
-64.3797
-64.3844
-64.389
-64.3935
-64.398
-64.4024
-64.4068
-64.4112
-64.4155
-64.4197
-64.4048
-64.3737
-64.3312
-64.2806
-64.2242
-64.1638
-64.1007
-64.0358
-63.9701
-63.904
-63.8382
-63.7731
-63.7089
-63.6461
-63.5848
-63.5253
-63.4676
-63.4118
-63.3581
-63.3066
-63.2571
-63.2099
-63.1647
-63.1218
-63.0809
-63.0422
-63.0056
-62.971
-62.9383
-62.9077
-62.8789
-62.8519
-62.8268
-62.8033
-62.7816
-62.7614
-62.7429
-62.7258
-62.7103
-62.6961
-62.6833
-62.6718
-62.6616
-62.6525
-62.6447
-62.6379
-62.6323
-62.6276
-62.624
-62.6213
-62.6195
-62.6186
-62.6185
-62.6192
-62.6207
-62.6229
-62.6258
-62.6294
-62.6336
-62.6384
-62.6438
-62.6497
-62.6562
-62.6631
-62.6706
-62.6784
-62.6867
-62.6954
-62.7045
-62.714
-62.7238
-62.7339
-62.7443
-62.7551
-62.766
-62.7773
-62.7888
-62.8005
-62.8124
-62.8245
-62.8368
-62.8493
-62.8619
-62.8747
-62.8876
-62.9006
-62.9137
-62.927
-62.9403
-62.9538
-62.9673
-62.9808
-62.9944
-63.0081
-63.0218
-63.0356
-63.0494
-63.0632
-63.077
-63.0909
-63.1047
-63.1186
-63.1324
-63.1462
-63.16
-63.1738
-63.1876
-63.2013
-63.215
-63.2286
-63.2421
-63.2662
-63.2925
-63.3188
-63.3442
-63.3685
-63.3916
-63.4135
-63.4343
-63.4541
-63.4731
-63.4912
-63.5086
-63.5252
-63.5412
-63.5565
-63.5713
-63.5855
-63.5991
-63.6123
-63.625
-63.6373
-63.6491
-63.6606
-63.6718
-63.6826
-63.6931
-63.7033
-63.7133
-63.723
-63.7324
-63.7417
-63.7508
-63.7596
-63.7683
-63.7769
-63.7853
-63.7936
-63.8017
-63.8097
-63.8176
-63.8254
-63.8331
-63.8407
-63.8482
-63.8557
-63.8631
-63.8704
-63.8776
-63.8848
-63.8919
-63.899
-63.906
-63.9129
-63.9199
-63.9267
-63.9336
-63.9404
-63.9471
-63.9538
-63.9605
-63.9671
-63.9738
-63.9803
-63.9869
-63.9934
-63.9999
-64.0063
-64.0127
-64.0191
-64.0254
-64.0318
-64.0381
-64.0443
-64.0506
-64.0568
-64.0629
-64.0691
-64.0751
-64.0812
-64.0871
-64.0929
-64.0986
-64.1041
-64.1095
-64.1147
-64.1197
-64.1246
-64.1292
-64.1337
-64.1379
-64.1419
-64.1456
-64.1491
-64.1523
-64.1553
-64.158
-64.1605
-64.1628
-64.1648
-64.1667
-64.1684
-64.1699
-64.1713
-64.1725
-64.1736
-64.1747
-64.1756
-64.1765
-64.1773
-64.1781
-64.1788
-64.1795
-64.1802
-64.1809
-64.1817
-64.1824
-64.1831
-64.1839
-64.1847
-64.1855
-64.1864
-64.1874
-64.1883
-64.1894
-64.1904
-64.1916
-64.1928
-64.194
-64.1953
-64.1967
-64.1981
-64.1996
-64.2012
-64.2028
-64.2045
-64.2063
-64.2081
-64.2099
-64.2119
-64.2139
-64.2159
-64.218
-64.2202
-64.2224
-64.2247
-64.2271
-64.2294
-64.2318
-64.2343
-64.2367
-64.239
-64.2382
-64.2314
-64.2171
-64.1948
-64.1649
-64.1279
-64.0847
-64.0363
-63.9836
-63.9276
-63.869
-63.8086
-63.747
-63.6849
-63.6228
-63.5611
-63.5001
-63.4401
-63.3813
-63.324
-63.2683
-63.2142
-63.1619
-63.1114
-63.0628
-63.0161
-62.9713
-62.9285
-62.8875
-62.8485
-62.8113
-62.776
-62.7426
-62.7109
-62.681
-62.6529
-62.6264
-62.6016
-62.5784
-62.5568
-62.5367
-62.5181
-62.5009
-62.4851
-62.4706
-62.4575
-62.4456
-62.4349
-62.4254
-62.417
-62.4097
-62.4035
-62.3983
-62.3941
-62.3908
-62.3885
-62.387
-62.3863
-62.3864
-62.3874
-62.389
-62.3914
-62.3945
-62.3982
-62.4025
-62.3889
-62.3602
-62.321
-62.2744
-62.2228
-62.1678
-62.1106
-62.0522
-61.9934
-61.9348
-61.8768
-61.82
-61.7645
-61.7107
-61.6587
-61.6088
-61.5611
-61.5156
-61.4724
-61.4316
-61.3932
-61.3571
-61.3234
-61.2921
-61.263
-61.2363
-61.2117
-61.1893
-61.1691
-61.1508
-61.1346
-61.1203
-61.1078
-61.0971
-61.0882
-61.0809
-61.0752
-61.0711
-61.0684
-61.0672
-61.0673
-61.0687
-61.0714
-61.0752
-61.0802
-61.0863
-61.0934
-61.1015
-61.1105
-61.1205
-61.1313
-61.1429
-61.1553
-61.1684
-61.1822
-61.1967
-61.2118
-61.2275
-61.2438
-61.2605
-61.2778
-61.2956
-61.3138
-61.3324
-61.3514
-61.3707
-61.3904
-61.4105
-61.4308
-61.4514
-61.4722
-61.4933
-61.5146
-61.5361
-61.5578
-61.5796
-61.6016
-61.6238
-61.646
-61.6684
-61.6908
-61.7134
-61.736
-61.7586
-61.7814
-61.8041
-61.8269
-61.8497
-61.8725
-61.8953
-61.918
-61.9408
-61.9635
-61.9862
-62.0089
-62.0315
-62.0541
-62.0766
-62.099
-62.1214
-62.1437
-62.1659
-62.188
-62.2101
-62.232
-62.2539
-62.2756
-62.2973
-62.3188
-62.3402
-62.3615
-62.3827
-62.4038
-62.4247
-62.4456
-62.4663
-62.4868
-62.5073
-62.5276
-62.5478
-62.5678
-62.5877
-62.6075
-62.6271
-62.6466
-62.6659
-62.6851
-62.7042
-62.7231
-62.7419
-62.7605
-62.779
-62.7973
-62.8155
-62.8336
-62.8515
-62.8693
-62.8869
-62.9043
-62.9217
-62.9388
-62.9559
-62.9728
-62.9895
-63.0061
-63.0226
-63.0389
-63.055
-63.0711
-63.087
-63.1027
-63.1183
-63.1338
-63.1491
-63.1643
-63.1793
-63.1942
-63.209
-63.2236
-63.2381
-63.2525
-63.2667
-63.2808
-63.2947
-63.3086
-63.3223
-63.3358
-63.3493
-63.3626
-63.3757
-63.3888
-63.4017
-63.4145
-63.4272
-63.4397
-63.4522
-63.4645
-63.4767
-63.4887
-63.5007
-63.5125
-63.5242
-63.5358
-63.5473
-63.5587
-63.5699
-63.5811
-63.5921
-63.603
-63.6138
-63.6246
-63.6351
-63.6456
-63.656
-63.6663
-63.6765
-63.6865
-63.6965
-63.7064
-63.7161
-63.7258
-63.7354
-63.7448
-63.7542
-63.7635
-63.7727
-63.7817
-63.7907
-63.7996
-63.8084
-63.8171
-63.8258
-63.8343
-63.8428
-63.8511
-63.8594
-63.8676
-63.8757
-63.8837
-63.8916
-63.8995
-63.9072
-63.9149
-63.9225
-63.9301
-63.9375
-63.9449
-63.9522
-63.9594
-63.9665
-63.9736
-63.9806
-63.9875
-63.9943
-64.0011
-64.0078
-64.0144
-64.021
-64.0275
-64.0339
-64.0402
-64.0465
-64.0527
-64.0589
-64.065
-64.071
-64.0769
-64.0828
-64.0886
-64.0944
-64.1001
-64.1057
-64.1113
-64.1168
-64.1223
-64.1277
-64.133
-64.1383
-64.1436
-64.1487
-64.1538
-64.1589
-64.1639
-64.1689
-64.1738
-64.1786
-64.1834
-64.1881
-64.1928
-64.1975
-64.202
-64.2066
-64.2111
-64.2155
-64.2199
-64.2242
-64.2285
-64.2328
-64.237
-64.2411
-64.2452
-64.2493
-64.2533
-64.2573
-64.2612
-64.2651
-64.269
-64.2728
-64.2765
-64.2802
-64.2839
-64.2875
-64.2911
-64.2947
-64.2982
-64.3017
-64.3051
-64.3085
-64.3119
-64.3152
-64.3185
-64.3217
-64.3249
-64.3281
-64.3313
-64.3344
-64.3374
-64.3405
-64.3435
-64.3464
-64.3494
-64.3523
-64.3551
-64.358
-64.3608
-64.3636
-64.3663
-64.3787
-64.3932
-64.4078
-64.4218
-64.4349
-64.4471
-64.4584
-64.469
-64.4788
-64.488
-64.4967
-64.505
-64.5128
-64.5203
-64.5274
-64.5342
-64.5408
-64.5471
-64.5531
-64.559
-64.5646
-64.57
-64.5753
-64.5803
-64.5852
-64.5899
-64.5945
-64.5989
-64.6031
-64.6072
-64.6112
-64.615
-64.6187
-64.6223
-64.6257
-64.629
-64.6322
-64.6353
-64.6383
-64.6412
-64.6439
-64.6466
-64.6492
-64.6517
-64.654
-64.6563
-64.6585
-64.6606
-64.6627
-64.6646
-64.6665
-64.6683
-64.67
-64.6717
-64.6732
-64.6747
-64.6762
-64.6776
-64.6789
-64.6801
-64.6813
-64.6825
-64.6835
-64.6846
-64.6855
-64.6865
-64.6873
-64.6881
-64.6889
-64.6896
-64.6903
-64.691
-64.6916
-64.6921
-64.6926
-64.6931
-64.6935
-64.6939
-64.6943
-64.6946
-64.6949
-64.6951
-64.6954
-64.6956
-64.6957
-64.6959
-64.696
-64.696
-64.6961
-64.6961
-64.6961
-64.6961
-64.696
-64.6959
-64.6958
-64.6957
-64.6956
-64.6954
-64.6952
-64.695
-64.6948
-64.6946
-64.6943
-64.694
-64.6938
-64.6934
-64.6931
-64.6928
-64.6924
-64.6921
-64.6917
-64.6913
-64.6909
-64.6905
-64.69
-64.6896
-64.6891
-64.6887
-64.6882
-64.6877
-64.6872
-64.6867
-64.6862
-64.6857
-64.6852
-64.6846
-64.6841
-64.6836
-64.683
-64.6824
-64.6819
-64.6813
-64.6807
-64.6801
-64.6795
-64.6789
-64.6783
-64.6777
-64.6771
-64.6765
-64.6759
-64.6753
-64.6747
-64.674
-64.6734
-64.6728
-64.6722
-64.6715
-64.6709
-64.6796
-64.6905
-64.7015
-64.7119
-64.7215
-64.7303
-64.7382
-64.7453
-64.7519
-64.7578
-64.7633
-64.7684
-64.7731
-64.7774
-64.7815
-64.7853
-64.7889
-64.7922
-64.7953
-64.7983
-64.8011
-64.8036
-64.8061
-64.8084
-64.8105
-64.8125
-64.8144
-64.8161
-64.8178
-64.8193
-64.8207
-64.822
-64.8231
-64.8242
-64.8252
-64.8261
-64.8269
-64.8276
-64.8282
-64.8287
-64.8292
-64.8296
-64.8299
-64.8301
-64.8303
-64.8304
-64.8305
-64.8304
-64.8304
-64.8302
-64.83
-64.8298
-64.8295
-64.8291
-64.8287
-64.8282
-64.8278
-64.8272
-64.8266
-64.826
-64.8253
-64.8246
-64.8239
-64.8231
-64.8223
-64.8215
-64.8206
-64.8197
-64.8188
-64.8179
-64.8169
-64.8159
-64.8148
-64.8138
-64.8127
-64.8116
-64.8105
-64.8093
-64.8082
-64.807
-64.8058
-64.8046
-64.8034
-64.8021
-64.8009
-64.7996
-64.7983
-64.797
-64.7957
-64.7944
-64.7931
-64.7918
-64.7904
-64.7891
-64.7877
-64.7863
-64.785
-64.7836
-64.7822
-64.7808
-64.7794
-64.778
-64.7766
-64.7752
-64.7738
-64.7531
-64.7164
-64.6681
-64.6118
-64.5497
-64.4836
-64.4149
-64.3444
-64.2731
-64.2015
-64.1302
-64.0596
-63.9901
-63.9219
-63.8552
-63.7904
-63.7274
-63.6664
-63.6076
-63.5508
-63.4963
-63.4439
-63.3938
-63.3458
-63.3001
-63.2564
-63.2149
-63.1755
-63.1381
-63.1027
-63.0692
-63.0377
-63.0079
-62.9799
-62.9537
-62.926
-62.8941
-62.8566
-62.8128
-62.7631
-62.708
-62.6485
-62.5853
-62.5195
-62.4518
-62.3831
-62.3141
-62.2454
-62.1775
-62.111
-62.046
-61.983
-61.9222
-61.8637
-61.8077
-61.7543
-61.7035
-61.6555
-61.6101
-61.5674
-61.5274
-61.49
-61.4552
-61.4229
-61.393
-61.3655
-61.3403
-61.3174
-61.2966
-61.278
-61.2613
-61.2466
-61.2337
-61.2227
-61.2133
-61.2056
-61.1995
-61.1949
-61.1918
-61.19
-61.1896
-61.1904
-61.1925
-61.1957
-61.2
-61.2053
-61.2117
-61.219
-61.2272
-61.2363
-61.2462
-61.2568
-61.2682
-61.2803
-61.2931
-61.3065
-61.3205
-61.335
-61.3501
-61.3656
-61.3817
-61.3981
-61.415
-61.4323
-61.45
-61.468
-61.4863
-61.5049
-61.5237
-61.5429
-61.5622
-61.5818
-61.6016
-61.6216
-61.6417
-61.662
-61.6824
-61.703
-61.7236
-61.7444
-61.7652
-61.7861
-61.8071
-61.8281
-61.8491
-61.8702
-61.8913
-61.9125
-61.9336
-61.9547
-61.9758
-61.9969
-62.0179
-62.0389
-62.0599
-62.0808
-62.1017
-62.1225
-62.1433
-62.1639
-62.1845
-62.2051
-62.2255
-62.2459
-62.2661
-62.2863
-62.3064
-62.3264
-62.3462
-62.3737
-62.4027
-62.4317
-62.4601
-62.4877
-62.5145
-62.548
-62.5824
-62.6162
-62.659
-62.6996
-62.7362
-62.776
-62.8136
-62.848
-62.8791
-62.9073
-62.9329
-62.9565
-62.9734
-62.9847
-62.9921
-62.9965
-62.9988
-62.9996
-62.9994
-62.9985
-62.9972
-62.9957
-62.9943
-62.9931
-62.9921
-62.9915
-62.9914
-62.9917
-62.9926
-62.9939
-62.9959
-62.9984
-63.0014
-63.005
-63.0091
-63.0137
-63.0188
-63.0316
-63.0465
-63.062
-63.0773
-63.0924
-63.1072
-63.1218
-63.136
-63.1501
-63.1641
-63.1992
-63.239
-63.2788
-63.3172
-63.3535
-63.3877
-63.4201
-63.4576
-63.495
-63.5313
-63.5658
-63.5987
-63.6301
-63.66
-63.6887
-63.7162
-63.7427
-63.7683
-63.793
-63.8169
-63.8401
-63.8627
-63.8846
-63.9059
-63.9266
-63.9468
-63.9664
-63.9855
-64.0042
-64.0223
-64.04
-64.0573
-64.0741
-64.0905
-64.113
-64.1315
-64.1456
-64.1558
-64.1631
-64.1679
-64.1709
-64.1724
-64.1728
-64.1723
-64.1713
-64.1649
-64.1541
-64.1403
-64.1244
-64.1072
-64.0892
-64.0708
-64.0523
-64.034
-64.016
-63.9985
-63.9815
-63.9653
-63.9499
-63.9352
-63.9214
-63.9085
-63.8964
-63.8851
-63.8747
-63.8652
-63.8565
-63.8486
-63.8414
-63.835
-63.8294
-63.8244
-63.849
-63.8912
-63.9375
-63.983
-64.0262
-64.0665
-64.104
-64.139
-64.1718
-64.2028
-64.2451
-64.2888
-64.3314
-64.372
-64.4105
-64.4469
-64.4814
-64.5205
-64.5595
-64.597
-64.6329
-64.6671
-64.6997
-64.7308
-64.7605
-64.789
-64.8164
-64.8427
-64.868
-64.8924
-64.916
-64.9448
-64.9741
-64.9977
-65.016
-65.0301
-65.041
-65.0494
-65.0557
-65.0605
-65.0641
-65.0667
-65.0686
-65.065
-65.0568
-65.0455
-65.0321
-65.0171
-65.0013
-64.9849
-64.9684
-64.9518
-64.9355
-64.9146
-64.8961
-64.8766
-64.8558
-64.834
-64.8115
-64.7886
-64.7657
-64.743
-64.7208
-64.6992
-64.6783
-64.6583
-64.6392
-64.6212
-64.6041
-64.5881
-64.5731
-64.5592
-64.5462
-64.5343
-64.5233
-64.5133
-64.5041
-64.4959
-64.4885
-64.4882
-64.5027
-64.5207
-64.5391
-64.5567
-64.5731
-64.5884
-64.6026
-64.6159
-64.6285
-64.6404
-64.6518
-64.6628
-64.6735
-64.6838
-64.694
-64.7039
-64.7137
-64.7233
-64.7327
-64.742
-64.7512
-64.765
-64.7865
-64.8051
-64.8199
-64.8312
-64.8398
-64.8462
-64.8508
-64.8794
-64.9217
-64.966
-65.0084
-65.0476
-65.0834
-65.116
-65.1459
-65.1733
-65.1988
-65.2225
-65.2448
-65.2658
-65.2859
-65.305
-65.3233
-65.3409
-65.3578
-65.3742
-65.3958
-65.4181
-65.4399
-65.461
-65.481
-65.5001
-65.5182
-65.5468
-65.5771
-65.6066
-65.6346
-65.661
-65.6857
-65.7088
-65.7305
-65.751
-65.7703
-65.7886
-65.806
-65.8225
-65.8382
-65.8531
-65.8674
-65.881
-65.894
-65.9064
-65.9182
-65.9295
-65.9403
-65.9505
-65.9602
-65.9695
-65.9782
-65.9865
-65.9944
-66.0072
-66.0208
-66.0339
-66.0463
-66.0578
-66.0737
-66.0899
-66.1054
-66.1197
-66.1329
-66.145
-66.1559
-66.166
-66.1751
-66.1835
-66.1911
-66.1981
-66.2044
-66.2101
-66.2153
-66.22
-66.2347
-66.2512
-66.2673
-66.2822
-66.2958
-66.308
-66.3188
-66.3284
-66.337
-66.3446
-66.3513
-66.3572
-66.3676
-66.3783
-66.3886
-66.3978
-66.4061
-66.4134
-66.4197
-66.4252
-66.4298
-66.4338
-66.437
-66.4397
-66.4417
-66.4433
-66.4443
-66.4448
-66.4449
-66.4446
-66.4438
-66.4427
-66.4412
-66.4393
-66.4371
-66.4345
-66.4316
-66.4284
-66.4249
-66.4211
-66.417
-66.4126
-66.4295
-66.4536
-66.4789
-66.5029
-66.53
-66.5558
-66.5794
-66.6007
-66.6197
-66.6366
-66.6517
-66.6651
-66.677
-66.6875
-66.6968
-66.7048
-66.7118
-66.7178
-66.7228
-66.7269
-66.7301
-66.7324
-66.7339
-66.7346
-66.7345
-66.7337
-66.732
-66.7297
-66.7267
-66.723
-66.7186
-66.7137
-66.7082
-66.7022
-66.7006
-66.6997
-66.6984
-66.6963
-66.6934
-66.6896
-66.6851
-66.6797
-66.6737
-66.667
-66.6597
-66.6518
-66.6434
-66.6444
-66.6472
-66.6497
-66.6511
-66.6511
-66.6499
-66.6475
-66.6441
-66.6396
-66.6343
-66.6283
-66.6216
-66.6144
-66.6066
-66.5983
-66.5895
-66.5803
-66.5706
-66.5605
-66.55
-66.5391
-66.5279
-66.5163
-66.5044
-66.4922
-66.4798
-66.4671
-66.4541
-66.441
-66.4277
-66.4142
-66.4006
-66.3869
-66.373
-66.3591
-66.3451
-66.331
-66.3169
-66.3027
-66.2885
-66.271
-66.2476
-66.2166
-66.1776
-66.1309
-66.0772
-66.0174
-65.9523
-65.883
-65.8105
-65.7355
-65.6588
-65.5811
-65.503
-65.425
-65.3475
-65.2709
-65.1955
-65.1215
-65.0492
-64.9786
-64.9099
-64.8432
-64.7785
-64.7157
-64.655
-64.5961
-64.5392
-64.4841
-64.4309
-64.3794
-64.3297
-64.2817
-64.2354
-64.1908
-64.1477
-64.1063
-64.0665
-64.0281
-63.9913
-63.956
-63.9221
-63.8897
-63.8586
-63.8288
-63.8004
-63.7733
-63.7474
-63.7227
-63.6993
-63.6769
-63.6557
-63.6356
-63.6166
-63.5985
-63.5815
-63.5654
-63.5503
-63.536
-63.5227
-63.5101
-63.4984
-63.4875
-63.4773
-63.4679
-63.4592
-63.4511
-63.4438
-63.437
-63.4309
-63.4253
-63.4203
-63.4159
-63.4119
-63.4084
-63.4052
-63.4025
-63.4001
-63.398
-63.3961
-63.3946
-63.3933
-63.3921
-63.3912
-63.3905
-63.3898
-63.3893
-63.3889
-63.3885
-63.3883
-63.388
-63.3879
-63.3878
-63.3877
-63.3878
-63.3879
-63.3881
-63.3883
-63.3887
-63.3891
-63.3897
-63.3904
-63.3912
-63.3921
-63.3931
-63.3943
-63.3956
-63.397
-63.3986
-63.4003
-63.4021
-63.404
-63.4061
-63.4084
-63.4107
-63.4132
-63.4159
-63.4156
-63.4095
-63.3964
-63.3756
-63.3476
-63.3129
-63.2724
-63.2271
-63.1778
-63.1256
-63.0712
-63.0154
-62.9588
-62.9021
-62.8456
-62.7898
-62.7351
-62.6816
-62.6297
-62.5795
-62.531
-62.4846
-62.44
-62.3976
-62.3572
-62.3188
-62.2825
-62.2482
-62.2159
-62.1856
-62.1573
-62.1308
-62.1061
-62.0832
-62.0621
-62.0426
-62.0248
-62.0085
-61.9937
-61.9804
-61.9685
-61.958
-61.9487
-61.9408
-61.934
-61.9283
-61.9238
-61.9203
-61.9179
-61.9164
-61.9159
-61.9163
