-65
-64.9848
-64.9714
-64.9581
-64.9453
-64.9331
-64.9218
-64.9115
-64.9021
-64.8937
-64.8861
-64.8793
-64.8732
-64.8678
-64.8629
-64.8585
-64.8546
-64.851
-64.8479
-64.845
-64.8425
-64.8402
-64.8382
-64.8363
-64.8347
-64.8333
-64.832
-64.8309
-64.8299
-64.8291
-64.8284
-64.8278
-64.8273
-64.8269
-64.8266
-64.8264
-64.8262
-64.8262
-64.8262
-64.8263
-64.8264
-64.8267
-64.8269
-64.8272
-64.8276
-64.828
-64.8285
-64.8289
-64.8295
-64.83
-64.8306
-64.8313
-64.8319
-64.8326
-64.8333
-64.8341
-64.8348
-64.8356
-64.8364
-64.8372
-64.838
-64.8389
-64.8397
-64.8406
-64.8415
-64.8424
-64.8433
-64.8442
-64.8452
-64.8461
-64.847
-64.848
-64.8489
-64.8499
-64.8508
-64.8518
-64.8528
-64.8538
-64.8547
-64.8557
-64.8567
-64.8577
-64.8586
-64.8596
-64.8606
-64.8616
-64.8625
-64.8635
-64.8645
-64.8655
-64.8664
-64.8674
-64.8684
-64.8693
-64.8703
-64.8712
-64.8722
-64.8731
-64.8741
-64.875
-64.876
-64.8769
-64.8778
-64.8787
-64.8797
-64.8806
-64.8815
-64.8824
-64.8833
-64.8842
-64.8851
-64.886
-64.8868
-64.8877
-64.8886
-64.8894
-64.8903
-64.8912
-64.892
-64.8928
-64.8937
-64.8945
-64.8953
-64.8961
-64.897
-64.8978
-64.8986
-64.8994
-64.9001
-64.9009
-64.9017
-64.9025
-64.9032
-64.904
-64.9048
-64.9055
-64.9062
-64.907
-64.9077
-64.9084
-64.9091
-64.9099
-64.9106
-64.9113
-64.912
-64.9127
-64.9133
-64.914
-64.9147
-64.9154
-64.916
-64.9167
-64.9173
-64.918
-64.9186
-64.9193
-64.9199
-64.9205
-64.9211
-64.9217
-64.9223
-64.9229
-64.9235
-64.9241
-64.9247
-64.9253
-64.9259
-64.9265
-64.927
-64.9276
-64.9281
-64.9287
-64.9292
-64.9298
-64.9303
-64.9308
-64.9314
-64.9319
-64.9324
-64.9329
-64.9334
-64.9339
-64.9344
-64.9349
-64.9354
-64.9359
-64.9364
-64.9369
-64.9373
-64.9378
-64.9383
-64.9387
-64.9392
-64.9396
-64.9401
-64.9405
-64.9409
-64.9414
-64.9418
-64.9422
-64.9427
-64.9431
-64.9435
-64.9439
-64.9443
-64.9447
-64.9451
-64.9455
-64.9459
-64.9463
-64.9466
-64.947
-64.9474
-64.9478
-64.9481
-64.9485
-64.9489
-64.9492
-64.9496
-64.9499
-64.9503
-64.9506
-64.9509
-64.9513
-64.9516
-64.9519
-64.9523
-64.9526
-64.9529
-64.9532
-64.9535
-64.9538
-64.9542
-64.9545
-64.9548
-64.9551
-64.9553
-64.9556
-64.9559
-64.9562
-64.9565
-64.9568
-64.9571
-64.9573
-64.9576
-64.9579
-64.9581
-64.9584
-64.9586
-64.9589
-64.9592
-64.9594
-64.9597
-64.9599
-64.9601
-64.9604
-64.9606
-64.9609
-64.9611
-64.9613
-64.9616
-64.9618
-64.962
-64.9622
-64.9624
-64.9627
-64.9629
-64.9631
-64.9633
-64.9635
-64.9637
-64.9639
-64.9641
-64.9643
-64.9645
-64.9647
-64.9649
-64.9651
-64.9653
-64.9654
-64.9656
-64.9658
-64.966
-64.9662
-64.9663
-64.9665
-64.9667
-64.9668
-64.967
-64.9672
-64.9673
-64.9675
-64.9677
-64.9678
-64.968
-64.9681
-64.9683
-64.9684
-64.9686
-64.9687
-64.9689
-64.969
-64.9692
-64.9693
-64.9694
-64.9696
-64.9697
-64.9698
-64.97
-64.9701
-64.9702
-64.9703
-64.9705
-64.9706
-64.9707
-64.9708
-64.971
-64.9711
-64.9712
-64.9713
-64.9714
-64.9715
-64.9716
-64.9717
-64.9719
-64.972
-64.9721
-64.9722
-64.9723
-64.9724
-64.9725
-64.9726
-64.9727
-64.9728
-64.9729
-64.9729
-64.973
-64.9731
-64.9732
-64.9733
-64.9734
-64.9735
-64.9736
-64.9736
-64.9737
-64.9738
-64.9739
-64.974
-64.974
-64.9741
-64.9742
-64.9743
-64.9743
-64.9744
-64.9745
-64.9746
-64.9746
-64.9747
-64.9748
-64.9748
-64.9749
-64.975
-64.975
-64.9751
-64.9751
-64.9752
-64.9753
-64.9753
-64.9754
-64.9754
-64.9755
-64.9755
-64.9756
-64.9757
-64.9757
-64.9758
-64.9758
-64.9759
-64.9759
-64.976
-64.976
-64.976
-64.9761
-64.9761
-64.9762
-64.9762
-64.9763
-64.9763
-64.9763
-64.9764
-64.9764
-64.9765
-64.9765
-64.9765
-64.9766
-64.9766
-64.9766
-64.9767
-64.9767
-64.9768
-64.9768
-64.9768
-64.9768
-64.9769
-64.9769
-64.9769
-64.977
-64.977
-64.977
-64.977
-64.9771
-64.9771
-64.9771
-64.9772
-64.9772
-64.9772
-64.9772
-64.9772
-64.9773
-64.9773
-64.9773
-64.9773
-64.9773
-64.9774
-64.9774
-64.9774
-64.9774
-64.9774
-64.9775
-64.9775
-64.9775
-64.9775
-64.9775
-64.9775
-64.9775
-64.9776
-64.9776
-64.9776
-64.9776
-64.9776
-64.9776
-64.9776
-64.9776
-64.9777
-64.9777
-64.9777
-64.9777
-64.9777
-64.9777
-64.9777
-64.9777
-64.9777
-64.9777
-64.9777
-64.9777
-64.9777
-64.9778
-64.9778
-64.9778
-64.9778
-64.9778
-64.9778
-64.9778
-64.9778
-64.9778
-64.9778
-64.9778
-64.9778
-64.9778
-64.9778
-64.9778
-64.9778
-64.9778
-64.9778
-64.9778
-64.9778
-64.9778
-64.9778
-64.9778
-64.9778
-64.9778
-64.9778
-64.9778
-64.9778
-64.9778
-64.9778
-64.9778
-64.9778
-64.9778
-64.9777
-64.9777
-64.9777
-64.9777
-64.9777
-64.9777
-64.9777
-64.9777
-64.9777
-64.9777
-64.9777
-64.9777
-64.9777
-64.9777
-64.9777
-64.9777
-64.9776
-64.9776
-64.9776
-64.9776
-64.9776
-64.9776
-64.9776
-64.9776
-64.9776
-64.9776
-64.9776
-64.9776
-64.9775
-64.9775
-64.9775
-64.9775
-64.9775
-64.9775
-64.9775
-64.9775
-64.9775
-64.9774
-64.9774
-64.9774
-64.9774
-64.9774
-64.9774
-64.9774
-64.9774
-64.9774
-64.9773
-64.9773
-64.9773
-64.9773
-64.9773
-64.9773
-64.9773
-64.9772
-64.9772
-64.9772
-64.9772
-64.9772
-64.9772
-64.9772
-64.9772
-64.9771
-64.9771
-64.9771
-64.9771
-64.9771
-64.9771
-64.9771
-64.977
-64.977
-64.977
-64.977
-64.977
-64.977
-64.9769
-64.9769
-64.9769
-64.9769
-64.9769
-64.9769
-64.9769
-64.9768
-64.9768
-64.9768
-64.9768
-64.9768
-64.9768
-64.9767
-64.9767
-64.9767
-64.9767
-64.9767
-64.9767
-64.9766
-64.9766
-64.9766
-64.9766
-64.9766
-64.9766
-64.9765
-64.9765
-64.9765
-64.9765
-64.9765
-64.9765
-64.9764
-64.9764
-64.9764
-64.9764
-64.9764
-64.9764
-64.9763
-64.9763
-64.9763
-64.9763
-64.9763
-64.9569
-64.9214
-64.8744
-64.8192
-64.7583
-64.6934
-64.6258
-64.5564
-64.4862
-64.4157
-64.3455
-64.2761
-64.2076
-64.1406
-64.075
-64.0113
-63.9494
-63.8896
-63.8318
-63.7576
-63.67
-63.5737
-63.4719
-63.3671
-63.2608
-63.1544
-63.0488
-62.9446
-62.8426
-62.7431
-62.6465
-62.5531
-62.463
-62.3764
-62.2935
-62.2143
-62.1388
-62.067
-61.9989
-61.9345
-61.8737
-61.8165
-61.7627
-61.7123
-61.6652
-61.6213
-61.5806
-61.5428
-61.5079
-61.4758
-61.4465
-61.4197
-61.3955
-61.3736
-61.3541
-61.3368
-61.3217
-61.3086
-61.2974
-61.2882
-61.2807
-61.275
-61.2709
-61.2683
-61.2673
-61.2677
-61.2695
-61.2726
-61.277
-61.2825
-61.2891
-61.2969
-61.3056
-61.3154
-61.326
-61.3375
-61.3499
-61.3631
-61.3769
-61.3916
-61.4068
-61.4227
-61.4392
-61.4563
-61.4739
-61.492
-61.5106
-61.5296
-61.549
-61.5688
-61.589
-61.6095
-61.6303
-61.6514
-61.6728
-61.6944
-61.7162
-61.7383
-61.7606
-61.783
-61.8056
-61.8283
-61.8511
-61.8741
-61.8972
-61.9203
-61.9435
-61.9668
-61.9901
-62.0135
-62.0369
-62.0603
-62.0837
-62.1071
-62.1305
-62.1539
-62.1772
-62.2006
-62.2238
-62.2471
-62.2703
-62.2934
-62.3164
-62.3394
-62.3623
-62.3851
-62.4079
-62.4305
-62.453
-62.4755
-62.4978
-62.5201
-62.5422
-62.5642
-62.5861
-62.6078
-62.6295
-62.651
-62.6724
-62.6937
-62.7148
-62.7358
-62.7567
-62.7774
-62.798
-62.8185
-62.8388
-62.859
-62.879
-62.8989
-62.9187
-62.9383
-62.9577
-62.977
-62.9962
-63.0152
-63.0341
-63.0528
-63.0714
-63.0898
-63.1081
-63.1262
-63.1442
-63.162
-63.1797
-63.1973
-63.2147
-63.2319
-63.249
-63.266
-63.2828
-63.2995
-63.316
-63.3324
-63.3486
-63.3647
-63.3806
-63.3964
-63.4121
-63.4276
-63.443
-63.4582
-63.4733
-63.4883
-63.5031
-63.5178
-63.5324
-63.5468
-63.5611
-63.5752
-63.5893
-63.6031
-63.6169
-63.6305
-63.644
-63.6574
-63.6706
-63.6838
-63.6967
-63.7096
-63.7224
-63.735
-63.7475
-63.7598
-63.7721
-63.7842
-63.7963
-63.8082
-63.8199
-63.8316
-63.8432
-63.8546
-63.8659
-63.8771
-63.8882
-63.8992
-63.9101
-63.9209
-63.9316
-63.9421
-63.9526
-63.9629
-63.9732
-63.9833
-63.9934
-64.0033
-64.0131
-64.0229
-64.0325
-64.042
-64.0515
-64.0608
-64.0701
-64.0792
-64.0883
-64.0973
-64.1062
-64.1149
-64.1236
-64.1323
-64.1408
-64.1492
-64.1575
-64.1658
-64.174
-64.1821
-64.1901
-64.198
-64.2058
-64.2136
-64.2212
-64.2288
-64.2363
-64.2438
-64.2511
-64.2584
-64.2656
-64.2727
-64.2798
-64.2868
-64.2937
-64.3005
-64.3072
-64.3139
-64.3205
-64.3271
-64.3335
-64.3399
-64.3463
-64.3525
-64.3587
-64.3649
-64.3709
-64.3769
-64.3829
-64.3887
-64.3945
-64.4003
-64.406
-64.4116
-64.4172
-64.4226
-64.4281
-64.4335
-64.4388
-64.444
-64.4492
-64.4544
-64.4595
-64.4645
-64.4695
-64.4744
-64.4793
-64.4841
-64.4889
-64.4936
-64.4982
-64.5028
-64.5074
-64.5119
-64.5163
-64.5207
-64.5251
-64.5294
-64.5336
-64.5378
-64.542
-64.5461
-64.5502
-64.5542
-64.5581
-64.5621
-64.566
-64.5698
-64.5736
-64.5773
-64.581
-64.5847
-64.5883
-64.5919
-64.5954
-64.5989
-64.6024
-64.6058
-64.6092
-64.6125
-64.6158
-64.6191
-64.6223
-64.6255
-64.6286
-64.6317
-64.6348
-64.6378
-64.6408
-64.6438
-64.6467
-64.6496
-64.6524
-64.6553
-64.6581
-64.6608
-64.6635
-64.6662
-64.6689
-64.6715
-64.6741
-64.6766
-64.6792
-64.6817
-64.6841
-64.6866
-64.689
-64.6914
-64.6937
-64.696
-64.6983
-64.7006
-64.7028
-64.705
-64.7072
-64.7093
-64.7114
-64.7135
-64.7156
-64.7176
-64.7196
-64.7216
-64.7236
-64.7255
-64.7274
-64.7293
-64.7312
-64.733
-64.7348
-64.7366
-64.7384
-64.7401
-64.7419
-64.7436
-64.7452
-64.7469
-64.7485
-64.7501
-64.7517
-64.7533
-64.7548
-64.7564
-64.7579
-64.7593
-64.7608
-64.7622
-64.7637
-64.7651
-64.7665
-64.7678
-64.7692
-64.7705
-64.7718
-64.7731
-64.7744
-64.7756
-64.7768
-64.7781
-64.7793
-64.7804
-64.7816
-64.7827
-64.7839
-64.785
-64.7861
-64.7872
-64.7882
-64.7893
-64.7903
-64.7913
-64.7923
-64.7933
-64.7943
-64.7953
-64.7962
-64.7971
-64.7981
-64.799
-64.7998
-64.8007
-64.8016
-64.8024
-64.8033
-64.8041
-64.8049
-64.8057
-64.8065
-64.8072
-64.808
-64.8087
-64.8094
-64.8102
-64.8109
-64.8116
-64.8123
-64.8129
-64.8136
-64.8142
-64.8149
-64.8155
-64.8161
-64.8167
-64.8173
-64.8179
-64.8185
-64.819
-64.8196
-64.8201
-64.8207
-64.8212
-64.8217
-64.8222
-64.8227
-64.8232
-64.8237
-64.8241
-64.8246
-64.825
-64.8255
-64.8259
-64.8263
-64.8267
-64.8271
-64.8275
-64.8279
-64.8283
-64.8287
-64.8291
-64.8294
-64.8298
-64.8301
-64.8304
-64.8308
-64.8311
-64.8314
-64.8317
-64.832
-64.8323
-64.8326
-64.8329
-64.8331
-64.8334
-64.8337
-64.8339
-64.8342
-64.8344
-64.8346
-64.8349
-64.8351
-64.8353
-64.8355
-64.8357
-64.8359
-64.8361
-64.8363
-64.8365
-64.8367
-64.8368
-64.837
-64.8372
-64.8373
-64.8375
-64.8376
-64.8378
-64.8379
-64.838
-64.8382
-64.8383
-64.8384
-64.8385
-64.8386
-64.8387
-64.8388
-64.8389
-64.839
-64.8391
-64.8392
-64.8393
-64.8394
-64.8394
-64.8395
-64.8396
-64.8396
-64.8397
-64.8397
-64.8398
-64.8398
-64.8399
-64.8399
-64.84
-64.84
-64.84
-64.8401
-64.8401
-64.8401
-64.8401
-64.8401
-64.8401
-64.8402
-64.8402
-64.8402
-64.8402
-64.8402
-64.8402
-64.8402
-64.8402
-64.8401
-64.8401
-64.8401
-64.8401
-64.8401
-64.8401
-64.84
-64.84
-64.84
-64.8399
-64.8399
-64.8399
-64.8398
-64.8398
-64.8398
-64.8397
-64.8397
-64.8396
-64.8396
-64.8395
-64.8395
-64.8394
-64.8394
-64.8393
-64.8392
-64.8392
-64.8391
-64.8391
-64.839
-64.8389
-64.8389
-64.8388
-64.8387
-64.8386
-64.8386
-64.8385
-64.8384
-64.8384
-64.8383
-64.8382
-64.8381
-64.838
-64.838
-64.8379
-64.8378
-64.8377
-64.8376
-64.8375
-64.8374
-64.8374
-64.8373
-64.8372
-64.8371
-64.837
-64.8369
-64.8368
-64.8367
-64.8366
-64.8365
-64.8364
-64.8363
-64.8363
-64.8362
-64.8361
-64.836
-64.8359
-64.8358
-64.8357
-64.8356
-64.8355
-64.8354
-64.8353
-64.8352
-64.8351
-64.835
-64.8349
-64.8348
-64.8347
-64.8346
-64.8344
-64.8343
-64.8342
-64.8341
-64.834
-64.8339
-64.8338
-64.8337
-64.8336
-64.8335
-64.8334
-64.8333
-64.8332
-64.8331
-64.833
-64.8329
-64.8328
-64.8327
-64.8326
-64.8325
-64.8324
-64.8323
-64.8322
-64.8321
-64.8319
-64.8318
-64.8317
-64.8316
-64.8315
-64.8314
-64.8313
-64.8312
-64.8311
-64.831
-64.8309
-64.8308
-64.8307
-64.8306
-64.8305
-64.8304
-64.8303
-64.8302
-64.8301
-64.83
-64.8299
-64.8298
-64.8297
-64.8296
-64.8295
-64.8294
-64.8293
-64.8292
-64.8291
-64.829
-64.8289
-64.8288
-64.8288
-64.8287
-64.8286
-64.8285
-64.8284
-64.8283
-64.8282
-64.8281
-64.828
-64.8279
-64.8278
-64.8277
-64.8276
-64.8276
-64.8275
-64.8274
-64.8273
-64.8272
-64.8271
-64.827
-64.827
-64.8269
-64.8268
-64.8267
-64.8266
-64.8265
-64.8265
-64.8264
-64.8263
-64.8262
-64.8261
-64.8261
-64.826
-64.8259
-64.8258
-64.8257
-64.8257
-64.8256
-64.8255
-64.8254
-64.8254
-64.8253
-64.8252
-64.8252
-64.8251
-64.825
-64.8249
-64.8249
-64.8248
-64.8247
-64.8247
-64.8246
-64.8245
-64.8245
-64.8244
-64.8243
-64.8243
-64.8242
-64.8242
-64.8241
-64.824
-64.824
-64.8239
-64.8239
-64.8238
-64.8237
-64.8237
-64.8236
-64.8236
-64.8235
-64.8235
-64.8234
-64.8234
-64.8233
-64.8233
-64.8232
-64.8232
-64.8231
-64.8231
-64.823
-64.823
-64.8229
-64.8229
-64.8228
-64.8228
-64.8227
-64.8227
-64.8226
-64.8226
-64.8226
-64.8225
-64.8225
-64.8224
-64.8224
-64.8224
-64.8223
-64.8223
-64.8223
-64.8222
-64.8222
-64.8222
-64.8221
-64.8221
-64.8221
-64.822
-64.822
-64.822
-64.8219
-64.8219
-64.8219
-64.8219
-64.8218
-64.8218
-64.8218
-64.8218
-64.8217
-64.8217
-64.8217
-64.8217
-64.8216
-64.8216
-64.8216
-64.8216
-64.8216
-64.8215
-64.8215
-64.8215
-64.8215
-64.8215
-64.8215
-64.8215
-64.8214
-64.8214
-64.8214
-64.8214
-64.8214
-64.8214
-64.8214
-64.8214
-64.8214
-64.8214
-64.8213
-64.8213
-64.8213
-64.8213
-64.8213
-64.8213
-64.8213
-64.8213
-64.8213
-64.8213
-64.8213
-64.8213
-64.8213
-64.8213
-64.8213
-64.8213
-64.8213
-64.8213
-64.8213
-64.8213
-64.8214
-64.8214
-64.8214
-64.8214
-64.8214
-64.8214
-64.8214
-64.8214
-64.8214
-64.8214
-64.8214
-64.8215
-64.8215
-64.8215
-64.8215
-64.8215
-64.8215
-64.8215
-64.8216
-64.8216
-64.8216
-64.8216
-64.8216
-64.8217
-64.8217
-64.8217
-64.8217
-64.8217
-64.8218
-64.8218
-64.8218
-64.8218
-64.8219
-64.8219
-64.8219
-64.8219
-64.822
-64.822
-64.822
-64.822
-64.8221
-64.8221
-64.8221
-64.8222
-64.8222
-64.8222
-64.8223
-64.8223
-64.8223
-64.8224
-64.8224
-64.8224
-64.8225
-64.8225
-64.8225
-64.8226
-64.8226
-64.8226
-64.8227
-64.8227
-64.8228
-64.8228
-64.8228
-64.8229
-64.8229
-64.823
-64.823
-64.823
-64.8231
-64.8231
-64.8232
-64.8232
-64.8233
-64.8233
-64.8233
-64.8234
-64.8234
-64.8235
-64.8235
-64.8236
-64.8236
-64.8237
-64.8237
-64.8238
-64.8238
-64.8239
-64.8239
-64.824
-64.824
-64.8241
-64.8241
-64.8242
-64.805
-64.7696
-64.7227
-64.6677
-64.607
-64.5422
-64.4748
-64.4056
-64.3356
-64.2653
-64.1953
-64.126
-64.0577
-63.9908
-63.9255
-63.8619
-63.8002
-63.7406
-63.683
-63.6276
-63.5743
-63.5233
-63.4744
-63.4278
-63.3833
-63.341
-63.3008
-63.2626
-63.2265
-63.1924
-63.1602
-63.1299
-63.1015
-63.0748
-63.0498
-63.0265
-63.0048
-62.9847
-62.966
-62.9488
-62.9331
-62.9186
-62.9055
-62.8936
-62.8829
-62.8734
-62.865
-62.8577
-62.8514
-62.846
-62.8417
-62.8382
-62.8356
-62.8338
-62.8328
-62.8326
-62.8331
-62.8344
-62.8362
-62.8388
-62.8419
-62.8456
-62.8499
-62.8547
-62.86
-62.8658
-62.872
-62.8787
-62.8858
-62.8932
-62.9011
-62.9093
-62.9178
-62.9267
-62.9358
-62.9452
-62.9549
-62.9649
-62.9751
-62.9855
-62.9961
-63.0069
-63.0179
-63.029
-63.0403
-63.0518
-63.0634
-63.0751
-63.087
-63.0989
-63.111
-63.1231
-63.1353
-63.1476
-63.16
-63.1724
-63.1848
-63.1973
-63.2099
-63.2225
-63.2351
-63.2477
-63.2603
-63.2729
-63.2856
-63.2982
-63.3109
-63.3235
-63.3361
-63.3487
-63.3612
-63.3738
-63.3863
-63.3988
-63.4112
-63.4236
-63.436
-63.4483
-63.4606
-63.4728
-63.485
-63.4971
-63.5092
-63.5212
-63.5332
-63.5451
-63.5569
-63.5686
-63.5804
-63.592
-63.6036
-63.6151
-63.6265
-63.6378
-63.6491
-63.6603
-63.6715
-63.6825
-63.6935
-63.7045
-63.7153
-63.7261
-63.7367
-63.7473
-63.7579
-63.7683
-63.7787
-63.789
-63.7992
-63.8094
-63.8194
-63.8294
-63.8393
-63.8491
-63.8589
-63.8685
-63.8781
-63.8876
-63.897
-63.9064
-63.9156
-63.9248
-63.9339
-63.943
-63.9519
-63.9608
-63.9696
-63.9783
-63.987
-63.9955
-64.004
-64.0124
-64.0208
-64.029
-64.0372
-64.0454
-64.0534
-64.0614
-64.0693
-64.0771
-64.0848
-64.0925
-64.1001
-64.1077
-64.1151
-64.1225
-64.1299
-64.1371
-64.1443
-64.1514
-64.1585
-64.1655
-64.1724
-64.1792
-64.186
-64.1927
-64.1994
-64.206
-64.2125
-64.219
-64.2254
-64.2317
-64.238
-64.2442
-64.2504
-64.2565
-64.2625
-64.2685
-64.2744
-64.2803
-64.2861
-64.2918
-64.2975
-64.3031
-64.3087
-64.3142
-64.3197
-64.3251
-64.3304
-64.3357
-64.341
-64.3462
-64.3513
-64.3564
-64.3615
-64.3664
-64.3714
-64.3763
-64.3811
-64.3859
-64.3906
-64.3953
-64.4
-64.4046
-64.4091
-64.4136
-64.4181
-64.4225
-64.4268
-64.4312
-64.4354
-64.4397
-64.4439
-64.448
-64.4521
-64.4562
-64.4602
-64.4642
-64.4681
-64.472
-64.4758
-64.4797
-64.4834
-64.4872
-64.4909
-64.4945
-64.4981
-64.5017
-64.5053
-64.5088
-64.5122
-64.5157
-64.5191
-64.5224
-64.5257
-64.529
-64.5323
-64.5355
-64.5387
-64.5419
-64.545
-64.5481
-64.5511
-64.5541
-64.5571
-64.5601
-64.563
-64.5659
-64.5688
-64.5716
-64.5744
-64.5772
-64.5799
-64.5826
-64.5853
-64.588
-64.5906
-64.5932
-64.5958
-64.5983
-64.6008
-64.6033
-64.6058
-64.6082
-64.6106
-64.613
-64.6153
-64.6177
-64.62
-64.6223
-64.6245
-64.6267
-64.629
-64.6311
-64.6333
-64.6354
-64.6375
-64.6396
-64.6417
-64.6437
-64.6457
-64.6477
-64.6497
-64.6517
-64.6536
-64.6555
-64.6574
-64.6593
-64.6611
-64.6629
-64.6647
-64.6665
-64.6683
-64.67
-64.6718
-64.6735
-64.6752
-64.6768
-64.6785
-64.6801
-64.6817
-64.6833
-64.6849
-64.6864
-64.688
-64.6895
-64.691
-64.6925
-64.694
-64.6954
-64.6969
-64.6983
-64.6997
-64.7011
-64.7024
-64.7038
-64.7051
-64.7065
-64.7078
-64.7091
-64.7104
-64.7116
-64.7129
-64.7141
-64.7153
-64.7165
-64.7177
-64.7189
-64.7201
-64.7212
-64.7224
-64.7235
-64.7246
-64.7257
-64.7268
-64.7279
-64.7289
-64.73
-64.731
-64.732
-64.733
-64.734
-64.735
-64.736
-64.737
-64.7379
-64.7389
-64.7398
-64.7407
-64.7416
-64.7425
-64.7434
-64.7443
-64.7451
-64.746
-64.7468
-64.7477
-64.7485
-64.7493
-64.7501
-64.7509
-64.7517
-64.7524
-64.7532
-64.754
-64.7547
-64.7554
-64.7562
-64.7569
-64.7576
-64.7583
-64.759
-64.7597
-64.7603
-64.761
-64.7617
-64.7623
-64.7629
-64.7636
-64.7642
-64.7648
-64.7654
-64.766
-64.7666
-64.7672
-64.7678
-64.7684
-64.7689
-64.7695
-64.77
-64.7706
-64.7711
-64.7716
-64.7722
-64.7727
-64.7732
-64.7737
-64.7742
-64.7747
-64.7751
-64.7756
-64.7761
-64.7766
-64.777
-64.7775
-64.7779
-64.7783
-64.7788
-64.7792
-64.7796
-64.78
-64.7805
-64.7809
-64.7813
-64.7817
-64.7821
-64.7824
-64.7828
-64.7832
-64.7836
-64.7839
-64.7843
-64.7846
-64.785
-64.7853
-64.7857
-64.786
-64.7863
-64.7867
-64.787
-64.7873
-64.7876
-64.7879
-64.7882
-64.7885
-64.7888
-64.7891
-64.7894
-64.7897
-64.79
-64.7902
-64.7905
-64.7908
-64.7911
-64.7913
-64.7916
-64.7918
-64.7921
-64.7923
-64.7926
-64.7928
-64.793
-64.7933
-64.7935
-64.7937
-64.794
-64.7942
-64.7944
-64.7946
-64.7948
-64.795
-64.7952
-64.7954
-64.7956
-64.7958
-64.796
-64.7962
-64.7964
-64.7966
-64.7968
-64.797
-64.7971
-64.7973
-64.7975
-64.7976
-64.7978
-64.798
-64.7981
-64.7983
-64.7985
-64.7986
-64.7988
-64.7989
-64.7991
-64.7992
-64.7994
-64.7995
-64.7996
-64.7998
-64.7999
-64.8001
-64.8002
-64.8003
-64.8004
-64.8006
-64.8007
-64.8008
-64.8009
-64.8011
-64.8012
-64.8013
-64.8014
-64.8015
-64.8016
-64.8018
-64.8019
-64.802
-64.8021
-64.8022
-64.8023
-64.8024
-64.8025
-64.8026
-64.8027
-64.8028
-64.8029
-64.803
-64.803
-64.8031
-64.8125
-64.8239
-64.8448
-64.8671
-64.8886
-64.9087
-64.9272
-64.9441
-64.9595
-64.9737
-64.9867
-64.9988
-65.01
-65.0205
-65.0303
-65.0396
-65.0483
-65.0565
-65.0643
-65.0717
-65.0788
-65.0854
-65.0918
-65.0978
-65.1035
-65.1089
-65.1141
-65.119
-65.1236
-65.128
-65.1322
-65.1361
-65.1398
-65.1433
-65.1467
-65.1498
-65.1527
-65.1555
-65.158
-65.1604
-65.1627
-65.1648
-65.1667
-65.1685
-65.1701
-65.1716
-65.173
-65.1742
-65.1753
-65.1763
-65.1771
-65.1779
-65.1785
-65.1791
-65.1795
-65.1798
-65.18
-65.1802
-65.1802
-65.1802
-65.18
-65.1798
-65.1795
-65.1791
-65.1787
-65.1782
-65.1776
-65.1769
-65.1762
-65.1754
-65.1746
-65.1737
-65.1727
-65.1717
-65.1706
-65.1695
-65.1683
-65.1671
-65.1659
-65.1646
-65.1632
-65.1618
-65.1604
-65.1589
-65.1574
-65.1559
-65.1543
-65.1617
-65.171
-65.1804
-65.1892
-65.1972
-65.2044
-65.2108
-65.2164
-65.2214
-65.2259
-65.2298
-65.2334
-65.2366
-65.2394
-65.242
-65.2443
-65.2463
-65.2481
-65.2497
-65.2511
-65.2524
-65.2534
-65.2543
-65.2551
-65.2557
-65.2561
-65.2565
-65.2566
-65.2567
-65.2567
-65.2565
-65.2562
-65.2559
-65.2554
-65.2548
-65.2541
-65.2534
-65.2525
-65.2516
-65.2506
-65.2495
-65.2483
-65.2471
-65.2458
-65.2444
-65.243
-65.2415
-65.2399
-65.2383
-65.2366
-65.2349
-65.2331
-65.2313
-65.2294
-65.2275
-65.2256
-65.2236
-65.2215
-65.2194
-65.2173
-65.2152
-65.213
-65.2108
-65.2086
-65.2063
-65.204
-65.2017
-65.1993
-65.197
-65.1946
-65.1922
-65.1897
-65.1873
-65.1848
-65.1823
-65.1798
-65.1773
-65.1748
-65.1722
-65.1697
-65.1671
-65.1646
-65.162
-65.1594
-65.1568
-65.1542
-65.1516
-65.149
-65.1463
-65.1437
-65.1411
-65.1385
-65.1358
-65.1332
-65.1306
-65.1279
-65.1253
-65.1227
-65.1201
-65.1174
-65.1148
-65.1122
-65.1096
-65.1069
-65.1043
-65.1017
-65.0991
-65.0965
-65.094
-65.0914
-65.0888
-65.0862
-65.0837
-65.0811
-65.0786
-65.076
-65.0735
-65.071
-65.0685
-65.066
-65.0635
-65.061
-65.0585
-65.0561
-65.0536
-65.0512
-65.0488
-65.0464
-65.0439
-65.0416
-65.0392
-65.0368
-65.0344
-65.0321
-65.0298
-65.0274
-65.0251
-65.0228
-65.0206
-65.0183
-65.016
-65.0138
-65.0116
-65.0093
-65.0071
-65.005
-65.0028
-65.0006
-64.9985
-64.9963
-64.9942
-64.9921
-64.99
-64.9879
-64.9859
-64.9838
-64.9818
-64.9798
-64.9778
-64.9758
-64.9738
-64.9718
-64.9699
-64.9679
-64.966
-64.9641
-64.9622
-64.9603
-64.9585
-64.9566
-64.9548
-64.953
-64.9512
-64.9494
-64.9476
-64.9458
-64.9441
-64.9424
-64.9406
-64.9389
-64.9373
-64.9356
-64.9339
-64.9323
-64.9306
-64.929
-64.9274
-64.9258
-64.9242
-64.9227
-64.9211
-64.9196
-64.9181
-64.9166
-64.9151
-64.9136
-64.9121
-64.9107
-64.9092
-64.9078
-64.9064
-64.905
-64.9036
-64.9022
-64.9009
-64.8995
-64.8982
-64.8969
-64.8956
-64.8943
-64.893
-64.8917
-64.8905
-64.8892
-64.888
-64.8868
-64.8856
-64.8844
-64.8832
-64.882
-64.8808
-64.8797
-64.8786
-64.8775
-64.8763
-64.8752
-64.8742
-64.8731
-64.872
-64.871
-64.8699
-64.8689
-64.8679
-64.8669
-64.8659
-64.8649
-64.8639
-64.863
-64.862
-64.8611
-64.8602
-64.8593
-64.8583
-64.8575
-64.8566
-64.8557
-64.8548
-64.854
-64.8531
-64.8523
-64.8515
-64.8507
-64.8499
-64.8491
-64.8483
-64.8475
-64.8468
-64.846
-64.8453
-64.8445
-64.8438
-64.8431
-64.8424
-64.8417
-64.841
-64.8403
-64.8396
-64.839
-64.8383
-64.8377
-64.837
-64.8364
-64.8358
-64.8352
-64.8346
-64.834
-64.8334
-64.8328
-64.8323
-64.8317
-64.8312
-64.8306
-64.8301
-64.8296
-64.829
-64.8285
-64.828
-64.8275
-64.827
-64.8266
-64.8261
-64.8256
-64.8252
-64.8247
-64.8243
-64.8238
-64.8234
-64.823
-64.8225
-64.8221
-64.8217
-64.8213
-64.8209
-64.8206
-64.8202
-64.8198
-64.8195
-64.8191
-64.8187
-64.8184
-64.8181
-64.8177
-64.8174
-64.8171
-64.8168
-64.8165
-64.8162
-64.8159
-64.8156
-64.8153
-64.815
-64.8147
-64.8145
-64.8142
-64.814
-64.8137
-64.8135
-64.8132
-64.813
-64.8128
-64.8125
-64.8123
-64.8121
-64.8119
-64.8117
-64.8115
-64.8113
-64.8111
-64.8109
-64.8107
-64.8106
-64.8104
-64.8102
-64.8101
-64.8099
-64.8098
-64.8096
-64.8095
-64.8093
-64.8092
-64.8091
-64.8089
-64.8088
-64.8087
-64.8086
-64.8085
-64.8084
-64.8083
-64.8082
-64.8081
-64.808
-64.8079
-64.8078
-64.8077
-64.8077
-64.8076
-64.8075
-64.8075
-64.8074
-64.8073
-64.8073
-64.8072
-64.8072
-64.8072
-64.8071
-64.8071
-64.807
-64.807
-64.807
-64.807
-64.8069
-64.8069
-64.8069
-64.8069
-64.8069
-64.8069
-64.8069
-64.8069
-64.8069
-64.8069
-64.8069
-64.8069
-64.8069
-64.8069
-64.807
-64.807
-64.807
-64.807
-64.8071
-64.8039
-64.7948
-64.7783
-64.7538
-64.7217
-64.6826
-64.6375
-64.5871
-64.5326
-64.4557
-64.3602
-64.2517
-64.1342
-64.0107
-63.8833
-63.7539
-63.6238
-63.4911
-63.3542
-63.2125
-63.0661
-62.916
-62.7632
-62.6088
-62.4541
-62.3
-62.1476
-61.9977
-61.8512
-61.7085
-61.5703
-61.4368
-61.3085
-61.1855
-61.0679
-60.956
-60.8496
-60.7488
-60.6536
-60.5638
-60.4794
-60.4003
-60.3263
-60.2572
-60.193
-60.1335
-60.0785
-60.0278
-59.9813
-59.9388
-59.9003
-59.8654
-59.834
-59.8061
-59.7815
-59.7599
-59.7414
-59.7257
-59.7127
-59.7023
-59.6943
-59.6888
-59.6854
-59.6842
-59.6851
-59.6879
-59.6925
-59.6988
-59.7069
-59.7165
-59.7276
-59.7401
-59.754
-59.7692
-59.7855
-59.803
-59.8216
-59.8412
-59.8618
-59.8833
-59.9056
-59.9288
-59.9527
-59.9773
-60.0026
-60.0285
-60.055
-60.0821
-60.1096
-60.1376
-60.1661
-60.195
-60.2243
-60.2539
-60.2838
-60.314
-60.3445
-60.3753
-60.4062
-60.4374
-60.4687
-60.5002
-60.5318
-60.5635
-60.5954
-60.6273
-60.6593
-60.6913
-60.7234
-60.7554
-60.7875
-60.8196
-60.8517
-60.8837
-60.9157
-60.9477
-60.9796
-61.0114
-61.0431
-61.0748
-61.1064
-61.1378
-61.1692
-61.2004
-61.2315
-61.2625
-61.2933
-61.324
-61.3546
-61.385
-61.4152
-61.4453
-61.4752
-61.505
-61.5346
-61.564
-61.5932
-61.6223
-61.6512
-61.6799
-61.7084
-61.7367
-61.7648
-61.7927
-61.8204
-61.848
-61.8753
-61.9025
-61.9294
-61.9561
-61.9827
-62.009
-62.0351
-62.0611
-62.0868
-62.1123
-62.1376
-62.1627
-62.1876
-62.2124
-62.2369
-62.2611
-62.2852
-62.3091
-62.3328
-62.3563
-62.3796
-62.4027
-62.4256
-62.4482
-62.4707
-62.493
-62.5151
-62.537
-62.5587
-62.5802
-62.6015
-62.6226
-62.6435
-62.6642
-62.6848
-62.7051
-62.7253
-62.7453
-62.7651
-62.7847
-62.8041
-62.8233
-62.8424
-62.8613
-62.88
-62.8985
-62.9168
-62.935
-62.953
-62.9708
-62.9885
-63.006
-63.0233
-63.0405
-63.0574
-63.0743
-63.0909
-63.1074
-63.1238
-63.1399
-63.156
-63.1718
-63.1875
-63.2031
-63.2185
-63.2337
-63.2488
-63.2638
-63.2786
-63.2932
-63.3078
-63.3221
-63.3363
-63.3504
-63.3644
-63.3782
-63.3918
-63.4054
-63.4188
-63.432
-63.4452
-63.4582
-63.471
-63.4838
-63.4964
-63.5089
-63.5212
-63.5335
-63.5456
-63.5576
-63.5694
-63.5812
-63.5928
-63.6043
-63.6157
-63.627
-63.6382
-63.6492
-63.6602
-63.671
-63.6817
-63.6923
-63.7028
-63.7132
-63.7235
-63.7337
-63.7438
-63.7538
-63.7636
-63.7734
-63.7831
-63.7927
-63.8021
-63.8115
-63.8208
-63.83
-63.8391
-63.8481
-63.857
-63.8658
-63.8746
-63.8832
-63.8728
-63.8463
-63.8085
-63.7625
-63.7108
-63.6551
-63.5967
-63.5365
-63.4754
-63.414
-63.3528
-63.2923
-63.2327
-63.1744
-63.1177
-63.0626
-63.0093
-62.958
-62.9086
-62.8614
-62.8162
-62.7732
-62.7322
-62.6934
-62.6566
-62.622
-62.5893
-62.5586
-62.5299
-62.503
-62.478
-62.4548
-62.4333
-62.4135
-62.3953
-62.3787
-62.3636
-62.35
-62.3377
-62.3269
-62.3174
-62.3091
-62.302
-62.2961
-62.2913
-62.2876
-62.285
-62.2833
-62.2825
-62.2827
-62.2837
-62.2855
-62.2882
-62.2916
-62.2957
-62.3005
-62.306
-62.3121
-62.3188
-62.3261
-62.3339
-62.3422
-62.351
-62.3603
-62.37
-62.3801
-62.3906
-62.4015
-62.4128
-62.4243
-62.4362
-62.4484
-62.4609
-62.4736
-62.4865
-62.4997
-62.5131
-62.5267
-62.5405
-62.5545
-62.5686
-62.5828
-62.5972
-62.6118
-62.6264
-62.6411
-62.6559
-62.6708
-62.6858
-62.7008
-62.7159
-62.731
-62.7462
-62.7614
-62.7766
-62.7918
-62.8071
-62.8224
-62.8376
-62.8529
-62.8681
-62.8833
-62.8985
-62.9137
-62.9288
-62.9439
-62.9589
-62.974
-62.9889
-63.0038
-63.0187
-63.0335
-63.0482
-63.0629
-63.0775
-63.0921
-63.1065
-63.1209
-63.1352
-63.1495
-63.1637
-63.1777
-63.1917
-63.2057
-63.2195
-63.2332
-63.2469
-63.2605
-63.2739
-63.2873
-63.3006
-63.3138
-63.3269
-63.3399
-63.3529
-63.3657
-63.3784
-63.391
-63.4036
-63.416
-63.4283
-63.4406
-63.4527
-63.4648
-63.4767
-63.4886
-63.5003
-63.512
-63.5235
-63.535
-63.5463
-63.5576
-63.5687
-63.5798
-63.5908
-63.6017
-63.6124
-63.6231
-63.6337
-63.6442
-63.6546
-63.6649
-63.6751
-63.6852
-63.6952
-63.7051
-63.7149
-63.7247
-63.7343
-63.7439
-63.7533
-63.7627
-63.772
-63.7812
-63.7903
-63.7993
-63.8082
-63.8171
-63.8259
-63.8345
-63.8431
-63.8516
-63.86
-63.8684
-63.8766
-63.8848
-63.8929
-63.9009
-63.9089
-63.9167
-63.9245
-63.9322
-63.9398
-63.9473
-63.9548
-63.9622
-63.9695
-63.9767
-63.9839
-63.991
-63.998
-64.005
-64.0119
-64.0187
-64.0254
-64.0321
-64.0387
-64.0452
-64.0517
-64.0581
-64.0644
-64.0707
-64.0769
-64.083
-64.0891
-64.0951
-64.101
-64.1069
-64.1127
-64.1185
-64.1242
-64.1298
-64.1354
-64.1409
-64.1464
-64.1518
-64.1571
-64.1624
-64.1676
-64.1697
-64.1658
-64.1544
-64.1351
-64.1081
-64.0742
-64.0342
-63.989
-63.9396
-63.8869
-63.8318
-63.775
-63.7171
-63.6588
-63.6006
-63.5429
-63.4859
-63.4301
-63.3756
-63.3226
-63.2712
-63.2217
-63.174
-63.1282
-63.0843
-63.0425
-63.0025
-62.9645
-62.9285
-62.8944
-62.8621
-62.8317
-62.803
-62.7761
-62.7509
-62.7274
-62.7055
-62.6851
-62.6662
-62.6488
-62.6328
-62.6181
-62.6048
-62.5927
-62.5819
-62.5722
-62.5636
-62.5561
-62.5497
-62.5443
-62.5398
-62.5362
-62.5336
-62.5318
-62.5308
-62.5306
-62.5311
-62.5323
-62.5342
-62.5368
-62.54
-62.5438
-62.5482
-62.5531
-62.5585
-62.5645
-62.5709
-62.5777
-62.585
-62.5926
-62.6007
-62.6091
-62.6179
-62.627
-62.6364
-62.6461
-62.656
-62.6662
-62.6767
-62.6874
-62.6983
-62.7095
-62.7208
-62.7323
-62.7439
-62.7527
-62.7558
-62.752
-62.7406
-62.7221
-62.6969
-62.6661
-62.6304
-62.5909
-62.5483
-62.5037
-62.4575
-62.4106
-62.3634
-62.3164
-62.27
-62.2246
-62.1804
-62.1376
-62.0964
-62.0568
-62.0191
-61.9833
-61.9494
-61.9174
-61.8873
-61.8592
-61.833
-61.8087
-61.7862
-61.7655
-61.7467
-61.7295
-61.714
-61.7001
-61.6878
-61.677
-61.6676
-61.6597
-61.6531
-61.6479
-61.6439
-61.6411
-61.6395
-61.6389
-61.6395
-61.6411
-61.6436
-61.6471
-61.6515
-61.6567
-61.6628
-61.6696
-61.6772
-61.6854
-61.6944
-61.704
-61.7142
-61.725
-61.7363
-61.7482
-61.7606
-61.7734
-61.7867
-61.8004
-61.8145
-61.8289
-61.8437
-61.8589
-61.8743
-61.8901
-61.9061
-61.9224
-61.9389
-61.9556
-61.9725
-61.9896
-62.0069
-62.0244
-62.042
-62.0597
-62.0776
-62.0955
-62.1136
-62.1317
-62.15
-62.1682
-62.1866
-62.205
-62.2234
-62.2418
-62.2603
-62.2788
-62.2973
-62.3158
-62.3343
-62.3527
-62.3712
-62.3896
-62.408
-62.4263
-62.4446
-62.4628
-62.481
-62.4992
-62.5173
-62.5353
-62.5532
-62.5711
-62.5889
-62.6066
-62.6242
-62.6418
-62.6592
-62.6766
-62.6939
-62.7111
-62.7281
-62.7451
-62.762
-62.7788
-62.7955
-62.812
-62.8285
-62.8448
-62.8611
-62.8772
-62.8932
-62.9091
-62.9249
-62.9406
-62.9562
-62.9716
-62.9869
-63.0021
-63.0172
-63.0322
-63.0471
-63.0618
-63.0764
-63.0909
-63.1053
-63.1196
-63.1337
-63.1478
-63.1617
-63.1755
-63.1892
-63.2027
-63.2162
-63.2295
-63.2427
-63.2558
-63.2688
-63.2816
-63.2944
-63.307
-63.3195
-63.3319
-63.3442
-63.3564
-63.3685
-63.3804
-63.3923
-63.404
-63.4156
-63.4271
-63.4385
-63.4498
-63.461
-63.4721
-63.4831
-63.494
-63.5047
-63.5154
-63.526
-63.5364
-63.5468
-63.557
-63.5672
-63.5773
-63.5872
-63.5971
-63.6069
-63.6165
-63.6261
-63.6356
-63.645
-63.6543
-63.6635
-63.6726
-63.6816
-63.6905
-63.6994
-63.7081
-63.7168
-63.7254
-63.7339
-63.7423
-63.7506
-63.7588
-63.767
-63.7751
-63.7831
-63.791
-63.7988
-63.8066
-63.8142
-63.8218
-63.8293
-63.8368
-63.8441
-63.8514
-63.8586
-63.8658
-63.8728
-63.8798
-63.8867
-63.8936
-63.9004
-63.9071
-63.9137
-63.9203
-63.9268
-63.9332
-63.9396
-63.9459
-63.9521
-63.9583
-63.9644
-63.9705
-63.9765
-63.9824
-63.9882
-63.994
-63.9998
-64.0055
-64.0111
-64.0166
-64.0221
-64.0276
-64.033
-64.0383
-64.0436
-64.0488
-64.054
-64.0591
-64.0641
-64.0691
-64.0741
-64.079
-64.0838
-64.0886
-64.0934
-64.0981
-64.1027
-64.1073
-64.1119
-64.1164
-64.1209
-64.1253
-64.1296
-64.1339
-64.1382
-64.1424
-64.1466
-64.1508
-64.1549
-64.1589
-64.1629
-64.1669
-64.1708
-64.1747
-64.1785
-64.1823
-64.1861
-64.1898
-64.1935
-64.1971
-64.2007
-64.2043
-64.2078
-64.2113
-64.2147
-64.2182
-64.2215
-64.2249
-64.2282
-64.2315
-64.2347
-64.2379
-64.2411
-64.2442
-64.2473
-64.2504
-64.2534
-64.2564
-64.2594
-64.2623
-64.2652
-64.2681
-64.2709
-64.2737
-64.2765
-64.2793
-64.282
-64.2847
-64.2874
-64.29
-64.2926
-64.2952
-64.2978
-64.3003
-64.3028
-64.3053
-64.3077
-64.3101
-64.3125
-64.3149
-64.3172
-64.3195
-64.3218
-64.3241
-64.3263
-64.3286
-64.3308
-64.3329
-64.3351
-64.3372
-64.3393
-64.3414
-64.3434
-64.3455
-64.3475
-64.3495
-64.3514
-64.3534
-64.3553
-64.3572
-64.3591
-64.361
-64.3628
-64.3646
-64.3665
-64.3682
-64.3797
-64.3933
-64.407
-64.4201
-64.4323
-64.4436
-64.454
-64.4637
-64.4727
-64.4811
-64.4889
-64.4963
-64.5034
-64.51
-64.5164
-64.5224
-64.5282
-64.5338
-64.5391
-64.5442
-64.5491
-64.5538
-64.5583
-64.5627
-64.5669
-64.5709
-64.5748
-64.5785
-64.5821
-64.5856
-64.5889
-64.5921
-64.5952
-64.5981
-64.601
-64.6037
-64.6063
-64.6088
-64.6113
-64.6136
-64.6158
-64.6179
-64.6199
-64.6219
-64.6237
-64.6255
-64.6272
-64.6288
-64.6304
-64.6318
-64.6332
-64.6345
-64.6358
-64.637
-64.6381
-64.6392
-64.6402
-64.6411
-64.642
-64.6429
-64.6437
-64.6444
-64.6451
-64.6457
-64.6463
-64.6468
-64.6473
-64.6478
-64.6482
-64.6486
-64.6489
-64.6492
-64.6494
-64.6496
-64.6498
-64.65
-64.6501
-64.6502
-64.6502
-64.6502
-64.6502
-64.6502
-64.6501
-64.65
-64.6499
-64.6498
-64.6496
-64.6494
-64.6492
-64.649
-64.6488
-64.6485
-64.6482
-64.6479
-64.6475
-64.6472
-64.6468
-64.6465
-64.6461
-64.6457
-64.6452
-64.6448
-64.6443
-64.6439
-64.6434
-64.6429
-64.6424
-64.6419
-64.6413
-64.6408
-64.6403
-64.6397
-64.6391
-64.6386
-64.638
-64.6374
-64.6368
-64.6362
-64.6356
-64.635
-64.6344
-64.6337
-64.6331
-64.6325
-64.6318
-64.6312
-64.6305
-64.6299
-64.6292
-64.6285
-64.6279
-64.6272
-64.6265
-64.6258
-64.6252
-64.6245
-64.6238
-64.6231
-64.6224
-64.6218
-64.6211
-64.6204
-64.6197
-64.619
-64.6183
-64.6176
-64.6169
-64.6163
-64.6156
-64.6149
-64.6142
-64.6135
-64.6128
-64.6122
-64.6115
-64.6108
-64.6101
-64.6094
-64.6088
-64.6081
-64.6074
-64.6067
-64.6061
-64.6054
-64.6048
-64.6041
-64.6034
-64.6028
-64.6021
-64.6015
-64.6008
-64.6002
-64.5996
-64.5989
-64.5983
-64.5977
-64.597
-64.5964
-64.5958
-64.5952
-64.5946
-64.594
-64.5934
-64.5928
-64.5922
-64.5916
-64.591
-64.5904
-64.5898
-64.5893
-64.5887
-64.5881
-64.5876
-64.587
-64.5864
-64.5859
-64.5948
-64.6059
-64.6171
-64.6277
-64.6375
-64.6464
-64.6545
-64.6619
-64.6686
-64.6748
-64.6804
-64.6857
-64.6906
-64.6951
-64.6994
-64.7034
-64.7071
-64.7107
-64.714
-64.7172
-64.7201
-64.7229
-64.7256
-64.7281
-64.7304
-64.7327
-64.7348
-64.7367
-64.7386
-64.7403
-64.7419
-64.7434
-64.7448
-64.7461
-64.7474
-64.7485
-64.7495
-64.7504
-64.7513
-64.7521
-64.7528
-64.7534
-64.754
-64.7545
-64.7549
-64.7552
-64.7555
-64.7557
-64.7559
-64.756
-64.7561
-64.7561
-64.756
-64.7559
-64.7558
-64.7556
-64.7553
-64.755
-64.7547
-64.7543
-64.7539
-64.7535
-64.753
-64.7525
-64.752
-64.7514
-64.7508
-64.7502
-64.7495
-64.7488
-64.7481
-64.7473
-64.7466
-64.7458
-64.745
-64.7441
-64.7433
-64.7424
-64.7415
-64.7406
-64.7397
-64.7387
-64.7378
-64.7368
-64.7358
-64.7348
-64.7338
-64.7328
-64.7317
-64.7307
-64.7296
-64.7286
-64.7275
-64.7264
-64.7253
-64.7242
-64.7231
-64.722
-64.7209
-64.7197
-64.7186
-64.7175
-64.7163
-64.7152
-64.7141
-64.7129
-64.7118
-64.7106
-64.7095
-64.7083
-64.7071
-64.706
-64.7048
-64.7037
-64.7025
-64.7014
-64.7002
-64.699
-64.6979
-64.6967
-64.6956
-64.6944
-64.6933
-64.6921
-64.691
-64.6899
-64.6887
-64.6876
-64.6865
-64.6853
-64.6842
-64.6831
-64.682
-64.6809
-64.6798
-64.6787
-64.6776
-64.6765
-64.6754
-64.6744
-64.6733
-64.6722
-64.6712
-64.6701
-64.6691
-64.668
-64.667
-64.6659
-64.6649
-64.6639
-64.6629
-64.6619
-64.6609
-64.6599
-64.6589
-64.6579
-64.657
-64.656
-64.655
-64.6541
-64.6532
-64.6522
-64.6513
-64.6504
-64.6495
-64.6486
-64.6477
-64.6468
-64.6459
-64.645
-64.6441
-64.6433
-64.6424
-64.6416
-64.6407
-64.6399
-64.6391
-64.6383
-64.6375
-64.6367
-64.6359
-64.6351
-64.6343
-64.6335
-64.6328
-64.632
-64.6313
-64.6305
-64.6298
-64.6291
-64.6284
-64.6277
-64.627
-64.6263
-64.6256
-64.6249
-64.6243
-64.6236
-64.6229
-64.6223
-64.6217
-64.621
-64.6204
-64.6198
-64.6192
-64.6186
-64.618
-64.6174
-64.6168
-64.6163
-64.6157
-64.6151
-64.6146
-64.6141
-64.6135
-64.613
-64.6125
-64.612
-64.6115
-64.611
-64.6105
-64.61
-64.6095
-64.609
-64.6086
-64.6081
-64.6077
-64.6072
-64.6068
-64.6064
-64.606
-64.6055
-64.6051
-64.6047
-64.6043
-64.604
-64.6036
-64.6032
-64.6028
-64.6025
-64.6021
-64.6018
-64.6014
-64.6011
-64.6008
-64.6004
-64.6001
-64.5998
-64.5995
-64.5992
-64.5989
-64.5986
-64.5983
-64.5981
-64.5978
-64.5975
-64.5973
-64.597
-64.5968
-64.5965
-64.5963
-64.5961
-64.5959
-64.5956
-64.5954
-64.5952
-64.595
-64.5948
-64.5946
-64.5945
-64.5943
-64.5941
-64.5939
-64.5938
-64.5936
-64.5935
-64.5933
-64.5932
-64.593
-64.5929
-64.5928
-64.5926
-64.5925
-64.5924
-64.5923
-64.5922
-64.5921
-64.592
-64.5919
-64.5918
-64.5917
-64.5917
-64.5916
-64.5915
-64.5915
-64.5914
-64.5913
-64.5913
-64.5912
-64.5912
-64.5912
-64.5911
-64.5911
-64.5911
-64.5911
-64.591
-64.591
-64.591
-64.591
-64.591
-64.591
-64.591
-64.591
-64.591
-64.5911
-64.5911
-64.5911
-64.5911
-64.5912
-64.5912
-64.5912
-64.5913
-64.5913
-64.5914
-64.5914
-64.5915
-64.5915
-64.5916
-64.5917
-64.5917
-64.5918
-64.5919
-64.592
-64.592
-64.5921
-64.5922
-64.5923
-64.5924
-64.5925
-64.5926
-64.5927
-64.5928
-64.5929
-64.593
-64.5931
-64.5933
-64.5934
-64.5935
-64.5936
-64.5938
-64.5939
-64.594
-64.5942
-64.5943
-64.5944
-64.5946
-64.5947
-64.5949
-64.595
-64.5952
-64.5953
-64.5955
-64.5957
-64.5958
-64.596
-64.5961
-64.5963
-64.5965
-64.5967
-64.5968
-64.597
-64.5972
-64.5974
-64.5976
-64.5978
-64.5979
-64.5981
-64.5983
-64.5985
-64.5987
-64.5989
-64.5991
-64.5993
-64.5995
-64.5997
-64.5999
-64.6001
-64.5972
-64.5883
-64.572
-64.5478
-64.516
-64.4772
-64.4323
-64.3823
-64.3281
-64.2707
-64.2109
-64.1494
-64.0869
-64.0241
-63.9613
-63.8991
-63.8377
-63.7775
-63.7186
-63.6614
-63.6059
-63.5522
-63.5004
-63.4506
-63.4028
-63.357
-63.3133
-63.2715
-63.2317
-63.194
-63.1581
-63.1242
-63.092
-63.0617
-63.0332
-63.0063
-62.981
-62.9572
-62.935
-62.9141
-62.8945
-62.8763
-62.8592
-62.8433
-62.8286
-62.8149
-62.8022
-62.7905
-62.7796
-62.7696
-62.7604
-62.752
-62.7443
-62.7373
-62.731
-62.7254
-62.7204
-62.716
-62.7123
-62.7092
-62.7066
-62.7046
-62.7032
-62.7023
-62.702
-62.7021
-62.7027
-62.7037
-62.705
-62.7068
-62.7088
-62.7112
-62.7139
-62.7169
-62.7201
-62.7236
-62.7274
-62.7314
-62.7357
-62.7402
-62.745
-62.75
-62.7552
-62.7607
-62.7664
-62.7724
-62.7786
-62.785
-62.7916
-62.7985
-62.8055
-62.8128
-62.8203
-62.8279
-62.8357
-62.8437
-62.8518
-62.86
-62.8683
-62.8766
-62.885
-62.8934
-62.9018
-62.9102
-62.9186
-62.9271
-62.9355
-62.9439
-62.9524
-62.9608
-62.9693
-62.9778
-62.9864
-62.9949
-63.0035
-63.0122
-63.0209
-63.0296
-63.0384
-63.0472
-63.0561
-63.065
-63.074
-63.083
-63.0921
-63.1012
-63.1102
-63.1193
-63.1283
-63.1373
-63.1461
-63.1549
-63.1636
-63.1722
-63.1807
-63.1892
-63.1975
-63.2058
-63.214
-63.2221
-63.2302
-63.2383
-63.2463
-63.2543
-63.2591
-63.2582
-63.2499
-63.234
-63.2106
-63.1804
-63.1443
-63.1033
-63.0582
-63.0101
-62.9597
-62.9078
-62.855
-62.802
-62.7491
-62.697
-62.6457
-62.5958
-62.5473
-62.5004
-62.4553
-62.4122
-62.3709
-62.3317
-62.2945
-62.2593
-62.2262
-62.195
-62.1659
-62.1387
-62.1134
-62.09
-62.0684
-62.0486
-62.0305
-62.014
-61.9992
-61.9859
-61.9741
-61.9638
-61.9549
-61.9473
-61.941
-61.9359
-61.9321
-61.9293
-61.9277
-61.9272
-61.9276
-61.929
-61.9313
-61.9345
-61.9384
-61.9431
-61.9485
-61.9545
-61.9611
-61.9682
-61.9759
-61.984
-61.9925
-62.0015
-62.0108
-62.0204
-62.0303
-62.0405
-62.0508
-62.0614
-62.0722
-62.0832
-62.0943
-62.1055
-62.1169
-62.1283
-62.1399
-62.1514
-62.163
-62.1747
-62.1863
-62.198
-62.2097
-62.2214
-62.2331
-62.2447
-62.2564
-62.2679
-62.2795
-62.2909
-62.3024
-62.3137
-62.3251
-62.3364
-62.3477
-62.359
-62.3703
-62.3816
-62.3929
-62.4042
-62.4156
-62.4271
-62.4385
-62.45
-62.4616
-62.4731
-62.4846
-62.496
-62.5075
-62.5189
-62.5302
-62.5415
-62.5527
-62.5639
-62.575
-62.586
-62.5969
-62.6076
-62.6183
-62.6288
-62.6393
-62.6496
-62.6598
-62.6699
-62.6799
-62.6897
-62.6994
-62.709
-62.7184
-62.7277
-62.7368
-62.7459
-62.7548
-62.7635
-62.7722
-62.7807
-62.7891
-62.7973
-62.8054
-62.8134
-62.8213
-62.829
-62.8366
-62.8441
-62.8515
-62.8588
-62.8659
-62.8729
-62.8798
-62.8866
-62.8933
-62.8999
-62.9064
-62.9128
-62.9192
-62.9256
-62.9319
-62.9382
-62.9446
-62.951
-62.9574
-62.9638
-62.9703
-62.9768
-62.9834
-62.9899
-62.9964
-63.003
-63.0095
-63.016
-63.0225
-63.0289
-63.0354
-63.0417
-63.0481
-63.0543
-63.0605
-63.0667
-63.0727
-63.0787
-63.0845
-63.0904
-63.0961
-63.1018
-63.1075
-63.1132
-63.1189
-63.1245
-63.1302
-63.1359
-63.1416
-63.1474
-63.1533
-63.1592
-63.1652
-63.1712
-63.1774
-63.1836
-63.1899
-63.1963
-63.2029
-63.2095
-63.2162
-63.223
-63.23
-63.237
-63.2442
-63.2514
-63.2588
-63.2662
-63.2738
-63.2814
-63.2892
-63.297
-63.3048
-63.3126
-63.3205
-63.3283
-63.3361
-63.3438
-63.3515
-63.3591
-63.3666
-63.3741
-63.3814
-63.3886
-63.3957
-63.4026
-63.4094
-63.4161
-63.4226
-63.4289
-63.4351
-63.4411
-63.447
-63.4527
-63.4582
-63.4636
-63.4687
-63.4737
-63.4786
-63.4832
-63.4878
-63.4921
-63.4963
-63.5003
-63.5042
-63.5079
-63.5115
-63.5149
-63.5181
-63.5212
-63.5242
-63.5271
-63.5299
-63.5327
-63.5354
-63.5381
-63.5408
-63.5434
-63.5461
-63.5488
-63.5516
-63.5543
-63.5571
-63.5598
-63.5626
-63.5653
-63.568
-63.5707
-63.5733
-63.5759
-63.5785
-63.581
-63.5835
-63.5859
-63.5883
-63.5906
-63.5928
-63.5949
-63.597
-63.5989
-63.6009
-63.6027
-63.6045
-63.6061
-63.6077
-63.6092
-63.6106
-63.612
-63.6132
-63.6144
-63.6155
-63.6166
-63.6177
-63.6187
-63.6198
-63.6209
-63.622
-63.6232
-63.6245
-63.6258
-63.6272
-63.6287
-63.6303
-63.632
-63.6339
-63.6358
-63.6379
-63.6402
-63.6425
-63.645
-63.6477
-63.6504
-63.6534
-63.6565
-63.6597
-63.663
-63.6666
-63.6702
-63.674
-63.6779
-63.682
-63.6862
-63.6906
-63.6951
-63.6997
-63.7044
-63.7093
-63.7143
-63.7194
-63.7246
-63.7299
-63.7353
-63.7409
-63.7465
-63.7523
-63.7581
-63.764
-63.77
-63.7761
-63.7823
-63.7886
-63.7949
-63.8013
-63.8078
-63.8143
-63.8178
-63.8155
-63.806
-63.7887
-63.764
-63.7325
-63.6952
-63.6528
-63.6064
-63.557
-63.5052
-63.452
-63.3979
-63.3435
-63.2893
-63.2357
-63.1831
-63.1317
-63.0818
-63.0335
-62.987
-62.9424
-62.8997
-62.8589
-62.8203
-62.7836
-62.7489
-62.7163
-62.6856
-62.6569
-62.6301
-62.6052
-62.5821
-62.5607
-62.5411
-62.5231
-62.5068
-62.492
-62.4787
-62.4669
-62.4564
-62.4473
-62.4395
-62.433
-62.4276
-62.4234
-62.4203
-62.4183
-62.4173
-62.4172
-62.4181
-62.4199
-62.4225
-62.426
-62.4302
-62.4352
-62.4408
-62.4472
-62.4542
-62.4618
-62.47
-62.4788
-62.488
-62.4978
-62.5081
-62.5188
-62.5299
-62.5415
-62.5534
-62.5657
-62.5783
-62.5912
-62.6045
-62.618
-62.6318
-62.6458
-62.6601
-62.6746
-62.6893
-62.7042
-62.7192
-62.7344
-62.7498
-62.7653
-62.7809
-62.7966
-62.8124
-62.8283
-62.8443
-62.8604
-62.8765
-62.8927
-62.9089
-62.9251
-62.9414
-62.9577
-62.974
-62.9903
-63.0066
-63.0229
-63.0392
-63.0555
-63.0717
-63.088
-63.1041
-63.1172
-63.1245
-63.1245
-63.1168
-63.1017
-63.0797
-63.0519
-63.019
-62.9821
-62.942
-62.8996
-62.8556
-62.8106
-62.7652
-62.7199
-62.6751
-62.6312
-62.5883
-62.5467
-62.5066
-62.4682
-62.4315
-62.3965
-62.3634
-62.3322
-62.3029
-62.2754
-62.2498
-62.2261
-62.2041
-62.1839
-62.1655
-62.1487
-62.1336
-62.12
-62.108
-62.0975
-62.0885
-62.0808
-62.0745
-62.0694
-62.0656
-62.063
-62.0615
-62.0611
-62.0618
-62.0634
-62.0661
-62.0696
-62.0741
-62.0794
-62.0855
-62.0923
-62.0999
-62.1082
-62.1172
-62.1268
-62.137
-62.1478
-62.1591
-62.1709
-62.1832
-62.196
-62.2092
-62.2228
-62.2369
-62.2512
-62.266
-62.281
-62.2964
-62.312
-62.3279
-62.3441
-62.3605
-62.3771
-62.3939
-62.4109
-62.428
-62.4453
-62.4628
-62.4804
-62.4981
-62.5159
-62.5338
-62.5517
-62.5698
-62.5879
-62.606
-62.6242
-62.6425
-62.6607
-62.679
-62.7084
-62.7404
-62.7725
-62.8038
-62.8341
-62.8633
-62.8915
-62.9187
-62.9452
-62.9709
-62.9959
-63.0204
-63.0444
-63.0679
-63.0909
-63.1136
-63.1359
-63.1579
-63.1795
-63.2008
-63.2218
-63.2425
-63.2629
-63.283
-63.3029
-63.3225
-63.323
-63.3075
-63.2806
-63.2456
-63.2048
-63.1599
-63.1122
-63.0627
-63.0121
-62.9611
-62.9103
-62.86
-62.8105
-62.7623
-62.7154
-62.67
-62.6264
-62.5845
-62.5445
-62.5064
-62.4703
-62.4362
-62.404
-62.3738
-62.3455
-62.3192
-62.2947
-62.272
-62.2511
-62.232
-62.2146
-62.1988
-62.1846
-62.1719
-62.1607
-62.151
-62.1426
-62.1356
-62.1298
-62.1253
-62.122
-62.1197
-62.1186
-62.1185
-62.1194
-62.1213
-62.124
-62.1277
-62.1321
-62.1374
-62.1434
-62.1501
-62.1575
-62.1656
-62.1742
-62.1835
-62.1933
-62.2037
-62.2146
-62.2259
-62.2377
-62.2499
-62.2625
-62.2755
-62.2888
-62.3025
-62.3165
-62.3308
-62.3454
-62.3602
-62.3752
-62.3905
-62.406
-62.4216
-62.4375
-62.4535
-62.4697
-62.4859
-62.5024
-62.5189
-62.5355
-62.5522
-62.569
-62.5858
-62.6027
-62.6197
-62.6367
-62.6537
-62.6707
-62.6877
-62.7048
-62.7219
-62.7389
-62.7559
-62.7729
-62.7899
-62.8069
-62.8238
-62.8407
-62.8575
-62.8743
-62.891
-62.9076
-62.9242
-62.9407
-62.9572
-62.9736
-62.9899
-63.0061
-63.0222
-63.0382
-63.0542
-63.0701
-63.0858
-63.1015
-63.1171
-63.1326
-63.148
-63.1632
-63.1784
-63.1935
-63.2084
-63.2233
-63.238
-63.2527
-63.2672
-63.2816
-63.2959
-63.3101
-63.3242
-63.3382
-63.352
-63.3657
-63.3794
-63.3929
-63.4168
-63.443
-63.4692
-63.4946
-63.5189
-63.5421
-63.5643
-63.5855
-63.6059
-63.6255
-63.6445
-63.6629
-63.6807
-63.698
-63.7149
-63.7314
-63.7475
-63.7633
-63.7787
-63.7937
-63.8085
-63.823
-63.8371
-63.851
-63.8646
-63.878
-63.8911
-63.9039
-63.9166
-63.9289
-63.9411
-63.953
-63.9647
-63.9762
-63.9874
-63.9985
-64.0094
-64.02
-64.0305
-64.0408
-64.0509
-64.0608
-64.0706
-64.0802
-64.0896
-64.0988
-64.1079
-64.1168
-64.1255
-64.1341
-64.1426
-64.1509
-64.159
-64.167
-64.1749
-64.1826
-64.1902
-64.1977
-64.205
-64.2122
-64.2193
-64.2263
-64.2331
-64.2398
-64.2464
-64.2498
-64.2471
-64.2369
-64.2188
-64.193
-64.1602
-64.1213
-64.0771
-64.0288
-63.9771
-63.9229
-63.867
-63.81
-63.7526
-63.6952
-63.6382
-63.582
-63.5269
-63.473
-63.4207
-63.37
-63.321
-63.2738
-63.2285
-63.1851
-63.1437
-63.1041
-63.0665
-63.0308
-62.9969
-62.9649
-62.9347
-62.9063
-62.8796
-62.8546
-62.8311
-62.8093
-62.789
-62.7702
-62.7528
-62.7367
-62.7221
-62.7087
-62.6965
-62.6856
-62.6758
-62.6671
-62.6594
-62.6528
-62.6472
-62.6537
-62.6637
-62.6747
-62.6859
-62.6968
-62.7075
-62.7179
-62.7281
-62.7382
-62.7482
-62.7583
-62.7684
-62.7786
-62.789
-62.7995
-62.8101
-62.8209
-62.8319
-62.843
-62.8543
-62.8607
-62.8632
-62.8628
-62.8605
-62.8568
-62.8523
-62.8473
-62.842
-62.8367
-62.8316
-62.8187
-62.7964
-62.7644
-62.7234
-62.6743
-62.6182
-62.5565
-62.4904
-62.421
-62.3494
-62.2766
-62.2035
-62.1306
-62.0587
-61.9883
-61.9197
-61.8533
-61.7893
-61.728
-61.6694
-61.6089
-61.5473
-61.4859
-61.4254
-61.3666
-61.3099
-61.2555
-61.2036
-61.1544
-61.108
-61.0644
-61.0237
-60.9858
-60.9508
-60.9185
-60.889
-60.8621
-60.8378
-60.816
-60.7966
-60.7795
-60.7648
-60.7521
-60.7416
-60.7331
-60.7264
-60.7216
-60.7186
-60.7172
-60.7174
-60.7144
-60.7089
-60.702
-60.6945
-60.687
-60.6797
-60.6731
-60.6673
-60.6625
-60.6587
-60.6561
-60.6548
-60.6547
-60.6559
-60.6583
-60.662
-60.6669
-60.6731
-60.6978
-60.736
-60.7775
-60.819
-60.8594
-60.9067
-60.9544
-61.0094
-61.0644
-61.1178
-61.1691
-61.2182
-61.2606
-61.2974
-61.3299
-61.3593
-61.3862
-61.4112
-61.435
-61.4577
-61.4796
-61.5011
-61.5223
-61.5432
-61.5641
-61.585
-61.6059
-61.627
-61.6482
-61.6696
-61.6911
-61.7129
-61.7348
-61.757
-61.7793
-61.8018
-61.8245
-61.8473
-61.8703
-61.8934
-61.9166
-61.9399
-61.9633
-61.9868
-62.0259
-62.0686
-62.1113
-62.153
-62.1933
-62.2397
-62.2863
-62.3316
-62.3829
-62.434
-62.491
-62.5475
-62.602
-62.6651
-62.728
-62.7887
-62.8464
-62.9011
-62.9531
-63.0025
-63.0497
-63.0949
-63.1382
-63.1799
-63.2201
-63.259
-63.2966
-63.333
-63.3683
-63.4025
-63.4358
-63.4681
-63.4995
-63.5301
-63.5598
-63.5887
-63.6168
-63.6412
-63.6541
-63.655
-63.6447
-63.6244
-63.5955
-63.5592
-63.5168
-63.4835
-63.4496
-63.4132
-63.3694
-63.3193
-63.2647
-63.2072
-63.148
-63.088
-63.028
-62.9686
-62.9104
-62.8536
-62.7938
-62.7394
-62.6934
-62.6496
-62.6066
-62.5642
-62.5224
-62.4815
-62.4418
-62.4036
-62.3623
-62.3189
-62.2748
-62.2308
-62.1876
-62.1458
-62.1057
-62.1005
-62.1092
-62.1224
-62.1364
-62.1499
-62.1625
-62.1744
-62.1858
-62.197
-62.2083
-62.2199
-62.2318
-62.2443
-62.2527
-62.2578
-62.2609
-62.2628
-62.2642
-62.2654
-62.2668
-62.2687
-62.2711
-62.2743
-62.2735
-62.2515
-62.2126
-62.1622
-62.1041
-62.0412
-61.991
-61.9428
-61.9023
-61.8632
-61.8193
-61.7792
-61.7384
-61.6964
-61.6537
-61.6109
-61.5686
-61.5274
-61.4877
-61.4499
-61.4096
-61.3679
-61.3342
-61.303
-61.2734
-61.2451
-61.2183
-61.1932
-61.1698
-61.1485
-61.1247
-61.0992
-61.0734
-61.048
-61.0237
-61.0009
-60.9798
-60.9607
-60.9437
-60.9289
-60.9163
-60.9059
-60.8977
-60.8917
-60.8878
-60.886
-60.8861
-60.8883
-60.8922
-60.898
-60.9008
-60.9014
-60.9008
-60.8998
-60.899
-60.8987
-60.8991
-60.9005
-60.903
-60.9066
-60.9068
-60.9045
-60.9007
-60.8963
-60.892
-60.8881
-60.8849
-60.8828
-60.8817
-60.9072
-60.9396
-60.9735
-61.007
-61.0394
-61.0707
-61.1011
-61.1307
-61.1597
-61.1948
-61.2321
-61.2704
-61.3092
-61.3482
-61.3872
-61.426
-61.4647
-61.537
-61.6285
-61.7232
-61.8235
-61.9211
-62.0139
-62.1016
-62.1842
-62.2624
-62.3366
-62.4073
-62.4748
-62.5396
-62.6019
-62.6573
-62.7066
-62.7514
-62.7925
-62.8308
-62.8668
-62.9009
-62.9333
-62.9645
-62.9946
-63.019
-63.0387
-63.0549
-63.0687
-63.0807
-63.0914
-63.1012
-63.1103
-63.119
-63.1274
-63.1309
-63.1376
-63.1431
-63.147
-63.1494
-63.1505
-63.1508
-63.1505
-63.15
-63.1636
-63.1756
-63.1841
-63.1893
-63.1917
-63.1921
-63.191
-63.1887
-63.1858
-63.1825
-63.1791
-63.1757
-63.1726
-63.1698
-63.1674
-63.1656
-63.1643
-63.1636
-63.1635
-63.1641
-63.1653
-63.1623
-63.1559
-63.1474
-63.1376
-63.127
-63.1161
-63.1123
-63.1103
-63.1087
-63.1071
-63.1007
-63.0903
-63.0772
-63.0625
-63.0467
-63.0305
-63.0142
-62.998
-62.9823
-62.9672
-62.948
-62.933
-62.9176
-62.9087
-62.9005
-62.8918
-62.8824
-62.8724
-62.862
-62.8514
-62.8408
-62.8305
-62.8206
-62.8112
-62.8024
-62.7943
-62.7869
-62.7801
-62.7742
-62.769
-62.7645
-62.7608
-62.7578
-62.7556
-62.7541
-62.7532
-62.753
-62.7534
-62.7545
-62.7561
-62.7582
-62.7424
-62.7118
-62.7015
-62.6951
-62.6861
-62.6726
-62.6547
-62.6328
-62.608
-62.5958
-62.5853
-62.5743
-62.5731
-62.5731
-62.5722
-62.57
-62.5666
-62.5621
-62.557
-62.5515
-62.546
-62.5406
-62.5356
-62.531
-62.5269
-62.5235
-62.5208
-62.5188
-62.5176
-62.5171
-62.5248
-62.5348
-62.5456
-62.5565
-62.5674
-62.5781
-62.5887
-62.5993
-62.6099
-62.6205
-62.6312
-62.642
-62.6529
-62.6639
-62.675
-62.6861
-62.6972
-62.7084
-62.7196
-62.7309
-62.7421
-62.7533
-62.7644
-62.7756
-62.7867
-62.7978
-62.8089
-62.8199
-62.8309
-62.8418
-62.8527
-62.8636
-62.8744
-62.8852
-62.8959
-62.9067
-62.9174
-62.9282
-62.9389
-62.9497
-62.9604
-62.9712
-62.9819
-62.9926
-63.0032
-63.0137
-63.0241
-63.0343
-63.0444
-63.0542
-63.0639
-63.0735
-63.0828
-63.0919
-63.1009
-63.1096
-63.1182
-63.1265
-63.1347
-63.1427
-63.1505
-63.1581
-63.1656
-63.1728
-63.1799
-63.1867
-63.1934
-63.1998
-63.2061
-63.2122
-63.2181
-63.2238
-63.2294
-63.2347
-63.2398
-63.2447
-63.2494
-63.2538
-63.258
-63.262
-63.2657
-63.2691
-63.2723
-63.2753
-63.2779
-63.2803
-63.2824
-63.2842
-63.2858
-63.287
-63.288
-63.2888
-63.2893
-63.2895
-63.2896
-63.2894
-63.289
-63.2884
-63.2877
-63.2868
-63.2857
-63.2846
-63.2833
-63.282
-63.2805
-63.279
-63.2774
-63.2757
-63.274
-63.2722
-63.2705
-63.2687
-63.2669
-63.2651
-63.2634
-63.2617
-63.26
-63.2583
-63.2566
-63.255
-63.2535
-63.252
-63.2505
-63.2491
-63.2477
-63.2464
-63.2451
-63.2439
-63.2426
-63.2415
-63.2403
-63.2392
-63.2381
-63.237
-63.2359
-63.2347
-63.2334
-63.232
-63.2306
-63.229
-63.2274
-63.2257
-63.2238
-63.2218
-63.2197
-63.2175
-63.215
-63.2125
-63.2097
-63.2068
-63.2038
-63.2006
-63.1973
-63.1938
-63.1902
-63.1865
-63.1825
-63.1784
-63.1742
-63.1698
-63.1653
-63.1607
-63.1561
-63.1513
-63.1465
-63.1417
-63.1369
-63.132
-63.1272
-63.1223
-63.1176
-63.1129
-63.1082
-63.1036
-63.0991
-63.0947
-63.0904
-63.0862
-63.0821
-63.0781
-63.0743
-63.0706
-63.067
-63.0635
-63.0603
-63.0572
-63.0542
-63.0515
-63.049
-63.0467
-63.0447
-63.0428
-63.0412
-63.0399
-63.0388
-63.0379
-63.0373
-63.037
-63.0369
-63.0371
-63.0375
-63.0382
-63.0392
-63.0404
-63.0419
-63.0436
-63.0456
-63.0478
-63.0502
-63.0529
-63.0558
-63.059
-63.0623
-63.0658
-63.0694
-63.0731
-63.0769
-63.0809
-63.0848
-63.0889
-63.093
-63.0971
-63.1012
-63.1053
-63.1094
-63.1135
-63.1176
-63.1215
