-65
-64.9848
-64.9714
-64.9581
-64.9453
-64.9331
-64.9218
-64.9115
-64.9021
-64.8937
-64.8861
-64.8793
-64.8732
-64.8678
-64.8629
-64.8585
-64.8546
-64.851
-64.8479
-64.845
-64.8425
-64.8402
-64.8382
-64.8363
-64.8347
-64.8333
-64.832
-64.8309
-64.8299
-64.8291
-64.8284
-64.8278
-64.8273
-64.8269
-64.8266
-64.8264
-64.8262
-64.8262
-64.8262
-64.8263
-64.8264
-64.8267
-64.8269
-64.8272
-64.8276
-64.828
-64.8285
-64.8289
-64.8295
-64.83
-64.8306
-64.8313
-64.8319
-64.8326
-64.8333
-64.8341
-64.8348
-64.8356
-64.8364
-64.8372
-64.838
-64.8389
-64.8397
-64.8406
-64.8415
-64.8424
-64.8433
-64.8442
-64.8452
-64.8461
-64.847
-64.848
-64.8489
-64.8499
-64.8508
-64.8518
-64.8528
-64.8538
-64.8547
-64.8557
-64.8567
-64.8577
-64.8586
-64.8596
-64.8606
-64.8616
-64.8625
-64.8635
-64.8645
-64.8655
-64.8664
-64.8674
-64.8684
-64.8693
-64.8703
-64.8712
-64.8722
-64.8731
-64.8741
-64.875
-64.876
-64.8769
-64.8778
-64.8787
-64.8797
-64.8806
-64.8815
-64.8824
-64.8833
-64.8842
-64.8851
-64.886
-64.8868
-64.8877
-64.8886
-64.8894
-64.8903
-64.8912
-64.892
-64.8928
-64.8937
-64.8945
-64.8953
-64.8961
-64.897
-64.8978
-64.8986
-64.8994
-64.9001
-64.9009
-64.9017
-64.9025
-64.9032
-64.904
-64.9048
-64.9055
-64.9062
-64.907
-64.9077
-64.9084
-64.9091
-64.9099
-64.9106
-64.9113
-64.912
-64.9127
-64.9133
-64.914
-64.9147
-64.9154
-64.916
-64.9167
-64.9173
-64.918
-64.9186
-64.9193
-64.9199
-64.9205
-64.9211
-64.9217
-64.9223
-64.9229
-64.9235
-64.9241
-64.9247
-64.9253
-64.9259
-64.9265
-64.927
-64.9276
-64.9281
-64.9287
-64.9292
-64.9298
-64.9303
-64.9308
-64.9314
-64.9319
-64.9324
-64.9329
-64.9334
-64.9339
-64.9344
-64.9349
-64.9354
-64.9359
-64.9364
-64.9369
-64.9373
-64.9378
-64.9383
-64.9387
-64.9392
-64.9396
-64.9401
-64.9405
-64.9409
-64.9414
-64.9418
-64.9422
-64.9427
-64.9431
-64.9435
-64.9439
-64.9443
-64.9447
-64.9451
-64.9455
-64.9459
-64.9463
-64.9466
-64.947
-64.9474
-64.9478
-64.9481
-64.9485
-64.9489
-64.9492
-64.9496
-64.9499
-64.9503
-64.9506
-64.9509
-64.9513
-64.9516
-64.9519
-64.9523
-64.9526
-64.9529
-64.9532
-64.9535
-64.9538
-64.9542
-64.9545
-64.9548
-64.9551
-64.9553
-64.9556
-64.9559
-64.9562
-64.9565
-64.9568
-64.9571
-64.9573
-64.9576
-64.9579
-64.9581
-64.9584
-64.9586
-64.9589
-64.9592
-64.9594
-64.9597
-64.9599
-64.9601
-64.9604
-64.9606
-64.9609
-64.9611
-64.9613
-64.9616
-64.9618
-64.962
-64.9622
-64.9624
-64.9627
-64.9629
-64.9631
-64.9633
-64.9635
-64.9637
-64.9639
-64.9641
-64.9643
-64.9645
-64.9647
-64.9649
-64.9651
-64.9653
-64.9654
-64.9656
-64.9658
-64.966
-64.9662
-64.9663
-64.9665
-64.9667
-64.9668
-64.967
-64.9672
-64.9673
-64.9675
-64.9677
-64.9678
-64.968
-64.9681
-64.9683
-64.9684
-64.9686
-64.9687
-64.9689
-64.969
-64.9692
-64.9693
-64.9694
-64.9696
-64.9697
-64.9698
-64.97
-64.9701
-64.9702
-64.9703
-64.9705
-64.9706
-64.9707
-64.9708
-64.971
-64.9711
-64.9712
-64.9713
-64.9714
-64.9715
-64.9716
-64.9717
-64.9719
-64.972
-64.9721
-64.9722
-64.9723
-64.9724
-64.9725
-64.9726
-64.9727
-64.9728
-64.9729
-64.9729
-64.973
-64.9731
-64.9732
-64.9733
-64.9734
-64.9735
-64.9736
-64.9736
-64.9737
-64.9738
-64.9739
-64.974
-64.974
-64.9741
-64.9742
-64.9743
-64.9743
-64.9744
-64.9745
-64.9746
-64.9746
-64.9747
-64.9748
-64.9748
-64.9749
-64.975
-64.975
-64.9751
-64.9751
-64.9752
-64.9753
-64.9753
-64.9754
-64.9754
-64.9755
-64.9755
-64.9756
-64.9757
-64.9757
-64.9758
-64.9758
-64.9759
-64.9759
-64.976
-64.976
-64.976
-64.9761
-64.9761
-64.9762
-64.9762
-64.9763
-64.9763
-64.9763
-64.9764
-64.9764
-64.9765
-64.9765
-64.9765
-64.9766
-64.9766
-64.9766
-64.9767
-64.9767
-64.9768
-64.9768
-64.9768
-64.9768
-64.9769
-64.9769
-64.9769
-64.977
-64.977
-64.977
-64.977
-64.9771
-64.9771
-64.9771
-64.9772
-64.9772
-64.9772
-64.9772
-64.9772
-64.9773
-64.9773
-64.9773
-64.9773
-64.9773
-64.9774
-64.9774
-64.9774
-64.9774
-64.9774
-64.9775
-64.9775
-64.9775
-64.9775
-64.9775
-64.9775
-64.9775
-64.9776
-64.9776
-64.9776
-64.9776
-64.9776
-64.9776
-64.9776
-64.9776
-64.9777
-64.9777
-64.9777
-64.9777
-64.9777
-64.9777
-64.9777
-64.9777
-64.9777
-64.9777
-64.9777
-64.9777
-64.9777
-64.9778
-64.9778
-64.9778
-64.9778
-64.9778
-64.9778
-64.9778
-64.9778
-64.9778
-64.9778
-64.9778
-64.9778
-64.9778
-64.9778
-64.9778
-64.9778
-64.9778
-64.9778
-64.9778
-64.9778
-64.9778
-64.9778
-64.9778
-64.9778
-64.9778
-64.9778
-64.9778
-64.9778
-64.9778
-64.9778
-64.9778
-64.9778
-64.9778
-64.9777
-64.9777
-64.9777
-64.9777
-64.9777
-64.9777
-64.9777
-64.9777
-64.9777
-64.9777
-64.9777
-64.9777
-64.9777
-64.9777
-64.9777
-64.9777
-64.9776
-64.9776
-64.9776
-64.9776
-64.9776
-64.9776
-64.9776
-64.9776
-64.9776
-64.9776
-64.9776
-64.9776
-64.9775
-64.9775
-64.9775
-64.9775
-64.9775
-64.9775
-64.9775
-64.9775
-64.9775
-64.9774
-64.9774
-64.9774
-64.9774
-64.9774
-64.9774
-64.9774
-64.9774
-64.9774
-64.9773
-64.9773
-64.9773
-64.9773
-64.9773
-64.9773
-64.9773
-64.9772
-64.9772
-64.9772
-64.9772
-64.9772
-64.9772
-64.9772
-64.9772
-64.9771
-64.9771
-64.9771
-64.9771
-64.9771
-64.9771
-64.9771
-64.977
-64.977
-64.977
-64.977
-64.977
-64.977
-64.9769
-64.9769
-64.9769
-64.9769
-64.9769
-64.9769
-64.9769
-64.9768
-64.9768
-64.9768
-64.9768
-64.9768
-64.9768
-64.9767
-64.9767
-64.9767
-64.9767
-64.9767
-64.9767
-64.9766
-64.9766
-64.9766
-64.9766
-64.9766
-64.9766
-64.9765
-64.9765
-64.9765
-64.9765
-64.9765
-64.9765
-64.9764
-64.9764
-64.9764
-64.9764
-64.9764
-64.9764
-64.9763
-64.9763
-64.9763
-64.9763
-64.9763
-64.9763
-64.9762
-64.9762
-64.9762
-64.9762
-64.9762
-64.9762
-64.9761
-64.9761
-64.9761
-64.9761
-64.9761
-64.9761
-64.976
-64.976
-64.976
-64.976
-64.976
-64.9759
-64.9759
-64.9759
-64.9759
-64.9759
-64.9759
-64.9758
-64.9758
-64.9758
-64.9758
-64.9758
-64.9758
-64.9757
-64.9757
-64.9757
-64.9757
-64.9757
-64.9756
-64.9756
-64.9756
-64.9756
-64.9756
-64.9756
-64.9755
-64.9755
-64.9755
-64.9755
-64.9755
-64.9755
-64.9754
-64.9754
-64.9754
-64.9754
-64.9754
-64.9753
-64.9753
-64.9753
-64.9753
-64.9753
-64.9753
-64.9752
-64.9752
-64.9752
-64.9752
-64.9752
-64.9752
-64.9751
-64.9751
-64.9751
-64.9751
-64.9751
-64.975
-64.975
-64.975
-64.975
-64.975
-64.975
-64.9749
-64.9749
-64.9749
-64.9749
-64.9749
-64.9749
-64.9748
-64.9748
-64.9748
-64.9748
-64.9748
-64.9748
-64.9747
-64.9747
-64.9747
-64.9747
-64.9747
-64.9747
-64.9746
-64.9746
-64.9746
-64.9746
-64.9746
-64.9746
-64.9745
-64.9745
-64.9745
-64.9745
-64.9745
-64.9745
-64.9744
-64.9744
-64.9744
-64.9744
-64.9744
-64.9744
-64.9743
-64.9743
-64.9743
-64.9743
-64.9743
-64.9743
-64.9742
-64.9742
-64.9742
-64.9742
-64.9742
-64.9742
-64.9741
-64.9741
-64.9741
-64.9741
-64.9741
-64.9741
-64.974
-64.974
-64.974
-64.974
-64.974
-64.974
-64.9739
-64.9739
-64.9739
-64.9739
-64.9739
-64.9739
-64.9739
-64.9738
-64.9738
-64.9738
-64.9738
-64.9738
-64.9738
-64.9737
-64.9737
-64.9737
-64.9737
-64.9737
-64.9737
-64.9736
-64.9736
-64.9736
-64.9736
-64.9736
-64.9736
-64.9736
-64.9735
-64.9735
-64.9735
-64.9735
-64.9735
-64.9735
-64.9735
-64.9734
-64.9734
-64.9734
-64.9734
-64.9734
-64.9734
-64.9734
-64.9733
-64.9733
-64.9733
-64.9733
-64.9733
-64.9733
-64.9732
-64.9732
-64.9732
-64.9732
-64.9732
-64.9732
-64.9732
-64.9732
-64.9731
-64.9731
-64.9731
-64.9731
-64.9731
-64.9731
-64.9731
-64.973
-64.973
-64.973
-64.973
-64.973
-64.973
-64.973
-64.9729
-64.9729
-64.9729
-64.9729
-64.9729
-64.9729
-64.9729
-64.9728
-64.9728
-64.9728
-64.9728
-64.9728
-64.9728
-64.9728
-64.9728
-64.9727
-64.9727
-64.9727
-64.9727
-64.9727
-64.9727
-64.9727
-64.9727
-64.9726
-64.9726
-64.9726
-64.9726
-64.9726
-64.9726
-64.9726
-64.9725
-64.9725
-64.9725
-64.9725
-64.9725
-64.9725
-64.9725
-64.9725
-64.9724
-64.9724
-64.9724
-64.9724
-64.9724
-64.9724
-64.9724
-64.9724
-64.9724
-64.9723
-64.9723
-64.9723
-64.9723
-64.9723
-64.9723
-64.9723
-64.9723
-64.9722
-64.9722
-64.9722
-64.9722
-64.9722
-64.9722
-64.9722
-64.9722
-64.9721
-64.9721
-64.969
-64.9598
-64.9431
-64.9185
-64.8863
-64.847
-64.8017
-64.7511
-64.6964
-64.6383
-64.5779
-64.5158
-64.4526
-64.3891
-64.3257
-64.2627
-64.2007
-64.1397
-64.0802
-64.0223
-63.966
-63.9116
-63.8591
-63.8086
-63.7601
-63.7136
-63.6691
-63.6267
-63.5862
-63.5477
-63.5112
-63.4765
-63.4438
-63.4128
-63.3836
-63.3561
-63.3303
-63.3061
-63.2835
-63.2623
-63.2427
-63.2245
-63.2076
-63.1921
-63.1778
-63.1648
-63.1529
-63.1422
-63.1326
-63.124
-63.1165
-63.1099
-63.1042
-63.0995
-63.0956
-63.0926
-63.0903
-63.0888
-63.0881
-63.088
-63.0886
-63.0898
-63.0917
-63.0941
-63.0971
-63.1006
-63.1047
-63.1092
-63.1142
-63.1196
-63.1255
-63.1317
-63.1384
-63.1454
-63.1527
-63.1604
-63.1683
-63.1766
-63.1851
-63.1939
-63.203
-63.2123
-63.2218
-63.2315
-63.2414
-63.2515
-63.2617
-63.2722
-63.2827
-63.2934
-63.3043
-63.3152
-63.3263
-63.3374
-63.3487
-63.36
-63.3714
-63.3829
-63.3945
-63.4061
-63.4177
-63.4294
-63.4411
-63.4529
-63.4647
-63.4765
-63.4883
-63.5001
-63.5119
-63.5238
-63.5356
-63.5474
-63.5592
-63.571
-63.5828
-63.5945
-63.6062
-63.6179
-63.6296
-63.6412
-63.6528
-63.6644
-63.6759
-63.6873
-63.6988
-63.7101
-63.7214
-63.7327
-63.7439
-63.7551
-63.7662
-63.7772
-63.7882
-63.7991
-63.81
-63.8208
-63.8315
-63.8422
-63.8528
-63.8633
-63.8738
-63.8841
-63.8945
-63.9047
-63.9149
-63.925
-63.9351
-63.945
-63.9549
-63.9647
-63.9745
-63.9842
-63.9938
-64.0033
-64.0127
-64.0221
-64.0314
-64.0407
-64.0498
-64.0589
-64.0679
-64.0768
-64.0857
-64.0945
-64.1032
-64.1118
-64.1204
-64.1289
-64.1373
-64.1457
-64.1539
-64.1621
-64.1702
-64.1783
-64.1863
-64.1942
-64.202
-64.2098
-64.2175
-64.2251
-64.2327
-64.2402
-64.2476
-64.255
-64.2622
-64.2695
-64.2766
-64.2837
-64.2907
-64.2977
-64.3045
-64.3114
-64.3181
-64.3248
-64.3314
-64.338
-64.3445
-64.3509
-64.3573
-64.3636
-64.3698
-64.376
-64.3821
-64.3882
-64.3942
-64.4002
-64.406
-64.4119
-64.4176
-64.4234
-64.429
-64.4346
-64.4402
-64.4456
-64.4511
-64.4565
-64.4618
-64.4671
-64.4723
-64.4774
-64.4825
-64.4876
-64.4926
-64.4976
-64.5025
-64.5073
-64.5121
-64.5169
-64.5216
-64.5262
-64.5309
-64.5354
-64.5399
-64.5444
-64.5488
-64.5532
-64.5575
-64.5618
-64.566
-64.5702
-64.5744
-64.5785
-64.5826
-64.5866
-64.5906
-64.5945
-64.5984
-64.6022
-64.6061
-64.6098
-64.6136
-64.6172
-64.6209
-64.6245
-64.6281
-64.6316
-64.6351
-64.6386
-64.642
-64.6454
-64.6487
-64.652
-64.6553
-64.6585
-64.6617
-64.6649
-64.6681
-64.6712
-64.6742
-64.6772
-64.6802
-64.6832
-64.6861
-64.689
-64.6919
-64.6948
-64.6976
-64.7003
-64.7031
-64.7058
-64.7085
-64.7111
-64.7137
-64.7163
-64.7189
-64.7214
-64.7239
-64.7264
-64.7289
-64.7313
-64.7337
-64.7361
-64.7384
-64.7407
-64.743
-64.7453
-64.7475
-64.7497
-64.7519
-64.7541
-64.7562
-64.7583
-64.7604
-64.7624
-64.7645
-64.7665
-64.7685
-64.7704
-64.7724
-64.7743
-64.7762
-64.7781
-64.7799
-64.7818
-64.7836
-64.7854
-64.7871
-64.7889
-64.7906
-64.7923
-64.794
-64.7957
-64.7973
-64.7989
-64.8005
-64.8021
-64.8037
-64.8052
-64.8068
-64.8083
-64.8098
-64.8112
-64.8127
-64.8141
-64.8155
-64.8169
-64.8183
-64.8197
-64.821
-64.8224
-64.8237
-64.825
-64.8263
-64.8275
-64.8288
-64.83
-64.8312
-64.8324
-64.8336
-64.8348
-64.836
-64.8371
-64.8382
-64.8393
-64.8404
-64.8415
-64.8426
-64.8437
-64.8447
-64.8457
-64.8467
-64.8477
-64.8487
-64.8497
-64.8507
-64.8516
-64.8526
-64.8535
-64.8544
-64.8553
-64.8562
-64.8571
-64.8579
-64.8588
-64.8596
-64.8604
-64.8613
-64.8621
-64.8629
-64.8636
-64.8644
-64.8652
-64.8659
-64.8667
-64.8674
-64.8681
-64.8688
-64.8695
-64.8702
-64.8709
-64.8716
-64.8722
-64.8729
-64.8735
-64.8741
-64.8748
-64.8754
-64.876
-64.8766
-64.8772
-64.8777
-64.8783
-64.8789
-64.8794
-64.8799
-64.8805
-64.881
-64.8815
-64.882
-64.8825
-64.883
-64.8835
-64.884
-64.8845
-64.8849
-64.8854
-64.8858
-64.8863
-64.8867
-64.8871
-64.8875
-64.888
-64.8884
-64.8888
-64.8892
-64.8895
-64.8899
-64.8903
-64.8907
-64.891
-64.8914
-64.8917
-64.8921
-64.8924
-64.8927
-64.893
-64.8934
-64.8937
-64.894
-64.8943
-64.8946
-64.8949
-64.8951
-64.8954
-64.8957
-64.896
-64.8962
-64.8965
-64.8967
-64.897
-64.8972
-64.8975
-64.8977
-64.8979
-64.8982
-64.8984
-64.8986
-64.8988
-64.899
-64.8992
-64.8994
-64.8996
-64.8998
-64.9
-64.9001
-64.9003
-64.9005
-64.9007
-64.9008
-64.901
-64.9011
-64.9013
-64.9014
-64.9016
-64.9017
-64.9019
-64.902
-64.9021
-64.9023
-64.9024
-64.9025
-64.9026
-64.9027
-64.9028
-64.9029
-64.903
-64.9032
-64.9032
-64.9033
-64.9034
-64.9035
-64.9036
-64.9037
-64.9038
-64.9039
-64.9039
-64.904
-64.9041
-64.9041
-64.9042
-64.9043
-64.9043
-64.9044
-64.9044
-64.9045
-64.9045
-64.9046
-64.9046
-64.9047
-64.9047
-64.9048
-64.9048
-64.9048
-64.9049
-64.9049
-64.9049
-64.9049
-64.905
-64.905
-64.905
-64.905
-64.9051
-64.9051
-64.9051
-64.9051
-64.9051
-64.9051
-64.9051
-64.9051
-64.9051
-64.9051
-64.9051
-64.9051
-64.9051
-64.9051
-64.9051
-64.9051
-64.9051
-64.9051
-64.9051
-64.9051
-64.905
-64.905
-64.905
-64.905
-64.905
-64.905
-64.9049
-64.9049
-64.9049
-64.9049
-64.9048
-64.9048
-64.9048
-64.9048
-64.9047
-64.9047
-64.9047
-64.9046
-64.9046
-64.9046
-64.9045
-64.9045
-64.9044
-64.9044
-64.9044
-64.9043
-64.9043
-64.9042
-64.9042
-64.9042
-64.9041
-64.9041
-64.904
-64.904
-64.9039
-64.9039
-64.9038
-64.913
-64.9242
-64.9355
-64.9463
-64.9562
-64.9654
-64.9705
-64.969
-64.9594
-64.9413
-64.9152
-64.8817
-64.8417
-64.7963
-64.7465
-64.6931
-64.6372
-64.5793
-64.5203
-64.4607
-64.4011
-64.3417
-64.2831
-64.2255
-64.1692
-64.1142
-64.0609
-64.0092
-63.9594
-63.9113
-63.8652
-63.8209
-63.7786
-63.7381
-63.6995
-63.6628
-63.6279
-63.5948
-63.5635
-63.5339
-63.5059
-63.4796
-63.4548
-63.4316
-63.4099
-63.3896
-63.3706
-63.353
-63.3367
-63.3217
-63.3078
-63.2951
-63.2835
-63.273
-63.2636
-63.2551
-63.2476
-63.2409
-63.2352
-63.2303
-63.2263
-63.223
-63.2204
-63.2186
-63.2174
-63.2169
-63.2171
-63.2178
-63.2191
-63.221
-63.2234
-63.2262
-63.2296
-63.2334
-63.2376
-63.2423
-63.2473
-63.2528
-63.2586
-63.2647
-63.2711
-63.2778
-63.2849
-63.2922
-63.2997
-63.3075
-63.3156
-63.3238
-63.3323
-63.3409
-63.3497
-63.3587
-63.3678
-63.3771
-63.3866
-63.3961
-63.4058
-63.4156
-63.4255
-63.4354
-63.4455
-63.4556
-63.4659
-63.4761
-63.4864
-63.4968
-63.5072
-63.5177
-63.5282
-63.5387
-63.5492
-63.5598
-63.5703
-63.5809
-63.5915
-63.6021
-63.6126
-63.6232
-63.6337
-63.6443
-63.6548
-63.6653
-63.6757
-63.6861
-63.6965
-63.7069
-63.7173
-63.7275
-63.7378
-63.748
-63.7582
-63.7683
-63.7784
-63.7884
-63.7984
-63.8083
-63.8182
-63.828
-63.8378
-63.8475
-63.8571
-63.8667
-63.8762
-63.8857
-63.8951
-63.9044
-63.9137
-63.9229
-63.932
-63.9411
-63.9501
-63.9591
-63.9679
-63.9768
-63.9855
-63.9942
-64.0028
-64.0113
-64.0198
-64.0282
-64.0366
-64.0448
-64.053
-64.0612
-64.0692
-64.0772
-64.0852
-64.093
-64.1008
-64.1085
-64.1162
-64.1238
-64.1313
-64.1388
-64.1462
-64.1535
-64.1607
-64.1679
-64.1751
-64.1821
-64.1891
-64.196
-64.2029
-64.2097
-64.2164
-64.2231
-64.2297
-64.2363
-64.2428
-64.2492
-64.2556
-64.2619
-64.2681
-64.2743
-64.2804
-64.2865
-64.2925
-64.2984
-64.3043
-64.3101
-64.3159
-64.3216
-64.3272
-64.3328
-64.3384
-64.3439
-64.3493
-64.3547
-64.36
-64.3653
-64.3705
-64.3756
-64.3808
-64.3858
-64.3908
-64.3958
-64.4007
-64.4055
-64.4103
-64.4151
-64.4198
-64.4245
-64.4291
-64.4336
-64.4382
-64.4426
-64.4471
-64.4514
-64.4558
-64.4601
-64.4643
-64.4685
-64.4726
-64.4768
-64.4808
-64.4848
-64.4888
-64.4928
-64.4967
-64.5005
-64.5043
-64.5081
-64.5119
-64.5156
-64.5192
-64.5228
-64.5264
-64.53
-64.5335
-64.5369
-64.5404
-64.5438
-64.5471
-64.5504
-64.5537
-64.557
-64.5602
-64.5634
-64.5665
-64.5696
-64.5727
-64.5758
-64.5788
-64.5818
-64.5847
-64.5876
-64.5905
-64.5934
-64.5962
-64.599
-64.6017
-64.6045
-64.6072
-64.6098
-64.6125
-64.6151
-64.6177
-64.6202
-64.6228
-64.6253
-64.6278
-64.6302
-64.6326
-64.635
-64.6374
-64.6397
-64.642
-64.6443
-64.6466
-64.6488
-64.651
-64.6532
-64.6554
-64.6575
-64.6597
-64.6618
-64.6638
-64.6659
-64.6679
-64.6699
-64.6719
-64.6738
-64.6758
-64.6777
-64.6796
-64.6814
-64.6833
-64.6851
-64.6869
-64.6887
-64.6905
-64.6922
-64.694
-64.6957
-64.6974
-64.699
-64.7007
-64.7023
-64.7039
-64.7055
-64.7071
-64.7087
-64.7102
-64.7117
-64.7132
-64.7147
-64.7162
-64.7176
-64.7191
-64.7205
-64.7219
-64.7233
-64.7247
-64.726
-64.7274
-64.7287
-64.73
-64.7313
-64.7326
-64.7338
-64.7351
-64.7363
-64.7375
-64.7387
-64.7399
-64.7411
-64.7423
-64.7434
-64.7445
-64.7457
-64.7468
-64.7479
-64.749
-64.75
-64.7511
-64.7521
-64.7532
-64.7542
-64.7552
-64.7562
-64.7572
-64.7581
-64.7591
-64.7601
-64.761
-64.7619
-64.7628
-64.7637
-64.7646
-64.7655
-64.7664
-64.7672
-64.7681
-64.7689
-64.7698
-64.7706
-64.7714
-64.7722
-64.773
-64.7738
-64.7745
-64.7753
-64.776
-64.7768
-64.7775
-64.7782
-64.7789
-64.7796
-64.7803
-64.781
-64.7817
-64.7824
-64.783
-64.7837
-64.7843
-64.785
-64.7856
-64.7862
-64.7868
-64.7874
-64.788
-64.7886
-64.7892
-64.7898
-64.7904
-64.7909
-64.7915
-64.792
-64.7926
-64.7931
-64.7936
-64.7941
-64.7946
-64.7952
-64.7956
-64.7961
-64.7966
-64.7971
-64.7976
-64.798
-64.7985
-64.799
-64.7994
-64.7998
-64.8003
-64.8007
-64.8011
-64.8016
-64.802
-64.8024
-64.8028
-64.8032
-64.8036
-64.804
-64.8043
-64.8047
-64.8051
-64.8055
-64.8058
-64.8062
-64.8065
-64.8069
-64.8072
-64.8075
-64.8079
-64.8082
-64.8085
-64.8089
-64.8092
-64.8095
-64.8098
-64.8101
-64.8104
-64.8107
-64.811
-64.8112
-64.8115
-64.8118
-64.8121
-64.8123
-64.8126
-64.8129
-64.8131
-64.8134
-64.8136
-64.8139
-64.8141
-64.8144
-64.8146
-64.8148
-64.8151
-64.8153
-64.8155
-64.8157
-64.816
-64.8162
-64.8164
-64.8166
-64.8168
-64.817
-64.8172
-64.8174
-64.8176
-64.8178
-64.818
-64.8181
-64.8183
-64.8185
-64.8187
-64.8189
-64.819
-64.8192
-64.8194
-64.8195
-64.8197
-64.8198
-64.82
-64.8202
-64.8203
-64.8205
-64.8206
-64.8208
-64.8209
-64.821
-64.8212
-64.8213
-64.8214
-64.8216
-64.8217
-64.8218
-64.822
-64.8221
-64.8222
-64.8223
-64.8225
-64.8226
-64.8227
-64.8228
-64.8229
-64.823
-64.8231
-64.8232
-64.8233
-64.8234
-64.8236
-64.8237
-64.8238
-64.8238
-64.8239
-64.824
-64.8241
-64.8242
-64.8243
-64.8244
-64.8245
-64.8246
-64.8247
-64.8247
-64.8248
-64.8249
-64.825
-64.8251
-64.8252
-64.8252
-64.8253
-64.8254
-64.8255
-64.8255
-64.8256
-64.8257
-64.8257
-64.8258
-64.8259
-64.8259
-64.826
-64.8261
-64.8261
-64.8262
-64.8263
-64.8263
-64.8264
-64.8264
-64.8265
-64.8265
-64.8266
-64.8267
-64.8267
-64.8268
-64.8268
-64.8269
-64.8269
-64.827
-64.827
-64.8271
-64.8271
-64.8272
-64.8272
-64.8273
-64.8273
-64.8274
-64.8274
-64.8275
-64.8275
-64.8275
-64.8276
-64.8276
-64.8277
-64.8277
-64.8278
-64.8278
-64.8278
-64.8279
-64.8279
-64.828
-64.828
-64.828
-64.8281
-64.8281
-64.8282
-64.8282
-64.8282
-64.8283
-64.8283
-64.8283
-64.8284
-64.8284
-64.8284
-64.8285
-64.8285
-64.8285
-64.8286
-64.8286
-64.8286
-64.8287
-64.8287
-64.8287
-64.8288
-64.8288
-64.8288
-64.8289
-64.8289
-64.8289
-64.829
-64.829
-64.829
-64.8291
-64.8291
-64.8291
-64.8292
-64.8292
-64.8292
-64.8293
-64.8293
-64.8293
-64.8293
-64.8294
-64.8294
-64.8294
-64.8295
-64.8295
-64.8295
-64.8296
-64.8296
-64.8296
-64.8296
-64.8297
-64.8297
-64.8297
-64.8298
-64.8298
-64.8298
-64.8299
-64.8299
-64.8299
-64.8299
-64.83
-64.83
-64.83
-64.8301
-64.8301
-64.8301
-64.8302
-64.8302
-64.8302
-64.8303
-64.8303
-64.8303
-64.8303
-64.8304
-64.8304
-64.8304
-64.8305
-64.8305
-64.8305
-64.8306
-64.8306
-64.8306
-64.8307
-64.8307
-64.8307
-64.8308
-64.8308
-64.8308
-64.8309
-64.8309
-64.8309
-64.831
-64.831
-64.831
-64.8311
-64.8311
-64.8311
-64.8312
-64.8312
-64.8312
-64.8313
-64.8313
-64.8313
-64.8314
-64.8314
-64.8314
-64.8315
-64.8315
-64.8316
-64.8316
-64.8316
-64.8317
-64.8317
-64.8317
-64.8318
-64.8318
-64.8319
-64.8319
-64.8319
-64.832
-64.832
-64.8321
-64.8321
-64.8321
-64.8322
-64.8322
-64.8323
-64.8323
-64.8323
-64.8324
-64.8324
-64.8325
-64.8325
-64.8325
-64.8326
-64.8326
-64.8327
-64.8327
-64.8328
-64.8328
-64.8328
-64.8329
-64.8329
-64.833
-64.833
-64.8331
-64.8331
-64.8332
-64.8332
-64.8332
-64.8333
-64.8333
-64.8334
-64.8334
-64.8335
-64.8335
-64.8336
-64.8336
-64.8337
-64.8337
-64.8338
-64.8338
-64.8339
-64.8339
-64.834
-64.834
-64.8341
-64.8341
-64.8342
-64.8342
-64.8343
-64.8343
-64.8344
-64.8344
-64.8345
-64.8345
-64.8346
-64.8346
-64.8347
-64.8347
-64.8348
-64.8348
-64.8349
-64.8349
-64.835
-64.8351
-64.8351
-64.8352
-64.8352
-64.8353
-64.8353
-64.8354
-64.8354
-64.8355
-64.8356
-64.8356
-64.8357
-64.8357
-64.8358
-64.8358
-64.8359
-64.836
-64.836
-64.8361
-64.8361
-64.8362
-64.8363
-64.8363
-64.8364
-64.8364
-64.8365
-64.8366
-64.8366
-64.8367
-64.8367
-64.8368
-64.8369
-64.8369
-64.837
-64.837
-64.8371
-64.8372
-64.8372
-64.8373
-64.8374
-64.8374
-64.8375
-64.8376
-64.8376
-64.8377
-64.8378
-64.8378
-64.8379
-64.8379
-64.838
-64.8381
-64.8381
-64.8382
-64.8383
-64.8383
-64.8384
-64.8385
-64.8385
-64.8386
-64.8387
-64.8388
-64.8388
-64.8389
-64.839
-64.839
-64.8391
-64.8392
-64.8392
-64.8393
-64.8394
-64.8394
-64.8395
-64.8396
-64.8397
-64.8397
-64.8398
-64.8399
-64.8399
-64.84
-64.8401
-64.8402
-64.8402
-64.8403
-64.8404
-64.8405
-64.8405
-64.8406
-64.8407
-64.8408
-64.8408
-64.8409
-64.841
-64.841
-64.8411
-64.8412
-64.8413
-64.8414
-64.8414
-64.8415
-64.8416
-64.8417
-64.8417
-64.8418
-64.8419
-64.8512
-64.8626
-64.8741
-64.8851
-64.8952
-64.9045
-64.913
-64.9208
-64.9279
-64.9345
-64.9406
-64.9463
-64.9516
-64.9566
-64.9613
-64.9657
-64.9699
-64.9739
-64.9777
-64.9813
-64.9847
-64.988
-64.9911
-64.994
-64.9968
-64.9995
-65.002
-65.0044
-65.0067
-65.0088
-65.0109
-65.0128
-65.0147
-65.0164
-65.0271
-65.0398
-65.0524
-65.0644
-65.0756
-65.0857
-65.0951
-65.1036
-65.1114
-65.1187
-65.1253
-65.1315
-65.1373
-65.1427
-65.1478
-65.1525
-65.157
-65.1612
-65.1651
-65.1688
-65.1723
-65.1755
-65.1786
-65.1814
-65.1841
-65.1866
-65.189
-65.1911
-65.1931
-65.195
-65.1967
-65.1983
-65.1997
-65.201
-65.2022
-65.2033
-65.2042
-65.205
-65.2058
-65.2064
-65.2069
-65.2073
-65.2076
-65.2078
-65.2079
-65.2079
-65.2079
-65.2078
-65.2075
-65.2073
-65.2069
-65.2065
-65.206
-65.2054
-65.2048
-65.2041
-65.2033
-65.2025
-65.2016
-65.2007
-65.1997
-65.1987
-65.1976
-65.1965
-65.1954
-65.1941
-65.1929
-65.1916
-65.1903
-65.1889
-65.1875
-65.1861
-65.1846
-65.1831
-65.1816
-65.18
-65.1784
-65.1768
-65.1752
-65.1735
-65.1718
-65.1701
-65.1684
-65.1667
-65.1649
-65.1631
-65.1613
-65.1595
-65.1576
-65.1558
-65.1539
-65.152
-65.1502
-65.1483
-65.1463
-65.1444
-65.1425
-65.1405
-65.1386
-65.1366
-65.1347
-65.1327
-65.1307
-65.1288
-65.1268
-65.1248
-65.1228
-65.1208
-65.1188
-65.1168
-65.1148
-65.1128
-65.1108
-65.1088
-65.1068
-65.1048
-65.1028
-65.1008
-65.0988
-65.0968
-65.0948
-65.0928
-65.0908
-65.0889
-65.0869
-65.0849
-65.0829
-65.081
-65.079
-65.0771
-65.0751
-65.0732
-65.0712
-65.0693
-65.0674
-65.0654
-65.0635
-65.0616
-65.0597
-65.0578
-65.056
-65.0541
-65.0522
-65.0504
-65.0576
-65.0668
-65.0762
-65.085
-65.0931
-65.1003
-65.1067
-65.1125
-65.1176
-65.1222
-65.1264
-65.1301
-65.1335
-65.1366
-65.1394
-65.142
-65.1444
-65.1465
-65.1485
-65.1503
-65.1519
-65.1534
-65.1547
-65.1559
-65.1569
-65.1579
-65.1587
-65.1594
-65.16
-65.1605
-65.1609
-65.1612
-65.1614
-65.1615
-65.1615
-65.1615
-65.1614
-65.1612
-65.1609
-65.1605
-65.1601
-65.1596
-65.1591
-65.1585
-65.1578
-65.1571
-65.1563
-65.1555
-65.1546
-65.1537
-65.1527
-65.1517
-65.1506
-65.1495
-65.1484
-65.1472
-65.146
-65.1447
-65.1434
-65.1421
-65.1408
-65.1394
-65.138
-65.1366
-65.1351
-65.1336
-65.1321
-65.1306
-65.129
-65.1275
-65.1259
-65.1243
-65.1226
-65.121
-65.1193
-65.1177
-65.116
-65.1143
-65.1126
-65.1109
-65.1091
-65.1074
-65.1056
-65.1039
-65.1021
-65.1003
-65.0985
-65.0968
-65.095
-65.0932
-65.0914
-65.0896
-65.0877
-65.0859
-65.0841
-65.0823
-65.0805
-65.0787
-65.0769
-65.075
-65.0732
-65.0714
-65.0696
-65.0678
-65.066
-65.0642
-65.0623
-65.0605
-65.0587
-65.0569
-65.0552
-65.0534
-65.0516
-65.0498
-65.048
-65.0463
-65.0445
-65.0427
-65.041
-65.0392
-65.0375
-65.0358
-65.034
-65.0323
-65.0306
-65.0289
-65.0272
-65.0255
-65.0238
-65.0221
-65.0205
-65.0188
-65.0172
-65.0155
-65.0139
-65.0123
-65.0107
-65.009
-65.0074
-65.0059
-65.0043
-65.0027
-65.0011
-64.9996
-64.9981
-64.9965
-64.995
-64.9935
-64.992
-64.9905
-64.989
-64.9875
-64.9861
-64.9846
-64.9832
-64.9817
-64.9803
-64.9789
-64.9775
-64.9761
-64.9747
-64.9734
-64.972
-64.9706
-64.9693
-64.968
-64.9666
-64.9653
-64.964
-64.9628
-64.9615
-64.9602
-64.9589
-64.9577
-64.9565
-64.9552
-64.954
-64.9528
-64.9516
-64.9504
-64.9493
-64.9481
-64.9469
-64.9458
-64.9447
-64.9435
-64.9424
-64.9413
-64.9402
-64.9391
-64.9381
-64.937
-64.9359
-64.9349
-64.9339
-64.9328
-64.9318
-64.9308
-64.9298
-64.9289
-64.9279
-64.9269
-64.926
-64.925
-64.9241
-64.9231
-64.9222
-64.9213
-64.9204
-64.9195
-64.9187
-64.9178
-64.9169
-64.9161
-64.9152
-64.9144
-64.9136
-64.9128
-64.9119
-64.9111
-64.9104
-64.9096
-64.9088
-64.908
-64.9073
-64.9065
-64.9058
-64.9051
-64.9043
-64.9036
-64.9029
-64.9022
-64.9015
-64.9009
-64.9002
-64.8995
-64.8989
-64.8982
-64.8976
-64.897
-64.8963
-64.8957
-64.8951
-64.8945
-64.8939
-64.8933
-64.8927
-64.8922
-64.8916
-64.8911
-64.8905
-64.89
-64.8894
-64.8889
-64.8884
-64.8879
-64.8874
-64.8869
-64.8864
-64.8859
-64.8854
-64.8849
-64.8845
-64.884
-64.8836
-64.8831
-64.8827
-64.8822
-64.8818
-64.8814
-64.881
-64.8806
-64.8802
-64.8798
-64.8794
-64.879
-64.8786
-64.8782
-64.8779
-64.8775
-64.8772
-64.8768
-64.8765
-64.8761
-64.8758
-64.8755
-64.8751
-64.8748
-64.8745
-64.8742
-64.8739
-64.8736
-64.8733
-64.873
-64.8728
-64.8725
-64.8722
-64.872
-64.8717
-64.8714
-64.8712
-64.8709
-64.8707
-64.8705
-64.8702
-64.87
-64.8698
-64.8696
-64.8694
-64.8692
-64.8689
-64.8687
-64.8686
-64.8684
-64.8682
-64.868
-64.8678
-64.8676
-64.8675
-64.8673
-64.8671
-64.867
-64.8668
-64.8667
-64.8665
-64.8664
-64.8662
-64.8661
-64.866
-64.8658
-64.8657
-64.8656
-64.8655
-64.8654
-64.8653
-64.8652
-64.8651
-64.865
-64.8649
-64.8648
-64.8647
-64.8646
-64.8645
-64.8644
-64.8643
-64.8735
-64.8847
-64.8961
-64.9069
-64.9168
-64.926
-64.9343
-64.9419
-64.9489
-64.9553
-64.9613
-64.9669
-64.972
-64.9769
-64.9815
-64.9858
-64.9899
-64.9938
-64.9974
-65.0009
-65.0042
-65.0074
-65.0104
-65.0132
-65.0159
-65.0185
-65.0209
-65.0232
-65.0254
-65.0275
-65.0295
-65.0313
-65.0331
-65.0347
-65.0363
-65.0378
-65.0391
-65.0404
-65.0416
-65.0428
-65.0438
-65.0448
-65.0457
-65.0465
-65.0473
-65.048
-65.0486
-65.0492
-65.0497
-65.0501
-65.0505
-65.0509
-65.0512
-65.0514
-65.0516
-65.0517
-65.0518
-65.0519
-65.0519
-65.0518
-65.0518
-65.0516
-65.0515
-65.0513
-65.0511
-65.0508
-65.0505
-65.0502
-65.0498
-65.0495
-65.049
-65.0486
-65.0481
-65.0477
-65.0471
-65.0466
-65.046
-65.0455
-65.0449
-65.0442
-65.0436
-65.0429
-65.0422
-65.0416
-65.0408
-65.0401
-65.0394
-65.0386
-65.0378
-65.0371
-65.0363
-65.0354
-65.0346
-65.0338
-65.0329
-65.0321
-65.0312
-65.0304
-65.0295
-65.0286
-65.0277
-65.0268
-65.0259
-65.025
-65.0241
-65.0231
-65.0222
-65.0213
-65.0203
-65.0194
-65.0184
-65.0175
-65.0165
-65.0156
-65.0146
-65.0137
-65.0127
-65.0117
-65.0108
-65.0098
-65.0088
-65.0079
-65.0069
-65.0059
-65.005
-65.004
-65.003
-65.002
-65.0011
-65.0001
-64.9992
-64.9982
-64.9972
-64.9963
-64.9953
-64.9944
-64.9934
-64.9925
-64.9915
-64.9906
-64.9896
-64.9887
-64.9878
-64.9868
-64.9859
-64.985
-64.9841
-64.9832
-64.9822
-64.9813
-64.9804
-64.9795
-64.9786
-64.9777
-64.9769
-64.976
-64.9751
-64.9742
-64.9733
-64.9725
-64.9716
-64.9708
-64.9699
-64.9691
-64.9682
-64.9674
-64.9666
-64.9657
-64.9649
-64.9641
-64.9633
-64.9625
-64.9617
-64.9609
-64.9601
-64.9593
-64.9586
-64.9578
-64.957
-64.9563
-64.9555
-64.9548
-64.954
-64.9533
-64.9526
-64.9518
-64.9511
-64.9504
-64.9497
-64.949
-64.9483
-64.9476
-64.9469
-64.9462
-64.9456
-64.9449
-64.9442
-64.9436
-64.9429
-64.9423
-64.9416
-64.941
-64.9404
-64.9398
-64.9391
-64.9385
-64.9379
-64.9373
-64.9367
-64.9361
-64.9324
-64.9227
-64.9055
-64.8804
-64.8476
-64.8079
-64.7621
-64.7111
-64.6559
-64.5975
-64.5366
-64.4741
-64.4106
-64.3467
-64.2829
-64.2196
-64.1572
-64.096
-64.0361
-63.9778
-63.9213
-63.8666
-63.8138
-63.7629
-63.7141
-63.6674
-63.6226
-63.5799
-63.5391
-63.5004
-63.4636
-63.4287
-63.3957
-63.3644
-63.335
-63.3073
-63.2812
-63.2568
-63.2339
-63.2126
-63.1927
-63.1743
-63.1572
-63.1414
-63.127
-63.1137
-63.1016
-63.0907
-63.0809
-63.0722
-63.0644
-63.0576
-63.0518
-63.0469
-63.0428
-63.0396
-63.0371
-63.0355
-63.0345
-63.0343
-63.0347
-63.0358
-63.0374
-63.0397
-63.0425
-63.0459
-63.0498
-63.0541
-63.059
-63.0642
-63.0699
-63.076
-63.0825
-63.0893
-63.0965
-63.104
-63.1118
-63.1199
-63.1283
-63.137
-63.1459
-63.155
-63.1644
-63.1739
-63.1837
-63.1936
-63.2037
-63.214
-63.2244
-63.235
-63.2457
-63.2565
-63.2674
-63.2784
-63.2895
-63.3007
-63.312
-63.3233
-63.3347
-63.3462
-63.3577
-63.3693
-63.3809
-63.3925
-63.4041
-63.4158
-63.4275
-63.4392
-63.4509
-63.4626
-63.4743
-63.4859
-63.4976
-63.5093
-63.5209
-63.5325
-63.5441
-63.5557
-63.5672
-63.5787
-63.5902
-63.6016
-63.613
-63.6244
-63.6357
-63.6469
-63.6581
-63.6693
-63.6804
-63.6914
-63.7024
-63.7133
-63.7242
-63.735
-63.7457
-63.7564
-63.767
-63.7776
-63.7881
-63.7985
-63.8088
-63.8191
-63.8293
-63.8395
-63.8465
-63.8475
-63.8411
-63.8269
-63.8051
-63.7764
-63.7416
-63.7017
-63.6577
-63.6103
-63.5606
-63.5092
-63.4568
-63.4039
-63.3511
-63.2988
-63.2473
-63.1969
-63.1478
-63.1002
-63.0542
-63.01
-62.9677
-62.9272
-62.8887
-62.852
-62.8173
-62.7846
-62.7537
-62.7247
-62.6975
-62.6721
-62.6485
-62.6266
-62.6063
-62.5877
-62.5706
-62.555
-62.5409
-62.5282
-62.5169
-62.5068
-62.4981
-62.4905
-62.4842
-62.4789
-62.4748
-62.4716
-62.4695
-62.4683
-62.4681
-62.4687
-62.4701
-62.4724
-62.4754
-62.4792
-62.4837
-62.4888
-62.4946
-62.501
-62.508
-62.5155
-62.5235
-62.5321
-62.5411
-62.5506
-62.5605
-62.5708
-62.5816
-62.5926
-62.604
-62.6158
-62.6278
-62.6402
-62.6528
-62.6656
-62.6788
-62.6921
-62.7056
-62.7194
-62.7333
-62.7474
-62.7616
-62.776
-62.7905
-62.8051
-62.8199
-62.8347
-62.8497
-62.8647
-62.8798
-62.895
-62.9102
-62.9254
-62.9407
-62.956
-62.9714
-62.9868
-63.0022
-63.0175
-63.0329
-63.0483
-63.0637
-63.079
-63.0944
-63.1097
-63.1249
-63.1402
-63.1554
-63.1705
-63.1857
-63.2007
-63.2157
-63.2307
-63.2456
-63.2604
-63.2752
-63.2899
-63.3045
-63.3191
-63.3336
-63.348
-63.3623
-63.3766
-63.3907
-63.4048
-63.4188
-63.4327
-63.4466
-63.4603
-63.474
-63.4875
-63.501
-63.5144
-63.5277
-63.5409
-63.554
-63.567
-63.5799
-63.5927
-63.6054
-63.618
-63.6305
-63.643
-63.6553
-63.6675
-63.6796
-63.6917
-63.7036
-63.7154
-63.7272
-63.7388
-63.7504
-63.7618
-63.7732
-63.7844
-63.7956
-63.8066
-63.8176
-63.8284
-63.8392
-63.8499
-63.8605
-63.8709
-63.8813
-63.8916
-63.9018
-63.9119
-63.9219
-63.9319
-63.9417
-63.9514
-63.9611
-63.9706
-63.9801
-63.9895
-63.9987
-64.0079
-64.017
-64.0261
-64.035
-64.0438
-64.0526
-64.0613
-64.0699
-64.0784
-64.0868
-64.0952
-64.1034
-64.1116
-64.1197
-64.1277
-64.1356
-64.1435
-64.1513
-64.159
-64.1635
-64.162
-64.153
-64.1362
-64.1117
-64.0802
-64.0426
-63.9998
-63.9528
-63.9025
-63.8497
-63.7951
-63.7396
-63.6835
-63.6275
-63.5719
-63.5171
-63.4634
-63.411
-63.36
-63.3107
-63.2632
-63.2174
-63.1736
-63.1317
-63.0917
-63.0536
-63.0175
-62.9833
-62.9509
-62.9204
-62.8918
-62.8649
-62.8397
-62.8162
-62.7944
-62.7741
-62.7554
-62.7381
-62.7223
-62.7079
-62.6949
-62.6831
-62.6725
-62.6632
-62.655
-62.648
-62.642
-62.637
-62.633
-62.63
-62.6278
-62.6266
-62.6261
-62.6265
-62.6276
-62.6295
-62.6321
-62.6353
-62.6392
-62.6436
-62.6487
-62.6543
-62.6605
-62.6671
-62.6743
-62.6819
-62.6899
-62.6983
-62.7072
-62.7164
-62.7259
-62.7358
-62.746
-62.7565
-62.7673
-62.7783
-62.7896
-62.8011
-62.8129
-62.8248
-62.837
-62.8493
-62.8618
-62.8744
-62.8872
-62.9001
-62.9131
-62.9263
-62.9395
-62.9529
-62.9663
-62.9798
-62.9934
-63.007
-63.0207
-63.0344
-63.0481
-63.0619
-63.0757
-63.0896
-63.1034
-63.1172
-63.1311
-63.1449
-63.1587
-63.1726
-63.1864
-63.2001
-63.2139
-63.2276
-63.2413
-63.2549
-63.2685
-63.2821
-63.2956
-63.3091
-63.3225
-63.3358
-63.3491
-63.3623
-63.3755
-63.3886
-63.4017
-63.4146
-63.4275
-63.4404
-63.4531
-63.4658
-63.4784
-63.4909
-63.5034
-63.5157
-63.528
-63.5402
-63.5524
-63.5644
-63.5764
-63.5882
-63.6
-63.6117
-63.6233
-63.6349
-63.6463
-63.6577
-63.6689
-63.6801
-63.6912
-63.7022
-63.71
-63.7119
-63.7065
-63.6932
-63.6723
-63.6446
-63.6108
-63.572
-63.529
-63.4827
-63.4341
-63.3838
-63.3325
-63.2807
-63.2291
-63.1779
-63.1276
-63.0783
-63.0304
-62.984
-62.9393
-62.8963
-62.8551
-62.8159
-62.7785
-62.7431
-62.7096
-62.678
-62.6484
-62.6206
-62.5946
-62.5704
-62.548
-62.5273
-62.5082
-62.4908
-62.4748
-62.4605
-62.4475
-62.436
-62.4258
-62.4169
-62.4093
-62.4029
-62.3976
-62.3935
-62.3904
-62.3884
-62.3874
-62.3873
-62.3881
-62.3897
-62.3922
-62.3955
-62.3996
-62.4044
-62.4098
-62.416
-62.4227
-62.4301
-62.438
-62.4465
-62.4555
-62.465
-62.4749
-62.4853
-62.4961
-62.5073
-62.5188
-62.5308
-62.543
-62.5556
-62.5685
-62.5816
-62.595
-62.6087
-62.6225
-62.6366
-62.6509
-62.6654
-62.68
-62.6948
-62.7098
-62.7249
-62.7401
-62.7554
-62.7708
-62.7863
-62.8019
-62.8175
-62.8332
-62.849
-62.8648
-62.8806
-62.8965
-62.9124
-62.9283
-62.9442
-62.9602
-62.9761
-62.992
-63.0079
-63.0238
-63.0396
-63.0554
-63.0712
-63.0869
-63.1026
-63.1183
-63.1339
-63.1494
-63.1649
-63.1803
-63.1957
-63.2109
-63.2262
-63.2413
-63.2564
-63.2714
-63.2863
-63.3011
-63.3158
-63.3305
-63.3451
-63.3596
-63.3739
-63.3882
-63.4025
-63.4166
-63.4306
-63.4445
-63.4583
-63.4721
-63.4857
-63.4992
-63.5126
-63.526
-63.5392
-63.5523
-63.5653
-63.5782
-63.5911
-63.6038
-63.6164
-63.6289
-63.6413
-63.6536
-63.6658
-63.6779
-63.6898
-63.7017
-63.7135
-63.7252
-63.7368
-63.7482
-63.7596
-63.7709
-63.782
-63.7931
-63.804
-63.8149
-63.8257
-63.8363
-63.8469
-63.8573
-63.8677
-63.878
-63.8881
-63.8982
-63.9081
-63.918
-63.9278
-63.9375
-63.9471
-63.9566
-63.966
-63.9753
-63.9845
-63.9936
-64.0026
-64.0116
-64.0204
-64.0292
-64.0379
-64.0464
-64.0549
-64.0633
-64.0717
-64.0799
-64.0881
-64.0961
-64.1041
-64.112
-64.1198
-64.1276
-64.1352
-64.1428
-64.1503
-64.1577
-64.1651
-64.1723
-64.1795
-64.1866
-64.1937
-64.2006
-64.2075
-64.2143
-64.2211
-64.2277
-64.2343
-64.2408
-64.2473
-64.2537
-64.26
-64.2662
-64.2724
-64.2785
-64.2846
-64.2905
-64.2964
-64.3023
-64.3081
-64.3138
-64.3194
-64.325
-64.3305
-64.336
-64.3414
-64.3468
-64.352
-64.3573
-64.3624
-64.3675
-64.3726
-64.3776
-64.3825
-64.3874
-64.3922
-64.397
-64.4017
-64.4064
-64.411
-64.4156
-64.4201
-64.4245
-64.4289
-64.4333
-64.4376
-64.4418
-64.446
-64.4502
-64.4543
-64.4583
-64.4624
-64.4663
-64.4702
-64.4741
-64.4779
-64.4817
-64.4855
-64.4891
-64.4928
-64.4964
-64.5
-64.5035
-64.507
-64.5104
-64.5138
-64.5172
-64.5205
-64.5237
-64.527
-64.5302
-64.5333
-64.5365
-64.5395
-64.5426
-64.5456
-64.5486
-64.5515
-64.5544
-64.5573
-64.5601
-64.5629
-64.5656
-64.5684
-64.5711
-64.5737
-64.5763
-64.5789
-64.5815
-64.584
-64.5865
-64.589
-64.5914
-64.5938
-64.5962
-64.5985
-64.6009
-64.6031
-64.6054
-64.6076
-64.6098
-64.612
-64.6141
-64.6162
-64.6183
-64.6204
-64.6224
-64.6244
-64.6264
-64.6284
-64.6303
-64.6322
-64.6341
-64.6359
-64.6377
-64.6396
-64.6413
-64.6431
-64.6448
-64.6465
-64.6482
-64.6499
-64.6515
-64.6531
-64.6547
-64.6563
-64.6579
-64.6594
-64.6609
-64.6624
-64.6639
-64.6653
-64.6668
-64.6682
-64.6696
-64.6709
-64.6723
-64.6736
-64.6749
-64.6762
-64.6775
-64.6788
-64.68
-64.6812
-64.6824
-64.6836
-64.6848
-64.686
-64.6871
-64.6882
-64.6893
-64.6904
-64.6915
-64.6925
-64.6936
-64.6946
-64.6956
-64.6966
-64.6976
-64.6986
-64.6995
-64.7005
-64.7014
-64.7023
-64.7032
-64.7041
-64.7049
-64.7058
-64.7066
-64.7074
-64.7083
-64.7091
-64.7098
-64.7106
-64.7114
-64.7121
-64.7129
-64.7136
-64.7143
-64.715
-64.7157
-64.7164
-64.7171
-64.7177
-64.7184
-64.719
-64.7196
-64.7202
-64.7208
-64.7214
-64.722
-64.7226
-64.7232
-64.7237
-64.7243
-64.7248
-64.7253
-64.7258
-64.7263
-64.7268
-64.7273
-64.7278
-64.7283
-64.7287
-64.7292
-64.7296
-64.7301
-64.7305
-64.7309
-64.7313
-64.7317
-64.7321
-64.7325
-64.7329
-64.7333
-64.7336
-64.734
-64.7343
-64.7347
-64.735
-64.7354
-64.7357
-64.736
-64.7363
-64.7366
-64.7369
-64.7372
-64.7375
-64.7378
-64.738
-64.7383
-64.7386
-64.7388
-64.7391
-64.7393
-64.7396
-64.7398
-64.74
-64.7402
-64.7404
-64.7407
-64.7409
-64.7411
-64.7413
-64.7414
-64.7416
-64.7418
-64.742
-64.7422
-64.7423
-64.7425
-64.7426
-64.7428
-64.7429
-64.7431
-64.7432
-64.7434
-64.7435
-64.7436
-64.7437
-64.7439
-64.744
-64.7441
-64.7442
-64.7443
-64.7444
-64.7445
-64.7446
-64.7447
-64.7448
-64.7449
-64.745
-64.745
-64.7451
-64.7452
-64.7452
-64.7453
-64.7454
-64.7454
-64.7455
-64.7455
-64.7456
-64.7456
-64.7457
-64.7457
-64.7458
-64.7458
-64.7459
-64.7459
-64.7459
-64.7459
-64.746
-64.746
-64.746
-64.746
-64.7461
-64.7461
-64.7461
-64.7461
-64.7461
-64.7461
-64.7461
-64.7461
-64.7461
-64.7461
-64.7461
-64.7461
-64.7461
-64.7461
-64.7461
-64.7461
-64.7461
-64.7461
-64.7461
-64.7461
-64.746
-64.746
-64.746
-64.746
-64.746
-64.7459
-64.7459
-64.7459
-64.7459
-64.7458
-64.7458
-64.7458
-64.7457
-64.7457
-64.7457
-64.7456
-64.7456
-64.7456
-64.7455
-64.7455
-64.7455
-64.7454
-64.7454
-64.7454
-64.7453
-64.7453
-64.7452
-64.7452
-64.7451
-64.7451
-64.7451
-64.745
-64.745
-64.7449
-64.7449
-64.7542
-64.7655
-64.777
-64.788
-64.7981
-64.8073
-64.8158
-64.8235
-64.8306
-64.8371
-64.8431
-64.8487
-64.8539
-64.8589
-64.8635
-64.8678
-64.8719
-64.8758
-64.8795
-64.883
-64.8863
-64.8895
-64.8925
-64.8953
-64.898
-64.9006
-64.903
-64.9053
-64.9075
-64.9095
-64.9115
-64.9133
-64.915
-64.9166
-64.9182
-64.9196
-64.9209
-64.9222
-64.9233
-64.9244
-64.9254
-64.9263
-64.9272
-64.9279
-64.9286
-64.9293
-64.9298
-64.9303
-64.9307
-64.9311
-64.9314
-64.9317
-64.9319
-64.932
-64.9321
-64.9322
-64.9322
-64.9321
-64.9321
-64.9319
-64.9318
-64.9315
-64.9313
-64.931
-64.9307
-64.9303
-64.9299
-64.9295
-64.929
-64.9285
-64.928
-64.9274
-64.9269
-64.9262
-64.9256
-64.925
-64.9243
-64.9236
-64.9229
-64.9221
-64.9213
-64.9206
-64.9198
-64.9189
-64.9181
-64.9172
-64.9164
-64.9155
-64.9146
-64.9137
-64.9127
-64.9118
-64.9108
-64.9099
-64.9181
-64.9283
-64.9387
-64.9485
-64.9575
-64.9656
-64.9729
-64.9795
-64.9854
-64.9908
-64.9957
-65.0002
-65.0044
-65.0082
-65.0117
-65.0149
-65.0179
-65.0207
-65.0233
-65.0257
-65.0279
-65.03
-65.0319
-65.0336
-65.0352
-65.0367
-65.0381
-65.0393
-65.0403
-65.0413
-65.0422
-65.0429
-65.0436
-65.0441
-65.0446
-65.0449
-65.0452
-65.0454
-65.0455
-65.0455
-65.0455
-65.0453
-65.0451
-65.0449
-65.0445
-65.0441
-65.0437
-65.0431
-65.0425
-65.0419
-65.0412
-65.0405
-65.0397
-65.0388
-65.0379
-65.037
-65.036
-65.035
-65.0339
-65.0328
-65.0317
-65.0305
-65.0293
-65.0281
-65.0268
-65.0255
-65.0242
-65.0228
-65.0214
-65.02
-65.0186
-65.0171
-65.0157
-65.0142
-65.0126
-65.0111
-65.0095
-65.008
-65.0064
-65.0016
-64.9908
-64.9726
-64.9464
-64.9125
-64.8716
-64.8246
-64.7724
-64.7159
-64.6561
-64.5939
-64.53
-64.465
-64.3996
-64.3343
-64.2694
-64.2054
-64.1424
-64.0809
-64.0209
-63.9626
-63.9061
-63.8515
-63.7989
-63.7483
-63.6997
-63.6531
-63.6085
-63.566
-63.5254
-63.4867
-63.45
-63.4151
-63.382
-63.3507
-63.3211
-63.2931
-63.2667
-63.2419
-63.2186
-63.1967
-63.1762
-63.157
-63.1391
-63.1225
-63.107
-63.0927
-63.0795
-63.0673
-63.0562
-63.046
-63.0367
-63.0284
-63.0209
-63.0143
-63.0084
-63.0034
-62.9991
-62.9955
-62.9926
-62.9904
-62.9888
-62.9879
-62.9875
-62.9877
-62.9885
-62.9898
-62.9916
-62.994
-62.9967
-63
-63.0036
-63.0077
-63.0122
-63.0171
-63.0223
-63.0279
-63.0338
-63.04
-63.0465
-63.0533
-63.0604
-63.0677
-63.0753
-63.0831
-63.0911
-63.0994
-63.1078
-63.1165
-63.1253
-63.1343
-63.1434
-63.1527
-63.1621
-63.1717
-63.1813
-63.1911
-63.201
-63.211
-63.2211
-63.2312
-63.2415
-63.2518
-63.2621
-63.2725
-63.2829
-63.2933
-63.3038
-63.3142
-63.3246
-63.335
-63.3454
-63.3558
-63.3661
-63.3764
-63.3866
-63.3969
-63.407
-63.4172
-63.4273
-63.4374
-63.4475
-63.4575
-63.4675
-63.4774
-63.4873
-63.4972
-63.507
-63.5168
-63.5266
-63.5363
-63.546
-63.5557
-63.5653
-63.5748
-63.5843
-63.5937
-63.6031
-63.6123
-63.6215
-63.6306
-63.6396
-63.6486
-63.6574
-63.6662
-63.6749
-63.6835
-63.692
-63.7005
-63.7089
-63.7172
-63.7254
-63.7336
-63.7418
-63.7499
-63.7579
-63.7658
-63.7738
-63.7816
-63.7894
-63.7972
-63.8049
-63.8126
-63.8202
-63.8278
-63.8353
-63.8428
-63.8503
-63.8577
-63.8651
-63.8724
-63.8797
-63.887
-63.8942
-63.9014
-63.9085
-63.9156
-63.9226
-63.9297
-63.9366
-63.9436
-63.9505
-63.9574
-63.9642
-63.971
-63.9777
-63.9844
-63.9911
-63.9977
-64.0043
-64.0109
-64.0174
-64.0239
-64.0303
-64.0367
-64.043
-64.0494
-64.0556
-64.0619
-64.0681
-64.0742
-64.0803
-64.0864
-64.0924
-64.0984
-64.1044
-64.1103
-64.1162
-64.122
-64.1278
-64.1335
-64.1393
-64.1449
-64.1506
-64.1561
-64.1617
-64.1672
-64.1727
-64.1781
-64.1835
-64.1888
-64.1941
-64.1994
-64.2046
-64.2098
-64.2149
-64.22
-64.2251
-64.2301
-64.2351
-64.24
-64.2449
-64.2498
-64.2546
-64.2594
-64.2641
-64.2688
-64.2735
-64.2781
-64.2827
-64.2873
-64.2918
-64.2962
-64.3007
-64.3051
-64.3094
-64.3138
-64.318
-64.3223
-64.3265
-64.3307
-64.3348
-64.3389
-64.343
-64.347
-64.351
-64.3549
-64.3589
-64.3628
-64.3666
-64.3704
-64.3742
-64.3779
-64.3817
-64.3853
-64.389
-64.3926
-64.3962
-64.3997
-64.4032
-64.4067
-64.4102
-64.4136
-64.417
-64.4203
-64.4236
-64.4269
-64.4302
-64.4334
-64.4366
-64.4398
-64.4429
-64.446
-64.4491
-64.4522
-64.4552
-64.4582
-64.4611
-64.4641
-64.467
-64.4699
-64.4727
-64.4755
-64.4783
-64.4811
-64.4838
-64.4866
-64.4892
-64.4919
-64.4945
-64.4971
-64.4997
-64.5023
-64.5048
-64.5073
-64.5098
-64.5123
-64.5147
-64.5171
-64.5195
-64.5219
-64.5242
-64.5265
-64.5288
-64.5311
-64.5333
-64.5356
-64.5378
-64.54
-64.5421
-64.5443
-64.5464
-64.5485
-64.5505
-64.5526
-64.5546
-64.5566
-64.5586
-64.5606
-64.5626
-64.5645
-64.5664
-64.5683
-64.5702
-64.572
-64.5739
-64.5757
-64.5775
-64.5793
-64.581
-64.5828
-64.5845
-64.5862
-64.5879
-64.5896
-64.5912
-64.5929
-64.5945
-64.5961
-64.5977
-64.5992
-64.6008
-64.6023
-64.6039
-64.6054
-64.6069
-64.6084
-64.6098
-64.6113
-64.6127
-64.6141
-64.6155
-64.6169
-64.6183
-64.6197
-64.621
-64.6223
-64.6236
-64.625
-64.6262
-64.6275
-64.6288
-64.63
-64.6313
-64.6325
-64.6337
-64.6349
-64.6361
-64.6373
-64.6384
-64.6396
-64.6407
-64.6419
-64.643
-64.6441
-64.6452
-64.6463
-64.6473
-64.6484
-64.6494
-64.6505
-64.6515
-64.6525
-64.6535
-64.6545
-64.6555
-64.6565
-64.6574
-64.6584
-64.6593
-64.6603
-64.6612
-64.6621
-64.663
-64.6639
-64.6648
-64.6656
-64.6665
-64.6674
-64.6682
-64.6691
-64.6699
-64.6707
-64.6715
-64.6723
-64.6731
-64.6739
-64.6747
-64.6755
-64.6762
-64.677
-64.6777
-64.6753
-64.6669
-64.6511
-64.6273
-64.596
-64.5576
-64.5131
-64.4635
-64.4096
-64.3525
-64.293
-64.2318
-64.1696
-64.107
-64.0444
-63.9824
-63.9213
-63.8612
-63.8026
-63.7455
-63.6902
-63.6366
-63.585
-63.5353
-63.4876
-63.442
-63.3983
-63.3567
-63.317
-63.2793
-63.2436
-63.2097
-63.1777
-63.1474
-63.119
-63.0922
-63.0671
-63.0436
-63.0216
-63.0012
-62.9822
-62.9646
-62.9484
-62.9335
-62.9198
-62.9074
-62.8962
-62.886
-62.877
-62.869
-62.862
-62.856
-62.8509
-62.8466
-62.8433
-62.8377
-62.8271
-62.8102
-62.7864
-62.756
-62.7197
-62.6782
-62.6325
-62.5836
-62.5322
-62.4791
-62.4251
-62.3708
-62.3168
-62.2634
-62.2111
-62.1601
-62.1107
-62.063
-62.0173
-61.9737
-61.9322
-61.8928
-61.8556
-61.8206
-61.7878
-61.7572
-61.7287
-61.7023
-61.678
-61.6556
-61.6352
-61.6167
-61.6
-61.585
-61.5718
-61.5602
-61.5503
-61.5418
-61.5348
-61.5293
-61.5251
-61.5222
-61.5205
-61.5201
-61.5208
-61.5226
-61.5254
-61.5293
-61.5341
-61.5398
-61.5464
-61.5539
-61.5621
-61.5711
-61.5808
-61.5912
-61.6022
-61.6139
-61.6261
-61.6389
-61.6523
-61.6661
-61.6804
-61.6951
-61.7103
-61.7259
-61.7418
-61.7581
-61.7747
-61.7916
-61.8088
-61.8263
-61.844
-61.8619
-61.8801
-61.8984
-61.917
-61.9357
-61.9546
-61.9736
-61.9927
-62.0119
-62.0313
-62.0507
-62.0702
-62.0898
-62.1094
-62.1291
-62.1488
-62.1686
-62.1883
-62.2081
-62.2279
-62.2477
-62.2674
-62.2872
-62.3069
-62.3266
-62.3463
-62.3659
-62.3855
-62.405
-62.4244
-62.4438
-62.4632
-62.4824
-62.5016
-62.5207
-62.5397
-62.5587
-62.5775
-62.5963
-62.615
-62.6335
-62.652
-62.6704
-62.6887
-62.6882
-62.6721
-62.6447
-62.6094
-62.5685
-62.5237
-62.4761
-62.4269
-62.3768
-62.3263
-62.2761
-62.2265
-62.1779
-62.1305
-62.0846
-62.0403
-61.9977
-61.9571
-61.9184
-61.8816
-61.8469
-61.8142
-61.7836
-61.7549
-61.7283
-61.7036
-61.6808
-61.6599
-61.6408
-61.6235
-61.608
-61.5941
-61.5819
-61.5712
-61.562
-61.5543
-61.548
-61.5431
-61.5395
-61.5371
-61.5359
-61.5358
-61.5369
-61.539
-61.5422
-61.5463
-61.5513
-61.5572
-61.5639
-61.5715
-61.5798
-61.5888
-61.5986
-61.609
-61.62
-61.6316
-61.6438
-61.6565
-61.6697
-61.6834
-61.6975
-61.7121
-61.7271
-61.7424
-61.7582
-61.7742
-61.7906
-61.8072
-61.8241
-61.8413
-61.8587
-61.8764
-61.8942
-61.9122
-61.9304
-61.9488
-61.9673
-61.9859
-62.0047
-62.0235
-62.0425
-62.0615
-62.0806
-62.0998
-62.119
-62.1382
-62.1575
-62.1768
-62.1961
-62.2155
-62.2348
-62.2541
-62.2734
-62.2927
-62.3119
-62.3312
-62.3503
-62.3695
-62.3886
-62.4076
-62.4266
-62.4455
-62.4643
-62.4831
-62.5018
-62.5204
-62.5389
-62.5574
-62.5757
-62.594
-62.6122
-62.6303
-62.6482
-62.6661
-62.6839
-62.7015
-62.7191
-62.7365
-62.7539
-62.7711
-62.7882
-62.8052
-62.8221
-62.8388
-62.8555
-62.872
-62.8884
-62.9047
-62.9209
-62.9369
-62.9528
-62.9686
-62.9843
-62.9999
-63.0153
-63.0306
-63.0458
-63.0608
-63.0758
-63.0906
-63.1053
-63.1198
-63.1343
-63.1486
-63.1628
-63.1769
-63.1908
-63.2047
-63.2184
-63.232
-63.2454
-63.2588
-63.272
-63.2851
-63.2981
-63.311
-63.3237
-63.3364
-63.3489
-63.3613
-63.3736
-63.3858
-63.3979
-63.4098
-63.4217
-63.4334
-63.445
-63.4565
-63.4679
-63.4792
-63.4904
-63.5015
-63.5124
-63.5233
-63.5341
-63.5447
-63.5553
-63.5657
-63.5761
-63.5863
-63.5964
-63.6065
-63.6164
-63.6263
-63.636
-63.6457
-63.6553
-63.6647
-63.6741
-63.6834
-63.6926
-63.7017
-63.7107
-63.7196
-63.7284
-63.7372
-63.7458
-63.7544
-63.7629
-63.7713
-63.7796
-63.7878
-63.7959
-63.804
-63.812
-63.8199
-63.8277
-63.8354
-63.8431
-63.8507
-63.8582
-63.8656
-63.8729
-63.8802
-63.8874
-63.8946
-63.9016
-63.9086
-63.9155
-63.9224
-63.9291
-63.9358
-63.9425
-63.949
-63.9555
-63.962
-63.9683
-63.9746
-63.9809
-63.987
-63.9931
-63.9992
-64.0052
-64.0111
-64.0169
-64.0227
-64.0285
-64.0342
-64.0398
-64.0453
-64.0508
-64.0563
-64.0617
-64.067
-64.0723
-64.0775
-64.0827
-64.0878
-64.0929
-64.0979
-64.1028
-64.1077
-64.1126
-64.1174
-64.1221
-64.1268
-64.1315
-64.1361
-64.1407
-64.1452
-64.1496
-64.154
-64.1584
-64.1627
-64.167
-64.1713
-64.1886
-64.2088
-64.2291
-64.2486
-64.2668
-64.2838
-64.3061
-64.3287
-64.3504
-64.3709
-64.3901
-64.4081
-64.4313
-64.4549
-64.484
-64.5133
-64.5413
-64.5677
-64.5924
-64.6154
-64.6369
-64.6571
-64.6761
-64.694
-64.711
-64.7271
-64.7424
-64.757
-64.7709
-64.7841
-64.7968
-64.809
-64.8206
-64.8317
-64.8424
-64.8526
-64.8623
-64.8716
-64.8806
-64.8891
-64.8973
-64.9051
-64.9125
-64.9197
-64.9386
-64.9599
-64.981
-65.001
-65.0196
-65.0368
-65.0527
-65.0673
-65.0809
-65.0935
-65.1112
-65.1294
-65.1469
-65.1635
-65.1789
-65.1991
-65.2195
-65.2449
-65.2704
-65.2946
-65.3171
-65.3378
-65.357
-65.3747
-65.391
-65.4062
-65.4203
-65.4334
-65.4456
-65.457
-65.4677
-65.4777
-65.487
-65.4957
-65.5039
-65.5115
-65.5186
-65.5252
-65.5313
-65.537
-65.5422
-65.5471
-65.5515
-65.5555
-65.5705
-65.5861
-65.6001
-65.6122
-65.6223
-65.6305
-65.6372
-65.6425
-65.6466
-65.6497
-65.652
-65.6536
-65.6546
-65.1851
-64.6565
-64.2053
-63.8459
-63.5623
-63.3363
-63.1537
-63.004
-62.8801
-62.7769
-62.6979
-62.6347
-62.5837
-62.5426
-62.5099
-62.4844
-62.4652
-62.4517
-62.4417
-62.435
-62.4316
-62.4312
-62.4336
-62.4388
-62.4466
-62.4889
-62.5522
-62.6212
-62.689
-62.7537
-62.8152
-62.8736
-62.9294
-62.9829
-63.0346
-63.0847
-63.1335
-63.1811
-63.2278
-63.2736
-63.3186
-63.3628
-63.4203
-63.4799
-63.5389
-63.5962
-63.6515
-63.7048
-63.7562
-63.8058
-63.8537
-63.9002
-63.9453
-63.9892
-64.0318
-64.0733
-64.1202
-64.1675
-64.2137
-64.265
-64.316
-64.3654
-64.4129
-64.4583
-64.5019
-64.5435
-64.5835
-64.622
-64.659
-64.6947
-64.7291
-64.7624
-64.7945
-64.8256
-64.8557
-64.8848
-64.913
-64.9403
-64.9667
-64.9982
-65.0302
-65.0614
-65.0915
-65.1202
-65.1476
-65.1738
-65.1987
-65.2226
-65.244
-65.2631
-65.2804
-65.2963
-65.311
-65.3246
-65.3373
-65.3492
-65.3604
-65.371
-65.381
-65.3906
-65.3996
-65.4082
-65.4165
-65.4244
-65.4434
-65.4645
-65.4855
-65.5054
-65.5239
-65.5411
-65.557
-65.5717
-65.5854
-65.5982
-65.6102
-65.6214
-65.632
-65.6475
-65.6622
-65.6751
-65.6863
-65.6959
-65.7041
-65.7111
-65.7171
-65.7222
-65.7309
-65.7461
-65.7628
-65.7793
-65.7952
-65.8102
-65.8243
-65.8374
-65.8726
-65.9202
-65.9696
-66.017
-66.0613
-66.1022
-66.1398
-66.1744
-66.2064
-66.236
-66.2636
-66.2893
-66.3135
-66.3361
-66.3574
-66.3775
-66.3964
-66.4143
-66.4312
-66.4573
-66.4847
-66.5112
-66.5362
-66.5594
-66.5809
-66.6007
-66.619
-66.636
-66.6517
-66.6663
-66.6799
-66.6924
-66.7041
-66.7149
-66.7249
-66.7391
-66.7536
-66.7674
-66.7803
-66.792
-66.8027
-66.8124
-66.8211
-66.8289
-66.8359
-66.8421
-66.8476
-66.8524
-66.8566
-66.8602
-66.8632
-66.8656
-66.8674
-66.8687
-66.8744
-66.8806
-66.8863
-66.8912
-66.8952
-66.908
-66.9219
-66.9351
-66.9468
-66.9569
-66.9655
-66.9726
-66.9783
-66.9829
-66.9864
-66.9889
-66.9906
-66.9882
-66.9792
-66.962
-66.9362
-66.9023
-66.861
-66.8131
-66.7596
-66.7016
-66.6207
-66.5211
-66.4084
-66.2868
-66.1592
-66.0334
-65.9068
-65.7853
-65.6654
-65.5465
-65.4289
-65.313
-65.1993
-65.0881
-64.9797
-64.8745
-64.7726
-64.6742
-64.5793
-64.4851
-64.3889
-64.2895
-64.1865
-64.0803
-63.9714
-63.8607
-63.7492
-63.6375
-63.5266
-63.4172
-63.3097
-63.2048
-63.1029
-63.0042
-62.909
-62.8175
-62.7299
-62.6767
-62.6385
-62.6065
-62.5772
-62.5641
-62.5551
-62.5471
-62.539
-62.5308
-62.5225
-62.5143
-62.5064
-62.4991
-62.4925
-62.4868
-62.4819
-62.4781
-62.4754
-62.4736
-62.4729
-62.4733
-62.4746
-62.4769
-62.4802
-62.4843
-62.4894
-62.4952
-62.5019
-62.5168
-62.534
-62.5519
-62.57
-62.5879
-62.6056
-62.6306
-62.6571
-62.6835
-62.7094
-62.7345
-62.759
-62.7828
-62.8061
-62.8289
-62.8513
-62.8734
-62.8952
-62.9167
-62.938
-62.9591
-62.98
-63.0007
-63.0212
-63.0415
-63.0616
-63.0815
-63.1012
-63.1206
-63.1399
-63.159
-63.1778
-63.1965
-63.2149
-63.233
-63.2509
-63.2686
-63.286
-63.3032
-63.3201
-63.3368
-63.3532
-63.3694
-63.3854
-63.4011
-63.4166
-63.4318
-63.4468
-63.4616
-63.4762
-63.5009
-63.5277
-63.5543
-63.58
-63.6044
-63.6277
-63.6498
-63.6708
-63.6909
-63.7101
-63.7285
-63.7462
-63.7633
-63.7798
-63.7957
-63.8111
-63.826
-63.8404
-63.8544
-63.8679
-63.881
-63.8937
-63.906
-63.918
-63.9296
-63.9408
-63.9517
-63.9623
-63.9726
-63.9826
-63.9923
-64.0018
-64.011
-64.0199
-64.0286
-64.037
-64.0453
-64.0533
-64.061
-64.0686
-64.076
-64.0832
-64.0901
-64.0969
-64.1034
-64.1098
-64.116
-64.1219
-64.1277
-64.1332
-64.1386
-64.1438
-64.1488
-64.1536
-64.1582
-64.1627
-64.167
-64.1712
-64.1752
-64.179
-64.1828
-64.1863
-64.1898
-64.1931
-64.1963
-64.1993
-64.2022
-64.2049
-64.2076
-64.21
-64.2124
-64.2145
-64.2166
-64.2185
-64.2203
-64.222
-64.2235
-64.2248
-64.2261
-64.2272
-64.2281
-64.229
-64.2297
-64.2304
-64.2309
-64.2313
-64.2317
-64.2319
-64.2321
-64.2322
-64.2323
-64.2323
-64.2322
-64.2321
-64.2319
-64.2316
-64.2313
-64.2308
-64.2304
-64.2298
-64.2292
-64.2285
-64.2278
-64.227
-64.2261
-64.2251
-64.2241
-64.223
-64.2218
-64.2206
-64.2193
-64.2179
-64.2165
-64.215
-64.2135
-64.212
-64.2104
-64.2088
-64.2072
-64.2056
-64.204
-64.2023
-64.2007
-64.1991
-64.1974
-64.1958
-64.1942
-64.1927
-64.1911
-64.1895
-64.188
-64.1865
-64.185
-64.1836
-64.1821
-64.1806
-64.1792
-64.1777
-64.1762
-64.1748
-64.1733
-64.1718
-64.1703
-64.1688
-64.1672
-64.1657
-64.1642
-64.1628
-64.1613
-64.1598
-64.1584
-64.1569
-64.1555
-64.1541
-64.1528
-64.1515
-64.1502
-64.1489
-64.1477
-64.1464
-64.1453
-64.1441
-64.143
-64.142
-64.141
-64.14
-64.139
-64.1381
-64.1372
-64.1364
-64.1356
-64.1348
-64.1341
-64.1334
-64.1328
-64.1321
-64.1316
-64.131
