21
26
28
29
30
31
36
40
41
42
140
141
142
143
148
149
155
156
157
160
166
167
168
171
174
262
264
266
267
271
273
279
280
283
284
286
287
289
290
294
297
299
301
384
389
390
391
394
399
401
404
408
409
411
414
418
426
521
523
527
528
530
531
532
533
539
540
541
546
640
646
651
659
660
662
665
667
5896
5900
5906
5908
5909
5911
5914
5917
6017
6020
6022
6023
6030
6031
6035
6040
6042
6045
6139
6142
6144
6146
6149
6151
6152
6154
6155
6156
6157
6158
6162
6167
6170
6173
6263
6264
6265
6267
6270
6272
6273
6274
6280
6282
6285
6286
6290
6291
6294
6295
6296
6300
6388
6390
6391
6392
6394
6398
6402
6403
6404
6411
6413
6416
6421
6423
6515
6516
6517
6520
6522
6526
6527
6528
6529
6536
6539
6540
6541
6546
6549
6641
6642
6646
6648
6651
6652
6653
6654
6661
6662
6665
6666
6769
6771
6773
6778
6779
6785
6789
6791
6900
6901
6904
6905
6906
13277
13278
13281
13282
13283
13399
13400
13401
13402
13406
13411
13412
13527
13528
13537
13649
13650
13654
13655
13657
13658
13660
13664
19280
19282
19283
19284
19288
19290
19391
19394
19396
19400
19402
19406
19407
19408
19409
19410
19413
19416
19422
19423
19510
19512
19515
19516
19517
19519
19520
19521
19522
19527
19532
19533
19534
19535
19536
19537
19540
19543
19544
19545
19547
19548
19549
19550
19551
19552
19635
19639
19641
19642
19645
19649
19650
19652
19653
19655
19657
19659
19662
19663
19665
19668
19670
19676
19677
19760
19764
19768
19769
19770
19775
19778
19779
19781
19790
19792
19799
19800
19886
19887
19890
19891
19898
19905
19906
19907
19913
19916
19918
19919
19921
19923
20020
20025
20027
20029
20030
20032
20034
20036
20037
20042
