648
649
651
652
654
655
656
658
661
662
664
763
768
770
776
777
779
780
784
789
791
793
795
796
797
799
885
891
893
896
897
898
901
902
904
905
906
909
910
911
912
917
918
919
920
921
922
1009
1011
1015
1016
1019
1021
1023
1027
1028
1029
1032
1033
1040
1049
1053
1137
1138
1139
1142
1146
1149
1152
1153
1154
1158
1163
1165
1167
1169
1171
1175
1272
1277
1278
1279
1281
1283
1286
2523
2526
2530
2534
2537
2538
2642
2643
2645
2649
2651
2652
2653
2659
2661
2665
2669
2767
2773
2775
2776
2777
2783
2785
2788
2792
2794
2895
2896
2904
2905
2906
2909
2910
10647
10659
10662
10663
10664
10772
10773
10775
10777
10779
10782
10783
10784
10788
10790
10793
10900
10901
10903
10905
10906
10907
10908
10909
10911
10914
12265
12268
12269
12270
12272
12274
12275
12277
12279
12283
12284
12285
12286
12287
12289
12290
12294
12299
12390
12394
12396
12399
12400
12403
12408
12409
12410
12411
12412
12414
12420
12421
12422
12425
12427
12428
12509
12514
12515
12516
12517
12518
12524
12525
12528
12529
12532
12534
12535
12536
12537
12541
12545
12546
12638
12642
12643
12644
12646
12648
12651
12652
12654
12656
12659
12662
12673
12675
12676
12677
12768
12770
12772
12774
12779
12781
12785
12792
