2774
2775
2776
2780
2782
2783
2784
2785
2786
2789
2790
2894
2904
2905
2908
2909
2910
2913
3018
3019
3021
3022
3023
3024
3026
3027
3028
3029
3030
3035
3036
3143
3144
3145
3150
3152
3153
3159
3160
3163
3168
3274
3275
3279
3281
3284
3285
3288
3289
3398
3403
3405
3406
3410
3411
6281
6282
6283
6285
6286
6395
6400
6403
6405
6409
6411
6413
6414
6416
6417
6518
6519
6521
6524
6525
6527
6529
6531
6534
6535
6536
6537
6538
6540
6541
6542
6543
6544
6546
6639
6643
6650
6654
6661
6662
6664
6665
6670
6672
6674
6763
6764
6770
6772
6775
6777
6779
6780
6781
6782
6783
6785
6787
6789
6791
6792
6793
6799
6887
6888
6893
6899
6900
6902
6904
6910
6912
6914
6917
6918
6922
6924
6925
6926
7017
7021
7024
7025
7027
7028
7035
7037
7041
7045
7046
7047
7049
7050
7051
7052
7053
7134
7137
7138
7140
7144
7145
7148
7150
7152
7153
7154
7155
7158
7160
7161
7162
7163
7165
7166
7167
7169
7176
7259
7260
7264
7265
7272
7273
7276
7279
7280
7282
7283
7285
7286
7287
7289
7296
7297
7299
7300
7302
7303
7384
7391
7392
7393
7394
7397
7399
7402
7406
7411
7412
7414
7415
7416
7418
7419
7420
7421
7509
7514
7516
7518
7519
7521
7524
7526
7528
7529
7532
7536
7537
7539
7541
7542
7547
7548
7550
7554
7637
7638
7641
7642
7645
7647
7648
7649
7651
7654
7659
7661
7665
7666
7667
7670
7675
7677
7678
7762
7767
7768
7770
7773
7775
7778
7779
7781
7782
7785
7789
7792
7795
7797
7798
7801
7889
7890
7891
7892
7894
7895
7896
7898
7901
7902
7903
7906
7909
7910
7911
7912
7915
7916
7919
7920
8012
8013
8015
8018
8022
8025
8028
8029
8037
8038
8040
8041
8142
8149
8151
8153
8155
8156
8157
8160
8162
8163
8165
8167
8169
8170
8263
8269
8270
8271
8274
8277
8279
8280
8281
8282
8285
8289
8290
8291
8292
8294
8295
8299
8388
8391
8393
8395
8399
8403
8404
8405
8409
8412
8413
8415
8416
8417
8423
8514
8515
8516
8520
8524
8525
8526
8530
8531
8534
8535
8537
8538
8540
8541
8547
8639
8640
8644
8647
8650
8651
8652
8660
8661
8662
8663
8664
8668
8670
8672
8765
8767
8768
8769
8771
8780
8781
8782
8784
8785
8786
8788
8790
8791
8793
8796
8797
8896
8899
8900
8901
8902
8903
8905
8906
8908
8910
8913
8917
8920
8923
9017
9018
9020
9021
9023
9024
9025
9028
9030
9035
9036
9037
9038
9040
9043
9044
9046
9142
9143
9145
9147
9152
9156
9158
9159
9160
9161
9162
9170
9268
9270
9272
9274
9275
9278
9280
9281
9282
9283
9287
9288
9292
9293
9392
9394
9404
9406
9407
9409
9410
9411
9412
9413
9416
9417
9420
9421
9521
9522
9524
9527
9534
9537
9539
9541
9647
9649
9658
9659
9662
9663
9666
9775
9778
9781
9782
9786
9788
9903
9904
9905
9912
9916
