4683
4684
4690
4794
4799
4801
4802
4804
4805
4807
4814
4818
4913
4915
4916
4919
4921
4925
4927
4928
4929
4930
4931
4933
4934
4938
4940
4942
4946
4949
5036
5040
5043
5046
5047
5048
5050
5051
5052
5056
5061
5062
5063
5065
5070
5073
5074
5160
5162
5163
5166
5169
5170
5171
5174
5175
5177
5181
5182
5183
5184
5185
5187
5189
5190
5191
5192
5196
5197
5202
5287
5288
5291
5292
5294
5295
5297
5298
5303
5304
5308
5310
5311
5317
5318
5319
5323
5324
5328
5409
5414
5417
5419
5421
5425
5427
5428
5430
5434
5439
5442
5444
5446
5447
5449
5452
5535
5537
5542
5545
5549
5550
5551
5553
5556
5561
5562
5565
5568
5572
5573
5575
5659
5662
5663
5664
5665
5667
5668
5670
5671
5672
5675
5676
5679
5682
5684
5686
5690
5696
5699
5701
5787
5788
5790
5791
5794
5795
5797
5802
5804
5806
5807
5808
5810
5818
5819
5826
5912
5914
5915
5916
5917
5922
5926
5929
5933
5938
5941
5942
5943
5947
5948
6038
6040
6046
6048
6050
6052
6053
6056
6057
6058
6060
6061
6063
6068
6069
6073
6165
6169
6171
6173
6174
6178
6179
6180
6184
6186
6191
6193
6194
6196
6198
6293
6294
6295
6296
6303
6306
6310
6313
6320
6422
6423
6424
6428
6429
6430
6434
6440
17669
17670
17677
17679
17681
17684
17685
17689
17690
17691
17692
17693
17796
17800
17803
17805
17807
17814
17815
17816
17817
17819
17820
17821
17914
17915
17917
17920
17921
17922
17926
17930
17932
17935
17936
17939
17943
18040
18042
18044
18045
18049
18050
18051
18052
18053
18055
18056
18057
18058
18061
18065
18067
18070
18071
18074
18166
18167
18170
18172
18173
18175
18176
18179
18180
18183
18187
18188
18198
18199
18292
18293
18294
18295
18296
18298
18299
18302
18307
18310
18318
18418
18419
18420
18421
18426
18428
18429
18430
18434
18435
18436
18440
18441
18545
18546
18550
18553
18554
18556
18557
18561
18562
