5810
5811
5813
5921
5922
5929
5934
5935
5936
5939
5940
5941
6041
6042
6045
6046
6047
6048
6049
6054
6055
6056
6060
6061
6063
6064
6065
6066
6069
6071
6072
6073
6162
6165
6168
6169
6172
6174
6177
6179
6184
6186
6187
6188
6190
6192
6193
6195
6201
6285
6287
6290
6291
6294
6295
6303
6304
6307
6309
6310
6312
6315
6316
6321
6322
6323
6328
6409
6413
6414
6415
6417
6422
6424
6429
6435
6436
6437
6440
6441
6445
6534
6539
6542
6543
6544
6547
6548
6554
6555
6557
6558
6561
6563
6564
6572
6575
6576
6578
6662
6663
6667
6670
6671
6672
6673
6675
6676
6679
6680
6681
6683
6687
6688
6689
6692
6693
6695
6696
6697
6703
6787
6791
6796
6797
6798
6799
6800
6801
6802
6803
6809
6810
6812
6814
6816
6817
6818
6821
6822
6824
6827
6911
6912
6914
6915
6920
6923
6924
6928
6931
6932
6933
6934
6935
6937
6938
6939
6941
6945
7039
7040
7042
7043
7044
7046
7047
7049
7050
7051
7052
7054
7057
7058
7059
7062
7063
7064
7066
7067
7069
7071
7173
7174
7176
7177
7180
7181
7187
7194
7300
7301
7302
7303
7305
7306
7310
18296
18303
18307
18308
18309
18310
18314
18414
18415
18416
18418
18419
18420
18422
18425
18426
18427
18430
18431
18434
18435
18437
18439
18441
18445
18446
18447
18540
18543
18544
18547
18548
18549
18550
18552
18553
18555
18557
18560
18561
18562
18564
18565
18567
18569
18574
18660
18668
18671
18672
18673
18674
18681
18682
18683
18686
18687
18689
18691
18693
18694
18695
18696
18697
18700
18702
18786
18789
18790
18791
18792
18794
18795
18796
18806
18807
18809
18811
18812
18815
18817
18818
18819
18826
18827
18918
18924
18926
18927
18928
18931
18941
18944
18948
19052
19056
19059
19060
19061
19062
