891
895
896
897
899
901
903
904
905
907
1012
1016
1019
1021
1023
1025
1029
1030
1031
1032
1037
1039
1043
1045
1131
1132
1134
1137
1139
1143
1149
1150
1158
1164
1165
1166
1168
1172
1263
1265
1266
1267
1273
1275
1276
1278
1281
1283
1285
1287
1288
1380
1382
1386
1391
1394
1397
1398
1400
1404
1405
1406
1414
1512
1516
1520
1521
1528
1530
1533
1537
1538
1539
1540
1542
7017
7019
7020
7025
7027
7028
7029
7032
7033
7034
7142
7147
7150
7151
7154
7157
7158
7159
7163
7260
7261
7263
7272
7274
7275
7276
7279
7280
7283
7285
7286
7290
7291
7388
7389
7390
7391
7394
7396
7398
7401
7403
7405
7407
7412
7416
7418
7508
7512
7514
7516
7517
7522
7525
7529
7530
7532
7533
7537
7541
7545
7636
7641
7644
7645
7646
7648
7649
7651
7653
7656
7658
7663
7664
7665
7667
7668
7760
7768
7772
7775
7783
7784
7787
7889
7891
7893
7896
7897
7899
7901
7902
7904
7907
7908
7910
7911
7912
8021
8022
8024
8025
8030
8033
14142
14145
14153
14156
14157
14158
14160
14264
14265
14266
14267
14270
14273
14275
14277
14280
14284
14285
14287
14388
14395
14396
14397
14402
14403
14409
14412
14414
14512
14515
14516
14517
14519
14521
14525
14528
14533
14534
14537
14639
14640
14642
14643
14648
14649
14651
14654
14657
14659
14661
14662
14663
14768
14773
14774
14777
14778
14779
14784
14786
14901
14902
14904
20142
20144
20145
20148
20149
20153
20158
20159
20259
20261
20265
20266
20269
20270
20273
20274
20275
20276
20277
20286
20289
20290
20294
20295
20383
20384
20387
20390
20391
20395
20396
20397
20398
20404
20405
20406
20407
20408
20409
20415
20416
20422
20508
20509
20511
20514
20520
20522
20524
20526
20528
20529
20531
20532
20535
20537
20539
20542
20543
20548
20632
20633
20634
20638
20640
20642
20647
20649
20657
20663
20667
20669
20670
20672
20760
20761
20764
20768
20769
20771
20772
20774
20776
20778
20782
20786
20788
20790
20792
