3274
3277
3278
3397
3398
3402
3405
3406
3407
3408
3525
3529
3530
11528
11529
11531
11532
11533
11535
11642
11643
11644
11646
11650
11651
11652
11653
11655
11662
11663
11768
11769
11777
11778
11779
11781
11782
11783
11890
11891
11894
11896
11901
11902
11904
11909
12024
12033
12034
12035
12040
12042
12043
12134
12138
12146
12149
12151
12152
12163
12164
12168
12259
12260
12263
12269
12277
12283
12385
12390
12394
12395
12397
12401
12410
12411
12412
12413
12416
12417
12514
12519
12520
12521
12523
12527
12528
12529
12530
12533
12538
12541
12545
12637
12639
12641
12643
12644
12645
12646
12647
12651
12652
12653
12656
12657
12659
12660
12665
12666
12670
12760
12763
12765
12766
12768
12769
12771
12774
12776
12779
12780
12783
12787
12788
12790
12791
12794
12796
12886
12887
12891
12893
12899
12903
12905
12908
12911
12913
12914
12921
13008
13009
13010
13012
13018
13020
13021
13023
13025
13026
13027
13028
13029
13035
13037
13041
13042
13044
13142
13144
13145
13149
13150
13151
13153
13154
13156
13157
13161
13164
13166
13168
13170
13256
13257
13260
13265
13266
13267
13269
13270
13275
13276
13277
13283
13284
13288
13290
13293
13294
13296
13298
13379
13380
13381
13387
13389
13390
13393
13400
13402
13403
13404
13405
13407
13411
13413
13414
13416
13417
13418
13504
13506
13507
13508
13514
13516
13517
13518
13523
13527
13529
13533
13535
13536
13537
13538
13539
13540
13541
13542
13545
13547
13629
13632
13635
13638
13642
13644
13648
13650
13651
13652
13655
13656
13657
13658
13659
13664
13665
13668
13669
13754
13756
13757
13758
13761
13762
13763
13768
13769
13770
13773
13775
13778
13779
13788
13790
13791
13792
13794
13795
13799
13884
13885
13888
13889
13890
13892
13895
13899
13901
13902
13903
13906
13908
13910
13912
13915
13916
13919
13921
13922
14010
14014
14015
14018
14019
14021
14022
14023
14027
14030
14031
14032
14033
14035
14041
14042
14045
14046
14047
14048
14130
14131
14137
14138
14139
14140
14143
14145
14147
14149
14153
14155
14156
14158
14160
14161
14162
14168
14173
14258
14265
14266
14268
14269
14270
14271
14274
14277
14280
14282
14283
14285
14286
14287
14288
14290
14291
14292
14296
14297
14384
14385
14389
14391
14393
14395
14396
14399
14400
14403
14405
14407
14408
14410
14414
14415
14416
14420
14509
14511
14515
14517
14519
14520
14523
14529
14530
14537
14540
14544
14637
14640
14643
14644
14647
14648
14649
14653
14654
14658
14659
14660
14666
14768
14769
14771
14772
14779
14780
14782
14784
14785
14786
19282
19395
19398
19400
19401
19405
19406
19412
19511
19513
19514
19519
19527
19532
19534
19537
19542
19635
19636
19639
19642
19643
19645
19646
19648
19652
19654
19655
19656
19660
19662
19663
19664
19667
19761
19766
19767
19769
19771
19780
19783
19784
19786
19790
19891
19894
19896
19901
19903
19908
19910
19912
20022
20025
20027
20030
20031
