14300
14301
14302
14303
14307
14309
14310
14311
14422
14426
14428
14433
14438
14440
14441
14545
14547
14551
14554
14557
14558
14559
14561
14562
14565
14568
14670
14674
14680
14684
14688
14692
14694
14793
14794
14799
14803
14806
14808
14813
14814
14819
14820
14918
14921
14924
14927
14932
14934
14935
14937
14941
14943
14945
15048
15052
15054
15055
15062
15064
15065
15068
15169
15171
15172
15179
15189
15190
15191
15192
15297
15299
15303
15304
15306
15313
15314
17927
17928
17931
17936
18046
18049
18057
18060
18067
18068
18070
18165
18171
18172
18174
18175
18177
18184
18192
18193
18195
18196
18199
18288
18290
18293
18294
18296
18299
18301
18302
18303
18306
18307
18312
18315
18316
18317
18321
18323
18325
18413
18414
18415
18419
18422
18423
18427
18428
18429
18431
18433
18437
18441
18442
18446
18447
18448
18450
18538
18543
18544
18545
18546
18547
18553
18559
18560
18561
18566
18569
18570
18577
18578
18659
18660
18662
18669
18672
18673
18674
18677
18678
18687
18688
18691
18692
18693
18696
18697
18699
18786
18787
18788
18789
18790
18791
18792
18795
18796
18799
18801
18803
18804
18807
18808
18810
18814
18816
18818
18824
18826
18828
18912
18917
18919
18920
18923
18924
18925
18926
18930
18933
18934
18935
18937
18945
18946
18947
18949
18950
19039
19040
19041
19043
19044
19045
19054
19056
19057
19058
19061
19063
19064
19065
19066
19067
19172
19174
19175
19176
19180
19183
19185
