505
509
511
512
513
515
518
521
522
523
524
527
529
530
533
534
535
536
537
540
545
632
633
634
636
638
639
640
642
646
647
650
651
655
660
666
764
765
766
768
769
775
780
782
5642
5643
5644
5646
5650
5653
5654
5662
5762
5764
5767
5774
5775
5776
5777
5780
5785
5790
5883
5886
5888
5892
5894
5895
5897
5898
5899
5907
5908
5909
5913
5915
5916
5921
6008
6010
6012
6016
6018
6020
6021
6023
6025
6029
6030
6031
6032
6033
6038
6041
6042
6045
6131
6138
6141
6143
6145
6147
6148
6149
6151
6152
6155
6156
6159
6161
6163
6165
6166
6167
6168
6169
6259
6260
6264
6267
6269
6270
6271
6275
6276
6277
6278
6279
6280
6281
6283
6284
6286
6287
6288
6289
6292
6296
6384
6389
6391
6392
6397
6398
6399
6401
6403
6405
6408
6410
6414
6417
6419
6512
6513
6514
6515
6516
6517
6518
6520
6522
6524
6527
6533
6534
6536
6537
6538
6642
6644
6646
6650
6653
6654
6661
10654
10899
10900
10901
10905
11025
11026
11027
11028
11030
11031
11036
11038
11039
11140
11144
11147
11149
11150
11151
11153
11157
11159
11162
11163
11263
11268
11275
11276
11278
11282
11284
11285
11388
11389
11394
11395
11401
11402
11405
11408
11409
11411
11412
11519
11520
11524
11527
11528
11533
11534
11539
11543
11638
11642
11643
11644
11646
11649
11650
11651
11653
11656
11665
11666
11766
11779
11781
11783
11785
11786
11788
11790
11793
11886
11887
11888
11890
11895
11899
11902
11906
11909
11910
11913
11914
12009
12014
12016
12022
12024
12025
12027
12030
12032
12044
12045
12134
12139
12140
12142
12147
12151
12152
12153
12154
12155
12156
12159
12164
12165
12260
12262
12267
12270
12271
12276
12279
12281
12387
12388
12389
12392
12396
12397
12401
12403
12408
12411
12414
12415
12417
12418
12420
12512
12514
12515
12516
12517
12519
12520
12521
12523
12530
12533
12535
12633
12635
12639
12640
12645
12647
12655
12656
12657
12661
12664
12668
12669
12758
12761
12762
12768
12769
12770
12774
12776
12777
12782
12783
12786
12788
12790
12793
12884
12891
12892
12896
12899
12903
12905
12910
12914
13011
13014
13015
13017
13021
13022
13023
13024
13025
13027
13028
13030
13031
13035
13036
13037
13138
13142
13145
13146
13147
13148
13153
13157
13159
13272
13273
13278
13279
13280
13282
13396
13399
13404
13405
13406
19391
19393
19396
19397
19400
19402
19404
19406
19410
19412
19512
19515
19517
19521
19525
19527
19528
19529
19531
19532
19533
19536
19537
19539
19541
19543
19636
19637
19639
19642
19643
19644
19646
19651
19652
19654
19655
19658
19659
19660
19661
19662
19666
19668
19669
19670
19671
19756
19762
19763
19766
19768
19769
19770
19771
19773
19774
19775
19776
19778
19780
19781
19786
19787
19788
19789
19790
19791
19792
19795
19797
19880
19881
19882
19893
19895
19897
19899
19909
19911
19916
19919
20010
20013
20016
20017
20019
20021
20022
20023
20025
20026
20027
20028
20029
20030
20031
20032
20033
20035
20036
20037
20039
20040
20041
20042
