1521
1522
1528
1529
1531
1533
1535
1536
1635
1639
1640
1642
1644
1655
1657
1658
1659
1660
1661
1662
1665
1667
1668
1670
1757
1759
1761
1762
1763
1764
1765
1767
1768
1770
1771
1772
1778
1779
1784
1785
1786
1788
1789
1790
1792
1794
1796
1798
1879
1880
1882
1884
1885
1886
1887
1888
1891
1893
1894
1896
1897
1898
1900
1901
1903
1905
1907
1912
1914
1915
1916
1917
1918
1920
1923
2009
2011
2017
2018
2019
2021
2024
2025
2026
2028
2036
2037
2039
2040
2042
2145
2151
2152
2156
3392
3394
3395
3396
3399
3400
3401
3404
3405
3408
3410
3513
3514
3515
3517
3519
3520
3523
3524
3526
3528
3531
3533
3639
3641
3645
3647
3649
3652
3653
3659
3661
3663
3665
3666
3764
3772
3774
3779
3780
18152
18153
18264
18267
18274
18275
18277
18278
18284
18285
18286
18287
18391
18396
18397
18402
18406
18407
18408
18409
18411
18413
19770
19772
19774
19777
19779
19780
19787
19884
19887
19890
19893
19896
19897
19903
19904
19907
19908
19910
19912
19913
19916
19917
19920
20005
20011
20012
20014
20015
20016
20017
20019
20021
20022
20024
20025
20026
20031
20033
20038
20040
20041
20042
20043
20130
20135
20136
20137
20138
20140
20141
20142
20144
20145
20147
20148
20149
20150
20154
20158
20159
20163
20166
20167
20258
20260
20261
20262
20264
20267
20268
20271
20272
20279
20280
20281
20283
20284
20285
20286
20288
20290
20294
20388
