3548
3552
3553
3556
3558
3560
3563
3566
3567
3568
3569
3671
3679
3680
3683
3687
3688
3691
3694
3790
3791
3794
3795
3799
3802
3809
3810
3811
3818
3916
3923
3929
3930
3933
3937
3939
3946
4044
4045
4047
4051
4053
4054
4057
4058
4060
9929
9930
9933
9935
9937
9939
9941
10050
10053
10062
10063
10066
10173
10174
10175
10176
10177
10179
10180
10185
10188
10296
10304
10307
10308
10309
10316
10423
10424
10427
10428
10429
10431
10434
10435
10436
10437
10439
10444
10446
10448
10547
10548
10552
10555
10557
10559
10561
10563
10564
10568
10669
10671
10672
10674
10677
10680
10681
10682
10684
10685
10687
10688
10689
10693
10694
10696
10792
10793
10796
10797
10798
10803
10805
10806
10808
10810
10813
10817
10914
10915
10916
10921
10922
10923
10927
10928
10935
10937
10939
10940
10941
10943
10945
10948
10950
10951
11037
11039
11042
11044
11046
11049
11052
11054
11055
11057
11059
11061
11063
11065
11066
11067
11077
11161
11162
11163
11169
11173
11175
11176
11178
11179
11180
11181
11182
11183
11184
11189
11190
11192
11193
11202
11286
11287
11290
11291
11297
11298
11299
11300
11305
11310
11313
11319
11324
11327
11411
11412
11415
11416
11419
11427
11428
11430
11431
11433
11437
11438
11440
11445
11451
11452
11453
11535
11540
11541
11544
11546
11547
11548
11551
11552
11554
11555
11556
11560
11566
11569
11574
11659
11664
11669
11676
11683
11685
11686
11688
11689
11691
11703
11783
11785
11788
11789
11791
11794
11796
11800
11801
11808
11811
11812
11813
11818
11827
11828
11909
11910
11913
11914
11915
11919
11920
11921
11922
11926
11927
11930
11933
11934
11937
11938
11941
11943
11945
11950
11951
11954
12033
12034
12042
12045
12046
12047
12048
12055
12062
12066
12072
12073
12076
12077
12160
12163
12166
12171
12174
12176
12177
12178
12180
12181
12182
12183
12188
12189
12192
12193
12194
12196
12200
12201
12283
12284
12286
12292
12295
12296
12300
12301
12303
12311
12312
12313
12316
12318
12320
12322
12323
12324
12328
12412
12424
12427
12429
12430
12434
12438
12439
12440
12442
12444
12450
12451
12534
12538
12540
12541
12549
12550
12554
12555
12556
12559
12562
12563
12564
12568
12569
12570
12572
12658
12665
12667
12668
12671
12673
12676
12677
12679
12680
12684
12687
12688
12689
12692
12695
12696
12697
12698
12699
12701
12705
12785
12789
12794
12796
12797
12799
12801
12802
12803
12805
12812
12815
12821
12823
12825
12826
12827
12908
12910
12911
12913
12923
12924
12926
12927
12929
12932
12934
12937
12938
12942
12943
12944
12946
12954
13039
13044
13046
13047
13050
13052
13055
13057
13059
13061
13063
13067
13069
13075
13168
13171
13172
13173
13177
13178
13179
13181
13182
13188
13191
13195
13288
13298
13300
13301
13302
13303
13304
13308
13309
13310
13312
13313
13321
13416
13417
13421
13424
13425
13428
13430
13434
13435
13436
13442
13443
13446
13549
13551
13552
13555
13557
13561
13563
13565
19924
19929
19930
19936
19937
19938
20039
20042
20044
20048
20049
20050
20051
20052
20058
20062
20064
20065
20067
20068
20069
20070
20072
20074
20165
20166
20168
20170
20172
20176
20180
20181
20185
20189
20190
20191
20192
20196
20198
20199
20200
20202
20203
20284
20287
20289
20291
20292
20293
20299
20301
20305
20306
20309
20310
20311
20312
20313
20318
20321
20327
20409
20410
20412
20417
20423
20426
20427
20430
20432
20434
20435
20440
20447
20449
20451
20452
20540
20544
20545
20547
20550
20552
20553
20556
20559
20561
20563
20567
20571
20574
20669
20674
20676
20678
20680
20683
20685
20686
20689
20690
