1896
1897
1899
1900
1904
1905
1908
1909
1911
2011
2012
2014
2019
2020
2022
2024
2028
2030
2035
2036
2039
2042
2133
2134
2139
2141
2142
2143
2149
2150
2151
2152
2154
2156
2157
2158
2163
2164
2166
2256
2262
2263
2267
2268
2269
2270
2271
2273
2275
2276
2277
2281
2285
2286
2287
2288
2291
2392
2393
2394
2396
2397
2399
2403
2404
2405
2407
2408
2410
2419
2420
2507
2513
2514
2515
2518
2521
2528
2529
2530
2531
2534
2540
2541
2543
2544
2634
2635
2638
2643
2646
2647
2648
2650
2651
2656
2657
2659
2660
2663
2666
2668
2767
2768
2770
2773
2774
2775
2777
2779
16150
16153
16272
16283
16399
16401
16402
16405
20642
20646
20649
20651
20652
20654
20655
20658
20660
20759
20760
20765
20766
20767
20771
20772
20774
20779
20785
20791
20792
20793
20885
20886
20892
20894
20896
20897
20898
20899
20900
20901
20903
20905
20906
20907
20908
20909
20910
20911
20913
20915
20916
20919
20920
21005
21007
21009
21012
21018
21023
21025
21029
21030
21033
21035
21036
21039
21040
21042
21043
21044
21046
21048
