2030
2139
2140
2149
2151
2155
2156
2157
2161
2163
2164
2257
2258
2260
2268
2270
2273
2277
2296
2380
2382
2384
2385
2386
2390
2391
2392
2394
2397
2398
2399
2403
2405
2411
2412
2417
2418
2419
2420
2421
2506
2507
2508
2512
2515
2516
2519
2521
2523
2525
2530
2532
2534
2535
2536
2538
2539
2540
2541
2542
2543
2546
2547
2629
2631
2632
2635
2637
2639
2641
2642
2643
2645
2647
2649
2650
2654
2660
2668
2669
2670
2757
2761
2763
2765
2769
2776
2778
2780
2782
2784
2786
2787
2788
2789
2795
2886
2897
2904
2907
2917
4639
4642
4643
4644
4646
4648
4654
4656
4657
4660
4661
4761
4766
4767
4770
4771
4773
4774
4777
4778
4780
4783
4786
4787
4789
4790
4791
4793
4883
4885
4890
4894
4897
4899
4906
4909
4912
4913
4914
4916
4918
4920
5004
5014
5018
5019
5024
5025
5026
5027
5028
5029
5030
5032
5033
5034
5036
5037
5045
5046
5047
5133
5135
5136
5140
5144
5145
5146
5148
5149
5150
5151
5154
5156
5158
5159
5160
5161
5255
5256
5261
5262
5264
5268
5270
5273
5274
5277
5279
5280
5284
5291
5293
5294
5297
5383
5390
5398
5399
5400
5404
5407
5409
5411
5416
5417
5418
5510
5513
5514
5518
5520
5522
5523
5525
5526
5527
5533
5534
5536
5538
5541
5640
5643
5647
5649
5650
5651
5657
5658
5660
8523
8526
8527
8531
8532
8534
8536
8642
8643
8645
8646
8648
8655
8657
8658
8662
8663
8766
8773
8778
8780
8781
8782
8783
8788
8892
8893
8896
8897
8900
8901
8907
8911
8913
9014
9015
9018
9026
9028
9030
9031
9032
9035
9039
9040
9042
9043
9135
9139
9144
9147
9150
9151
9153
9156
9161
9167
9169
9259
9262
9263
9266
9269
9272
9283
9284
9293
9385
9390
9392
9394
9395
9398
9400
9407
9411
9413
9417
9418
9519
9520
9521
9525
9531
9532
9533
9534
9537
9538
9539
9540
9541
9545
9547
9634
9636
9640
9644
9645
9646
9648
9654
9655
9656
9657
9658
9659
9661
9662
9663
9666
9667
9668
9670
9672
9757
9762
9763
9764
9766
9767
9768
9772
9773
9775
9776
9778
9781
9782
9784
9785
9786
9787
9788
9789
9790
9792
9885
9887
9888
9889
9895
9899
9902
9903
9906
9914
9918
9920
10006
10007
10008
10010
10011
10014
10017
10019
10021
10025
10026
10030
10031
10032
10033
10034
10035
10037
10042
10045
10049
10050
10128
10130
10131
10132
10135
10136
10142
10143
10145
10149
10150
10151
10153
10155
10157
10158
10159
10160
10161
10163
10164
10165
10170
10171
10172
10173
10254
10256
10257
10258
10260
10261
10267
10269
10270
10274
10275
10276
10285
10288
10290
10297
10299
10300
10380
10382
10383
10393
10396
10400
10401
10405
10409
10414
10415
10416
10418
10425
10503
10506
10508
10513
10514
10515
10516
10517
10520
10523
10525
10526
10529
10530
10531
10536
10537
10539
10540
10542
10545
10546
10551
10625
10630
10631
10633
10635
10641
10642
10647
10648
10649
10651
10654
10656
10659
10660
10662
10663
10665
10667
10670
10671
10672
10674
10751
10752
10754
10757
10761
10763
10766
10769
10772
10774
10778
10781
10782
10784
10786
10787
10788
10789
10794
10795
10800
10802
10877
10878
10884
10886
10887
10889
10891
10892
10894
10895
10896
10898
10899
10902
10903
10908
10909
10910
10911
10913
10914
10916
10917
10920
10922
10925
10926
11000
11005
11007
11008
11010
11011
11013
11014
11016
11017
11027
11028
11031
11036
11040
11041
11043
11045
11046
11048
11052
11124
11127
11130
11131
11141
11143
11145
11146
11151
11154
11155
11156
11157
11158
11159
11160
11164
11165
11167
11169
11170
11176
11178
11253
11255
11259
11261
11263
11264
11266
11268
11270
11271
11273
11275
11277
11281
11282
11284
11285
11287
11288
11289
11291
11298
11300
11374
11377
11380
11383
11384
11385
11387
11389
11390
11391
11392
11393
11394
11396
11397
11398
11399
11401
11402
11403
11405
11408
11409
11413
11419
11422
11423
11427
11428
11500
11501
11504
11506
11507
11511
11512
11513
11514
11516
11518
11525
11527
11529
11530
11531
11533
11535
11536
11540
11541
11545
11548
11552
11553
11630
11635
11640
11641
11643
11647
11650
11652
11656
11658
11660
11661
11662
11664
11668
11670
11672
11673
11677
11749
11751
11756
11758
11761
11762
11763
11764
11766
11767
11769
11771
11773
11774
11776
11777
11778
11780
11781
11782
11783
11784
11785
11789
11794
11795
11796
11799
11875
11876
11877
11878
11881
11884
11885
11890
11891
11892
11893
11894
11896
11897
11900
11901
11902
11904
11905
11907
11909
11910
11911
11912
11914
11915
11917
11918
11920
11923
11928
11999
12007
12008
12009
12011
12012
12018
12020
12022
12024
12025
12026
12027
12028
12030
12031
12034
12035
12039
12041
12042
12045
12048
12049
12054
12124
12126
12129
12135
12137
12139
12142
12145
12147
12148
12149
12151
12152
12153
12154
12155
12156
12158
12159
12161
12162
12163
12164
12165
12166
12168
12169
12173
12177
12255
12256
12257
12260
12261
12264
12265
12266
12269
12273
12274
12275
12277
12279
12280
12281
12282
12284
12288
12292
12293
12294
12296
12299
12301
12375
12377
12384
12387
12390
12391
12394
12395
12396
12397
12399
12401
12402
12403
12404
12405
12408
12409
12410
12413
12414
12428
12499
12512
12517
12521
12522
12523
12525
12528
12529
12530
12534
12535
12537
12539
12628
12631
12632
12633
12634
12636
12638
12643
12645
12646
12648
12650
12654
12655
12656
12657
12660
12663
12664
12667
12668
12672
12673
12752
12754
12759
12761
12763
12770
12771
12772
12774
12775
12778
12787
12790
12791
12792
12793
12794
12795
12797
12802
12875
12878
12881
12883
12888
12889
12892
12893
12898
12899
12900
12901
12903
12904
12905
12906
12907
12909
12915
12916
12922
12923
13000
13002
13004
13008
13011
13013
13015
13016
13022
13023
13024
13025
13031
13032
13034
13035
13036
13042
13043
13044
13046
13050
13128
13129
13133
13134
13136
13141
13142
13149
13151
13156
13158
13159
13160
13161
13166
13168
13169
13171
13254
13256
13258
13261
13265
13266
13270
13273
13275
13279
13281
13285
13291
13295
13384
13386
13393
13394
13397
13400
13402
13405
13407
13409
13410
13412
13413
13414
13415
13416
13512
13515
13518
13519
13520
13523
13524
13525
13526
13528
13529
13531
13532
13533
13534
13536
13538
13647
13650
13651
13652
13653
13657
16398
16399
16401
16403
16404
16406
16412
16413
16414
16415
16509
16510
16511
16512
16513
16516
16517
16524
16525
16527
16534
16535
16539
16540
16544
16545
16632
16636
16637
16639
16641
16642
16645
16648
16649
16650
16652
16655
16656
16658
16660
16661
16662
16667
16668
16669
16670
16756
16757
16758
16761
16763
16764
16769
16770
16771
16774
16777
16783
16787
16789
16790
16791
16792
16795
16796
16797
16881
16882
16884
16890
16893
16894
16895
16896
16902
16903
16906
16908
16911
16913
16916
16918
17009
17011
17015
17016
17017
17019
17024
17027
17028
17029
17031
17033
17035
17041
17143
17144
17148
17150
17151
17152
17153
17154
17161
18903
19014
19016
19018
19019
19020
19021
19022
19026
19027
19028
19029
19034
19035
19036
19037
19038
19039
19135
19137
19140
19145
19146
19147
19148
19151
19153
19155
19157
19158
19159
19160
19163
19165
19168
19258
19263
19264
19265
19267
19272
19273
19275
19276
19282
19284
19290
19292
19295
19387
19394
19396
19398
19399
19401
19403
19408
19410
19411
19414
19415
19417
19511
19513
19516
19518
19521
19528
19530
19531
19533
19534
19539
19540
19643
19648
19649
19651
19655
19658
