427
428
5423
5424
5425
5428
5429
5430
5431
5432
5434
5439
5442
5542
5544
5547
5560
5562
5566
5567
5569
5571
5664
5666
5668
5669
5671
5673
5677
5678
5679
5682
5683
5684
5686
5687
5688
5689
5691
5692
5696
5697
5698
5699
5701
5789
5791
5793
5795
5800
5802
5803
5804
5808
5809
5811
5819
5824
5825
5826
5911
5913
5917
5920
5921
5922
5926
5927
5929
5930
5933
5934
5939
5943
5944
5945
5948
5950
5952
5953
6037
6044
6049
6052
6053
6058
6065
6070
6071
6075
6160
6163
6165
6166
6167
6168
6169
6170
6171
6174
6177
6178
6179
6180
6182
6183
6186
6191
6194
6195
6198
6199
6200
6202
6287
6291
6292
6294
6295
6297
6300
6306
6310
6311
6313
6314
6316
6319
6320
6321
6322
6323
6325
6416
6419
6423
6424
6428
6431
6436
6438
6440
6442
6443
6444
6447
6547
6550
6552
6555
6561
17421
17423
17426
17428
17431
17433
17434
17441
17442
17443
17444
17445
17543
17546
17549
17551
17553
17554
17555
17557
17558
17562
17563
17565
17568
17570
17571
17572
17573
17667
17670
17674
17675
17678
17680
17682
17685
17687
17689
17691
17693
17694
17695
17697
17794
17797
17803
17810
17812
17815
17816
17921
17930
17932
17934
19423
19432
19434
19437
19438
19542
19543
19548
19549
19552
19559
19561
19562
19564
19565
19567
19568
19570
19671
19673
19674
19675
19679
19682
19683
19684
19686
19689
19691
19693
19694
19799
19803
19805
19811
19812
19814
