416
417
418
421
424
427
430
432
433
435
437
442
444
445
554
556
561
14054
14058
14175
14176
14178
14187
14189
14191
14294
14299
14300
14302
14303
14304
14307
14310
14311
14319
14418
14419
14420
14421
14422
14424
14429
14430
14432
14437
14444
14546
14547
14552
14554
14556
14557
14558
14565
14567
14673
14674
14677
14678
14680
14681
14686
16544
16545
16548
16551
16556
16557
16561
16562
16566
16567
16663
16667
16668
16669
16672
16674
16675
16677
16680
16684
16687
16689
16694
16696
16702
16791
16794
16797
16798
16799
16800
16802
16804
16805
16806
16809
16811
16814
16815
16817
16818
16820
16822
16827
16828
16912
16916
16917
16918
16920
16923
16925
16927
16928
16932
16934
16935
16937
16938
16939
16940
16941
16944
16945
16946
16947
16948
16951
17041
17042
17047
17049
17052
17053
17058
17060
17062
17063
17064
17066
17068
17071
17072
18300
18306
18307
18308
18310
18311
18312
18413
18416
18420
18421
18422
18425
18426
18427
18432
18433
18435
18437
18438
18440
18441
18443
18444
18447
18542
18545
18548
18551
18554
18558
18559
18564
18566
18568
18571
18572
18577
18662
18668
18669
18673
18674
18676
18677
18678
18681
18684
18685
18686
18687
18688
18690
18693
18694
18697
18790
18793
18794
18796
18798
18800
18805
18806
18811
18812
18816
18817
18818
18821
