15426
15427
15431
15435
15438
15546
15548
15549
15551
15552
15556
15558
15559
15562
15564
15566
15670
15671
15676
15679
15681
15684
15689
15690
15693
15794
15797
15798
15801
15804
15805
15806
15807
15809
15811
15814
15817
15919
15921
15926
15930
15933
15938
15940
15941
15945
16043
16045
16048
16052
16054
16055
16057
16058
16059
16068
16169
16172
16173
16174
16176
16178
16183
16184
16185
16189
16303
16305
16308
16309
16310
16312
16433
18676
18683
18684
18686
18791
18794
18795
18797
18800
18801
18802
18804
18807
18808
18813
18815
18913
18918
18919
18925
18926
18927
18928
18929
18932
18933
18934
18935
18936
18938
18939
18942
18943
18946
18949
18950
19037
19038
19040
19043
19044
19049
19050
19055
19056
19057
19059
19061
19064
19065
19069
19070
19071
19160
19162
19163
19164
19167
19170
19172
19176
19178
19179
19181
19187
19188
19189
19191
19192
19193
19194
19202
19203
19204
19284
19287
19288
19289
19290
19292
19296
19298
19299
19300
19301
19302
19305
19306
19307
19308
19311
19317
19318
19324
19328
19411
19412
19417
19418
19419
19421
19424
19426
19429
19430
19431
19433
19438
19440
19443
19444
19450
19451
19452
19536
19537
19538
19540
19544
19545
19548
19551
19552
19555
19556
19557
19562
19564
19567
19568
19569
19570
19571
19572
19573
19577
19662
19664
19668
19672
19674
19675
19677
19678
19680
19682
19684
19685
19687
19690
19691
19693
19697
19699
19794
19804
19806
19807
19808
19809
19813
19817
19926
19927
19929
19930
19933
