1797
1799
1805
1806
1809
1811
1812
1816
1915
1916
1917
1918
1921
1922
1925
1929
1932
1933
1934
1935
1936
1943
1944
1949
2040
2041
2043
2044
2045
2046
2048
2052
2054
2055
2058
2061
2062
2063
2068
2070
2072
2075
2078
2162
2164
2167
2169
2171
2173
2175
2181
2182
2183
2184
2185
2187
2189
2190
2193
2194
2196
2199
2201
2202
2284
2286
2290
2293
2294
2299
2301
2303
2305
2311
2313
2315
2317
2318
2319
2320
2321
2322
2324
2325
2413
2414
2415
2418
2420
2423
2432
2433
2437
2439
2440
2441
2443
2444
2549
2551
2553
2554
2555
2556
2559
2560
2562
9419
9421
9422
9424
9425
9430
9437
9545
9556
9563
9564
9669
9670
9673
9675
9678
9684
9686
9688
9794
9797
9799
9801
9809
9811
9812
9813
9817
9818
9916
9917
9918
9921
9922
9924
9925
9927
9935
9936
9938
9944
10040
10044
10047
10051
10056
10057
10060
10062
10063
10067
10073
10074
10165
10172
10173
10175
10177
10178
10180
10181
10182
10186
10187
10188
10189
10190
10194
10195
10198
10200
10289
10291
10294
10301
10302
10304
10305
10310
10316
10318
10321
10325
10415
10416
10420
10423
10424
10429
10430
10431
10433
10435
10436
10447
10452
10543
10546
10549
10553
10554
10556
10558
10562
10568
10569
10571
10577
10578
10660
10665
10666
10668
10669
10670
10672
10673
10676
10684
10685
10686
10687
10690
10691
10693
10694
10702
10794
10795
10797
10799
10801
10806
10815
10816
10820
10821
10823
10824
10825
10912
10915
10917
10918
10920
10921
10925
10928
10929
10930
10931
10932
10933
10934
10936
10937
10938
10939
10940
10941
10943
10944
10946
10948
10952
10953
11037
11039
11040
11041
11047
11052
11054
11057
11058
11059
11060
11066
11073
11074
11077
11080
11161
11163
11164
11167
11174
11175
11179
11180
11181
11182
11184
11187
11188
11189
11190
11193
11194
11196
11197
11199
11200
11201
11203
11205
11283
11294
11295
11297
11298
11299
11300
11308
11309
11314
11318
11319
11320
11321
11324
11328
11331
11407
11416
11417
11420
11425
11426
11427
11430
11434
11435
11439
11440
11441
11442
11443
11449
11451
11452
11453
11454
11457
11535
11536
11540
11544
11546
11548
11549
11550
11551
11552
11554
11556
11557
11558
11559
11561
11564
11565
11567
11570
11571
11576
11578
11579
11580
11581
11582
11658
11659
11667
11668
11669
11673
11675
11678
11679
11688
11689
11699
11705
11706
11782
11788
11792
11794
11798
11799
11803
11805
11806
11809
11810
11811
11817
11820
11824
11825
11827
11829
11909
11911
11913
11914
11916
11919
11920
11922
11923
11925
11926
11928
11934
11935
11939
11940
11941
11943
11946
11947
11948
11956
12035
12042
12043
12045
12046
12047
12048
12055
12057
12059
12062
12063
12064
12069
12070
12071
12072
12074
12077
12078
12080
12160
12163
12164
12165
12166
12168
12170
12173
12182
12188
12190
12193
12196
12197
12201
12203
12204
12206
12285
12287
12292
12293
12296
12297
12299
12300
12304
12306
12307
12312
12313
12315
12320
12321
12322
12325
12326
12327
12406
12416
12419
12421
12422
12423
12426
12430
12432
12434
12435
12437
12442
12449
12452
12454
12455
12536
12537
12541
12545
12546
12548
12550
12551
12553
12555
12558
12560
12561
12564
12565
12569
12573
12577
12658
12660
12662
12664
12665
12666
12674
12675
12676
12677
12678
12679
12680
12681
12683
12685
12689
12692
12693
12698
12784
12789
12790
12792
12793
12797
12801
12803
12806
12807
12808
12812
12813
12821
12823
12825
12828
12830
12909
12910
12911
12913
12915
12919
12921
12925
12927
12928
12931
12932
12933
12938
12946
12947
12953
13035
13036
13037
13038
13046
13048
13050
13056
13064
13068
13073
13164
13165
13166
13167
13168
13172
13177
13180
13182
13184
13187
13188
13189
13191
13193
13296
13297
13305
13307
13309
13312
13313
15802
15803
15805
15806
15807
15809
15810
15816
15930
15934
15935
16042
16043
16044
16045
16047
16054
16060
16168
16170
16174
16175
16177
16180
16182
16183
16184
16186
16187
16189
16193
16297
16298
16300
16301
