3921
3922
3924
3928
3929
3930
3932
3935
3936
3937
3939
3940
4037
4039
4043
4044
4049
4050
4051
4053
4054
4056
4061
4062
4063
4066
4069
4071
4072
4074
4162
4163
4167
4169
4175
4177
4178
4179
4181
4182
4184
4185
4187
4189
4190
4191
4193
4194
4195
4196
4199
4284
4289
4290
4293
4295
4299
4300
4307
4308
4311
4312
4314
4316
4318
4320
4321
4322
4323
4324
4325
4326
4327
4410
4416
4417
4418
4421
4425
4426
4427
4428
4429
4431
4435
4438
4443
4444
4445
4447
4451
4542
4549
4551
4552
4554
4555
4564
4565
4566
4567
4568
4569
4571
15921
15922
15924
15925
15927
15928
15929
15930
15932
15933
15936
15939
16041
16043
16047
16048
16049
16053
16054
16055
16058
16060
16062
16063
16066
16165
16166
16168
16171
16176
16178
16183
16186
16192
16193
16194
16196
16288
16294
16297
16299
16301
16302
16309
16311
16314
16315
16316
16317
16320
16324
16420
16426
16428
16429
16430
16433
16437
16438
16441
16442
16444
16555
16556
18049
18052
18054
18060
18062
18064
18068
18170
18172
18174
18179
18182
18184
18185
18186
18190
18193
18194
18195
18295
18297
18299
18307
18310
18311
18313
18316
18317
18318
18319
18431
18432
