3685
3687
3793
3796
3799
3800
3802
3809
3810
3812
3816
3913
3916
3917
3920
3921
3923
3924
3926
3928
3929
3931
3934
3938
3939
3940
3944
3946
3950
4036
4037
4041
4042
4044
4045
4046
4047
4048
4049
4054
4055
4056
4057
4059
4060
4063
4064
4066
4068
4069
4072
4073
4075
4077
4165
4166
4168
4177
4180
4183
4185
4188
4189
4190
4192
4193
4194
4196
4199
4200
4203
4204
4286
4290
4291
4294
4297
4299
4303
4308
4310
4311
4313
4314
4316
4319
4320
4322
4324
4325
4327
4328
4410
4411
4412
4414
4416
4418
4420
4421
4424
4430
4431
4433
4435
4436
4437
4438
4440
4442
4445
4543
4544
4545
4546
4548
4551
4553
4555
4557
4558
4559
4560
4561
4562
4563
4567
4568
4569
4576
4675
4676
4677
4680
4681
4688
4691
4692
4693
4694
4696
4793
4801
4808
4810
4813
8427
8429
8431
8433
8434
8552
8555
8557
8559
8561
8677
8678
8680
8684
8802
8811
8923
8924
8927
8928
8933
8935
8936
8939
9046
9050
9051
9052
9055
9056
9059
9060
9065
9066
9177
9179
9182
9184
9188
9190
9191
9296
9297
9298
9301
9303
9307
9308
9310
9311
9313
9418
9420
9428
9429
9435
9546
9549
9551
9552
9553
9554
9557
9560
9563
9564
9565
9568
9669
9670
9673
9675
9676
9680
9684
9686
9687
9688
9691
9797
9798
9801
9804
9807
9808
9810
9814
9818
9819
9917
9919
9924
9925
9926
9932
9936
9937
9938
9943
10042
10044
10045
10046
10051
10052
10054
10057
10059
10061
10062
10064
10065
10066
10068
10168
10172
10175
10177
10179
10185
10188
10190
10195
10291
10297
10298
10299
10300
10301
10303
10306
10308
10309
10311
10312
10313
10315
10317
10319
10418
10419
10424
10426
10427
10431
10435
10436
10441
10447
10540
10543
10545
10548
10555
10557
10558
10559
10561
10562
10564
10570
10666
10671
10674
10683
10685
10686
10687
10688
10694
10697
10796
10798
10799
10800
10803
10804
10805
10806
10807
10810
10811
10919
10921
10924
10930
10932
10933
10935
10937
10938
10943
10946
11046
11047
11053
11058
11059
11061
11062
11063
11064
11068
11071
11169
11170
11175
11178
11181
11182
11183
11185
11186
11187
11188
11191
11192
11196
11198
11289
11296
11297
11299
11306
11313
11314
11315
11416
11419
11420
11421
11426
11427
11429
11431
11432
11436
11440
11444
11446
11541
11542
11546
11549
11552
11553
11556
11562
11671
11676
11683
11686
11690
11692
11693
11697
11791
11793
11794
11797
11799
11800
11805
11807
11809
11810
11812
11814
11919
11920
11925
11929
11931
11932
11938
11939
11942
11943
11945
12044
12046
12048
12049
12050
12052
12055
12056
12057
12058
12062
12066
12170
12173
12176
12179
12182
12185
12186
12188
12192
12194
12195
12293
12295
12299
12301
12302
12306
12312
12315
12320
12423
12424
12427
12428
12434
12435
12551
12554
12555
12560
12562
12563
12673
12676
12679
12688
12689
12800
12802
12804
12810
12814
