26
27
28
30
36
40
145
147
148
150
151
152
155
158
160
162
163
164
165
168
264
265
266
269
272
274
279
280
281
282
283
284
291
293
296
300
301
302
385
386
387
392
393
398
403
404
407
408
414
415
417
418
421
424
427
512
515
516
518
519
522
523
524
527
528
529
530
531
532
534
537
538
541
544
545
549
550
636
638
642
644
646
649
658
669
763
766
770
771
773
777
778
779
780
784
786
790
792
796
896
897
905
907
2526
2527
2529
2531
2533
2535
2536
2537
2539
2639
2641
2642
2643
2647
2651
2654
2655
2665
2667
2668
2669
2672
2674
2763
2768
2770
2772
2774
2777
2779
2787
2792
2793
2795
2800
2801
2802
2888
2889
2890
2892
2893
2897
2899
2901
2902
2903
2905
2907
2912
2913
2917
2918
2923
2925
3012
3016
3018
3023
3024
3028
3031
3032
3035
3037
3038
3041
3043
3045
3046
3047
3048
3050
3051
3139
3141
3142
3143
3144
3145
3147
3151
3152
3154
3156
3157
3160
3164
3167
3168
3171
3173
3265
3268
3274
3276
3277
3280
3285
3286
3287
3288
3290
3292
3297
3298
3393
3395
3396
3397
3404
3412
3414
5025
5027
5029
5031
5033
5035
5038
5143
5146
5147
5148
5149
5151
5155
5161
5162
5164
5165
5166
5170
5262
5265
5266
5270
5274
5276
5277
5279
5283
5285
5292
5295
5297
5300
5301
5389
5392
5394
5396
5399
5400
5401
5404
5408
5409
5410
5412
5419
5421
5425
5427
5428
5509
5511
5512
5516
5517
5519
5520
5524
5527
5531
5532
5534
5536
5537
5539
5541
5542
5548
5549
5550
5634
5636
5641
5642
5644
5649
5652
5656
5657
5658
5660
5661
5663
5664
5669
5675
5676
5677
5762
5763
5764
5771
5774
5779
5782
5786
5787
5788
5793
5796
5896
5898
5902
5903
5904
5910
5911
5912
7528
7529
7530
7533
7644
7648
7653
7657
7658
7660
7663
7664
7667
7668
7764
7766
7768
7769
7772
7773
7774
7776
7778
7782
7783
7785
7789
7790
7793
7798
7802
7887
7889
7892
7894
7897
7899
7901
7904
7910
7917
7919
7920
7922
7923
7924
7928
8020
8021
8022
8023
8025
8026
8029
8031
8033
8034
8035
8036
8038
8039
8042
8043
8044
8048
8049
8137
8140
8143
8144
8145
8146
8147
8148
8149
8150
8152
8157
8158
8159
8160
8161
8163
8164
8168
8171
8172
8175
8178
8261
8266
8268
8269
8271
8274
8275
8277
8278
8279
8280
8281
8282
8285
8286
8287
8288
8290
8291
8292
8296
8298
8392
8394
8397
8402
8404
8406
8408
8410
8411
8412
8416
8529
8532
8534
10149
10151
10160
10166
10264
10266
10270
10272
10277
10278
10283
10288
10290
10291
10295
10297
10387
10388
10389
10390
10392
10393
10395
10396
10402
10403
10408
10410
10411
10420
10422
10510
10512
10513
10514
10516
10520
10525
10526
10528
10529
10530
10531
10532
10537
10538
10540
10541
10543
10545
10547
10550
10635
10636
10637
10640
10641
10646
10649
10652
10656
10658
10660
10661
10663
10665
10667
10668
10671
10676
10761
10763
10766
10768
10771
10774
10775
10777
10778
10783
10784
10787
10788
10789
10790
10791
10795
10796
10892
10897
10898
10899
10900
10906
10908
10910
10916
10917
10919
10920
10921
10922
11029
11030
11031
11034
12769
12770
12776
12778
12781
12784
12788
12791
12792
12793
12796
12891
12894
12897
12899
12900
12906
12909
12913
12914
12915
12918
12919
12921
12923
12925
13014
13015
13021
13025
13027
13029
13030
13031
13038
13041
13042
13048
13136
13139
13141
13142
13144
13150
13151
13154
13159
13162
13166
13167
13168
13169
13170
13174
13175
13263
13264
13266
13267
13276
13281
13282
13283
13287
13297
13300
13392
13393
13396
13397
13398
13401
13405
13407
13414
13415
