522
523
5518
5519
5520
5523
5524
5525
5526
5527
5529
5534
5537
5637
5639
5642
5655
5657
5661
5662
5664
5666
5759
5761
5763
5764
5766
5768
5772
5773
5774
5777
5778
5779
5781
5782
5783
5784
5786
5787
5791
5792
5793
5794
5796
5884
5886
5888
5890
5895
5897
5898
5899
5903
5904
5906
5914
5919
5920
5921
6006
6008
6012
6015
6016
6017
6021
6022
6024
6025
6028
6029
6034
6038
6039
6040
6043
6045
6047
6048
6132
6139
6144
6147
6148
6153
6160
6165
6166
6170
6255
6258
6260
6261
6262
6263
6264
6265
6266
6269
6272
6273
6274
6275
6277
6278
6281
6286
6289
6290
6293
6294
6295
6297
6382
6386
6387
6389
6390
6392
6395
6401
6405
6406
6408
6409
6411
6414
6415
6416
6417
6418
6420
6511
6514
6518
6519
6523
6526
6531
6533
6535
6537
6538
6539
6542
6642
6645
6647
6650
6656
17516
17518
17521
17523
17526
17528
17529
17536
17537
17538
17539
17540
17638
17641
17644
17646
17648
17649
17650
17652
17653
17657
17658
17660
17663
17665
17666
17667
17668
17762
17765
17769
17770
17773
17775
17777
17780
17782
17784
17786
17788
17789
17790
17792
17889
17892
17898
17905
17907
17910
17911
18016
18025
18027
18029
19518
19527
19529
19532
19533
19637
19638
19643
19644
19647
19654
19656
19657
19659
19660
19662
19663
19665
19766
19768
19769
19770
19774
19777
19778
19779
19781
19784
19786
19788
19789
19894
19898
19900
19906
19907
19909
