2171
2178
2180
2183
2186
2293
2294
2296
2297
2298
2302
2303
2306
2308
2316
2317
2318
2421
2427
2431
2433
2435
2442
2445
2548
2551
2556
2557
2559
2560
2563
2567
2671
2673
2674
2676
2677
2679
2685
2686
2689
5051
5055
5057
5060
5061
5170
5171
5172
5175
5176
5177
5178
5179
5181
5183
5184
5188
5189
5191
5192
5289
5293
5296
5298
5299
5301
5308
5310
5313
5314
5315
5316
5318
5319
5416
5418
5419
5423
5426
5430
5431
5433
5434
5435
5436
5437
5438
5441
5443
5447
5537
5539
5542
5544
5546
5548
5550
5553
5554
5555
5562
5563
5568
5569
5570
5575
5576
5577
5661
5664
5666
5668
5671
5673
5674
5675
5676
5678
5679
5685
5686
5688
5689
5693
5697
5698
5699
5702
5784
5791
5794
5803
5804
5806
5807
5811
5814
5815
5816
5818
5819
5820
5823
5827
5828
5912
5915
5921
5922
5923
5924
5925
5926
5927
5928
5929
5930
5935
5936
5940
5944
5946
5947
5949
5951
5954
6034
6040
6043
6045
6049
6050
6051
6052
6053
6054
6055
6058
6059
6061
6062
6065
6066
6067
6069
6071
6072
6074
6075
6076
6159
6161
6169
6171
6173
6174
6176
6178
6179
6184
6185
6188
6189
6191
6196
6198
6201
6203
6285
6288
6289
6295
6297
6300
6302
6305
6307
6308
6309
6313
6314
6315
6317
6319
6320
6321
6322
6324
6328
6411
6417
6420
6423
6428
6430
6432
6433
6434
6435
6444
6445
6447
6448
6538
6539
6542
6543
6544
6546
6548
6549
6551
6553
6555
6559
6562
6566
6568
6569
6572
6573
6665
6667
6668
6671
6672
6674
6679
6680
6681
6682
6683
6687
6689
6690
6693
6694
6698
6792
6793
6796
6798
6802
6803
6804
6806
6811
6812
6813
6814
6818
6820
6920
6924
6925
6931
6938
6940
6941
6943
7052
7057
