515
518
519
520
521
524
525
526
530
531
533
536
5643
5644
5649
5650
5651
5655
5660
5661
5663
5665
5767
5768
5769
5775
5776
5777
5780
5781
5783
5785
5787
5793
5885
5886
5888
5889
5890
5891
5894
5895
5897
5899
5900
5905
5906
5908
5912
5914
5915
6008
6009
6010
6012
6015
6016
6017
6020
6021
6025
6029
6030
6033
6034
6036
6040
6041
6043
6044
6131
6136
6138
6145
6148
6149
6153
6156
6157
6158
6160
6162
6163
6170
6172
6265
6266
6269
6271
6272
6273
6275
6278
6280
6281
6285
6286
6288
6291
6296
6297
6379
6382
6383
6384
6386
6387
6388
6392
6396
6399
6400
6402
6403
6404
6405
6407
6408
6412
6416
6417
6420
6421
6422
6423
6504
6510
6514
6516
6517
6518
6522
6524
6525
6526
6529
6530
6533
6536
6537
6538
6541
6544
6547
6630
6636
6638
6640
6641
6644
6648
6649
6650
6651
6652
6661
6662
6663
6667
6668
6674
6756
6759
6760
6761
6763
6766
6768
6770
6771
6772
6773
6776
6777
6779
6781
6783
6785
6786
6789
6791
6793
6795
6798
6879
6883
6885
6888
6889
6891
6892
6893
6894
6896
6899
6902
6905
6909
6912
6914
6915
6918
6921
6922
7008
7009
7014
7015
7016
7017
7018
7020
7021
7022
7026
7028
7029
7030
7031
7033
7035
7036
7037
7038
7040
7041
7042
7045
7131
7133
7135
7137
7138
7140
7142
7145
7148
7154
7155
7157
7158
7159
7170
7172
7260
7264
7265
7266
7267
7268
7270
7272
7275
7276
7279
7281
7282
7284
7286
7287
7292
7295
7386
7394
7396
7398
7399
7400
7403
7404
7406
7408
7411
7413
7414
7510
7514
7517
7520
7525
7527
7528
7534
7540
7638
7641
7642
7644
7646
7648
7653
7654
7657
7658
7662
7663
7664
7766
7767
7768
7772
7774
7780
7783
7784
7786
18394
18396
18398
18405
18408
18410
18513
18514
18516
18517
18518
18521
18522
18526
18529
18530
18535
18538
18540
18639
18645
18647
18648
18649
18650
18654
18657
18658
18660
18661
18664
18665
18759
18762
18764
18766
18768
18769
18770
18773
18776
18777
18780
18782
18783
18784
18789
18792
18793
18886
18888
18890
18891
18892
18893
18894
18901
18905
18908
18909
18912
18914
18916
18917
18918
18919
19013
19015
19017
19018
19020
19021
19026
19029
19032
19033
19034
19035
19037
19042
19043
19044
19140
19141
19143
19146
19147
19148
19149
19151
19154
19157
19167
19268
19273
19277
19281
19282
19284
19287
19288
19394
19397
19399
19400
19403
19407
