507
509
511
513
516
518
521
525
535
538
541
545
631
634
636
640
642
644
645
646
650
651
652
656
658
661
670
671
755
757
762
763
764
765
767
768
769
770
779
781
786
787
788
791
793
795
880
885
886
889
896
897
898
899
900
901
904
906
907
908
909
912
916
917
918
923
1007
1014
1015
1020
1021
1023
1026
1028
1029
1033
1035
1036
1037
1038
1047
1135
1136
1137
1140
1142
1150
1151
1152
1154
1156
1157
1158
1160
1161
1164
1166
1168
1170
1257
1260
1265
1266
1268
1269
1271
1272
1273
1277
1278
1280
1281
1283
1287
1289
1291
1293
1386
1391
1392
1397
1400
1404
1406
1409
1410
1411
1522
1524
1525
1527
1530
