7424
7426
7427
7428
7433
7438
7439
7548
7549
7550
7551
7556
7565
7566
7567
7665
7671
7677
7679
7680
7681
7692
7696
7697
7788
7789
7790
7791
7792
7798
7799
7803
7805
7807
7808
7809
7812
7814
7816
7817
7818
7819
7821
7913
7916
7917
7919
7920
7921
7922
7925
7926
7927
7930
7932
7936
7939
7947
7949
8036
8041
8043
8044
8045
8047
8048
8051
8053
8062
8063
8065
8067
8070
8073
8074
8077
8163
8166
8169
8171
8172
8173
8175
8177
8178
8187
8193
8196
8197
8202
8203
8284
8285
8287
8288
8289
8290
8292
8293
8295
8297
8298
8299
8300
8301
8302
8303
8304
8306
8307
8309
8311
8313
8316
8317
8319
8320
8323
8326
8329
8410
8411
8414
8416
8422
8424
8427
8430
8433
8434
8435
8436
8440
8442
8443
8444
8445
8450
8454
8534
8536
8539
8541
8546
8548
8549
8551
8552
8555
8558
8559
8560
8562
8571
8573
8575
8576
8661
8664
8665
8666
8670
8671
8674
8678
8681
8688
8689
8691
8694
8696
8700
8702
8784
8795
8796
8797
8798
8800
8804
8805
8807
8808
8810
8812
8816
8817
8820
8821
8822
8823
8829
8910
8913
8915
8916
8917
8919
8920
8923
8925
8926
8928
8930
8931
8932
8933
8937
8938
8941
8942
8944
8945
8948
8950
8952
8953
9037
9038
9041
9044
9047
9048
9050
9052
9053
9056
9058
9059
9060
9061
9062
9063
9064
9065
9067
9074
9078
9165
9167
9168
9171
9173
9174
9181
9183
9185
9188
9189
9190
9191
9192
9193
9194
9196
9285
9286
9289
9292
9294
9295
9300
9301
9302
9305
9307
9308
9309
9312
9314
9322
9409
9410
9413
9419
9422
9423
9424
9426
9428
9429
9430
9431
9433
9434
9436
9438
9446
9452
9453
9541
9542
9543
9544
9545
9546
9547
9548
9552
9553
9554
9557
9559
9560
9563
9564
9565
9567
9569
9570
9571
9575
9577
9578
9664
9666
9667
9668
9669
9670
9671
9673
9674
9678
9680
9681
9682
9683
9684
9688
9689
9690
9691
9693
9696
9699
9702
9703
9786
9790
9791
9793
9796
9797
9798
9800
9802
9803
9805
9810
9812
9813
9821
9824
9910
9912
9913
9917
9918
9920
9921
9924
9926
9929
9930
9933
9934
9935
9937
9939
9940
9941
9942
9943
9945
9946
10039
10042
10045
10048
10049
10052
10060
10062
10063
10064
10077
10162
10164
10165
10168
10171
10174
10176
10178
10179
10181
10183
10184
10185
10186
10187
10192
10193
10194
10198
10201
10290
10291
10299
10300
10301
10302
10304
10305
10306
10308
10309
10310
10313
10314
10315
10318
10319
10320
10324
10326
10413
10417
10419
10420
10421
10425
10426
10427
10428
10431
10432
10434
10436
10439
10440
10444
10446
10449
10538
10539
10540
10549
10551
10553
10554
10555
10559
10560
10561
10566
10568
10571
10572
10573
10574
10575
10664
10668
10672
10673
10675
10680
10685
10687
10688
10689
10692
10693
10695
10696
10699
10792
10795
10797
10798
10800
10801
10802
10804
10805
10806
10808
10811
10813
10814
10818
10824
10916
10917
10919
10920
10926
10927
10929
10930
10932
10934
10935
10940
10941
10942
10943
10945
11044
11046
11047
11050
11051
11052
11054
11055
11062
11063
11065
11067
11068
11069
11071
11166
11167
11169
11171
11172
11178
11179
11180
11181
11186
11187
11196
11295
11297
11299
11300
11301
11306
11308
11309
11311
11312
11313
11317
11320
11422
11424
11426
11429
11433
11435
11436
11437
11440
11549
11553
11554
11556
11559
11560
11562
11563
11566
11673
11675
11679
11682
11684
11688
11691
11797
11798
11801
11804
11807
11808
11810
11813
11814
11815
16555
16556
16557
16677
16678
16679
16681
16684
