4177
4178
4180
4184
4186
4296
4299
4301
4303
4306
4308
4309
4311
4312
4315
4317
4318
4420
4426
4427
4428
4432
4436
4442
4543
4544
4545
4549
4550
4558
4563
4564
4566
4567
4568
4668
4669
4671
4675
4677
4679
4687
4688
4690
4691
4693
4797
4803
4804
4806
4932
8927
8931
8936
9052
9053
9054
9056
9060
9180
9182
9184
9185
9186
9302
9305
9307
9422
9425
9429
9430
9431
9433
9440
9441
9442
9546
9547
9549
9554
9557
9559
9560
9561
9563
9564
9567
9673
9674
9676
9677
9678
9680
9683
9685
9686
9687
9688
9689
9692
9797
9799
9802
9810
9812
9815
9816
9817
9917
9918
9920
9921
9922
9926
9929
9930
9931
9935
10050
10053
10054
10056
10061
10062
10063
10065
10068
10069
10173
10177
10178
10179
10180
10181
10183
10186
10189
10195
10293
10296
10299
10300
10301
10311
10313
10315
10316
10320
10416
10418
10424
10425
10426
10428
10433
10436
10438
10439
10444
10445
10543
10546
10547
10548
10552
10553
10554
10556
10560
10562
10568
10569
10570
10571
10666
10667
10668
10669
10671
10672
10678
10679
10681
10685
10688
10689
10693
10792
10794
10796
10797
10798
10799
10800
10804
10808
10810
10812
10813
10818
10819
10821
10822
10916
10918
10921
10923
10925
10927
10930
10934
10935
10940
10941
11043
11046
11048
11054
11056
11058
11059
11060
11061
11063
11065
11066
11070
11072
11166
11167
11169
11170
11171
11173
11174
11179
11180
11181
11182
11183
11186
11187
11188
11190
11193
11196
11290
11291
11292
11293
11294
11295
11297
11298
11306
11307
11308
11310
11311
11312
11314
11316
11320
11321
11416
11418
11420
11421
11422
11423
11424
11425
11427
11428
11429
11430
11431
11436
11437
11438
11439
11440
11444
11445
11447
11543
11545
11547
11550
11551
11552
11556
11557
11558
11559
11563
11569
11667
11676
11677
11680
11685
11686
11689
11690
11692
11696
11697
11791
11792
11794
11795
11796
11797
11799
11801
11803
11807
11812
11813
11814
11816
11817
11818
11917
11918
11920
11921
11922
11923
11925
11926
11929
11931
11937
11940
11942
12042
12044
12052
12057
12059
12060
12062
12064
12065
12066
12070
12071
12167
12168
12170
12171
12173
12178
12181
12182
12184
12185
12186
12193
12194
12195
12296
12300
12301
12302
12310
12313
12316
12317
12318
12319
12320
12419
12423
12424
12425
12426
12427
12431
12433
12435
12436
12440
12441
12442
12443
12444
12544
12547
12549
12550
12555
12557
12558
12560
12561
12563
12565
12566
12567
12568
12669
12675
12676
12677
12678
12680
12681
12685
12689
12690
12691
12693
12794
12797
12800
12802
12803
12804
12805
12807
12809
12813
12815
12818
12819
12922
12923
12925
12926
12927
12929
12930
12932
12933
12934
12936
12938
13049
13055
13059
13062
13064
13065
13066
13174
13175
13179
13181
13183
13184
13187
13189
13190
13191
13192
13296
13300
13302
13306
13307
13309
13312
13314
13317
13420
13422
13423
13427
13428
13431
13434
13435
13436
13437
13438
13440
13441
13443
13446
13542
13545
13548
13549
13551
13554
13558
13559
13560
13563
13565
13667
13668
13671
13673
13674
13675
13676
13679
13680
13681
13682
13684
13685
13686
13687
13690
13696
13790
13792
13794
13795
13799
13803
13808
13810
13811
13814
13815
13818
13819
13916
13921
13928
13932
13934
13936
13938
13939
13940
13944
14046
14047
14051
14054
14056
14058
14065
14066
14069
14170
14172
14174
14177
14178
14179
14181
14182
14185
14186
14189
14190
14191
14192
14305
14306
14308
14309
14311
