1897
1899
1900
1902
1904
1905
1909
2012
2013
2014
2019
2020
2021
2023
2024
2029
2035
2036
2037
2038
2042
2043
2134
2135
2137
2139
2141
2142
2146
2148
2150
2152
2153
2159
2161
2163
2164
2165
2266
2267
2271
2272
2273
2275
2278
2280
2281
2282
2284
2287
2290
2291
2293
2389
2392
2394
2396
2397
2399
2401
2403
2404
2407
2408
13409
13519
13520
13521
13522
13523
13525
13529
13532
13533
13534
13540
13541
13640
13641
13644
13645
13646
13649
13651
13655
13656
13658
13659
13663
13664
13666
13759
13760
13761
13763
13764
13765
13766
13769
13770
13774
13775
13780
13785
13786
13788
13789
13883
13884
13887
13889
13890
13891
13894
13895
13897
13900
13902
13903
13904
13905
13906
13910
13911
13912
13913
13915
13916
13918
13919
14006
14009
14012
14013
14015
14016
14022
14023
14026
14027
14030
14031
14032
14033
14034
14035
14037
14038
14039
14040
14042
14044
14046
14047
14131
14132
14135
14136
14137
14141
14143
14144
14145
14146
14147
14148
14149
14150
14154
14155
14156
14157
14158
14160
14164
14165
14166
14167
14169
14171
14257
14259
14260
14263
14265
14270
14274
14275
14278
14285
14288
14291
14296
14385
14387
14392
14393
14396
14397
14402
14404
14406
14411
14413
14414
14416
14419
14512
14520
14525
14529
14534
14537
14539
14647
14651
14652
14654
14656
14657
20517
20525
20527
20528
20529
20530
20533
20635
20638
20643
20644
20647
20648
20651
20652
20657
20660
20661
20666
20667
20669
20758
20759
20761
20766
20767
20768
20769
20772
20777
20778
20782
20783
20785
20786
20787
20788
20789
20792
20793
20796
20797
20880
20883
20884
20887
20888
20892
20895
20897
20902
20904
20905
20907
20908
20909
20910
20914
21006
21012
21014
21017
21019
21021
21027
21033
21035
21037
21040
21044
