10019
10021
10023
10026
10029
10032
10033
10034
10145
10147
10148
10149
10156
10157
10270
10271
10272
10274
10275
10281
10282
10284
10393
10395
10397
10399
10400
10401
10402
10406
10520
10523
10525
10528
10530
10531
10533
10536
10644
10647
10648
10649
10651
10652
10657
10767
10770
10771
10773
10774
10775
10783
10784
10892
10893
10898
10899
10900
10901
10902
10903
10905
10907
11021
11025
11026
11028
11029
11030
11031
11145
11146
11155
11156
11270
11271
11274
11275
11277
11280
11281
11283
11395
11398
11399
11400
11401
11402
11405
11406
11408
11409
15269
15270
15271
15274
15275
15277
15279
15280
15282
15284
15285
15286
15287
15288
15290
15292
15294
15385
15387
15390
15392
15393
15394
15396
15398
15399
15400
15402
15403
15406
15408
15411
15414
15420
15512
15516
15519
15521
15523
15527
15528
15530
15532
15533
15534
15540
15543
15545
15634
15635
15637
15641
15643
15644
15647
15648
15649
15650
15654
15656
15660
15661
15665
15670
15671
15759
15762
15765
15767
15768
15769
15771
15773
15774
15776
15777
15779
15784
15787
15797
15798
15882
15887
15888
15891
15893
15895
15897
15898
15901
15902
15904
15905
15906
15908
15910
15911
15912
15913
15915
15916
15918
15919
16011
16012
16020
16021
16022
16023
16026
16028
16029
16030
16032
16033
16034
16035
16038
16040
16041
16043
16139
16140
16148
16151
16152
16153
16155
16156
16160
16161
16164
17387
17389
17394
17399
17405
17406
17407
17409
17410
17411
17413
17414
17514
17515
17516
17518
17520
17521
17522
17524
17527
17529
17530
17533
17534
17538
17539
17544
17632
17636
17642
17643
17645
17647
17650
17652
17655
17656
17658
17659
17660
17661
17662
17664
17671
17672
17757
17759
17760
17766
17767
17769
17770
17771
17772
17774
17778
17779
17784
17785
17787
17791
17792
17793
17795
17890
17894
17896
17897
17905
17908
17910
