4274
4275
4277
4397
4399
4400
4406
4520
4521
4522
4525
4527
4529
4530
4532
14897
14898
14903
14904
14905
14909
14911
15014
15018
15019
15020
15021
15026
15029
15030
15031
15033
15035
15036
15038
15134
15135
15137
15140
15142
15143
15147
15150
15151
15152
15154
15155
15159
15163
15166
15169
15258
15263
15264
15266
15267
15268
15272
15274
15280
15282
15284
15288
15292
15293
15294
15296
15381
15382
15385
15387
15389
15390
15394
15395
15396
15399
15401
15405
15406
15409
15410
15413
15414
15417
15421
15423
15508
15513
15516
15519
15522
15523
15524
15525
15528
15532
15533
15537
15538
15539
15540
15541
15542
15545
15546
15630
15634
15639
15640
15642
15643
15644
15646
15650
15651
15652
15653
15654
15655
15659
15660
15661
15662
15665
15666
15667
15668
15669
15671
15674
15755
15756
15762
15765
15770
15771
15773
15777
15784
15791
15793
15794
15795
15798
15883
15884
15886
15887
15889
15890
15892
15893
15897
15899
15903
15906
15907
15911
15913
15914
15915
15919
15920
15921
16006
16007
16009
16010
16012
16013
16015
16018
16021
16023
16025
16027
16028
16032
16033
16034
16035
16036
16039
16042
16043
16046
16138
16141
16149
16150
16151
16157
16158
16164
16165
16170
16260
16265
16267
16269
16271
16272
16274
16275
16278
16280
16281
16283
16284
16288
16392
16393
20395
20397
20398
20402
20403
20408
20410
20519
20520
20522
20534
20536
20539
20635
20638
20645
20648
20651
20654
20657
20659
20663
20664
20667
20762
20765
20770
20773
20774
20780
20886
20888
20890
20892
20899
20900
20902
20903
20906
20908
21017
21025
21026
21030
21031
21032
21035
21036
