6525
6527
6530
6533
6643
6647
6648
6654
6656
6658
6661
6764
6765
6768
6769
6771
6772
6775
6783
6784
6786
6787
6788
6888
6890
6891
6896
6898
6899
6902
6903
6910
7018
7024
7025
7026
7027
7028
7030
7032
7034
7139
7140
7142
7146
7148
7150
7151
7153
7155
7156
7159
7162
7164
7264
7267
7270
7271
7276
7277
7278
7279
7284
7286
7287
7390
7391
7393
7394
7398
7400
7404
7406
7410
7516
7517
7520
7521
7523
7524
7525
7527
7529
7531
7533
7536
7537
7643
7645
7648
7651
7653
7654
7655
7657
7658
7659
7776
15272
15273
15274
15276
15277
15280
15282
15284
15286
15288
15390
15391
15399
15402
15403
15404
15405
15406
15412
15413
15414
15511
15512
15513
15514
15515
15516
15524
15525
15528
15531
15534
15535
15536
15541
15544
15638
15641
15645
15646
15647
15648
15649
15654
15656
15657
15658
15661
15662
15663
15664
15666
15669
15756
15757
15762
15771
15774
15775
15778
15779
15781
15782
15783
15784
15787
15791
15795
15880
15881
15888
15889
15891
15892
15894
15897
15898
15902
15903
15904
15908
15909
15911
15913
15914
15916
15918
16005
16008
16009
16013
16014
16015
16016
16017
16018
16019
16020
16021
16022
16023
16024
16025
16028
16030
16032
16034
16036
16037
16039
16041
16042
16046
16047
16129
16131
16132
16134
16137
16140
16141
16143
16144
16145
16148
16149
16151
16156
16157
16159
16163
16164
16165
16169
16170
16174
16256
16258
16260
16261
16264
16266
16267
16270
16277
16279
16281
16282
16285
16286
16287
16288
16289
16290
16294
16379
16380
16382
16383
16386
16390
16391
16392
16395
16396
16398
16400
16401
16403
16405
16406
16410
16411
16413
16415
16417
16420
16423
16506
16507
16509
16517
16519
16525
16531
16534
16538
16543
16637
16640
16645
16646
16650
16652
16653
16654
16656
16657
16659
16661
16662
16664
16765
16769
16770
16771
16772
16774
16779
16780
16781
16783
16784
