7772
7774
7777
7778
7892
7893
7894
7900
7907
7908
7911
8014
8015
8017
8019
8020
8021
8026
8027
8029
8030
8033
8036
8138
8139
8140
8143
8144
8148
8152
8153
8154
8155
8156
8158
8161
8164
8265
8269
8271
8274
8276
8278
8279
8281
8284
8285
8287
8288
8289
8390
8396
8398
8400
8401
8403
8405
8411
8413
8415
8513
8515
8516
8523
8525
8531
8532
8533
8534
8536
8645
8647
8648
8652
8653
8654
8655
8662
8663
8763
8766
8767
8769
8770
8771
8772
8775
8781
8784
8889
8891
8894
8897
8898
8899
8901
8904
8906
8907
8908
8909
8912
8913
9014
9016
9018
9019
9020
9021
9028
9030
9034
9037
9139
9141
9143
9146
9148
9158
9159
9161
9265
9267
9268
9279
9281
9283
9284
9393
9394
9395
9398
9400
9405
9406
9412
9525
9526
9527
9528
9529
9530
9532
9534
9641
9642
9647
9648
9649
9653
9657
9659
9770
9771
9775
9782
9784
9891
9895
9904
9910
9911
10023
10025
10027
10146
10149
10152
10153
10154
10155
10157
10273
10274
10278
10282
10396
10400
10402
10404
10406
16271
16274
16275
16277
16391
16392
16394
16395
16396
16398
16399
16404
16405
16407
16408
16413
16414
16513
16515
16518
16524
16525
16526
16527
16532
16534
16536
16538
16539
16544
16642
16645
16648
16649
16650
16651
16655
16656
16658
16660
16663
16669
16672
16761
16762
16763
16765
16766
16767
16768
16769
16770
16774
16776
16777
16779
16780
16781
16782
16785
16787
16789
16790
16791
16798
16879
16881
16883
16884
16886
16887
16889
16892
16894
16897
16903
16905
16909
16911
16912
16914
16916
16919
16923
16924
17007
17010
17014
17015
17021
17023
17025
17026
17027
17028
17029
17030
17031
17034
17035
17036
17037
17038
17040
17041
17044
17047
17132
17133
17137
17138
17139
17143
17144
17145
17147
17148
17150
17152
17154
17156
17163
17164
17167
17169
17172
17260
17261
17262
17263
17267
17268
17270
17271
17273
17277
17280
17281
17282
17283
17287
17290
17291
17292
17294
17295
17384
17387
17389
17394
17396
17398
17399
17403
17406
17407
17414
17415
17518
17519
17528
17530
