8397
8398
8399
8400
8401
8402
8406
8520
8521
8525
8526
8527
8530
8532
8643
8649
8651
8652
8653
8656
8658
8661
8769
8770
8772
8773
8776
8781
8783
8786
8891
8892
8899
8901
8902
8904
8907
8908
9016
9017
9022
9023
9024
9026
9029
9031
9035
9036
9144
9147
9150
9151
9152
9154
9157
9159
9160
9268
9272
9273
9274
9276
9281
9283
9284
9393
9398
9400
9402
9403
9405
9408
9515
9516
9519
9523
9524
9525
9527
9528
9529
9536
9538
9640
9644
9647
9648
9649
9654
9655
9656
9662
9663
9664
9764
9767
9769
9772
9776
9777
9778
9779
9780
9781
9785
9787
9889
9890
9891
9894
9895
9897
9899
9902
9905
9906
9907
9908
9909
9913
10017
10020
10021
10025
10027
10029
10036
10037
10141
10142
10145
10146
10147
10148
10155
10156
10157
10158
10159
10160
10162
10163
10266
10269
10270
10272
10273
10274
10279
10280
10281
10283
10286
10287
10389
10396
10398
10399
10400
10404
10413
10515
10517
10518
10520
10522
10526
10532
10640
10645
10647
10648
10650
10652
10653
10656
10659
10660
10661
10662
10770
10771
10774
10776
10778
10779
10781
10783
10784
10787
10890
10891
10893
10895
10897
10898
10899
10905
10906
10907
10910
10911
10912
11022
11025
11027
11029
11031
11032
11034
11143
11154
11155
11268
11276
11277
11282
11398
11399
11401
11402
11404
16646
16648
16653
16656
16762
16768
16772
16773
16775
16776
16779
16780
16781
16782
16786
16788
16789
16790
16885
16887
16892
16893
16894
16896
16901
16904
16907
16909
16911
16912
16914
16916
17009
17011
17013
17014
17016
17017
17018
17023
17024
17027
17032
17035
17041
17134
17140
17141
17142
17143
17144
17148
17150
17151
17152
17153
17156
17158
17159
17161
17162
17166
17168
17170
17173
17257
17260
17261
17263
17264
17266
17267
17275
17277
17278
17279
17280
17281
17283
17284
17285
17286
17288
17290
17291
17292
17293
17296
17379
17382
17393
17396
17398
17399
17401
17403
17408
17409
17410
17411
17414
17416
17509
17514
17516
17518
17522
17523
17524
17525
17528
17530
17531
17535
17536
17538
17540
17542
17545
17546
17633
17634
17635
17636
17638
17640
17642
17644
17651
17653
17654
17656
17657
17658
17660
17661
17663
17664
17665
17764
17766
17767
17768
17773
17775
17776
17778
17782
17784
17786
17787
17790
17897
17898
17904
