512
518
519
520
523
524
525
526
535
536
537
541
634
635
637
644
645
647
650
653
655
659
663
670
671
672
673
754
762
764
766
767
769
772
774
775
776
777
780
783
786
787
789
790
791
795
796
798
882
883
885
888
889
892
893
905
907
908
911
912
917
919
920
921
1016
1017
1019
1020
1024
1025
1028
1029
1031
1032
1033
1034
1036
1040
1041
2387
2390
2393
2394
2395
2400
2403
2405
2410
2512
2517
2519
2520
2524
2525
2526
2527
2528
2529
2531
2532
2534
2541
2638
2640
2643
2645
2646
2647
2651
2652
2654
2655
2657
2658
2659
2662
2778
2779
2781
17141
17142
17144
17145
17149
17150
17153
17157
17158
17160
17269
17270
17272
17278
17288
17393
17402
17407
17408
17409
18763
18767
18768
18769
18771
18775
18776
18777
18779
18780
18782
18783
18784
18785
18789
18794
18884
18892
18895
18896
18898
18902
18906
18909
18911
18913
18914
18915
18916
18917
18918
18919
18920
18921
19008
19009
19012
19023
19024
19025
19026
19028
19036
19041
19043
19044
19045
19047
19048
19132
19133
19136
19138
19139
19143
19144
19146
19147
19151
19154
19158
19163
19164
19168
19169
19170
19171
19172
19261
19263
19265
19266
19267
19268
19270
19271
19273
19274
19275
19284
19286
19287
19289
20521
20522
20527
20531
20533
20633
20634
20635
20640
20641
20642
20643
20645
20646
20647
20649
20652
20654
20655
20658
20660
20661
20662
20663
20664
20667
20766
20767
20768
20769
20770
20771
20772
20773
20774
20775
20776
20780
20782
20783
20784
20785
20792
20793
20794
20795
20883
20884
20887
20889
20890
20892
20893
20895
20896
20897
20899
20900
20901
20903
20905
20910
20911
20912
20917
21012
21014
21016
21020
21021
21024
21025
21026
21029
21031
21032
21035
21036
21038
21039
21042
21043
