508
509
511
514
515
516
517
520
527
529
530
532
533
534
539
543
545
636
640
644
647
648
651
654
656
657
658
663
773
18517
18521
18528
18531
18535
18638
18640
18643
18644
18649
18652
18654
18662
18669
18757
18761
18763
18764
18766
18768
18779
18780
18781
18788
18789
18793
18794
18795
18880
18882
18884
18891
18893
18894
18895
18896
18897
18898
18899
18900
18904
18905
18906
18907
18910
18911
18914
18917
18919
18923
19005
19006
19008
19014
19015
19016
19017
19018
19019
19022
19024
19029
19030
19033
19035
19038
19043
19049
19131
19133
19143
19144
19145
19146
19147
19149
19153
19155
19156
19158
19160
19162
19166
19167
19172
19255
19259
19262
19263
19264
19268
19270
19278
19279
19285
19286
19287
19292
19384
19388
19389
19394
19398
19402
19409
19411
19412
19414
19415
19417
19419
19521
19522
19527
19529
19532
19535
19536
