15521
15522
15526
15530
15533
15641
15643
15644
15646
15647
15651
15653
15654
15657
15659
15661
15765
15766
15771
15774
15776
15779
15784
15785
15788
15889
15892
15893
15896
15899
15900
15901
15902
15904
15906
15909
15912
16014
16016
16021
16025
16028
16033
16035
16036
16040
16138
16140
16143
16147
16149
16150
16152
16153
16154
16163
16264
16267
16268
16269
16271
16273
16278
16279
16280
16284
16398
16400
16403
16404
16405
16407
16528
18771
18778
18779
18781
18886
18889
18890
18892
18895
18896
18897
18899
18902
18903
18908
18910
19008
19013
19014
19020
19021
19022
19023
19024
19027
19028
19029
19030
19031
19033
19034
19037
19038
19041
19044
19045
19132
19133
19135
19138
19139
19144
19145
19150
19151
19152
19154
19156
19159
19160
19164
19165
19166
19255
19257
19258
19259
19262
19265
19267
19271
19273
19274
19276
19282
19283
19284
19286
19287
19288
19289
19297
19298
19299
19379
19382
19383
19384
19385
19387
19391
19393
19394
19395
19396
19397
19400
19401
19402
19403
19406
19412
19413
19419
19423
19506
19507
19512
19513
19514
19516
19519
19521
19524
19525
19526
19528
19533
19535
19538
19539
19545
19546
19547
19631
19632
19633
19635
19639
19640
19643
19646
19647
19650
19651
19652
19657
19659
19662
19663
19664
19665
19666
19667
19668
19672
19757
19759
19763
19767
19769
19770
19772
19773
19775
19777
19779
19780
19782
19785
19786
19788
19792
19794
19889
19899
19901
19902
19903
19904
19908
19912
20021
20022
20024
20025
20028
