16051
16052
16056
16058
16062
16170
16171
16172
16173
16176
16177
16182
16184
16188
16189
16193
16293
16295
16300
16301
16302
16303
16304
16305
16306
16308
16309
16314
16315
16316
16317
16318
16319
16320
16418
16420
16422
16433
16434
16435
16436
16442
16443
16550
16553
16554
16557
16558
16560
16565
16566
16676
16679
16681
16685
16686
16688
19047
19048
19049
19051
19056
19059
19065
19066
19166
19179
19180
19181
19184
19185
19188
19189
19190
19191
19193
19198
19199
19288
19293
19294
19295
19297
19300
19301
19302
19303
19305
19306
19307
19308
19314
19318
19320
19322
19413
19415
19418
19420
19421
19423
19424
19425
19427
19428
19431
19436
19437
19438
19439
19440
19442
19446
19447
19451
19453
19534
19535
19536
19539
19540
19543
19545
19546
19547
19550
19552
19556
19557
19558
19559
19561
19563
19564
19565
19567
19570
19571
19574
19577
19579
19661
19663
19665
19666
19668
19669
19673
19678
19679
19680
19684
19686
19687
19689
19690
19691
19694
19695
19696
19701
19703
19704
19787
19790
19791
19793
19799
19801
19802
19803
19807
19810
19811
19812
19813
19814
19817
19819
19822
19824
19825
19912
19914
19916
19918
19925
19930
19933
19935
19936
19942
19944
19945
20041
20045
20046
20047
20049
20051
20054
20055
20057
20061
20062
20063
20066
20067
20068
20069
20071
20073
20074
20167
20169
20171
20173
20175
20176
20178
20181
20183
20184
20185
20187
20191
20193
20302
20304
20305
20306
