2171
2172
2178
2179
2180
2183
2184
2186
2187
2190
2191
2192
2290
2297
2298
2300
2301
2302
2304
2305
2307
2323
2412
2414
2415
2416
2418
2419
2422
2426
2429
2430
2431
2432
2433
2435
2437
2439
2440
2441
2442
2446
2447
2448
2452
2534
2546
2549
2550
2551
2552
2553
2555
2556
2559
2560
2567
2568
2569
2571
2572
2576
2577
2578
2661
2663
2664
2670
2671
2672
2679
2681
2682
2686
2687
2692
2696
2697
2700
2701
2794
2802
2807
2808
2810
2811
2817
2819
2822
13432
13434
13549
13550
13552
13554
13556
13560
13561
13672
13674
13678
13681
13683
13684
13688
13689
13690
13800
13805
13808
13810
13812
13814
16298
16301
16302
16308
16309
16317
16318
16319
16418
16420
16424
16428
16429
16430
16431
16434
16435
16438
16439
16441
16442
16543
16544
16545
16549
16553
16554
16556
16558
16563
16564
16567
16568
16679
16680
16682
16684
