515
519
529
531
532
535
2148
2151
2153
2154
2262
2264
2265
2271
2277
2279
2280
2282
2288
2289
2291
2383
2384
2385
2386
2388
2391
2392
2395
2398
2399
2402
2404
2406
2407
2408
2409
2411
2413
2415
2416
2419
2420
2506
2508
2512
2514
2516
2517
2518
2519
2524
2525
2529
2531
2533
2534
2537
2538
2540
2541
2542
2543
2547
2629
2635
2636
2639
2641
2642
2643
2646
2648
2650
2653
2655
2660
2661
2666
2670
2671
2673
2755
2760
2763
2764
2768
2769
2770
2771
2772
2773
2776
2778
2779
2780
2783
2784
2785
2786
2787
2792
2793
2795
2883
2885
2886
2891
2894
2896
2897
2899
2902
2906
2910
2915
2916
2917
3014
3019
3020
3023
3025
3026
3028
3032
3036
3037
3038
4765
4770
4771
4773
4776
4777
4778
4779
4782
4785
4787
4788
4789
4884
4885
4888
4891
4892
4896
4897
4902
4903
4906
4908
4910
4911
4912
4913
4914
4915
5009
5013
5015
5017
5018
5024
5026
5028
5032
5035
5038
5042
5043
5048
5132
5134
5138
5139
5141
5142
5143
5145
5146
5147
5150
5151
5152
5157
5160
5165
5167
5168
5169
5170
5171
5173
5255
5259
5262
5264
5274
5275
5278
5280
5283
5284
5288
5290
5293
5297
5381
5382
5384
5385
5388
5389
5392
5393
5394
5395
5397
5399
5402
5404
5405
5408
5410
5413
5415
5419
5508
5510
5514
5517
5518
5519
5520
5525
5526
5528
5529
5531
5534
5535
5541
5635
5640
5641
5642
5643
5645
5652
5658
5662
5765
5766
5770
5772
5774
5775
5776
5777
5780
9516
9517
9520
9523
9529
9536
9644
9646
9648
9651
9653
9658
9659
9768
9770
9773
9774
9777
9779
9780
9781
9782
9783
9784
9785
9891
9895
9896
9900
9903
9906
9908
10015
10018
10019
10021
10025
10026
10027
10028
10031
10032
10038
10040
10145
10146
10148
10149
10150
10156
10158
10161
10164
10264
10265
10267
10270
10271
10277
10279
10282
10284
10285
10286
10287
10289
10290
10390
10393
10394
10398
10403
10405
10409
10410
10413
10519
10520
10521
10523
10525
10527
10532
10535
10537
10538
10539
10540
10541
10639
10642
10643
10645
10648
10649
10653
10654
10655
10656
10657
10658
10661
10667
10761
10772
10773
10774
10775
10782
10783
10785
10786
10789
10790
10886
10890
10892
10894
10897
10898
10900
10903
10904
10908
10914
10915
11010
11012
11013
11014
11017
11019
11021
11025
11031
11033
11034
11135
11137
11140
11142
11143
11148
11151
11152
11154
11155
11156
11157
11160
11161
11165
11167
11262
11267
11270
11271
11275
11277
11280
11281
11285
11287
11288
11289
11290
11389
11392
11394
11397
11401
11402
11403
11404
11410
11412
11416
11512
11515
11517
11521
11524
11525
11530
11534
11536
11539
11636
11641
11643
11644
11645
11646
11650
11651
11652
11658
11660
11663
11664
11761
11763
11772
11778
11779
11782
11785
11786
11788
11789
11790
11791
11887
11889
11895
11897
11901
11906
11909
11911
11915
12014
12015
12017
12018
12021
12024
12025
12026
12028
12029
12030
12034
12035
12039
12143
12147
12148
12156
12157
12161
12164
12263
12265
12266
12272
12273
12282
12284
12288
12390
12393
12394
12398
12401
12402
12403
12404
12405
12409
12411
12412
12414
12518
12521
12524
12527
12528
12529
12533
12535
12536
12642
12644
12645
12646
12648
12651
12652
12654
12655
12656
12661
12768
12770
12771
12774
12775
12776
12778
12780
12781
12785
12786
12892
12894
12895
12901
12902
12905
12908
12911
13027
13029
16400
16401
16402
16403
16516
16517
16520
16521
16530
16532
16537
16638
16639
16642
16648
16651
16655
16656
16657
16659
16660
16661
16762
16764
16767
16769
16771
16773
16777
16780
16781
16784
16785
16794
16884
16886
16889
16892
16893
16894
16895
16900
16902
16903
16904
16905
16908
16909
16910
16912
16915
17012
17014
17017
17020
17022
17027
17028
17030
17031
17032
17035
17037
17042
17139
17146
17147
17150
17153
17155
17156
17163
19140
19142
19146
19147
19148
19149
19152
19154
19160
19163
19266
19267
19268
19270
19271
19272
19273
19274
19277
19279
19280
19281
19284
19285
19286
19291
19390
19394
19398
19400
19402
19403
19404
19406
19408
19410
19411
19412
19414
19415
19417
19514
19515
19519
19522
19526
19530
19533
19538
19539
19642
19647
19648
19651
19653
19654
19655
19658
19660
