3514
3515
3516
3517
3521
3526
3528
3530
3531
3532
3539
3636
3637
3639
3640
3641
3643
3644
3649
3656
3657
3659
3661
3668
3669
3757
3762
3763
3764
3765
3767
3769
3776
3777
3779
3780
3782
3783
3787
3789
3790
3791
3792
3793
3795
3797
3880
3889
3894
3895
3897
3898
3900
3904
3907
3913
3914
3917
3921
3923
3924
4004
4006
4007
4010
4014
4017
4021
4023
4024
4026
4027
4028
4031
4032
4033
4034
4042
4046
4048
4129
4131
4134
4136
4137
4140
4141
4143
4145
4150
4152
4155
4156
4157
4158
4159
4163
4165
4166
4168
4171
4255
4256
4257
4259
4261
4262
4265
4267
4268
4271
4273
4274
4275
4276
4279
4280
4282
4284
4285
4292
4295
4383
4386
4392
4398
4400
4406
4407
4409
4414
4415
4513
4515
4518
4524
4530
4532
4533
4535
8026
8149
8150
8151
8273
8275
8277
8402
