519
521
522
524
526
529
534
638
641
643
644
645
648
651
657
659
660
663
664
768
769
772
779
780
782
783
789
888
897
899
901
903
904
908
911
913
1019
1020
1022
1023
1024
1026
1027
1029
1033
1034
1035
1036
1150
1152
3396
3397
3400
3404
3406
3512
3514
3516
3518
3519
3523
3525
3530
3532
3534
3536
3537
3635
3639
3641
3644
3645
3647
3648
3649
3652
3653
3655
3660
3661
3664
3669
3670
3756
3757
3759
3762
3765
3766
3769
3770
3773
3776
3780
3781
3782
3783
3784
3787
3790
3792
3794
3795
3797
3879
3880
3883
3884
3885
3886
3889
3890
3891
3892
3893
3896
3899
3900
3905
3908
3909
3910
3915
3917
3919
4014
4019
4022
4026
4028
4030
4032
4034
4035
4037
4038
4039
4040
4041
4042
4043
4044
4045
4047
4048
4129
4131
4136
4140
4143
4146
4148
4154
4155
4158
4160
4161
4162
4163
4165
4166
4167
4168
4170
4172
4173
4255
4256
4258
4259
4261
4263
4266
4269
4270
4271
4272
4273
4274
4277
4279
4281
4285
4292
4293
4294
4295
4383
4387
4389
4399
4404
4406
4408
4409
4412
4415
4416
4419
4512
4515
4516
4518
4523
4524
4530
4531
4535
4536
4537
4538
4540
4647
4649
4653
4654
