24
26
27
29
31
34
39
143
146
148
149
150
153
156
162
164
165
168
169
273
274
277
284
285
287
288
294
393
402
404
406
408
409
413
416
418
524
525
527
528
529
531
532
534
538
539
540
541
655
657
2901
2902
2905
2909
2911
3017
3019
3021
3023
3024
3028
3030
3035
3037
3039
3041
3042
3140
3144
3146
3149
3150
3152
3153
3154
3157
3158
3160
3165
3166
3169
3174
3175
3261
3262
3264
3267
3270
3271
3274
3275
3278
3281
3285
3286
3287
3288
3289
3292
3295
3297
3299
3300
3302
3384
3385
3388
3389
3390
3391
3394
3395
3396
3397
3398
3401
3404
3405
3410
3413
3414
3415
3420
3422
3424
3519
3524
3527
3531
3533
3535
3537
3539
3540
3542
3543
3544
3545
3546
3547
3548
3549
3550
3552
3553
3634
3636
3641
3645
3648
3651
3653
3659
3660
3663
3665
3666
3667
3668
3670
3671
3672
3673
3675
3677
3678
3760
3761
3763
3764
3766
3768
3771
3774
3775
3776
3777
3778
3779
3782
3784
3786
3790
3797
3798
3799
3800
3888
3892
3894
3904
3909
3911
3913
3914
3917
3920
3921
3924
4017
4020
4021
4023
4028
4029
4035
4036
4040
4041
4042
4043
4045
4152
4154
4158
4159
