11025
11027
11028
11029
11031
11032
11034
11036
11150
11152
11160
11279
11281
11284
11286
11287
11401
11403
11405
11529
11530
11535
11537
11650
11651
11652
11655
11658
11661
11662
11663
11781
11785
11787
11903
11908
11910
11911
11913
12279
12280
12281
12284
12404
12406
16154
16156
16159
16160
16163
16164
16268
16273
16274
16278
16279
16284
16285
16294
16297
16391
16397
16401
16403
16404
16408
16410
16412
16416
16417
16418
16419
16420
16424
16513
16515
16516
16517
16520
16521
16522
16523
16524
16526
16527
16535
16539
16541
16543
16544
16545
16546
16547
16548
16549
16551
16639
16642
16646
16647
16648
16649
16652
16653
16655
16657
16659
16662
16667
16668
16669
16670
16759
16761
16763
16764
16767
16771
16773
16774
16775
16777
16778
16779
16783
16784
16787
16788
16790
16794
16796
16797
16798
16799
16885
16886
16890
16895
16896
16897
16901
16902
16904
16908
16910
16914
16915
16916
16919
16922
16923
16924
16926
17011
17017
17018
17019
17020
17021
17022
17023
17025
17028
17032
17033
17034
17039
17041
17045
17047
17048
17049
17050
17051
17140
17141
17147
17148
17152
17155
17158
17160
17162
17166
17168
17169
17171
17268
17270
17279
17282
17287
17288
17289
19657
19779
19780
19785
