1028
1030
1032
1033
1036
1037
1038
1142
1143
1150
1151
1160
1162
1165
1168
1169
1170
1262
1267
1268
1269
1275
1276
1277
1279
1285
1286
1290
1292
1293
1299
1300
1301
1387
1390
1391
1394
1395
1396
1397
1399
1400
1401
1402
1403
1404
1405
1407
1409
1410
1412
1413
1418
1419
1420
1423
1424
1428
1512
1513
1515
1518
1520
1521
1522
1524
1525
1527
1529
1531
1533
1534
1535
1538
1541
1542
1543
1545
1548
1549
1638
1642
1646
1647
1660
1661
1662
1663
1668
1669
1672
1673
1767
1768
1770
1772
1773
1774
1776
1779
1780
1781
1788
1791
1792
1793
10151
10161
10162
10163
10277
10278
10280
10285
10286
10287
10405
10412
10413
10515
10516
10521
10525
10531
10535
10536
10537
10541
10548
10640
10651
10654
10656
10660
10663
10667
10669
10671
10767
10775
10776
10779
10781
10783
10784
10785
10787
10788
10789
10796
10798
10890
10894
10903
10905
10908
10911
10913
10918
11012
11014
11019
11021
11028
11030
11032
11033
11035
11037
11042
11045
11046
11047
11048
11138
11139
11140
11142
11144
11145
11146
11149
11151
11152
11159
11161
11165
11168
11169
11170
11264
11267
11268
11277
11278
11280
11282
11286
11289
11290
11293
11297
11300
11390
11394
11397
11403
11405
11409
11412
11415
11423
11512
11515
11520
11521
11522
11523
11524
11528
11534
11538
11545
11546
11551
11554
11641
11642
11643
11645
11646
11647
11652
11653
11654
11656
11660
11666
11670
11677
11678
11760
11764
11769
11770
11774
11776
11778
11780
11781
11782
11787
11788
11789
11791
11794
11797
11798
11801
11802
11803
11888
11891
11895
11896
11907
11909
11910
11915
11916
11921
11923
11924
11925
11926
12008
12010
12013
12014
12018
12022
12023
12025
12026
12027
12028
12029
12031
12036
12038
12042
12044
12048
12049
12050
12051
12133
12137
12141
12144
12146
12147
12148
12150
12153
12155
12158
12159
12160
12163
12166
12167
12174
12177
12179
12257
12259
12261
12262
12264
12268
12275
12276
12279
12281
12283
12288
12289
12290
12299
12300
12301
12303
12304
12305
12385
12386
12394
12396
12401
12403
12404
12407
12409
12412
12414
12416
12419
12420
12423
12426
12429
12430
12508
12512
12515
12516
12517
12519
12521
12523
12524
12527
12531
12532
12533
12535
12537
12538
12543
12544
12547
12633
12640
12641
12649
12650
12651
12653
12656
12659
12664
12667
12671
12677
12679
12757
12760
12764
12766
12772
12773
12774
12775
12776
12780
12781
12785
12788
12794
12802
12804
12885
12887
12891
12895
12896
12897
12903
12905
12907
12909
12910
12911
12916
12918
12920
12922
12925
13010
13020
13024
13028
13029
13031
13032
13034
13036
13040
13042
13044
13045
13046
13048
13049
13050
13052
13137
13138
13139
13140
13142
13143
13148
13149
13150
13152
13155
13159
13160
13170
13173
13263
13266
13268
13275
13276
13277
13279
13280
13281
13282
13284
13288
13292
13293
13294
13296
13297
13298
13299
13301
13390
13391
13392
13393
13395
13398
13399
13401
13402
13405
13410
13413
13417
13418
13421
13422
13518
13520
13523
13524
13525
13526
13529
13535
13536
13545
13652
13653
13656
13659
13662
13663
13664
18030
19914
20023
20025
20028
20031
20032
20033
20036
20038
20039
20041
20145
20146
20148
20151
20156
20158
20159
20160
20161
20165
20166
20270
20275
20276
20277
20278
20283
20286
20289
20290
20404
20405
