907
911
912
913
914
1028
1031
1038
6018
6023
6027
6028
6031
6033
6034
6036
6037
6039
6041
6137
6138
6142
6143
6161
6166
6169
6171
6172
6174
6261
6265
6267
6268
6274
6275
6277
6281
6283
6286
6287
6288
6289
6293
6295
6297
6299
6300
6385
6387
6388
6391
6393
6395
6396
6398
6399
6400
6406
6410
6411
6413
6416
6418
6422
6423
6424
6512
6518
6519
6526
6532
6534
6536
6537
6539
6544
6545
6546
6549
6648
6649
6651
6655
6658
6660
6661
6662
11395
11397
11404
11405
11407
11410
11412
11415
11416
11418
11517
11520
11521
11522
11523
11529
11530
11531
11535
11544
11545
11547
11638
11640
11643
11647
11650
11651
11652
11659
11660
11661
11662
11668
11675
11764
11765
11766
11767
11771
11778
11780
11781
11783
11787
11789
11895
11898
11902
11903
11904
11906
13397
13402
13517
13519
13521
13522
13529
13530
13534
13535
13536
13537
13540
13542
13544
13643
13645
13647
13649
13651
13652
13655
13656
13657
13658
13661
13663
13664
13665
13666
13667
13669
13771
13774
13775
13779
13781
13784
