3516
3517
3519
3521
3526
3527
3536
3641
3643
3647
3649
3654
3656
3658
3659
3662
3768
3770
3775
3776
3779
3784
5139
5142
5144
5145
5150
5152
5153
5155
5164
5165
5167
5257
5259
5261
5263
5264
5268
5270
5273
5275
5276
5278
5279
5280
5287
5288
5292
5293
5296
5379
5383
5391
5392
5394
5396
5399
5401
5407
5408
5409
5410
5411
5414
5420
5421
5507
5510
5516
5521
5522
5523
5525
5526
5529
5530
5531
5534
5535
5536
5537
5539
5541
5545
5547
5638
5645
5653
5654
5657
5661
5662
5663
6887
6893
6894
6897
6898
6900
6901
6903
6905
6908
6914
6915
7009
7013
7014
7017
7024
7026
7027
7033
7034
7035
7036
7038
7041
7042
7043
7044
7045
7133
7135
7137
7138
7139
7143
7145
7148
7150
7153
7157
7159
7160
7163
7164
7166
7170
7172
7257
7258
7260
7261
7262
7264
7265
7268
7270
7271
7274
7277
7279
7282
7285
7286
7287
7290
7291
7293
7390
7391
7396
7397
7398
7401
7404
7405
7408
7409
7413
