5181
5183
5184
5187
5188
5295
5297
5298
5304
5306
5309
5314
5321
5322
5411
5412
5421
5424
5426
5432
5433
5437
5440
5441
5442
5534
5536
5537
5538
5541
5542
5546
5547
5548
5551
5553
5555
5557
5558
5561
5562
5564
5566
5569
5571
5572
5575
5576
5577
5578
5660
5663
5665
5666
5670
5673
5676
5677
5678
5682
5684
5687
5688
5689
5690
5692
5695
5697
5700
5701
5702
5703
5786
5787
5788
5790
5792
5793
5795
5799
5801
5803
5804
5805
5807
5809
5810
5811
5814
5817
5818
5821
5826
5915
5917
5922
5923
5924
5925
5926
5928
5932
5934
5936
5938
5939
5940
5941
5943
6049
6053
6055
6057
6060
6061
6063
6064
11296
11301
11302
11306
11308
11309
11311
11317
11413
11416
11418
11421
11422
11427
11431
11436
11438
11439
11440
11441
11445
11446
11449
11536
11537
11539
11540
11542
11543
11544
11547
11548
11550
11553
11557
11559
11560
11562
11563
11565
11566
11568
11570
11572
11573
11661
11662
11663
11666
11668
11669
11670
11674
11675
11676
11677
11678
11683
11687
11689
11692
11694
11695
11698
11702
11789
11792
11794
11795
11797
11798
11801
11805
11806
11807
11812
11814
11817
11818
11825
11914
11915
11918
11920
11921
11932
11933
11934
11935
11939
11940
11942
11943
11945
12049
12052
12053
12058
12059
12062
12063
