1301
1313
1428
1431
1433
1435
6297
6299
6302
6303
6306
6309
6311
6317
6419
6420
6423
6427
6428
6429
6432
6433
6435
6436
6442
6443
6445
6446
6447
6449
6450
6537
6541
6547
6548
6550
6551
6554
6555
6557
6558
6565
6566
6568
6569
6570
6571
6572
6576
6659
6661
6668
6669
6670
6672
6675
6676
6677
6680
6681
6683
6686
6687
6689
6691
6693
6696
6699
6702
6703
6785
6786
6787
6790
6791
6792
6793
6794
6795
6796
6801
6802
6804
6805
6806
6807
6809
6810
6812
6814
6815
6816
6817
6821
6823
6824
6825
6827
6918
6919
6920
6923
6925
6926
6927
6930
6934
6935
6936
6937
6939
6940
6941
6944
6945
7050
7056
7057
11801
11804
11807
11808
11809
11810
11815
11818
11819
11914
11915
11922
11925
11928
11933
11935
11938
11939
11942
11944
11950
12038
12041
12042
12043
12048
12049
12052
12053
12054
12055
12056
12058
12059
12060
12064
12065
12067
12072
12073
12167
12172
12178
12180
12181
12182
12183
12186
12188
12189
12195
12300
12301
12302
12304
12307
12309
13797
13799
13801
13803
13805
13809
13918
13921
13924
13926
13928
13930
13931
13933
13934
13935
13936
13941
13942
14044
14046
14047
14050
14052
14053
14054
14055
14058
14062
14063
14064
14065
14066
14069
14181
14182
14184
