507
508
513
514
517
518
520
523
525
527
530
534
538
542
544
545
636
637
638
639
640
642
643
647
648
652
653
654
655
656
657
659
665
667
668
669
673
755
761
763
765
766
767
769
770
773
775
777
779
781
784
787
788
790
798
879
882
885
894
895
897
898
899
902
903
904
906
907
908
909
912
914
916
917
918
921
922
923
1008
1009
1010
1011
1018
1019
1020
1023
1026
1027
1029
1034
1036
1038
1039
1041
1042
1043
1045
1048
1132
1134
1135
1136
1137
1138
1139
1141
1142
1143
1144
1145
1146
1147
1149
1150
1152
1153
1154
1157
1158
1160
1161
1162
1163
1164
1165
1166
1168
1260
1264
1265
1266
1269
1272
1273
1274
1279
1280
1281
1282
1286
1388
1390
1392
1394
1395
1396
1397
1398
1407
1412
1413
1522
1524
