638
641
642
650
656
657
663
665
667
758
763
766
769
773
774
779
781
784
790
792
796
882
883
887
889
891
892
895
896
897
901
904
907
910
912
916
918
922
1009
1013
1015
1016
1017
1022
1027
1029
1034
1035
1036
1038
1043
1044
1136
1137
1138
1142
1144
1153
1154
1156
1158
1160
1161
1163
1165
2773
2776
2780
2782
2897
2900
2902
2905
2907
7778
7780
7781
7783
7784
7885
7889
7891
7892
7893
7894
7896
7898
7903
7904
7905
7909
7910
7912
7916
8006
8009
8012
8013
8016
8018
8019
8020
8022
8023
8024
8025
8026
8029
8030
8031
8033
8034
8035
8037
8038
8040
8041
8042
8043
8045
8133
8136
8137
8139
8142
8145
8147
8148
8149
8152
8153
8154
8155
8156
8157
8158
8160
8162
8164
8165
8168
8169
8170
8173
8258
8262
8263
8266
8267
8268
8270
8271
8272
8275
8276
8279
8282
8286
8287
8288
8291
8382
8384
8385
8387
8390
8392
8394
8395
8396
8397
8398
8399
8402
8404
8405
8406
8407
8413
8415
8416
8417
8523
8525
8529
8534
8537
13265
13267
13268
13269
13272
13276
13277
13288
13290
13385
13388
13393
13397
13403
13404
13405
13406
13408
13412
13414
13418
13508
13510
13512
13513
13516
13518
13519
13526
13529
13530
13531
13533
13536
13537
13538
13539
13543
13545
13638
13639
13641
13644
13645
13649
13650
13653
13655
13657
13662
13664
13665
13766
13767
13768
13769
13770
13771
13772
13773
13774
13780
