2264
2266
2270
2271
2272
2275
2277
2280
2281
2282
2286
2288
2289
2291
2384
2385
2391
2392
2393
2394
2397
2398
2400
2405
2406
2407
2409
2413
2414
2510
2512
2515
2516
2518
2519
2521
2524
2526
2527
2528
2529
2538
2542
2546
2632
2641
2643
2644
2647
2648
2652
2654
2659
2661
2662
2664
2665
2667
2668
2670
2672
2764
2765
2766
2768
2770
2771
2774
2775
2776
2779
2781
2784
2788
2789
2792
2793
2797
2888
2889
2891
2895
2897
2899
2902
2903
2904
2905
2907
2910
2911
2913
2915
2916
2920
2921
3008
3012
3013
3014
3019
3022
3024
3030
3036
3038
3040
3041
3044
3045
3135
3136
3143
3144
3145
3149
3150
3152
3153
3161
3163
3167
3268
3274
3280
3284
3285
3286
3396
3398
3399
8278
8279
8281
8282
8289
8385
8386
8389
8393
8398
8399
8401
8402
8410
8412
8413
8416
8418
8510
8511
8514
8521
8524
8526
8528
8529
8530
8532
8537
8538
8539
8540
8547
8632
8633
8642
8644
8645
8646
8649
8650
8651
8652
8653
8654
8655
8658
8664
8665
8668
8671
8672
8754
8756
8762
8763
8764
8765
8770
8773
8774
8778
8782
8785
8786
8788
8789
8791
8794
8796
8798
8879
8880
8882
8884
8889
8891
8893
8895
8896
8899
8903
8906
8907
8909
8911
8913
8914
8915
8916
8918
8921
8924
9008
9009
9011
9012
9013
9014
9015
9017
9020
9023
9024
9025
9027
9029
9031
9032
9037
9038
9040
9044
9048
9131
9135
9136
9140
9141
9144
9145
9146
9151
9153
9157
9158
9159
9160
9162
9165
9167
9261
9264
9266
9269
9270
9272
9273
9274
9282
9283
9284
9286
9287
9291
9294
9389
9393
9394
9397
9398
9400
9401
9403
9405
9413
