511
515
518
523
524
526
527
528
534
645
647
649
650
653
3897
3901
3903
3904
3906
4017
4018
4025
4029
4030
4032
4033
4034
4037
4041
4135
4136
4139
4145
4146
4157
4158
4159
4162
4163
4259
4261
4262
4264
4267
4271
4272
4275
4277
4278
4282
4283
4286
4287
4290
4291
4294
4387
4390
4391
4392
4393
4396
4398
4400
4402
4403
4408
4409
4410
4412
4413
4414
4415
4517
4520
4525
4526
4528
4530
9887
9888
9889
9892
9893
9896
9898
9905
9907
9909
9915
10006
10011
10013
10014
10016
10017
10018
10020
10027
10028
10029
10030
10032
10035
10039
10045
10131
10134
10135
10140
10142
10144
10145
10147
10148
10149
10150
10151
10152
10155
10160
10162
10165
10167
10168
10171
10172
10173
10255
10256
10261
10262
10264
10265
10273
10274
10275
10277
10279
10281
10282
10284
10286
10289
10291
10292
10294
10295
10298
10380
10381
10383
10386
10388
10391
10393
10396
10399
10402
10403
10404
10408
10409
10412
10414
10415
10421
10511
10512
10514
10516
10518
10521
10524
10526
10529
10531
10535
10647
10648
10649
10654
