520
528
531
532
535
2268
2272
2274
2275
2276
2279
2280
2281
2282
2284
2285
2384
2386
2390
2393
2397
2399
2401
2405
2406
2407
2417
2506
2507
2508
2510
2512
2513
2515
2517
2520
2521
2524
2526
2527
2529
2530
2532
2533
2534
2535
2541
2547
2638
2639
2646
2647
2648
2649
2651
2652
2653
2655
2656
2658
2659
2661
2665
2667
2670
2671
2756
2757
2760
2763
2766
2768
2769
2770
2773
2774
2775
2776
2778
2779
2781
2782
2783
2784
2786
2787
2788
2790
2882
2883
2884
2887
2889
2893
2894
2896
2897
2898
2899
2900
2901
2902
2903
2904
2906
2908
2911
2912
2914
2916
3012
3015
3017
3018
3019
3020
3026
3029
3031
3032
3033
3034
3035
3038
3149
3150
4770
4771
4774
4779
4781
4885
4889
4898
4901
4902
4906
4911
4912
4917
4918
4919
5005
5008
5010
5011
5012
5013
5016
5018
5020
5022
5024
5025
5028
5029
5031
5034
5035
5036
5037
5041
5043
5044
5045
5047
5131
5132
5135
5141
5143
5146
5147
5148
5149
5151
5154
5155
5156
5157
5158
5159
5164
5165
5167
5173
5174
5258
5259
5261
5263
5264
5265
5266
5267
5273
5274
5277
5278
5279
5281
5282
5283
5284
5289
5292
5295
5382
5383
5384
5390
5393
5395
5398
5400
5403
5410
5416
5419
5421
5510
5515
5516
5519
5521
5522
5523
5526
5529
5530
5535
5536
5537
5538
5543
5644
5647
5648
5649
5652
5655
5657
5659
5660
7269
7273
7274
7276
7281
7282
7284
7384
7386
7391
7392
7394
7395
7396
7397
7398
7401
7402
7403
7405
7407
7408
7409
7412
7413
7415
7416
7417
7509
7511
7516
7517
7519
7521
7523
7524
7525
7526
7527
7528
7534
7535
7536
7537
7538
7543
7545
7546
7631
7634
7635
7637
7638
7639
7640
7644
7647
7649
7650
7653
7655
7656
7658
7659
7660
7663
7668
7673
7762
7765
7771
7773
7775
7778
7779
7780
7781
7783
7784
7787
7788
7790
7791
7792
7881
7887
7890
7892
7893
7895
7897
7898
7902
7903
7904
7906
7907
7908
7912
7914
7917
7921
7923
8016
8019
8023
8024
8026
8027
8028
8029
8032
8033
8034
8035
8036
8042
8141
8142
8143
8144
8145
8152
8156
8157
8160
9773
9774
9775
9777
9780
9888
9890
9892
9905
9906
9908
9910
9915
9916
9917
10007
10008
10010
10014
10017
10020
10022
10025
10027
10030
10032
10036
10037
10039
10044
10046
10047
10131
10132
10133
10134
10137
10152
10154
10157
10158
10160
10162
10163
10165
10166
10169
10171
10254
10255
10256
10264
10265
10267
10274
10276
10278
10281
10282
10286
10287
10289
10291
10380
10381
10384
10385
10386
10388
10389
10391
10395
10400
10401
10407
10408
10411
10413
10414
10415
10416
10418
10419
10420
10509
10512
10513
10515
10517
10519
10522
10524
10526
10532
10533
10537
10541
10542
10543
10544
10545
10639
10642
10645
10648
10649
10654
10656
12387
12388
12390
12394
12395
12397
12398
12400
12403
12406
12407
12410
12414
12415
12510
12512
12514
12516
12518
12519
12523
12526
12527
12528
12530
12532
12533
12534
12535
12536
12538
12543
12544
12631
12633
12634
12636
12637
12642
12643
12648
12651
12652
12655
12657
12658
12661
12664
12665
12671
12757
12760
12763
12766
12767
12768
12769
12770
12773
12774
12780
12781
12786
12789
12790
12792
12793
12794
12796
12797
12881
12882
12884
12889
12893
12897
12898
12899
12901
12903
12911
12912
12914
12916
12919
12920
12922
13006
13014
13015
13016
13024
13025
13026
13027
13029
13031
13034
13036
13039
13043
13137
13139
13140
13142
13143
13144
13147
13150
13152
13155
13158
13159
13161
13276
13278
13279
