10024
10138
10140
10144
10145
10146
10147
10148
10149
10150
10151
10153
10156
10157
10164
10258
10264
10266
10268
10273
10274
10275
10276
10277
10279
10282
10283
10288
10289
10383
10384
10386
10389
10390
10393
10395
10396
10397
10398
10404
10406
10407
10408
10409
10411
10412
10413
10415
10417
10418
10421
10423
10504
10506
10507
10515
10516
10522
10523
10525
10528
10529
10533
10535
10536
10538
10631
10637
10638
10642
10643
10649
10650
10651
10652
10654
10655
10659
10660
10662
10665
10666
10667
10669
10670
10673
10674
10758
10760
10763
10767
10769
10770
10771
10783
10786
10787
10791
10795
10796
10797
10881
10882
10883
10887
10888
10890
10891
10895
10896
10897
10902
10905
10906
10909
10910
10913
10915
10916
10918
10919
11010
11015
11017
11022
11025
11034
11036
11040
11042
11144
11146
11147
11157
11158
13522
13523
13530
13652
13653
