511
514
520
521
525
529
530
531
532
533
534
536
542
543
545
546
631
632
633
638
640
647
649
653
657
659
661
663
664
668
670
672
759
760
764
768
769
773
776
778
780
783
784
788
790
791
793
885
887
888
893
894
897
899
905
907
910
911
912
915
916
919
920
921
1008
1011
1013
1014
1016
1018
1024
1026
1030
1032
1034
1036
1041
1137
1138
1139
1140
1145
1146
1148
1150
1153
1156
1160
1161
1164
1273
1278
1280
11143
11145
11146
11148
11159
11162
11163
11164
11259
11260
11261
11263
11274
11275
11276
11278
11279
11280
11281
11283
11285
11286
11287
11289
11294
11382
11387
11391
11394
11396
11397
11399
11401
11406
11407
11408
11410
11411
11416
11419
11508
11509
11510
11512
11515
11516
11517
11525
11526
11530
11531
11532
11535
11537
11538
11540
11543
11544
11629
11630
11631
11634
11636
11640
11641
11643
11644
11646
11647
11649
11650
11652
11657
11658
11660
11662
11665
11666
11667
11670
11671
11672
11674
11754
11755
11759
11761
11762
11763
11764
11765
11769
11770
11772
11776
11777
11781
11782
11783
11784
11787
11788
11790
11791
11796
11881
11882
11884
11885
11887
11894
11896
11897
11899
11900
11907
11909
11910
11914
11916
12008
12010
12011
12015
12016
12017
12020
12024
12025
12027
12029
12030
12040
12041
12042
12138
12139
12144
12146
12158
12161
12162
