1147
1149
1150
1152
1153
1157
1266
1277
1278
1280
1282
1284
1286
1288
1292
1383
1395
1396
1399
1400
1401
1402
1405
1408
1414
1417
1418
1420
1421
1506
1514
1518
1519
1524
1527
1528
1531
1532
1534
1536
1537
1539
1543
1545
1630
1633
1635
1638
1640
1641
1644
1645
1646
1647
1649
1651
1654
1659
1666
1667
1668
1756
1758
1759
1761
1765
1766
1767
1768
1771
1777
1782
1784
1786
1787
1790
1792
1796
1885
1887
1888
1889
1897
1898
1899
1900
1901
1905
1907
1911
1912
1915
1917
1920
2010
2012
2014
2015
2022
2025
2029
2030
2031
2036
2037
2144
2147
2150
8775
8778
8896
8897
8899
8900
8907
9029
9030
13266
13267
13268
13270
13271
13272
13274
13275
13276
13281
13283
13284
13286
13291
13386
13388
13391
13393
13394
13396
13397
13398
13399
13400
13401
13406
13407
13409
13410
13414
13510
13511
13514
13516
13519
13522
13523
13524
13526
13528
13529
13530
13531
13533
13534
13535
13545
13547
13630
13634
13638
13640
13642
13643
13644
13645
13646
13649
13650
13653
13654
13655
13656
13658
13659
13660
13663
13664
13665
13667
13670
13672
13754
13757
13759
13761
13762
13763
13764
13766
13767
13768
13769
13772
13774
13775
13777
13781
13786
13787
13789
13790
13791
13793
13795
13796
13797
13884
13885
13886
13888
13892
13893
13894
13895
13900
13901
13905
13906
13907
13908
13909
13910
13914
13920
14009
14010
14011
14012
14014
14015
14019
14022
14026
14032
14033
14035
14040
14041
14044
14045
14139
14142
14145
14146
14147
14149
14151
14153
14155
14156
14157
14158
14160
14162
14165
14166
14266
