1548
1549
1550
1553
1555
1556
1557
1558
1559
1560
1563
1564
1568
1569
1662
1664
1668
1669
1671
1672
1674
1676
1681
1682
1684
1686
1690
1691
1693
1694
1697
1701
1702
1788
1791
1796
1798
1799
1800
1805
1806
1808
1809
1813
1814
1816
1817
1819
1820
1821
1825
1827
1914
1915
1916
1925
1927
1929
1933
1935
1947
1949
2039
2040
2048
2053
2061
2064
2067
2069
3299
3301
3302
3303
3305
3307
3310
3312
3314
3318
3319
3321
3416
3419
3428
3429
3433
3434
3436
3441
3443
3445
3447
3448
3449
3450
3537
3538
3539
3542
3543
3551
3555
3557
3558
3559
3563
3566
3570
3571
3576
3663
3665
3666
3667
3669
3671
3672
3676
3677
3682
3683
3684
3685
3686
3688
3691
3700
3791
3793
3798
3800
3803
3804
3805
3806
3808
3810
3812
3818
13169
13170
13173
13177
13179
13191
13196
13289
13290
13291
13292
13298
13299
13300
13304
13306
13307
13311
13312
13314
13315
13321
13323
13324
13414
13416
13417
13421
13425
13431
13437
13438
13439
13441
13442
13447
13448
13450
13539
13540
13541
13544
13545
13546
13549
13551
13553
13555
13560
13561
13565
13570
13672
13678
13684
