2520
2523
2524
2525
2527
2530
2533
2534
2635
2636
2638
2643
2645
2646
2647
2648
2649
2651
2655
2659
2662
2665
2669
2757
2759
2763
2765
2766
2767
2768
2769
2777
2779
2781
2783
2784
2785
2788
2789
2791
2792
2793
2795
2879
2883
2884
2887
2888
2889
2890
2893
2895
2896
2897
2899
2903
2905
2907
2908
2909
2910
2912
2920
2922
3004
3006
3007
3008
3009
3011
3014
3016
3019
3020
3022
3023
3031
3033
3035
3036
3043
3044
3045
3047
3131
3133
3137
3138
3142
3145
3146
3153
3154
3155
3156
3157
3160
3164
3165
3259
3264
3265
3266
3268
3269
3270
3273
3274
3275
3282
3284
3394
3396
3399
3401
8636
8637
8638
8641
8642
8645
8646
8648
8650
8653
8660
8662
8757
8759
8761
8762
8765
8766
8770
8771
8773
8778
8780
8781
8786
8791
8793
8794
8882
8883
8884
8888
8891
8892
8893
8894
8898
8899
8901
8902
8903
8905
8909
8911
8912
8913
8915
8916
8919
9006
9016
9018
9020
9023
9025
9026
9027
9034
9035
9042
9043
9132
9133
9139
9140
9141
9144
9147
9149
9151
9152
9155
9156
9157
9160
9162
9163
9165
9167
9268
9269
9273
9283
9284
9286
12901
