2306
2415
2416
2422
2423
2426
2427
2429
2431
2440
2441
2442
2443
2536
2540
2543
2545
2549
2551
2554
2558
2559
2560
2561
2562
2564
2566
2567
2569
2570
2574
2662
2663
2665
2667
2670
2671
2673
2674
2675
2676
2679
2683
2686
2687
2689
2690
2693
2696
2698
2703
2784
2790
2791
2793
2794
2796
2797
2798
2801
2802
2803
2808
2809
2810
2811
2814
2818
2821
2823
2825
2826
2827
2910
2912
2914
2922
2923
2924
2926
2933
2934
2936
2938
2942
2947
2950
2952
3037
3039
3040
3041
3045
3051
3052
3053
3054
3056
3057
3059
3060
3062
3068
3072
3077
3162
3163
3166
3171
3172
3174
3176
3177
3179
3183
3188
3192
3194
3197
3292
3295
3300
3301
3302
3305
3311
3313
3314
3317
3318
3423
3424
3425
3433
3437
3438
5679
5681
5682
5804
5805
5806
5930
5931
13302
13304
13307
13308
13418
13422
13423
13424
13426
13436
13439
13441
13442
13445
13543
13546
13547
13551
13557
13558
13559
13562
13563
13564
13565
13567
13569
13572
13573
13663
13667
13669
13670
13671
13674
13678
13683
13685
13686
13688
13690
13697
13699
13700
13787
13793
13796
13799
13802
13804
13806
13807
13810
13812
13814
13817
13820
13824
13915
13917
13920
13921
13924
13925
13930
13935
13936
13939
13940
13942
13945
13947
13949
14042
14044
14045
14046
14051
14053
14055
14065
14069
14170
14171
14172
14176
14179
14180
14182
14183
14189
14191
