2894
2896
2898
2900
2903
2912
3009
3011
3012
3013
3015
3016
3018
3021
3024
3027
3028
3030
3032
3035
3037
3041
3131
3132
3134
3135
3137
3142
3144
3145
3147
3151
3152
3154
3155
3158
3159
3161
3162
3167
3170
3171
3172
3254
3255
3258
3259
3260
3263
3264
3266
3269
3270
3274
3276
3279
3280
3283
3284
3285
3286
3292
3293
3298
3379
3381
3384
3385
3387
3388
3391
3392
3393
3397
3401
3403
3405
3408
3409
3412
3413
3416
3417
3418
3419
3420
3507
3509
3510
3513
3515
3516
3517
3520
3521
3527
3528
3531
3532
3535
3537
3538
3540
3543
3637
3638
3646
3649
3651
3652
3661
3662
3664
8891
8893
8895
8900
8901
8903
9012
9013
9018
9021
9026
9031
9032
9036
9038
9039
9040
9041
9042
9135
9136
9140
9141
9142
9143
9144
9151
9154
9155
9157
9159
9162
9163
9167
9169
9170
9171
9255
9258
9266
9267
9268
9270
9271
9273
9274
9278
9281
9283
9284
9286
9287
9288
9295
9383
9384
9387
9394
9399
9400
9403
9405
9407
9408
9411
9412
9413
9418
9420
9421
9507
9508
9510
9512
9513
9514
9515
9516
9520
9522
9523
9524
9526
9528
9531
9535
9536
9537
9539
9541
9543
9639
9640
9641
9642
9644
9645
9647
9649
9650
9656
13150
13275
