1766
1769
1770
1773
1774
1784
1785
1889
1890
1894
1895
1900
1904
1908
1910
2019
2026
2027
2033
2034
3391
3394
3395
3397
3399
3404
3405
3406
3407
3408
3413
3414
3417
3509
3510
3511
3513
3514
3515
3517
3518
3520
3521
3522
3528
3530
3533
3535
3538
3540
3541
3542
3547
3630
3632
3633
3634
3636
3642
3643
3644
3646
3648
3649
3651
3653
3656
3658
3659
3662
3664
3666
3667
3671
3758
3765
3770
3772
3774
3776
3783
3784
3790
3792
3793
3794
3796
3883
3888
3889
3893
3896
3897
3900
3908
3909
5137
5139
5140
5143
5148
5149
5151
5152
5154
5155
5156
5162
5163
5165
5258
5262
5263
5268
5277
5278
5280
5281
5284
5285
5287
5289
5291
5292
5384
5386
5387
5388
5390
5391
5392
5393
5397
5398
5399
5401
5403
5407
5408
5409
5410
5413
5415
5417
5418
5419
5507
5509
5511
5513
5516
5518
5520
5522
5525
5526
5528
5529
5530
5531
5532
5535
5536
5539
5541
5542
5543
5545
5641
5643
5645
5646
5650
5651
5654
5655
5656
5657
5658
5659
5661
