20
21
22
25
32
36
38
42
44
141
146
147
152
153
154
156
157
159
164
167
169
262
267
271
273
278
279
281
286
288
291
293
300
394
396
397
399
400
401
403
406
407
408
410
411
412
413
414
416
421
524
525
528
529
531
533
534
536
537
538
1766
1768
1769
1772
1774
1775
1780
1781
1782
1789
1790
1791
1794
1795
1796
1888
1894
1895
1896
1899
1901
1903
1904
1906
1908
1909
1911
1915
1917
1920
1922
1923
2010
2015
2018
2019
2020
2022
2024
2025
2026
2029
2031
2032
2033
2034
2035
2037
2038
2041
2043
2044
2045
2053
2136
2137
2140
2142
2143
2147
2150
2151
2153
2155
2156
2161
2164
2165
2166
2170
2171
2174
2175
2267
2268
2277
2278
2281
2282
2286
2287
2289
2291
2293
2295
2296
3646
3648
3651
3654
3655
3656
3657
3658
3660
3662
3663
3670
3767
3769
3771
3772
3777
3781
3782
3783
3785
3788
3791
3792
3793
3794
3892
3893
3895
3897
3898
3899
3903
3907
3909
3915
3916
3918
3920
4032
4033
18401
18406
18408
18520
18522
18526
18528
18529
18530
18534
18536
18537
18651
18653
18654
18657
18658
20021
20023
20026
20027
20032
20034
20035
20036
20037
20039
20040
20043
20048
20138
20144
20145
20150
20155
20156
20157
20159
20160
20161
20163
20164
20169
20170
20172
20173
20174
20175
20177
20259
20263
20264
20265
20267
20269
20271
20272
20274
20276
20277
20278
20279
20282
20287
20290
20291
20292
20293
20298
20299
20300
20303
20390
20391
20393
20397
20400
20401
20402
20405
20406
20409
20410
20412
20413
20417
20419
20422
20425
20426
20427
20525
20526
20528
20532
20535
20539
