396
400
401
402
404
406
408
409
410
412
517
521
524
526
528
530
534
535
536
537
542
544
548
550
636
637
639
642
644
648
654
655
663
669
670
671
673
677
768
770
771
772
778
780
781
783
786
788
790
792
793
885
887
891
896
899
902
903
905
909
910
911
919
1017
1021
1025
1026
1033
1035
1038
1042
1043
1044
1045
1047
6522
6524
6525
6530
6532
6533
6534
6537
6538
6539
6647
6652
6655
6656
6659
6662
6663
6664
6668
6765
6766
6768
6777
6779
6780
6781
6784
6785
6788
6790
6791
6795
6796
6893
6894
6895
6896
6899
6901
6903
6906
6908
6910
6912
6917
6921
6923
7013
7017
7019
7021
7022
7027
7030
7034
7035
7037
7038
7042
7046
7050
7141
7146
7149
7150
7151
7153
7154
7156
7158
7161
7163
7168
7169
7170
7172
7173
7265
7273
7277
7280
7288
7289
7292
7394
7396
7398
7401
7402
7404
7406
7407
7409
7412
7413
7415
7416
7417
7526
7527
7529
7530
7535
13650
13658
13661
13662
13663
13769
13770
13771
13772
13775
13778
13780
13782
13785
13789
13790
13792
13893
13900
13901
13902
13907
13908
13914
13917
13919
14017
14020
14021
14022
14024
14026
14030
14033
14038
14039
14042
14144
14145
14147
14148
14153
14154
14156
14159
14162
14164
14166
14167
14168
14273
14278
14279
14282
14283
14284
14289
14291
14406
14407
14409
19647
19649
19650
19653
19654
19658
19663
19664
19764
19766
19770
19771
19774
19775
19778
19779
19780
19781
19782
19791
19794
19795
19799
19800
19888
19889
19892
19895
19896
19900
19901
19902
19903
19909
19910
19911
19912
19913
19914
19920
19921
19927
20013
20014
20016
20019
20025
20027
20029
20031
20033
20034
20036
20037
20040
20042
20044
20047
20048
20053
20137
20138
20139
20143
20145
20147
20152
20154
20162
20168
20172
20174
20175
20177
20265
20266
20269
20273
20274
20276
20277
20279
20281
20283
20287
20291
20293
20295
20297
