20
22
23
24
29
30
32
35
36
40
43
44
1779
1783
1790
1889
1891
1892
1894
1895
1900
1902
1908
1911
1922
2012
2015
2017
2018
2019
2021
2031
2032
2033
2034
2035
2038
2040
2041
2042
2043
2045
2046
2051
2052
2136
2141
2142
2143
2144
2146
2147
2148
2151
2154
2155
2156
2157
2161
2162
2163
2165
2166
2167
2168
2170
2171
2173
2174
2176
2177
2262
2264
2265
2269
2271
2273
2275
2277
2278
2281
2282
2283
2285
2286
2287
2288
2291
2294
2296
2297
2298
2299
2301
2302
2389
2390
2392
2396
2397
2400
2402
2408
2410
2412
2415
2417
2420
2421
2424
2518
2521
2527
2529
2532
2533
2535
2536
2543
2544
2547
2654
2655
2656
4274
4277
4279
4282
4286
4287
4289
4391
4392
4397
4398
4400
4402
4404
4406
4407
4408
4409
4411
4413
4416
4417
4420
4424
4513
4516
4520
4521
4523
4524
4526
4530
4533
4536
4537
4539
4540
4542
4544
4545
4550
4551
4552
4638
4639
4643
4644
4645
4647
4648
4652
4654
4656
4659
4660
4661
4662
4663
4665
4666
4667
4668
4670
4671
4672
4674
4675
4759
4761
4768
4769
4771
4772
4773
4774
4777
4778
4780
4782
4783
4785
4786
4787
4789
4792
4793
4795
4796
4799
4804
4886
4889
4892
4893
4896
4897
4902
4905
4906
4908
4909
4916
4917
4920
4922
4927
5016
5017
5022
5024
5028
5029
5032
5034
5038
5044
5045
5046
5142
5144
5145
5149
5151
5155
5156
5162
5164
6774
6775
6784
6892
6894
6896
6899
6900
6903
6906
6907
6908
6909
6910
6911
6912
6916
6917
6918
6919
6921
6922
7013
7018
7019
7022
7023
7024
7025
7028
7032
7033
7034
7035
7037
7038
7042
7044
7139
7142
7147
7149
7150
7152
7160
7164
7166
7168
7176
7260
7265
7271
7272
7276
7277
7280
7283
7285
7290
7291
7292
7293
7294
7296
7299
7304
7385
7386
7389
7391
7393
7394
7395
7398
7400
7404
7406
7412
7416
7417
7418
7420
7421
7428
7515
7517
7518
7524
7527
7528
7531
7533
7535
7536
7538
7541
7543
7546
7550
7644
7647
7648
7649
7650
7651
7652
7653
7656
7658
7659
7665
9278
9279
9284
9394
9395
9400
9403
9404
9405
9407
9412
9417
9418
9420
9514
9519
9526
9528
9530
9531
9532
9535
9539
9543
9546
9548
9637
9638
9642
9643
9644
9645
9647
9650
9655
9656
9658
9659
9660
9661
9662
9667
9672
9676
9760
9764
9767
9769
9770
9772
9774
9775
9777
9778
9779
9784
9785
9786
9787
9788
9790
9792
9795
9797
9798
9803
9887
9896
9899
9900
9902
9904
9906
9907
9911
9913
9917
9919
9921
9927
9928
10012
10013
10014
10016
10017
10018
10022
10023
10026
10029
10032
10033
10037
10040
10041
10042
10044
10047
10050
10140
10143
10144
10150
10151
10152
10154
10156
10159
10161
10162
10163
10165
10166
10168
10278
10280
10281
10282
11898
11903
11906
11907
11909
11914
11919
12014
12017
12018
12019
12021
12022
12023
12024
12026
12027
12029
12030
12031
12032
12034
12037
12038
12039
12042
12043
12050
12137
12138
12140
12144
12145
12147
12148
12153
12155
12158
12160
12161
12165
12167
12172
12177
12265
12271
12273
12274
12277
12279
12281
12283
12284
12285
12287
12291
12293
12294
12295
12297
12303
12385
12386
12387
12388
12389
12396
12397
12402
12403
12404
12405
12410
12411
12413
12418
12420
12423
12516
12518
12522
12524
12526
12529
12530
12535
12539
12544
12545
12547
12548
12640
12641
12647
12650
12651
12654
12655
12658
12662
12664
12668
12669
12670
12778
12780
12781
12782
