510
511
512
514
515
518
524
527
528
531
532
536
537
539
634
635
640
641
642
647
650
655
659
662
665
667
668
670
671
758
763
766
767
768
769
770
771
772
774
780
783
784
787
793
794
795
796
798
883
885
886
887
888
889
890
891
892
893
896
898
899
903
905
909
910
911
916
919
920
921
923
1008
1009
1012
1013
1014
1017
1020
1021
1022
1024
1027
1028
1031
1033
1035
1038
1039
1040
1045
1046
1134
1135
1143
1145
1151
1152
1154
1161
1163
1164
1166
1170
1266
1269
1271
1272
1273
1276
1277
1286
1287
1288
2910
3014
3015
3017
3026
3028
3030
3033
3039
3040
3134
3135
3136
3139
3141
3144
3145
3149
3150
3151
3152
3154
3159
3162
3164
3165
3166
3167
3256
3262
3263
3264
3266
3267
3268
3269
3271
3272
3273
3274
3276
3278
3280
3285
3290
3381
3382
3384
3385
3387
3388
3390
3392
3394
3395
3396
3398
3399
3401
3402
3404
3405
3407
3408
3410
3412
3415
3418
3419
3423
3508
3509
3510
3511
3514
3516
3523
3527
3528
3529
3530
3534
3540
3541
3542
3543
3545
3633
3635
3639
3641
3644
3646
3647
3649
3651
3653
3656
3657
3658
3660
3661
3662
3665
3667
3668
3768
3769
3770
3771
3773
3774
3775
3776
3777
3780
3781
3784
3785
5522
5523
5526
5527
5528
5530
5531
5533
5534
5536
5641
5642
5648
5650
5657
5662
5663
5666
5758
5762
5764
5765
5766
5767
5770
5771
5772
5775
5776
5777
5779
5781
5786
5787
5789
5790
5791
5792
5793
5794
5883
5884
5885
5888
5891
5892
5894
5895
5896
5899
5900
5902
5904
5905
5907
5908
5909
5910
5912
5916
5918
5920
5921
5922
6006
6007
6008
6014
6016
6018
6019
6021
6027
6028
6030
6031
6032
6033
6035
6038
6039
6041
6044
6135
6136
6137
6138
6140
6141
6144
6150
6151
6154
6158
6162
6165
6166
6169
6266
6267
6268
6269
6270
6278
6281
6282
6283
8025
8138
8139
8142
8144
8146
8147
8148
8153
8155
8156
8159
8160
8164
8261
8265
8266
8267
8271
8273
8276
8278
8279
8280
8281
8283
8285
8286
8289
8290
8291
8386
8388
8390
8392
8394
8396
8398
8399
8400
8401
8402
8405
8406
8407
8411
8413
8416
8417
8418
8508
8509
8510
8512
8515
8519
8520
8524
8525
8528
8529
8530
8531
8532
8535
8537
8539
8540
8542
8638
8639
8646
8652
8657
8658
8659
8661
8662
8663
8664
8768
8769
8778
8781
10645
10646
10647
10652
10653
10654
10656
10657
10660
10764
10767
10768
10770
10771
10772
10774
10775
10781
10786
10787
10788
10789
10790
10889
10890
10892
10893
10894
10898
10904
10905
10908
10910
10912
10914
10915
10917
11012
11013
11015
11019
11022
11024
11025
11026
11029
11031
11032
11037
11142
11146
11149
11152
11154
11156
11158
11159
11164
13391
13392
13393
13402
13403
13405
13411
13519
13520
13528
13531
13533
13537
13646
13647
13649
13652
13653
13656
