528
530
5391
5392
5393
5394
5395
5396
5399
5400
5401
5402
5404
5405
5406
5408
5508
5510
5517
5518
5519
5520
5522
5523
5526
5527
5528
5529
5532
5534
5536
5537
5538
5539
5545
5629
5630
5631
5633
5634
5637
5641
5642
5643
5644
5645
5647
5648
5654
5662
5666
5667
5670
5671
5672
5755
5756
5759
5760
5762
5764
5765
5766
5768
5770
5773
5774
5776
5778
5785
5788
5795
5796
5797
5881
5882
5885
5886
5889
5892
5894
5896
5897
5900
5901
5903
5907
5910
5912
5913
5914
5916
5919
6012
6018
6022
6029
6030
6035
10769
10772
10774
10775
10776
10780
10781
10787
10788
10887
10890
10892
10895
10897
10899
10903
10905
10906
10908
10911
10915
10919
11013
11016
11017
11018
11020
11023
11024
11030
11031
11032
11034
11036
11043
11044
11045
11135
11139
11140
11141
11145
11148
11149
11153
11154
11157
11159
11161
11162
11164
11165
11169
11269
11270
11271
11272
11273
11275
11280
11284
11286
11395
12892
12894
12895
12899
12901
12903
12904
12905
12906
12907
12910
12911
12913
13012
13013
13014
13016
13017
13019
13020
13021
13022
13025
13027
13029
13035
13036
13038
13040
13138
13141
13144
13146
13148
13150
13152
13157
13159
13161
13275
13277
13278
