2153
2154
2157
2266
2275
2276
2277
2280
2281
2282
2284
2390
2394
2396
2397
2398
2402
2403
2404
2406
2408
2516
2521
2522
2523
2528
2529
2530
2532
2533
2536
2539
2540
2640
2641
2642
2643
2644
2645
2647
2648
2649
2652
2653
2654
2655
2660
2768
2770
2773
2775
2777
2778
2782
2783
2899
5141
5142
5143
5145
5146
5149
5151
5152
5155
5156
5157
5158
5159
5261
5263
5265
5268
5270
5272
5274
5276
5279
5281
5283
5287
5288
5289
5291
5382
5384
5385
5386
5392
5393
5395
5405
5409
5410
5411
5413
5414
5415
5419
5422
5506
5508
5509
5510
5517
5519
5521
5522
5523
5524
5530
5535
5539
5543
5544
5545
5630
5632
5635
5636
5637
5638
5642
5643
5644
5651
5656
5657
5659
5660
5661
5662
5664
5666
5755
5756
5757
5758
5759
5765
5766
5767
5769
5770
5771
5773
5774
5775
5776
5777
5779
5780
5787
5790
5791
5792
5793
5795
5798
5799
5880
5881
5883
5884
5889
5891
5896
5897
5901
5904
5905
5910
5912
5914
5918
5920
5922
5923
6006
6009
6010
6011
6014
6015
6017
6020
6021
6023
6032
6033
6036
6038
6045
6139
6142
6145
6147
6149
6150
6151
6152
6154
6155
6157
6159
6164
6166
6167
6168
6268
6271
6274
6276
6277
6279
6283
6284
6286
