907
910
1018
1020
1021
1022
1023
1026
1027
1028
1029
1033
1036
1037
1040
1044
1133
1135
1146
1150
1152
1154
1155
1158
1159
1160
1162
1163
1165
1166
1167
1262
1263
1266
1267
1269
1270
1271
1273
1274
1279
1280
1282
1283
1285
1286
1287
1290
1292
1295
1297
1298
1386
1389
1394
1395
1399
1400
1401
1402
1403
1405
1407
1408
1409
1410
1414
1415
1416
1418
1421
1423
1506
1513
1515
1519
1521
1523
1524
1527
1528
1529
1530
1535
1536
1539
1540
1543
1545
1546
1636
1640
1642
1645
1648
1649
1655
1658
1659
1664
1666
1667
1765
1766
1771
1772
1774
1775
1776
1778
1779
1782
1783
1784
1786
1787
1788
3402
3404
3405
3406
3409
3513
3514
3518
3519
3521
3522
3527
3528
3529
3539
3540
3541
3637
3640
3641
3642
3644
3648
3650
3651
3653
3657
3659
3661
3666
3668
3756
3757
3759
3760
3761
3765
3772
3773
3778
3779
3783
3785
3786
3787
3788
3790
3793
3797
3879
3880
3881
3887
3891
3896
3899
3902
3903
3904
3906
3909
3914
3915
3916
3921
3923
4004
4005
4013
4015
4017
4018
4019
4020
4023
4025
4026
4028
4029
4033
4039
4042
4044
4133
4135
4138
4139
4140
4144
4145
4146
4148
4149
4152
4153
4155
4156
4161
4163
4164
4165
4167
4265
4274
4276
4278
4280
4281
4283
4289
4290
4291
5898
5900
6022
6024
6028
6029
6032
6036
6038
6133
6135
6139
6142
6145
6146
6147
6149
6152
6155
6157
6158
6161
6162
6163
6165
6166
6169
6258
6259
6263
6264
6265
6266
6267
6268
6270
6271
6273
6276
6278
6281
6284
6285
6286
6295
6297
6379
6381
6383
6387
6389
6392
6393
6394
6398
6401
6404
6405
6409
6413
6414
6416
6418
6419
6424
6504
6507
6513
6520
6522
6523
6524
6526
6533
6534
6536
6537
6542
6543
6545
6634
6636
6637
6640
6642
6643
6645
6653
6654
6657
6661
6663
6664
6665
6666
6667
6760
6765
6768
6769
6770
6773
6774
6778
6780
6789
6790
6791
6898
6904
8517
8521
8527
8528
8530
8533
8640
8642
8644
8646
8647
8652
8653
8654
8661
8668
8756
8757
8759
8760
8761
8762
8763
8764
8767
8771
8776
8777
8778
8779
8784
8790
8792
8793
8796
8880
8881
8882
8884
8885
8889
8891
8892
8894
8895
8898
8900
8903
8904
8908
8914
8917
8919
8920
8923
9006
9007
9008
9009
9012
9015
9016
9020
9021
9025
9027
9028
9029
9030
9033
9034
9035
9038
9039
9040
9042
9044
9045
9046
9131
9132
9133
9134
9137
9140
9141
9149
9150
9152
9153
9155
9157
9159
9161
9162
9163
9164
9165
9169
9261
9263
9266
9268
9271
9274
9277
9279
9283
9284
9287
11141
11142
11144
11149
11150
11154
11155
11156
11158
11163
11165
11166
11258
11259
11260
11266
11268
11270
11271
11272
11275
11276
11278
11280
11281
11282
11283
11286
11291
11381
11383
11384
11385
11386
11388
11390
11395
11398
11399
11403
11407
11409
11411
11414
11417
11420
11421
11509
11510
11512
11513
11514
11519
11522
11524
11528
11529
11530
11531
11533
11535
11538
11540
11541
11542
11543
11544
11546
11632
11641
11644
11648
11650
11651
11652
11654
11658
11659
11661
11663
11664
11665
11667
11669
11761
11764
11766
11774
11779
11781
11782
11783
11784
11786
11787
11790
11791
13646
13647
13651
13659
13662
13766
13767
13768
13769
13770
13774
13775
13780
13781
13782
13786
13788
13887
13893
13895
13897
13900
13901
13904
13905
13910
13911
13912
13914
13918
14010
14017
14019
14020
14027
14030
14031
14039
14043
14045
14134
14135
14137
14139
14142
14143
14144
14146
14147
14148
14149
14152
14154
14155
14156
14157
14158
14164
14166
14261
14262
14268
14270
14271
14272
14274
14276
14277
14278
14280
14281
14282
14283
14286
14288
14394
14396
14399
14401
14402
14403
14404
14407
