1427
1431
1436
1437
1439
1440
1441
1544
1545
1547
1548
1551
1552
1553
1558
1560
1563
1569
1664
1665
1671
1675
1677
1679
1680
1683
1690
1692
1693
1694
1695
1698
1791
1794
1796
1797
1799
1802
1804
1805
1812
1813
1814
1816
1821
1917
1918
1921
1925
1926
1928
1935
1936
1937
1941
1942
2050
2053
7301
7302
7309
7312
7416
7418
7420
7424
7426
7427
7428
7430
7432
7435
7443
7446
7449
7540
7543
7545
7546
7547
7548
7549
7552
7557
7558
7559
7561
7567
7573
7574
7575
7576
7578
7661
7663
7665
7667
7668
7669
7670
7672
7674
7677
7680
7681
7682
7683
7684
7689
7693
7697
7701
7702
7784
7786
7789
7793
7794
7797
7798
7800
7803
7804
7805
7806
7809
7810
7811
7814
7815
7816
7818
7820
7821
7822
7827
7911
7915
7917
7919
7921
7922
7924
7925
7928
7931
7933
7937
7940
7941
7943
7945
7946
7947
7951
8046
8047
8048
8051
8053
8055
8057
8058
8062
8065
8066
8070
13416
13419
13422
13424
13430
13431
13432
13435
13443
13538
13540
13541
13552
13559
13560
13562
13563
13564
13566
13571
13573
13575
13664
13666
13667
13670
13673
13676
13677
13683
13684
13689
13690
13693
13696
13698
13785
13786
13787
13790
13791
13795
13796
13798
13799
13803
13807
13811
13812
13813
13814
13818
13820
13821
13827
13912
13916
13919
13920
13922
13924
13925
13926
13928
13930
13931
13932
13938
13939
13940
13941
13942
13947
14043
14050
14052
14056
14069
