798
800
802
803
804
807
814
815
816
917
918
919
921
923
924
929
930
933
936
938
944
945
946
949
1038
1039
1042
1043
1044
1048
1050
1054
1055
1059
1060
1063
1065
1066
1067
1068
1069
1070
1071
1072
1073
1075
1076
1077
1162
1163
1167
1172
1174
1177
1179
1180
1181
1182
1183
1185
1187
1192
1193
1194
1196
1198
1201
1285
1288
1289
1292
1294
1296
1297
1298
1299
1304
1305
1307
1309
1310
1311
1312
1315
1316
1317
1318
1322
1325
1326
1411
1412
1413
1416
1418
1422
1426
1428
1430
1431
1433
1434
1436
1437
1440
1446
1541
1545
1550
1553
1554
1557
1558
1559
1561
1564
1565
1568
1570
1679
1680
1683
3300
3307
3308
3309
3310
3311
3313
3315
3316
3320
3414
3415
3421
3425
3426
3428
3429
3430
3431
3437
3444
3446
3447
3450
3535
3537
3538
3539
3540
3541
3547
3549
3551
3552
3554
3555
3556
3557
3558
3559
3561
3562
3563
3564
3565
3566
3569
3572
3574
3661
3667
3672
3673
3675
3676
3679
3680
3681
3683
3689
3691
3697
3698
3786
3787
3788
3789
3794
3795
3796
3797
3801
3804
3809
3813
3814
3815
3816
3817
3818
3825
3826
3827
3915
3917
3918
3923
3926
3928
3937
3940
3943
3944
3947
4039
4041
4051
4052
4053
4054
4055
4056
4058
4064
4065
4066
4068
4071
4174
4177
4178
4181
4182
4183
4185
4186
5799
5800
5802
5807
5810
5811
5817
5921
5932
5935
5939
5940
5943
5944
5945
5946
5947
5950
5951
6037
6045
6046
6047
6048
6049
6051
6054
6055
6061
6063
6064
6065
6068
6069
6073
6074
6075
6077
6078
6159
6161
6167
6168
6171
6174
6175
6176
6181
6184
6192
6199
6200
6201
6203
6286
6287
6288
6290
6291
6293
6294
6298
6300
6301
6303
6306
6310
6313
6315
6318
6322
6323
6326
6327
6412
6415
6416
6417
6418
6419
6420
6422
6423
6424
6425
6428
6429
6436
6438
6440
6441
6442
6446
6447
6543
6547
6548
6553
6555
6556
6558
6559
6564
6572
6670
6673
6676
6677
6681
6687
6688
6689
6690
8309
8311
8312
8317
8318
8416
8422
8426
8428
8433
8434
8439
8444
8446
8449
8543
8544
8547
8551
8553
8554
8555
8558
8560
8561
8562
8563
8567
8568
8570
8571
8574
8576
8577
8659
8660
8662
8665
8666
8670
8673
8674
8679
8681
8682
8687
8688
8690
8691
8692
8694
8695
8696
8698
8699
8702
8791
8795
8798
8802
8803
8805
8807
8808
8810
8811
8812
8813
8816
8823
8824
8825
8828
8926
8927
8932
8933
8934
8936
8937
8940
8941
8942
8943
8946
8948
8950
8951
8952
9039
9041
9042
9045
9047
9051
9053
9054
9055
9056
9057
9058
9059
9063
9067
9172
9179
9180
9181
9183
9186
9188
9189
9192
9193
10814
10815
10917
10918
10919
10923
10924
10926
10927
10929
10931
10935
10936
10937
10940
10943
10945
11037
11038
11040
11043
11044
11048
11049
11053
11054
11056
11059
11066
11068
11075
11161
11162
11164
11168
11169
11170
11171
11172
11175
11178
11183
11184
11185
11193
11198
11200
11202
11203
11285
11290
11294
11295
11298
11300
11303
11304
11306
11307
11308
11309
11312
11313
11315
11323
11411
11419
11425
11428
11429
11431
11432
11433
11434
11436
11440
11443
11445
11538
11540
11544
11547
11548
11549
11552
11553
11556
11558
11559
11564
11565
11567
11568
11570
11571
11572
11573
11574
11670
11674
11675
11676
11677
11680
11684
11686
11687
11688
11691
11692
13421
13422
13425
13426
13429
13431
13434
13440
13442
13543
13547
13553
13557
13559
13560
13561
13567
13568
13569
13574
13664
13667
13668
13672
13678
13682
13683
13685
13686
13690
13691
13692
13693
13699
13788
13790
13791
13793
13796
13799
13800
13801
13803
13809
13812
13814
13815
13816
13818
13820
13822
13824
13827
13916
13917
13918
13919
13921
13922
13923
13926
13930
13934
13938
13939
13940
13942
13946
14044
14045
14048
14049
14055
14059
14060
14063
14064
14066
14067
14166
14167
14171
14177
14179
14181
14182
14183
14188
14191
