671
672
673
674
677
682
683
686
687
689
690
692
694
695
696
794
796
799
800
802
805
808
810
811
812
814
815
820
913
914
915
916
918
920
921
922
925
927
931
940
943
944
945
946
947
1037
1038
1041
1045
1047
1048
1049
1052
1054
1055
1057
1058
1061
1065
1066
1067
1071
1072
1073
1077
1160
1161
1164
1168
1169
1170
1178
1183
1185
1187
1191
1194
1195
1198
1199
1200
1202
1286
1289
1290
1291
1292
1293
1294
1299
1302
1304
1309
1312
1315
1317
1318
1319
1326
1327
1412
1417
1419
1420
1422
1423
1428
1429
1431
1432
1433
1435
1437
1438
1442
1444
1446
1448
1544
1545
1547
1553
1555
1557
1562
1564
1567
5548
5551
5552
5556
5557
5559
5669
5671
5672
5679
5681
5684
5685
5691
5692
5693
5694
5695
5792
5793
5794
5800
5803
5804
5806
5807
5810
5812
5813
5820
5915
5920
5921
5923
5928
5934
5941
5942
5946
5947
6041
6047
6050
6052
6053
6054
6056
6062
6063
6067
6170
6171
6179
6180
6183
6186
6191
6192
12799
12800
12805
12807
12809
12810
12811
12813
12917
12923
12924
12925
12928
12930
12933
12939
12945
13040
13043
13047
13050
13051
13052
13056
13057
13059
13063
13067
13068
13074
13164
13165
13168
13170
13175
13176
13178
13179
13180
13185
13186
13187
13192
13288
13290
13292
13301
13308
13311
13312
13315
13316
13317
13318
13320
13322
13416
13417
13418
13420
13423
13425
13428
13430
13431
13436
13441
13442
13546
13547
13548
13550
13552
13553
13558
13562
13563
13564
13565
13567
13677
13682
13683
