2546
2547
2548
2550
2551
2552
2555
2556
2562
2667
2670
2673
2674
2675
2677
2678
2680
2684
2687
2689
2690
2691
2693
2694
2697
2699
2787
2788
2790
2792
2795
2798
2799
2804
2807
2808
2812
2813
2819
2822
2823
2826
2827
2915
2916
2924
2928
2930
2931
2933
2940
2941
3040
3042
3044
3046
3047
3048
3049
3051
3052
3054
3057
3058
3060
3063
3065
3069
3073
3175
3180
3182
3183
3184
3187
3191
4804
4805
4806
4810
4813
4814
4929
4930
9805
9809
9812
9814
9815
9817
9912
9914
9915
9918
9919
9920
9921
9926
9927
9932
9935
9936
9939
9940
9941
9943
9948
9949
10037
10040
10043
10045
10047
10050
10051
10052
10053
10055
10062
10063
10068
10070
10074
10077
10159
10160
10163
10164
10169
10171
10173
10174
10177
10178
10179
10180
10183
10184
10188
10189
10196
10199
10200
10201
10285
10286
10287
10288
10289
10292
10293
10295
10296
10297
10299
10300
10301
10304
10305
10306
10308
10314
10316
10318
10319
10320
10321
10322
10323
10415
10417
10418
10421
10425
10427
10431
10433
10434
10435
10437
10441
10442
10445
