3762
3765
3769
3770
3771
3773
3776
3779
3781
3782
3784
3788
3790
3883
3884
3888
3895
3900
3905
3907
3910
3918
3919
3920
4011
4014
4015
4016
4018
4020
4021
4023
4027
4031
4036
4037
4040
4045
4046
4132
4135
4141
4145
4149
4154
4155
4156
4159
4163
4164
4167
4168
4169
4265
4266
4270
4271
4274
4277
4279
4280
4283
4285
4287
4290
5903
5906
6019
6020
6021
6022
6025
6026
6031
10911
11018
11020
11022
11024
11027
11031
11036
11037
11039
11130
11135
11136
11139
11142
11144
11145
11147
11149
11150
11151
11153
11155
11159
11163
11169
11170
11172
11254
11255
11256
11257
11260
11262
11264
11267
11268
11271
11273
11276
11277
11278
11280
11281
11284
11285
11286
11289
11293
11295
11296
11298
11380
11381
11385
11387
11389
11391
11394
11395
11396
11397
11401
11402
11403
11406
11407
11412
11413
11414
11416
11418
11420
11507
11509
11510
11514
11520
11522
11526
11527
11528
11529
11530
11533
11534
11539
11642
11644
11647
11653
11656
11658
11659
11660
11662
