1166
1168
1170
1172
1173
1175
1181
1183
1188
1189
1191
1192
1194
1197
1287
1288
1290
1297
1301
1303
1310
1311
1312
1315
1317
1320
1321
1327
1411
1416
1418
1424
1425
1426
1431
1433
1434
1442
1446
1451
1452
1453
1535
1538
1541
1542
1548
1551
1554
1555
1556
1557
1559
1568
1569
1571
1575
1662
1666
1667
1672
1674
1679
1680
1681
1682
1686
1690
1693
1694
1696
1698
1699
1796
1798
1799
1800
1801
1802
1804
1810
1811
1812
1814
1815
6548
6549
6556
6560
6562
6563
6564
6568
6571
6664
6668
6669
6670
6671
6673
6675
6677
6679
6681
6683
6686
6690
6691
6692
6694
6699
6789
6793
6796
6797
6802
6805
6806
6807
6808
6809
6810
6819
6820
6821
6822
6823
6915
6916
6918
6921
6925
6926
6929
6931
6933
6934
6935
6936
6937
6938
6940
6945
6947
7044
7051
7053
7054
7055
7056
7057
7060
7062
8549
8550
8555
8559
8669
8673
8674
8676
8677
8680
8681
8682
8686
8687
8689
8793
8794
8795
8798
8799
8800
8808
8809
8810
8813
8924
8927
8929
8930
8931
13688
13792
13794
13796
13799
13800
13806
13810
13811
13813
13817
13911
13913
13916
13917
13920
13923
13925
13926
13931
13934
13935
13936
13937
13938
13939
13941
13943
13948
13949
13951
13952
14036
14040
14041
14043
14045
14049
14051
14052
14057
14058
14060
14061
14062
14063
14064
14066
14068
14166
14168
14169
14170
14172
14173
14174
14175
14178
14183
14185
14186
14189
14191
14192
14193
14194
14196
14197
14198
14199
14201
14202
14286
14288
14290
14291
14294
14298
14299
14304
14305
14312
