8772
8775
8779
8780
8782
8783
8890
8897
8900
8902
8905
8907
8908
8910
8911
8912
8913
9013
9014
9015
9025
9028
9029
9032
9034
9035
9036
9138
9139
9140
9142
9143
9144
9145
9146
9147
9152
9157
9160
9162
9273
9274
9275
9278
9280
9282
9283
9285
9287
9288
9398
9399
9401
9402
9404
9405
9406
9409
11767
11768
11778
11779
11781
11782
11786
11787
11886
11891
11893
11895
11897
11898
11900
11902
11903
11905
11906
11909
11913
11914
11915
12007
12009
12011
12013
12016
12018
12019
12022
12025
12027
12029
12030
12031
12032
12035
12036
12039
12040
12131
12133
12135
12136
12137
12140
12141
12142
12143
12145
12149
12151
12152
12155
12156
12157
12163
12165
12166
12168
12169
12171
12256
12257
12258
12260
12266
12268
12274
12275
12276
12277
12278
12281
12282
12286
12288
12289
12295
12297
12299
12379
12382
12386
12388
12389
12392
12393
12395
12397
12399
12406
12408
12409
12413
12414
12415
12417
12420
12424
12504
12507
12509
12512
12513
12516
12518
12520
12521
12523
12524
12528
12530
12532
12533
12535
12537
12538
12539
12540
12542
12548
12633
12636
12638
12641
12645
12651
12652
12653
12654
12656
12658
12661
12668
12760
12762
12763
12767
12769
12770
12771
12774
12779
12780
12783
12784
12794
12892
12899
12901
12903
12905
12906
12907
12908
12910
12911
12912
