2798
2801
2809
2810
2811
2818
2917
2918
2927
2929
2931
2932
2933
2934
2935
2937
2938
2939
2945
3041
3042
3044
3047
3048
3049
3051
3052
3053
3054
3058
3061
3067
3068
3072
3170
3177
3178
3180
3182
3186
3187
3188
3192
3193
3294
3297
3302
3303
3304
3306
3308
3309
3310
3313
6670
6676
6687
6690
6691
6693
6791
6796
6798
6800
6801
6804
6808
6809
6813
6816
6820
6917
6919
6921
6930
6932
6934
6935
6940
6941
6947
7042
7043
7044
7045
7046
7047
7048
7050
7051
7052
7057
7058
7068
7070
7179
7182
7183
7187
7188
7191
7193
12550
12553
12563
12564
12569
12669
12671
12673
12674
12677
12678
12679
12685
12686
12689
12690
12691
12696
12699
12789
12790
12792
12793
12794
12796
12797
12798
12799
12801
12804
12808
12810
12811
12814
12815
12822
12824
12826
12827
12828
12912
12913
12915
12918
12922
12923
12925
12930
12931
12933
12934
12935
12940
12941
12943
12945
12946
12949
12950
12952
12954
13035
13040
13041
13044
13046
13048
13050
13051
13053
13055
13057
13058
13059
13063
13065
13067
13068
13070
13073
13162
13165
13166
13169
13170
13177
13178
13179
13180
13181
13183
13185
13192
13193
13199
13292
13294
13295
13296
13297
13299
13300
13303
13317
13318
13320
