1421
1425
1427
1432
1434
1436
1440
1442
1444
1445
1446
1447
1537
1538
1539
1541
1545
1546
1547
1548
1549
1551
1552
1556
1560
1562
1563
1576
1659
1660
1662
1663
1671
1672
1673
1674
1677
1683
1684
1686
1688
1690
1691
1693
1694
1696
1700
1703
1704
1789
1793
1794
1801
1805
1806
1807
1808
1809
1810
1815
1818
1827
1913
1916
1917
1922
1923
1932
1933
1936
1937
1938
1940
1941
1943
1944
1946
2047
2048
2057
3296
3297
3300
3303
3304
3309
3310
3313
3316
3317
3320
3418
3421
3423
3424
3427
3429
3430
3433
3437
3439
3440
3441
3444
3447
3541
3544
3548
3552
3556
3563
3564
3565
3567
3568
3677
3680
3683
11306
11307
11424
11428
11432
11435
11438
11440
11546
11548
11549
11550
11551
11560
11561
11564
11675
11677
11678
11679
11680
11681
11686
13043
13044
13045
13047
13048
13049
13051
13060
13061
13064
13065
13073
13162
13164
13165
13166
13167
13168
13170
13171
13172
13173
13174
13175
13176
13179
13182
13183
13185
13187
13192
13193
13196
13197
13199
13200
13203
13284
13285
13289
13291
13293
13297
13299
13302
13304
13307
13308
13314
13318
13324
13326
13327
13412
13413
13417
13418
13419
13423
13424
13425
13427
13435
13437
13441
13442
13444
13446
13449
13548
13550
13551
13555
13556
13560
13564
13565
13566
