814
815
918
921
926
927
928
930
931
934
942
1039
1044
1046
1047
1048
1050
1051
1054
1056
1057
1061
1072
1073
1168
1170
1172
1174
1179
1180
1181
1182
1184
1185
1186
1189
1192
1194
1195
1196
1197
1198
1285
1287
1288
1292
1296
1297
1298
1299
1300
1301
1304
1310
1312
1315
1320
1322
1418
1422
1423
1428
1430
1431
1433
1434
1437
1438
1439
1442
1446
1449
1450
1451
1452
1536
1539
1542
1543
1544
1545
1546
1548
1551
1553
1554
1555
1556
1557
1559
1560
1561
1563
1567
1568
1570
1571
1572
1573
1576
1578
1662
1663
1666
1667
1668
1669
1670
1673
1674
1676
1678
1679
1681
1682
1683
1685
1686
1687
1689
1690
1692
1694
1695
1696
1697
1699
1700
1789
1802
1803
1804
1805
1808
1809
1813
1814
1816
1819
1820
1822
1823
1825
1918
1919
1920
1922
1923
1924
1928
1932
1937
1941
1943
1944
1945
1947
1948
2043
2044
2045
2046
2047
2049
2050
2054
2057
2059
2061
2066
7055
7057
7059
7061
7063
7064
7173
7175
7177
7179
7180
7183
7187
7192
7290
7291
7293
7294
7295
7298
7299
7302
7304
7309
7318
7322
7415
7422
7427
7430
7431
7432
7433
7437
7438
7439
7440
7441
7442
7446
7449
7541
7543
7547
7550
7551
7552
7553
7554
7556
7557
7559
7562
7563
7564
7566
7568
7574
7665
7668
7670
7672
7676
7680
7682
7685
7686
7687
7688
7689
7690
7693
7695
7696
7698
7699
7790
7792
7796
7799
7800
7804
7805
7806
7808
7811
7812
7814
7815
7819
7820
7921
7923
7931
7936
7941
7942
7943
7945
8052
8059
8061
