409
411
413
417
418
422
423
428
429
431
432
434
436
437
438
441
443
445
446
448
449
454
534
535
536
538
541
543
548
550
551
558
559
560
561
562
564
565
567
577
661
662
663
667
672
674
675
677
678
680
684
685
687
690
692
696
697
698
700
792
795
799
804
805
807
808
809
811
812
813
814
815
818
821
921
922
923
924
930
931
934
935
938
941
4919
4920
4921
4923
4932
4933
4937
4938
5049
5051
5052
5055
5056
5058
5059
5060
5061
5062
5064
5066
5068
5167
5168
5170
5174
5176
5178
5179
5180
5181
5183
5186
5187
5189
5190
5191
5195
5197
5198
5290
5293
5295
5298
5299
5302
5304
5305
5306
5309
5311
5314
5320
5321
5420
5423
5424
5425
5426
5429
5430
5433
5440
5441
5550
5552
5557
5559
5560
12171
12175
12179
12181
12182
12183
12185
12190
12290
12291
12292
12296
12297
12299
12302
12305
12308
12311
12312
12313
12314
12316
12320
12322
12421
12422
12423
12424
12425
12426
12429
12434
12435
12436
12438
12440
12441
12442
12444
12445
12446
12450
12542
12546
12548
12550
12556
12558
12561
12562
12564
12567
12570
12571
12664
12665
12667
12673
12677
12681
12686
12687
12688
12693
12698
12699
12793
12795
12796
12798
12800
12802
12804
12805
12809
12810
12811
12812
12813
12815
12820
12931
12934
12936
