2552
2557
2562
2564
2565
2670
2672
2673
2674
2675
2679
2682
2683
2684
2685
2686
2688
2691
2692
2695
2794
2796
2798
2805
2806
2807
2808
2809
2811
2812
2817
2818
2819
2824
2825
2826
2912
2913
2915
2916
2918
2925
2926
2927
2929
2930
2937
2940
2942
2944
2947
2948
2950
2951
2952
3037
3038
3039
3040
3042
3047
3050
3052
3053
3054
3057
3062
3063
3064
3067
3070
3076
3159
3164
3165
3166
3167
3168
3172
3174
3175
3178
3181
3183
3184
3185
3188
3189
3190
3193
3194
3195
3198
3202
3203
3204
3285
3289
3294
3298
3299
3310
3311
3312
3317
3320
3321
3322
3323
3324
3327
3415
3417
3418
3420
3422
3423
3431
3433
3434
3437
3439
3441
3443
3543
3545
3546
3547
3548
3549
3551
3556
3557
3561
3562
3563
3564
3565
3568
3569
3571
3574
3576
3665
3666
3668
3669
3673
3676
3677
3682
3683
3684
3685
3688
3689
3793
3794
3797
3800
3802
3803
3804
3805
3808
3812
3816
8797
8803
8804
8807
8815
8920
8922
8924
8926
8928
8930
8933
8934
8936
8939
8940
9044
9052
9054
9056
9057
9058
9059
9062
9068
9069
9073
9164
9167
9168
9173
9175
9178
9179
9180
9184
9185
9186
9187
9188
9195
9196
9197
9198
9294
9297
9298
9300
9303
9306
9309
9310
9312
9314
9315
9317
9319
9321
9322
9323
9414
9418
9424
9427
9428
9429
9431
9432
9433
9434
9435
9440
9441
9443
9444
9446
9449
9540
9544
9546
9549
9550
9557
9558
9561
9562
9564
9565
9566
9568
9572
9673
9674
9677
9678
9683
9685
9693
9802
9804
9805
9808
9810
9811
9812
9813
