4290
4291
4293
4295
4297
4298
4300
4302
4303
4306
4309
4315
4319
4321
4412
4413
4414
4415
4418
4419
4420
4427
4433
4437
4438
4439
4440
4441
4442
4446
4447
4448
4534
4535
4536
4537
4538
4539
4546
4547
4548
4549
4552
4554
4555
4556
4561
4562
4564
4566
4567
4568
4572
4574
4576
4577
4578
4665
4666
4671
4674
4676
4679
4680
4682
4684
4685
4687
4688
4690
4691
4694
4695
4696
4697
4702
4788
4789
4793
4797
4798
4799
4800
4805
4811
4814
4815
4818
4819
4820
4821
4822
4924
4927
4931
4932
4933
4938
4939
4942
9672
9673
9674
9678
9680
9682
9685
9686
9688
9689
9690
9691
9692
9789
9791
9795
9796
9797
9798
9800
9805
9806
9810
9816
9817
9818
9820
9824
9913
9916
9917
9920
9928
9932
9940
9941
9945
9946
9947
9948
10040
10041
10044
10048
10051
10052
10054
10060
10062
10063
10064
10066
10070
10072
10170
10171
10174
10178
10179
10182
11673
11674
11676
11678
11680
11682
11685
11689
11792
11795
11796
11797
11799
11801
11803
11804
11806
11809
11811
11813
11818
11819
11917
11918
11920
11924
11925
11928
11929
11930
11931
11932
11934
11936
11937
12048
12051
12053
12054
12056
12058
12059
12066
