4426
4436
4438
4542
4545
4547
4548
4549
4552
4553
4556
4557
4560
4564
4567
4571
4668
4669
4670
4671
4672
4677
4678
4679
4680
4681
4683
4684
4687
4691
4692
4698
4790
4791
4792
4794
4796
4799
4801
4804
4805
4806
4807
4808
4810
4812
4813
4815
4816
4818
4823
4826
4909
4914
4916
4917
4921
4922
4923
4929
4931
4932
4935
4936
4938
4942
4944
4945
4949
4950
4951
4953
5036
5039
5040
5041
5042
5044
5045
5049
5053
5054
5059
5060
5065
5066
5067
5069
5070
5071
5072
5077
5078
5079
5159
5161
5162
5166
5167
5168
5169
5175
5177
5180
5183
5185
5188
5189
5190
5191
5197
5198
5199
5200
5202
5289
5291
5295
5297
5298
5299
5300
5302
5304
5305
5306
5307
5308
5310
5311
5312
5313
5315
5318
5320
5324
5325
5326
5418
5422
5423
5427
5428
5429
5431
5434
5435
5438
5439
5441
5445
5446
5447
5541
5544
5545
5546
5548
5549
5555
5558
5561
5563
5568
5670
5671
5672
5673
5675
5678
5682
5683
5687
5689
11426
11427
11430
11434
11556
11558
11677
11681
11682
11685
11804
11809
11929
11930
11934
11936
11941
12046
12047
12049
12052
12054
12061
12065
12172
12173
12174
12177
12178
12182
12188
12296
12297
12298
12299
12307
12420
12423
12426
12430
12433
12434
12437
12438
12440
12441
12544
12545
12550
12557
12563
12670
12675
12676
12677
12680
12681
12685
12687
12692
12805
12806
12807
12808
12809
12811
12817
12923
12930
12934
12935
12936
12937
12940
12941
13045
13050
13051
13052
13055
13056
13057
13059
13062
13172
13175
13180
13190
13297
13302
13305
13308
13309
13313
13315
13423
13424
13427
13428
13431
13432
13435
13438
13439
13550
13553
13555
13556
13559
13560
13682
13684
