6271
6275
6277
6279
6280
6282
6283
6392
6394
6397
6398
6399
6401
6403
6405
6407
6408
6410
6411
6413
6515
6517
6519
6525
6526
6530
6533
6535
6537
6538
6541
6635
6636
6638
6639
6647
6650
6652
6653
6656
6657
6658
6661
6663
6664
6665
6670
6758
6759
6760
6770
6773
6775
6777
6779
6786
6791
6792
6794
6795
6883
6884
6886
6889
6890
6892
6895
6899
6900
6901
6904
6908
6909
6910
6911
6912
6914
6918
6920
7004
7006
7008
7009
7011
7012
7013
7017
7018
7022
7028
7029
7032
7035
7037
7038
7041
7043
7045
7046
7131
7132
7135
7136
7137
7139
7140
7142
7144
7145
7146
7147
7148
7150
7152
7153
7156
7158
7159
7161
7162
7163
7166
7171
7172
7173
7174
7256
7257
7259
7262
7263
7267
7271
7279
7280
7283
7284
7288
7290
7296
7298
7299
7381
7382
7385
7386
7387
7391
7393
7397
7398
7400
7402
7403
7404
7406
7407
7408
7410
7411
7413
7414
7420
7424
7509
7510
7512
7513
7516
7517
7519
7520
7521
7526
7527
7529
7530
7539
7543
7630
7634
7636
7637
7639
7642
7643
7647
7648
7649
7651
7653
7658
7659
7660
7663
7666
7671
7756
7759
7760
7762
7763
7765
7768
7770
7775
7776
7777
7778
7779
7780
7786
7787
7789
7791
7793
7883
7884
7885
7887
7888
7890
7893
7894
7896
7897
7901
7902
7904
7905
7906
7909
7911
7915
8011
8013
8015
8016
8021
8022
8023
8027
8028
8029
8030
8031
8034
8035
8036
8037
8042
8043
8138
8144
8145
8147
8149
8155
8158
8161
8269
8270
8275
8278
8279
8284
15777
15898
15902
15903
16022
16025
16026
16027
16028
16151
