507
515
516
522
524
528
532
533
538
541
542
543
544
545
546
632
639
641
642
643
645
647
648
650
651
653
654
655
656
659
663
665
666
667
671
673
754
755
763
764
770
775
779
780
781
785
786
791
792
794
797
799
880
882
886
888
891
893
894
895
898
903
905
906
907
908
909
911
913
915
917
923
924
1006
1009
1013
1014
1015
1016
1018
1019
1021
1023
1024
1027
1028
1029
1032
1033
1034
1036
1037
1039
1040
1045
1046
1047
1048
1133
1136
1137
1138
1139
1140
1141
1143
1144
1145
1147
1148
1151
1154
1157
1158
1161
1166
1169
1172
1263
1268
1269
1271
1279
1283
1284
1285
1286
1294
1387
1388
1394
1396
1403
1408
1411
1413
1414
1415
1521
1523
1529
1533
1535
7276
7279
7392
7393
7394
7398
7405
7407
7514
7516
7518
7520
7521
7522
7523
7525
7531
7534
7536
7539
7637
7638
7641
7643
7650
7651
7654
7658
7659
7664
7665
7763
7769
7770
7771
7772
7773
7774
7775
7777
7780
7782
7783
7785
7786
7790
7791
7792
7885
7887
7888
7891
7892
7893
7894
7896
7897
7898
7899
7900
7901
7902
7904
7905
7907
7914
7916
7917
7918
8009
8025
8027
8029
8031
8032
8035
8038
8039
8042
8044
8135
8138
8141
8142
8143
8144
8145
8146
8147
8150
8158
8169
8259
8261
8266
8271
8274
8279
8280
8281
8285
8286
8287
8295
8386
8387
8388
8389
8394
8397
8399
8401
8404
8405
8413
8415
8417
8419
8508
8510
8511
8512
8513
8516
8518
8523
8524
8526
8529
8532
8534
8536
8538
8539
8542
8543
8544
8632
8633
8635
8636
8637
8640
8645
8646
8648
8656
8657
8658
8660
8668
8761
8764
8766
8767
8768
8770
8771
8772
8773
8779
8780
8783
8786
8788
8789
8790
8795
8886
8892
8893
8896
8898
8899
8901
8907
8908
8910
8918
9008
9014
9015
9018
9019
9025
9027
9030
9031
9037
9039
9041
9042
9043
9045
9133
9134
9137
9139
9141
9147
9148
9149
9150
9152
9159
9160
9161
9163
9164
9169
9171
9258
9260
9263
9264
9265
9268
9272
9275
9276
9290
9382
9383
9385
9396
9399
9400
9406
9407
9409
9410
9411
9413
9415
9419
9420
9507
9512
9513
9514
9516
9518
9519
9520
9521
9522
9530
9531
9537
9539
9540
9542
9544
9636
9645
9647
9649
9650
9651
9654
9655
9656
9658
9659
9661
9662
9663
9666
9670
9671
9760
9761
9764
9765
9769
9776
9777
9778
9781
9782
9787
9789
9791
9885
9886
9887
9889
9890
9891
9894
9895
9898
9902
9906
9907
9909
9913
9918
10008
10009
10014
10015
10021
10023
10025
10026
10027
10033
10035
10037
10040
10041
10131
10134
10135
10139
10140
10141
10146
10148
10155
10157
10159
10162
10164
10165
10167
10168
10170
10171
10258
10260
10262
10263
10265
10266
10267
10268
10269
10277
10280
10282
10283
10285
10286
10295
10381
10382
10383
10386
10388
10393
10399
10402
10405
10407
10408
10410
10413
10416
10417
10510
10515
10518
10523
10526
10527
10529
10530
10533
10542
10543
10635
10637
10644
10646
10651
10652
10654
10657
10663
10664
10670
10756
10757
10760
10761
10763
10766
10769
10770
10771
10773
10776
10781
10784
10786
10790
10794
10795
10881
10888
10889
10893
10900
10904
10907
10909
10910
10911
10914
10917
10919
10920
10921
11006
11008
11010
11020
11025
11037
11039
11040
11042
11045
11133
11134
11141
11145
11147
11150
11151
11155
11157
11162
11163
11165
11170
11259
11264
11265
11266
11268
11270
11271
11276
11280
11281
11286
11290
11292
11293
11382
11385
11386
11388
11393
11395
11403
11406
11408
11409
11410
11413
11419
11509
11514
11518
11519
11524
11528
11531
11534
11537
11540
11542
11635
11636
11637
11647
11648
11649
11650
11652
11656
11657
11661
11663
11669
11759
11761
11763
11782
11786
11791
11792
11794
11884
11885
11887
11891
11892
11893
11901
11904
11909
11910
11913
12022
12025
12030
12031
12032
12035
12037
12138
12140
12143
12147
12150
12152
12153
12156
12158
12160
12162
12264
12265
12275
12277
12279
12284
12285
12288
12389
12391
12392
12394
12397
12398
12399
12402
12407
12408
12409
12412
12413
12415
12522
12523
12524
12526
12528
12531
12647
12651
12652
12656
12772
12777
12780
12897
12901
12902
12908
