1015
1018
1022
1024
1027
1029
1030
1031
1035
1039
1137
1141
1142
1143
1147
1149
1150
1152
1154
1156
1157
1158
1164
1166
1167
1263
1270
1272
1273
1274
1281
1282
1283
1285
1286
15275
15277
15278
15396
15401
15402
15403
15406
15408
15411
15519
15521
15522
15525
15530
15532
15533
15642
15650
15652
15658
15659
15660
15661
15662
15767
15768
15769
15773
15777
15778
15779
15781
15784
15786
15788
15894
15896
15897
15902
15903
17390
17391
17395
17407
17408
17409
17410
17414
17418
17507
17511
17516
17520
17521
17522
17524
17527
17530
17533
17534
17536
17537
17540
17542
17543
17548
17630
17631
17633
17635
17636
17637
17640
17641
17642
17643
17644
17645
17647
17652
17654
17657
17659
17662
17667
17669
17672
17756
17760
17763
17765
17766
17767
17768
17773
17776
17777
17779
17780
17781
17782
17784
17787
17790
17791
17795
17796
17889
17891
17892
17893
17896
17897
17898
17899
17900
17901
17902
17905
17906
17912
17913
19139
19145
19146
19148
19152
19154
19155
19157
19160
19161
19164
19166
19260
19267
19270
19272
19273
19275
19279
19280
19281
19282
19283
19284
19285
19288
19290
19291
19293
19385
19388
19396
19398
19399
19401
19402
19406
19407
19410
19412
19413
19415
19418
19419
19508
19513
19518
19520
19521
19523
19535
19536
19538
19541
19542
19642
19645
19646
19651
19654
19660
19661
