1773
1774
1775
1777
1779
1780
1889
1890
1891
1895
1896
1898
1899
1900
1901
1904
1905
1909
1913
1917
2009
2010
2011
2015
2016
2017
2020
2021
2024
2025
2030
2032
2033
2034
2035
2038
2045
2046
2130
2131
2134
2136
2137
2138
2139
2140
2143
2144
2145
2146
2148
2150
2151
2152
2154
2156
2162
2163
2165
2168
2169
2173
2255
2256
2259
2260
2261
2262
2266
2267
2270
2271
2274
2275
2277
2279
2280
2284
2285
2286
2287
2288
2291
2293
2295
2299
2380
2381
2384
2387
2389
2390
2391
2392
2393
2395
2396
2397
2399
2400
2401
2402
2403
2405
2407
2409
2411
2412
2413
2414
2415
2416
2418
2506
2507
2510
2511
2513
2514
2516
2518
2522
2523
2525
2527
2528
2529
2531
2532
2534
2535
2538
2539
2540
2637
2639
2640
2642
2643
2647
2649
2651
2653
2657
2658
2660
2774
2775
4394
4400
4402
4410
4413
4414
4514
4516
4519
4524
4525
4530
4532
4533
4534
4539
4542
4543
4635
4636
4638
4639
4640
4648
4649
4650
4651
4657
4660
4661
4662
4663
4665
4756
4757
4759
4761
4762
4765
4768
4769
4770
4771
4772
4774
4776
4777
4786
4788
4792
4793
4797
4880
4884
4886
4895
4899
4900
4901
4902
4903
4905
4907
4908
4909
4917
4918
4919
4921
5008
5009
5013
5015
5016
5019
5020
5022
5024
5025
5026
5029
5033
5041
5044
5046
5135
5144
5150
5151
5153
5154
5162
5163
5165
5167
5273
5274
5275
5277
5278
5280
8144
8146
8147
8152
8159
8162
8261
8262
8264
8266
8268
8270
8273
8276
8277
8279
8287
8386
8387
8389
8391
8392
8397
8401
8402
8407
8412
8414
8419
8508
8510
8511
8514
8515
8517
8518
8519
8520
8521
8524
8525
8529
8530
8531
8536
8542
8544
8547
8632
8635
8636
8637
8639
8643
8645
8647
8652
8653
8656
8658
8661
8662
8663
8665
8666
8671
8672
8759
8760
8761
8768
8771
8775
8777
8779
8781
8783
8784
8785
8786
8790
8791
8794
8796
8797
8881
8885
8890
8891
8893
8896
8898
8902
8903
8904
8905
8906
8910
8913
8916
8917
8918
8919
8920
9013
9014
9016
9017
9020
9021
9023
9024
9025
9026
9027
9030
9033
9037
9041
9042
9043
9046
9048
9130
9131
9132
9133
9136
9139
9140
9142
9147
9148
9149
9150
9151
9152
9154
9155
9157
9158
9160
9162
9163
9165
9170
9171
9173
9255
9264
9267
9268
9270
9273
9278
9279
9281
9282
9283
9284
9291
9293
9295
9381
9385
9388
9389
9392
9394
9396
9397
9398
9405
9406
9409
9410
9411
9419
9506
9507
9510
9515
9517
9520
9522
9523
9524
9525
9526
9529
9532
9540
9542
9543
9544
9547
9549
9550
9628
9632
9634
9636
9638
9640
9644
9645
9647
9648
9651
9654
9657
9659
9660
9661
9664
9665
9669
9671
9675
9753
9754
9756
9757
9762
9764
9765
9768
9769
9770
9771
9773
9775
9776
9777
9781
9782
9784
9788
9790
9791
9794
9796
9798
9880
9885
9889
9893
9895
9896
9898
9899
9900
9902
9903
9904
9905
9909
9916
9917
9922
9925
10010
10013
10014
10015
10016
10017
10021
10024
10029
10030
10031
10033
10035
10037
10040
10041
10044
10126
10133
10134
10135
10136
10138
10142
10143
10146
10149
10154
10156
10158
10159
10164
10169
10170
10173
10174
10175
10176
10255
10256
10258
10260
10263
10269
10271
10275
10278
10279
10280
10281
10283
10284
10285
10286
10287
10290
10291
10293
10295
10298
10377
10379
10380
10381
10386
10387
10388
10389
10390
10391
10393
10394
10396
10397
10398
10400
10401
10406
10408
10409
10414
10416
10420
10426
10502
10504
10506
10507
10510
10511
10512
10516
10517
10518
10520
10521
10522
10523
10524
10526
10527
10528
10533
10536
10538
10539
10545
10546
10626
10628
10629
10631
10633
10634
10636
10639
10640
10641
10642
10643
10647
10649
10650
10654
10656
10657
10658
10659
10662
10667
10674
10751
10753
10756
10758
10760
10762
10767
10770
10771
10772
10774
10775
10777
10779
10781
10782
10785
10786
10787
10789
10790
10792
10794
10796
10797
10798
10877
10878
10879
10882
10883
10887
10890
10894
10895
10900
10902
10903
10906
10909
10910
10911
10914
10918
10919
10920
10923
10925
10927
11015
11017
11018
11020
11024
11027
11029
11031
11034
11035
11040
11042
11046
11048
11050
11129
11130
11131
11133
11134
11135
11138
11142
11145
11146
11147
11152
11153
11155
11158
11159
11161
11164
11165
11169
11171
11177
11251
11254
11256
11263
11266
11270
11271
11272
11273
11274
11276
11282
11285
11291
11295
11298
11300
11376
11383
11386
11387
11388
11389
11391
11392
11393
11395
11396
11397
11398
11401
11404
11406
11407
11410
11411
11412
11413
11416
11420
11502
11506
11507
11510
11511
11512
11513
11514
11519
11520
11522
11525
11526
11527
11532
11534
11537
11543
11545
11549
11629
11631
11635
11638
11642
11645
11646
11647
11648
11649
11650
11652
11655
11656
11657
11661
11662
11663
11664
11666
11668
11669
11670
11671
11672
11757
11758
11759
11763
11764
11765
11767
11768
11772
11773
11774
11777
11779
11781
11783
11786
11789
11790
11792
11793
11794
11797
11877
11878
11886
11892
11893
11894
11896
11897
11908
11915
11916
11920
11922
12002
12004
12005
12007
12011
12014
12015
12019
12023
12024
12025
12026
12034
12036
12040
12042
12044
12046
12047
12048
12132
12136
12138
12139
12141
12142
12143
12145
12146
12149
12150
12151
12153
12154
12157
12159
12162
12165
12167
12172
12173
12257
12262
12264
12266
12268
12273
12274
12280
12281
12282
12286
12289
12294
12296
12297
12298
12378
12381
12383
12387
12388
12391
12394
12395
12397
12405
12407
12411
12412
12413
12415
12416
12418
12421
12422
12424
12505
12509
12510
12518
12519
12522
12525
12530
12534
12537
12545
12633
12634
12635
12638
12639
12641
12645
12648
12655
12658
12669
12670
12757
12762
12771
12772
12778
12779
12781
12790
12791
12792
12795
12882
12884
12886
12887
12888
12892
12893
12896
12897
12900
12901
12905
12906
12907
12909
12913
12914
12921
13017
13018
13019
13025
13027
13032
13034
13036
13137
13138
16028
16141
16142
16143
16145
16146
16147
16148
16156
16157
16158
16159
16162
16262
16264
16265
16271
16274
16280
16281
16282
16287
16289
16291
16293
16385
16387
16391
16393
16397
16398
16402
16404
16405
16409
16411
16412
16414
16418
16509
16510
16511
16513
16515
16517
16519
16521
16522
16525
16528
16529
16530
16533
16534
16538
16540
16541
16638
16639
16645
16646
16647
16650
16652
16655
16657
16658
16660
16666
16667
16668
16765
16769
16772
16773
16776
16777
16778
16779
16788
16789
18769
18770
18771
18772
18776
18780
18781
18782
18784
18888
18889
18890
18892
18902
18904
19011
19017
19018
19019
19023
19024
19027
19030
19034
19137
19141
19145
19146
19149
19152
19154
19160
19161
19165
19269
19273
19275
19276
19277
19279
19282
