2682
2683
2689
2790
2791
2795
2796
2797
2798
2799
2801
2806
2808
2810
2812
2818
2822
2913
2914
2917
2918
2919
2921
2923
2924
2934
2935
2936
2938
2939
2943
2946
2947
2948
3038
3040
3041
3044
3045
3046
3050
3055
3059
3060
3062
3063
3065
3067
3070
3071
3074
3161
3166
3167
3169
3170
3174
3175
3176
3180
3182
3185
3186
3188
3190
3193
3195
3199
3201
3202
3204
3286
3289
3291
3292
3293
3294
3296
3297
3301
3303
3304
3308
3309
3311
3316
3317
3324
3325
3410
3412
3415
3417
3419
3420
3422
3424
3425
3426
3432
3434
3435
3436
3437
3438
3440
3443
3444
3445
3448
3450
3537
3539
3543
3544
3546
3548
3554
3558
3560
3563
3569
3570
3571
3666
3667
3669
3670
3672
3674
3676
3678
3687
3691
3800
3804
3806
3807
3809
3810
6682
6683
6802
6805
6806
6809
6810
6931
6933
6934
6935
20424
20425
20427
20428
20441
20543
20544
20545
20550
20551
20552
20553
20555
20556
20558
20560
20562
20563
20564
20566
20568
20572
20664
20665
20667
20669
20671
20672
20674
20675
20676
20679
20682
20683
20685
20686
20687
20689
20690
20694
20695
20696
20698
20699
20791
20792
20794
20796
20799
20801
20804
20806
20807
20808
20809
20810
20811
20812
20813
20817
20819
20820
20821
20822
20825
20913
20919
20921
20922
20923
20929
20932
20934
20945
20946
20948
20949
20950
