4297
4298
4301
4302
4310
4312
4313
4315
4320
4412
4413
4415
4418
4420
4422
4424
4425
4426
4430
4435
4437
4441
4442
4443
4444
4445
4448
4536
4537
4543
4545
4546
4547
4548
4553
4560
4561
4562
4571
4576
4662
4665
4668
4669
4671
4672
4673
4674
4675
4676
4677
4681
4684
4685
4687
4689
4691
4692
4693
4694
4695
4703
4786
4787
4788
4791
4792
4795
4796
4797
4798
4800
4808
4810
4811
4812
4817
4818
4825
4916
4917
4920
4921
4922
4923
4927
4929
4930
4932
4934
4937
4939
4945
4946
4947
16304
16315
16416
16417
16419
16420
16424
16425
16426
16427
16439
16440
16442
16444
16445
16538
16540
16541
16542
16549
16555
16558
16562
16565
16568
16571
16573
16666
16669
16671
16673
16674
16677
16681
16683
16684
16685
16687
16688
16689
16690
16692
16693
16697
16698
16790
16794
16795
16796
16798
16804
16805
16807
16808
16810
16811
16812
16814
16819
16927
16931
16933
16934
16936
18423
18424
18426
18429
18430
18432
18433
18435
18437
18440
18441
18542
18547
18548
18550
18551
18553
18554
18556
18557
18560
18561
18562
18563
18567
18570
18671
18673
18680
18684
18686
18689
18691
18805
