1763
1764
1766
1771
1773
1774
1777
1780
1781
1782
1784
1785
1786
1787
1789
1884
1886
1891
1892
1893
1895
1896
1897
1899
1902
1903
1904
1905
1910
1911
1912
1916
1918
1919
1921
2007
2012
2014
2016
2018
2022
2024
2027
2028
2029
2031
2032
2035
2037
2038
2041
2042
2044
2046
2048
2130
2133
2137
2140
2142
2145
2147
2148
2150
2152
2153
2156
2160
2163
2164
2167
2172
2174
2254
2255
2257
2258
2264
2267
2268
2269
2270
2273
2274
2276
2280
2282
2284
2287
2288
2289
2290
2291
2293
2296
2297
2298
2383
2384
2387
2388
2391
2392
2393
2397
2398
2399
2403
2404
2405
2407
2411
2416
2417
2418
2420
2513
2516
2519
2520
2521
2522
2523
2525
2527
2528
2531
2533
2534
2535
2536
2537
2540
2644
2647
2649
2652
2653
2655
4268
4270
4274
4276
4278
4280
4281
4284
4286
4387
4388
4391
4395
4398
4401
4404
4405
4406
4407
4409
4410
4413
4414
4415
4416
4418
4506
4510
4511
4512
4513
4514
4517
4520
4524
4526
4527
4531
4532
4537
4540
4541
4544
4547
4629
4630
4635
4638
4639
4640
4642
4644
4649
4660
4661
4663
4664
4665
4670
4756
4758
4759
4762
4766
4773
4774
4775
4777
4778
4779
4781
4783
4786
4788
4791
4792
4793
4796
4885
4886
4887
4890
4891
4895
4896
4898
4900
4905
4906
4909
4912
4913
4916
4917
4919
4920
4922
5012
5014
5015
5016
5017
5018
5020
5021
5024
5028
5030
5033
5035
5036
5038
5139
5140
5145
5149
5151
5156
5161
5163
7893
7894
7895
7900
7902
7904
7909
7910
8012
8016
8018
8019
8022
8023
8026
8028
8030
8032
8033
8035
8037
8040
8134
8136
8140
8141
8145
8146
8149
8150
8157
8158
8159
8160
8162
8164
8167
8257
8260
8261
8268
8269
8270
8274
8279
8284
8287
8288
8290
8291
8293
8294
8295
8389
8390
8393
8397
8399
8400
8403
8407
8409
8411
8416
8418
8420
8422
8505
8515
8522
8523
8524
8526
8533
8534
8535
8536
8537
8540
8542
8543
8545
8547
8549
8631
8632
8634
8637
8643
8647
8649
8652
8657
8659
8661
8662
8667
8670
8755
8756
8757
8758
8762
8765
8767
8769
8770
8771
8772
8778
8781
8782
8785
8786
8788
8789
8791
8792
8794
8798
8879
8882
8887
8888
8890
8891
8892
8893
8894
8895
8897
8901
8903
8906
8907
8909
8913
8914
8923
9004
9008
9011
9014
9016
9018
9021
9022
9023
9024
9025
9026
9027
9028
9034
9036
9037
9039
9041
9045
9047
9049
9128
9130
9136
9140
9142
9150
9152
9154
9155
9160
9161
9163
9164
9169
9170
9172
9173
9174
9252
9254
9255
9260
9261
9263
9264
9265
9266
9267
9269
9271
9273
9275
9278
9280
9281
9283
9284
9286
9289
9291
9292
9295
9296
9298
9380
9382
9384
9389
9398
9401
9402
9404
9405
9411
9415
9417
9421
9424
9503
9504
9507
9508
9519
9520
9522
9524
9526
9528
9531
9532
9534
9535
9537
9538
9539
9541
9544
9627
9631
9634
9641
9644
9648
9649
9651
9653
9656
9662
9663
9666
9675
9676
9756
9757
9764
9765
9766
9767
9768
9769
9774
9777
9779
9785
9786
9787
9789
9791
9794
9882
9883
9885
9887
9889
9891
9893
9896
9898
9899
9900
9904
9905
9906
9910
9911
9913
9914
9915
9924
9925
10005
10006
10013
10016
10018
10023
10024
10027
10028
10029
10030
10035
10037
10040
10041
10042
10044
10047
10052
10126
10128
10129
10137
10140
10142
10143
10145
10151
10152
10158
10159
10160
10161
10163
10165
10167
10170
10176
10177
10256
10262
10263
10265
10266
10268
10277
10280
10282
10286
10287
10288
10292
10295
10296
10299
10301
10377
10382
10383
10385
10387
10392
10393
10396
10398
10401
10404
10405
10406
10410
10411
10416
10419
10421
10422
10423
10425
10427
10505
10518
10521
10523
10525
10528
10531
10532
10535
10542
10550
10631
10632
10635
10636
10637
10639
10644
10646
10647
10652
10653
10656
10661
10662
10664
10668
10670
10673
10675
10676
10757
10759
10763
10765
10768
10772
10773
10774
10775
10777
10778
10779
10780
10781
10783
10784
10785
10786
10789
10792
10798
10880
10881
10882
10885
10890
10891
10893
10894
10896
10900
10901
10902
10905
10906
10907
10909
10911
10916
10917
10924
10925
10926
11002
11003
11005
11006
11009
11015
11017
11020
11022
11025
11026
11027
11029
11030
11032
11035
11036
11037
11041
11045
11047
11049
11050
11051
11127
11130
11131
11135
11137
11146
11148
11149
11150
11153
11154
11157
11158
11159
11161
11163
11165
11168
11170
11173
11175
11252
11253
11255
11261
11264
11265
11268
11271
11273
11275
11279
11283
11289
11292
11293
11294
11297
11377
11379
11385
11393
11394
11395
11399
11401
11403
11405
11408
11411
11413
11416
11420
11424
11501
11503
11506
11507
11514
11518
11519
11523
11524
11525
11527
11529
11532
11533
11534
11535
11536
11537
11541
11548
11631
11633
11635
11643
11645
11648
11649
11650
11653
11655
11657
11659
11665
11669
11672
11674
11754
11760
11764
11767
11769
11770
11773
11774
11777
11778
11783
11784
11786
11788
11789
11790
11795
11797
11799
11800
11877
11881
11884
11887
11889
11892
11894
11900
11901
11902
11906
11907
11911
11912
11914
11919
11921
12003
12005
12006
12008
12009
12011
12012
12022
12023
12026
12027
12031
12035
12040
12046
12047
12132
12133
12135
12138
12140
12144
12145
12147
12155
12159
12161
12163
12168
12169
12170
12258
12259
12260
12262
12265
12266
12267
12268
12269
12270
12271
12274
12279
12280
12282
12286
12287
12290
12380
12382
12383
12389
12394
12395
12396
12397
12398
12400
12401
12402
12403
12404
12408
12412
12415
12416
12419
12420
12505
12506
12512
12513
12515
12516
12518
12522
12528
12531
12532
12535
12637
12642
12644
12646
12650
12654
12656
12658
12660
12661
12662
12664
12665
12666
12759
12768
12771
12772
12773
12775
12777
12788
12789
12791
12793
12884
12888
12890
12897
12899
12902
12909
12915
12916
12918
13019
13020
13022
13023
13024
13026
13028
13032
13034
15894
15899
15901
15902
15903
15905
15908
15909
15910
15911
15912
16012
16015
16016
16018
16021
16023
16026
16029
16032
16035
16135
16137
16138
16140
16141
16145
16147
16149
16150
16151
16152
16154
16155
16159
16161
16163
16164
16166
16259
16261
16263
16266
16270
16271
16273
16278
16279
16281
16282
16287
16290
16293
16294
16296
16382
16386
16387
16389
16393
16396
16398
16401
16402
16404
16405
16406
16407
16409
16414
16415
16421
16506
16513
16514
16515
16516
16518
16522
16525
16526
16527
16529
16530
16532
16534
16537
16538
16540
16541
16542
16634
16635
16637
16638
16645
16653
16659
16660
16662
16663
16664
16665
16666
16767
16768
16772
16773
16774
16779
16780
16784
16785
16786
18641
18643
18645
18647
18648
18650
18651
18664
18665
18760
18761
18762
18763
18767
18775
18782
18785
18787
18788
18791
18793
18883
18884
18894
18897
18901
18903
18908
18911
18912
18913
18914
18916
18917
18920
19015
19016
19018
19020
19023
19024
19032
19036
19037
19038
19135
19136
19138
19139
19144
19145
19146
19148
19149
19153
19154
19155
19156
19159
19167
19268
19269
19272
19274
19281
