1022
1026
1029
1031
1032
1036
1037
1038
1039
1143
1144
1145
1151
1152
1153
1156
1157
1158
1159
1161
1162
1164
1165
1168
1169
1171
1266
1267
1268
1270
1271
1272
1275
1276
1277
1278
1279
1282
1284
1285
1288
1290
1291
1292
1296
1297
1298
1386
1388
1389
1394
1400
1403
1404
1405
1409
1411
1414
1418
1421
1426
1511
1519
1521
1522
1525
1527
1530
1531
1532
1533
1534
1535
1538
1539
1541
1542
1543
1545
1546
1547
1550
1551
1638
1639
1640
1645
1650
1651
1653
1654
1655
1656
1659
1660
1663
1664
1665
1667
1668
1669
1672
1674
1675
1676
1677
1765
1766
1767
1770
1774
1778
1780
1781
1782
1784
1788
1795
1893
1897
1899
1904
1908
1912
1913
1916
1917
1918
1920
1923
2020
2021
2023
2025
2028
2030
2033
2035
2037
2041
2042
2044
2045
2145
2154
2157
2158
2160
7022
7027
7031
7035
7036
7038
7140
7141
7142
7143
7147
7150
7154
7158
7166
7167
7173
7263
7264
7266
7269
7274
7279
7282
7283
7284
7285
7287
7290
7292
7293
7298
7387
7388
7391
7392
7393
7397
7398
7401
7403
7405
7406
7409
7411
7413
7415
7419
7422
7423
7425
7509
7510
7511
7515
7519
7523
7524
7526
7528
7533
7534
7541
7544
7545
7547
7643
7644
7645
7647
7649
7650
7651
7654
7656
7657
7661
7663
7666
7671
7672
7759
7760
7763
7764
7768
7770
7775
7776
7781
7785
7786
7787
7791
7793
7795
7796
7798
7888
7889
7892
7896
7897
7898
7899
7903
7911
7912
7915
7919
7920
7922
7926
8013
8015
8016
8019
8022
8023
8026
8028
8030
8032
8033
8038
8039
8041
8049
8141
8143
8144
8145
8146
8148
8149
8151
8159
8161
8164
8165
8169
8173
8273
8274
8283
8284
8286
8288
8289
13273
13274
13279
13281
13286
13290
13392
13393
13394
13399
13401
13404
13405
13406
13409
13411
13413
13415
13514
13516
13518
13519
13522
13525
13529
13530
13531
13534
13641
13644
13651
13654
13655
13657
13661
13662
13664
13669
13764
13765
13768
13769
13772
13773
13775
13778
13779
13780
13781
13783
13785
13791
13795
13796
