16
18
21
23
27
28
30
32
38
40
45
142
145
150
152
153
154
157
160
163
169
268
269
271
277
278
279
280
281
282
283
284
287
288
291
293
398
403
405
407
2525
2526
2532
2534
2536
2539
2542
2642
2643
2645
2647
2650
2655
2657
2661
2663
2668
2764
2766
2768
2772
2776
2778
2781
2782
2783
2788
2790
2792
2798
2800
2801
2888
2890
2892
2894
2895
2896
2898
2899
2902
2908
2911
2912
2918
2920
2922
2927
3013
3019
3022
3025
3026
3027
3029
3031
3033
3034
3038
3039
3040
3044
3045
3048
3051
3135
3137
3138
3139
3145
3147
3149
3151
3154
3158
3159
3161
3164
3166
3167
3168
3174
3261
3262
3265
3267
3268
3269
3272
3275
3277
3278
3280
3281
3284
3285
3286
3289
3295
3298
3391
3393
3399
3404
3405
3406
3410
3411
3412
3415
3416
3419
3421
3521
3528
3529
3531
3532
3534
3537
20026
20027
20028
20029
20035
20037
20147
20150
20153
20156
20157
20165
20168
20169
20171
20265
20266
20268
20270
20271
20275
20279
20281
20282
20283
20284
20290
20293
20294
20296
20298
20299
20385
20386
20387
20391
20392
20403
20404
20409
20413
20414
20415
20416
20417
20421
20422
20425
20509
20510
20512
20516
20517
20518
20523
20526
20529
20530
20532
20533
20535
20538
20541
20542
20544
20546
20547
20549
20552
