22
27
28
29
30
31
32
34
35
37
39
40
42
47
48
51
52
134
135
138
139
140
142
145
148
152
154
157
158
161
165
167
168
169
172
173
175
176
263
270
271
273
275
276
277
278
280
283
288
289
294
298
393
394
398
402
404
405
407
410
412
413
415
419
420
421
525
531
536
540
4521
4528
4532
4536
4539
4642
4644
4646
4648
4649
4650
4655
4656
4657
4662
4664
4665
4668
4669
4765
4768
4769
4771
4773
4776
4783
4784
4786
4789
4794
4796
4890
4891
4892
4896
4899
4900
4901
4902
4903
4906
4909
4911
4913
4918
4921
5019
5023
5027
5028
5031
5035
5036
5038
5040
5044
5045
5150
5151
5152
5156
5159
5161
11651
11652
11654
11655
11656
11662
11774
11775
11780
11781
11782
11783
11784
11785
11787
11788
11791
11793
11795
11890
11893
11895
11897
11902
11903
11905
11907
11908
11909
11911
11912
11914
11920
12014
12016
12017
12018
12020
12022
12023
12025
12027
12029
12030
12032
12033
12041
12042
12043
12050
12139
12142
12143
12147
12148
12149
12151
12157
12161
12162
12163
12167
12171
12172
12173
12267
12268
12270
12275
12276
12277
12278
12279
12280
12282
12283
12284
12285
12290
12291
12292
12295
12296
12392
12393
12396
12398
12403
12411
12412
12414
12531
12534
