6654
6657
6658
6781
6782
6783
6903
6906
6907
6911
7025
7026
7027
7030
7033
7034
7035
7037
7038
7152
7158
17023
17024
17027
17031
17035
17036
17039
17040
17041
17042
17043
17044
17139
17140
17142
17144
17145
17146
17147
17148
17151
17152
17154
17157
17159
17161
17163
17167
17171
17175
17260
17262
17265
17267
17268
17269
17270
17271
17272
17274
17275
17277
17279
17281
17283
17285
17287
17291
17292
17294
17298
17302
17388
17389
17390
17391
17394
17396
17397
17401
17403
17404
17405
17408
17413
17419
17420
17421
17422
17423
17424
17425
17426
17511
17516
17523
17526
17527
17528
17529
17531
17533
17535
17536
17537
17540
17542
17549
17550
17551
17637
17638
17640
17642
17645
17646
17647
17649
17652
17653
17655
17656
17659
17660
17661
17662
17666
17673
17674
17675
17676
17762
17765
17772
17775
17777
17778
17780
17781
17782
17784
17788
17793
17796
17798
17799
17898
17901
17902
17911
17912
17916
17917
17918
17921
