15
17
18
20
23
29
30
31
33
38
41
43
46
47
50
145
154
155
156
159
161
162
163
166
168
169
274
275
277
282
283
18021
18025
18027
18031
18035
18037
18039
18040
18041
18142
18143
18148
18149
18151
18155
18157
18159
18161
18163
18167
18169
18170
18172
18268
18270
18271
18272
18275
18277
18278
18281
18282
18283
18289
18293
18300
18388
18389
18390
18394
18396
18397
18399
18401
18403
18404
18407
18409
18413
18415
18417
18419
18420
18421
18422
18424
18428
18509
18510
18512
18514
18518
18521
18523
18531
18532
18534
18535
18536
18540
18543
18544
18545
18549
18554
18644
18645
18646
18647
18650
18651
18652
18653
18656
18657
18658
18661
18663
18665
18666
18669
18671
18673
18676
18760
18761
18764
18767
18770
18771
18776
18777
18780
18783
18791
18793
18892
18894
18898
18900
18906
18907
18908
18909
18911
18913
18917
18921
18922
18924
19023
19028
19029
19030
19034
19035
19036
19040
