2649
2653
2657
2659
2767
2768
2769
2771
2783
2785
2787
2788
2789
2794
2799
2888
2889
2890
2892
2894
2895
2896
2899
2900
2901
2902
2906
2907
2908
2909
2913
2916
2917
2921
2922
2924
3010
3011
3012
3014
3020
3023
3024
3026
3027
3028
3029
3032
3033
3034
3035
3036
3037
3038
3040
3042
3045
3047
3048
3051
3135
3137
3139
3141
3142
3143
3144
3146
3147
3149
3150
3151
3152
3154
3155
3156
3158
3159
3161
3168
3171
3174
3176
3266
3268
3270
3271
3273
3274
3276
3278
3281
3282
3285
3288
3290
3293
3294
3295
3298
3300
3302
3387
3388
3389
3393
3395
3397
3399
3400
3403
3406
3409
3412
3413
3414
3415
3419
3420
3422
3423
3424
3516
3519
3520
3522
3523
3526
3527
3528
3529
3532
3536
3537
3540
3544
3545
3654
3656
3659
3661
3663
3666
13153
13154
13155
13156
13274
13276
13278
13280
13284
13285
13286
13287
13288
13397
13398
13399
13400
13401
13403
13407
13409
13410
13411
13415
13417
13419
13518
13525
13526
13531
13537
13542
13544
13641
13642
13645
13650
13652
13654
13659
13660
13661
13662
13663
13664
13672
13768
13772
13773
13775
13777
13780
13781
13784
13786
13788
13789
13790
13792
13794
13795
13890
13891
13894
13896
13899
13900
13907
13908
13911
13912
13916
13917
13919
13920
13921
13922
13923
14018
14020
14021
14023
14025
14026
14030
14032
14034
14039
14040
14042
14044
14142
14143
14150
14151
14153
14155
14159
14164
14165
14166
14167
14169
14170
14171
14268
14272
14273
14284
14288
14290
14291
14397
14405
14407
14527
14528
14530
14533
14534
