4398
4401
4402
4407
4408
4410
4411
4412
4415
4416
4516
4520
4524
4525
4528
4530
4532
4533
4534
4537
4538
4539
4540
4541
4542
4543
4544
4546
4547
4636
4638
4640
4642
4646
4647
4648
4649
4651
4652
4653
4656
4657
4658
4659
4663
4667
4668
4675
4760
4762
4764
4769
4770
4772
4775
4776
4778
4779
4780
4781
4785
4792
4794
4795
4796
4797
4799
4802
4803
4886
4888
4889
4890
4893
4897
4900
4904
4906
4907
4908
4909
4911
4912
4914
4915
4920
4921
4922
4923
4924
4927
5009
5010
5013
5014
5016
5017
5018
5022
5024
5025
5026
5028
5029
5031
5033
5037
5042
5044
5045
5047
5049
5051
5134
5137
5138
5139
5141
5142
5143
5145
5146
5152
5155
5157
5158
5159
5160
5163
5164
5166
5167
5169
5170
5171
5172
5175
5178
5261
5266
5267
5268
5270
5273
5274
5275
5277
5280
5281
5283
5284
5286
5288
5290
5291
5292
5294
5295
5389
5390
5391
5396
5401
5403
5404
5408
5409
5413
5416
5514
5515
5518
5519
5521
5522
5524
5526
5529
5531
5532
5535
5536
5537
5539
5541
5545
5549
5641
5647
5648
5652
5659
5660
5669
5768
5769
5770
5771
5775
5776
5777
5779
5780
5781
5785
5789
5791
5792
5793
5900
5904
5907
5909
5911
13783
