1398
1400
1401
1403
1405
1406
1412
1413
1414
1416
1520
1521
1522
1523
1534
1540
1543
1643
1645
1647
1648
1649
1651
1653
1655
1656
1657
1658
1665
1668
1669
1768
1770
1778
1782
1783
1784
1786
1792
1794
1896
1900
1905
1907
1909
1910
1911
1913
1914
1916
1917
2032
4278
4281
4395
4396
4397
4401
4403
4407
4408
4409
4410
4415
4421
4515
4516
4519
4523
4526
4527
4529
4537
4538
4539
4540
4542
4545
4548
4549
4637
4641
4644
4645
4649
4652
4656
4658
4659
4660
4662
4667
4668
4671
4672
4676
4761
4763
4765
4766
4767
4772
4775
4778
4780
4782
4783
4784
4791
4793
4794
4796
4797
4801
4802
4885
4890
4896
4898
4901
4902
4903
4906
4912
4921
4922
4923
4924
4926
4928
5009
5012
5014
5019
5021
5024
5025
5027
5028
5030
5033
5034
5035
5036
5037
5038
5039
5041
5047
5048
5049
5054
5136
5138
5140
5142
5143
5144
5145
5147
5148
5149
5151
5153
5154
5155
5156
5157
5161
5163
5171
5175
5177
5178
5262
5266
5272
5273
5275
5276
5277
5279
5283
5290
5292
5295
5298
5299
5301
5385
5389
5390
5391
5392
5393
5394
5395
5396
5402
5405
5406
5409
5414
5419
5420
5421
5423
5512
5513
5518
5521
5522
5523
5524
5525
5526
5527
5530
5531
5532
5534
5535
5536
5537
5539
5540
5541
5542
5544
5545
5546
5549
5550
5640
5641
5645
5647
5648
5649
5650
5652
5658
5659
5660
5661
5663
5667
5668
5670
5672
5766
5767
5768
5769
5770
5771
5772
5775
5779
5781
5782
5783
5784
5785
5787
5789
5790
5791
5792
5794
5796
5899
5905
5907
5910
5911
6028
6029
6033
6035
6036
