273
282
283
285
292
294
295
390
396
398
403
404
405
406
410
417
421
510
514
515
517
519
523
525
529
533
534
536
537
539
540
543
545
551
635
636
640
641
647
648
653
654
655
656
657
662
665
667
669
673
674
675
676
677
678
767
770
771
772
774
776
784
785
792
793
796
797
800
803
889
891
892
894
896
898
899
901
902
903
908
910
912
913
917
918
921
922
925
1012
1014
1024
1026
1028
1029
1030
1034
1037
1038
1045
1049
1143
1146
1147
1152
1153
1154
1156
1159
1160
1161
1162
1167
1168
5399
5401
5404
5405
5409
5411
5412
5414
5415
5519
5521
5523
5528
5529
5531
5535
5536
5539
5540
5542
5643
5648
5649
5651
5652
5654
5664
5670
5766
5768
5769
5775
5776
5780
5782
5784
5785
5792
5794
5796
5797
5891
5894
5896
5897
5898
5900
5901
5903
5904
5906
5910
5912
5913
5916
5917
5921
6015
6017
6020
6022
6024
6029
6030
6033
6034
6035
6039
6042
6141
6142
6143
6149
6151
6152
6158
6160
6162
6168
6169
6170
6172
6271
6277
6282
6287
6291
6292
6294
6295
6394
6400
6402
6404
6407
6410
6415
6417
6419
6420
6520
6521
6522
6524
6525
6527
6528
6530
6534
6541
6651
6652
6653
6654
6655
6657
6660
19144
19150
19151
19154
19157
19158
19160
19163
19164
19165
19168
19265
19268
19269
19270
19272
19273
19275
19279
19280
19282
19283
19284
19285
19286
19287
19288
19290
19295
19298
19388
19394
19395
19396
19397
19398
19399
19401
19404
19405
19406
19408
19409
19410
19414
19415
19418
19419
19422
19425
19516
19519
19520
19522
19523
19527
19528
19529
19532
19534
19539
19542
19543
19544
19545
19548
19640
19642
19648
19652
19653
19654
19655
19659
19660
19661
19663
19664
19669
19672
19767
19772
19776
19778
19781
19782
19783
19784
19787
19788
19790
19793
19904
19907
19908
19909
19912
