  888150.0
 1029750.0
 1081850.0
 1192750.0
 1295650.0
 1328550.0
 1392550.0
 1626750.0
 1690250.0
 1788750.0
 1920850.0
 1989050.0
 1999850.0
 2077650.0
 2704250.0
 2987450.0
 3557850.0
 3655450.0
 3706550.0
 4004550.0
 4008250.0
 4106750.0
 4115350.0
 4199050.0
 4287650.0
 4918450.0
 5000550.0
 5508250.0
 5827350.0
 5985150.0
 6043350.0
 6065550.0
 6126950.0
 6271850.0
 6310750.0
 6323550.0
 6761850.0
 6844050.0
 6973050.0
 7267050.0
 7772950.0
 7798050.0
 8056950.0
 8477450.0
 8530750.0
 8834750.0
 8891050.0
 9217050.0
 9383750.0
 9507550.0
 9603150.0
 9862550.0
 9900650.0
10097250.0
10169450.0
10554150.0
10668650.0
10981150.0
11529650.0
11669050.0
11683750.0
11700850.0
11895350.0
12061150.0
12191750.0
12260050.0
12267350.0
12296650.0
12562850.0
12734650.0
12973250.0
12997150.0
13174050.0
13573550.0
13582150.0
13715450.0
13867350.0
13889550.0
14514750.0
14552750.0
14691650.0
14748950.0
15135350.0
15595850.0
15608350.0
15714250.0
15768550.0
15927550.0
15978350.0
16036150.0
16931450.0
17635050.0
17666550.0
18038550.0
18281650.0
18379750.0
18540650.0
18653450.0
18789450.0
18923850.0
19284250.0
19371850.0
19491350.0
19905850.0
19909750.0
20164650.0
20332950.0
20663550.0
20890350.0
21129250.0
21330550.0
21342350.0
21382950.0
21475850.0
21979250.0
22257250.0
22293650.0
22336950.0
22445750.0
22583550.0
22606250.0
22653250.0
22800250.0
22814850.0
22879750.0
