  238150.0
  531350.0
  757650.0
  892150.0
 1125550.0
 1139650.0
 1206350.0
 1330950.0
 1336450.0
 1417950.0
 1782850.0
 2737350.0
 3642550.0
 3647150.0
 3723650.0
 3945650.0
 4046250.0
 4440050.0
 4915850.0
 5010850.0
 5120350.0
 5210150.0
 5314650.0
 5639050.0
 5714950.0
 5724450.0
 5866250.0
 5882950.0
 5896050.0
 5903150.0
 5943950.0
 6336150.0
 6499050.0
 7369450.0
 7403650.0
 7434550.0
 7703550.0
 8164050.0
 8634750.0
 8849350.0
 9147450.0
 9905850.0
 9978050.0
10094450.0
10112850.0
10118750.0
10804450.0
10914850.0
11875550.0
11974350.0
12788250.0
12824850.0
13508450.0
13538450.0
13630050.0
13796050.0
14171150.0
14222850.0
14459550.0
14478050.0
14488150.0
14623550.0
14683150.0
14964550.0
15179850.0
15228050.0
15815150.0
15988350.0
16074450.0
16078250.0
16079350.0
16132850.0
16680250.0
16734450.0
16805250.0
17004150.0
17398250.0
17543950.0
17680950.0
18067950.0
18280950.0
18495750.0
18810650.0
18835450.0
19406550.0
19497950.0
19715350.0
20110350.0
20155150.0
20169750.0
20198350.0
20453650.0
20464250.0
20518350.0
20616850.0
20621850.0
20981750.0
21077550.0
21222250.0
21650150.0
21655050.0
21902750.0
22000850.0
22076950.0
22257950.0
22564250.0
22687350.0
