  115850.0
  389950.0
  540250.0
  761250.0
  952150.0
 1153450.0
 1248650.0
 1266550.0
 1503350.0
 1678650.0
 1700450.0
 1820050.0
 2020950.0
 2330950.0
 2337050.0
 2432050.0
 2435750.0
 2614750.0
 2907150.0
 3095650.0
 3455750.0
 4025050.0
 4130550.0
 4237150.0
 4276550.0
 4638950.0
 4699450.0
 5199350.0
 5297150.0
 5427850.0
 5488250.0
 5871350.0
 5884750.0
 5956150.0
 5997850.0
 6053350.0
 6286150.0
 6613050.0
 7891450.0
 7894850.0
 8012950.0
 8100850.0
 8122950.0
 8410350.0
 8525250.0
 8627150.0
 8692350.0
 8705650.0
 8730950.0
 8778950.0
 8980050.0
 8997950.0
 9062750.0
 9188150.0
 9463450.0
 9750250.0
 9947850.0
10225450.0
10240550.0
10716650.0
10810050.0
11899050.0
11954450.0
12260350.0
12290250.0
12482750.0
12667850.0
12731050.0
13024350.0
13506650.0
14087450.0
14103950.0
14143550.0
14224850.0
14532450.0
14774950.0
14889350.0
15199950.0
15306450.0
15458450.0
15494450.0
15604650.0
15640650.0
15696650.0
15737650.0
15783250.0
15919950.0
16126150.0
16274150.0
16524650.0
16605750.0
16658250.0
16783550.0
16955750.0
17210050.0
17449150.0
17480750.0
17772750.0
18013250.0
18415750.0
18447550.0
18818050.0
18897050.0
18910350.0
19615550.0
20047250.0
20208250.0
20254050.0
20262050.0
20453450.0
20792550.0
20953050.0
21066950.0
21280550.0
21325350.0
21357750.0
21522650.0
21590950.0
21636350.0
22005950.0
22063550.0
22190150.0
22459050.0
22512150.0
22525950.0
22731650.0
