   37750.0
  185350.0
  411550.0
  543650.0
  655650.0
 1332750.0
 1404450.0
 1501250.0
 1599750.0
 1609350.0
 1678050.0
 1783350.0
 1827550.0
 1886950.0
 1975050.0
 2073450.0
 2900850.0
 3141950.0
 3189850.0
 3434550.0
 3500450.0
 3929650.0
 3967450.0
 4374150.0
 4784950.0
 4888150.0
 4947050.0
 4994950.0
 5376150.0
 5527650.0
 6303450.0
 7304550.0
 7367050.0
 7512550.0
 7740450.0
 7835150.0
 7921350.0
 8574650.0
 8584650.0
 8677350.0
 8890950.0
 8930250.0
 8969050.0
 9025550.0
 9701850.0
 9800050.0
 9969350.0
10129450.0
10218650.0
10301550.0
10476950.0
10483050.0
10527150.0
10592450.0
10707250.0
10864150.0
11008750.0
11097350.0
11668050.0
11802650.0
11882450.0
12249250.0
12594250.0
12691650.0
12757650.0
12813750.0
13155950.0
13553650.0
13838750.0
13930050.0
14299250.0
14545950.0
14617250.0
14740550.0
14992150.0
15051350.0
15087950.0
15651750.0
15710450.0
15808550.0
15818250.0
15877350.0
15980350.0
16134850.0
16257450.0
16711450.0
16832550.0
17178450.0
17188150.0
17530750.0
17613250.0
18228250.0
18253350.0
18650050.0
18979350.0
19093650.0
19537150.0
19614050.0
19758850.0
20053650.0
20436850.0
20491350.0
20516450.0
20519150.0
20658150.0
20673650.0
20677850.0
20696950.0
20768350.0
20793350.0
20831350.0
20847750.0
21132450.0
21593550.0
22233250.0
22293950.0
22429550.0
22537550.0
22564450.0
22807750.0
