  157750.0
  403250.0
  611250.0
  656950.0
 1018350.0
 1121450.0
 1624350.0
 1718750.0
 2059650.0
 2115550.0
 2272650.0
 2557650.0
 2671850.0
 2723750.0
 2793950.0
 3148750.0
 3301350.0
 3304250.0
 3313850.0
 3522650.0
 3795250.0
 3853850.0
 3958150.0
 4214950.0
 4311450.0
 4500550.0
 4513350.0
 4535350.0
 4641350.0
 4761250.0
 4917950.0
 5059850.0
 6091950.0
 6368250.0
 6895350.0
 7118050.0
 7340850.0
 7383350.0
 7622750.0
 7638450.0
 7847850.0
 7902850.0
 8012950.0
 8444050.0
 8686050.0
 8691750.0
 8798850.0
 8819950.0
 8847650.0
 9886050.0
 9960950.0
 9973750.0
 9978050.0
10155650.0
10189650.0
10235650.0
10565750.0
10830950.0
11026150.0
11225650.0
12138750.0
12254750.0
12353950.0
12768950.0
12922450.0
13137350.0
13150250.0
13154750.0
13245450.0
13259650.0
13263150.0
13391050.0
13580650.0
14209250.0
14647650.0
15001750.0
15180050.0
15514550.0
15633250.0
15860650.0
15981550.0
16065850.0
16265750.0
16878650.0
16961050.0
17370550.0
17461050.0
18432650.0
18438550.0
18933150.0
18993550.0
19293650.0
19305050.0
20034150.0
20050750.0
20199850.0
20255950.0
20484950.0
20497250.0
20536750.0
20965250.0
21166950.0
21453450.0
21466650.0
22110250.0
22439050.0
22518050.0
22599450.0
22684650.0
22845450.0
