132.4
263.7
495.5
737.5
1047.1
1122.8
1388.7
1412.7
1619.2
1625.5
1904.3
2733.0
2746.8
2940.6
2977.0
3227.8
3281.1
3323.4
3907.1
4038.5
4086.8
4153.7
4249.4
4320.5
4423.4
4775.3
4845.1
4953.1
5231.4
5282.6
5376.1
5523.0
6094.3
6490.9
6988.0
7233.2
7593.6
7717.3
7866.6
8755.1
8993.8
9009.2
9047.4
9069.2
9181.1
9184.0
9287.1
9378.4
9407.7
9807.0
10032.1
10567.7
10948.1
11090.6
11172.4
11235.6
11425.4
11611.2
11939.5
12101.2
12108.1
12134.2
12692.5
12984.8
13112.3
13286.4
13708.5
13781.1
13784.1
13797.2
13840.4
13987.2
15406.1
15682.7
16063.4
16077.6
16935.5
17210.3
17326.3
17883.7
18001.6
18366.0
18670.3
18825.2
19005.8
19020.9
19470.6
19571.1
19627.4
19872.8
19978.1
20005.3
20375.3
20458.6
20549.7
20706.9
20851.3
20927.3
21047.5
21177.5
21256.7
21308.8
21309.3
21631.5
21651.0
22153.1
22154.3
22183.0
22235.2
22663.5
22715.2
22899.6
