432.1
513.4
731.3
880.6
1321.5
1343.4
2021.2
2116.5
2205.7
2857.5
2906.2
2906.5
3439.0
3681.6
3811.4
3959.3
4080.0
4101.8
4349.4
4522.9
4539.3
5285.2
5312.2
5539.8
5786.2
6295.4
6491.5
6551.7
7135.7
7476.4
7533.6
7635.6
7662.8
7776.3
7908.8
8002.1
8167.6
8584.7
8702.1
8774.8
9069.9
9465.1
9627.5
9932.7
10050.6
10053.7
10227.7
10227.8
10306.7
10422.6
10846.2
11020.6
11515.1
11577.8
12011.2
12209.6
12226.1
12353.4
12485.3
12764.0
12929.4
13003.4
13086.6
13123.2
13410.4
13819.7
14001.9
14086.7
14140.6
14634.1
14869.6
14906.8
14919.4
14931.1
15680.9
15704.8
15713.0
15958.9
16054.1
16062.6
16113.6
16459.7
16556.8
16815.4
16887.9
17016.4
17021.9
17268.5
17334.6
17888.1
18184.8
18277.3
19147.1
19204.9
19207.4
19938.6
20059.4
20155.0
20664.3
20768.7
21054.2
21450.3
21488.6
21783.5
22199.3
22275.2
22583.5
22799.3
22866.7
22982.4
