    2850.0
  108550.0
  206250.0
  212450.0
  622850.0
  686450.0
  716850.0
  914050.0
 1141150.0
 1188650.0
 1921650.0
 1979550.0
 2046150.0
 2191850.0
 2420750.0
 2695550.0
 2905950.0
 2977450.0
 2978450.0
 3384250.0
 3465350.0
 3618450.0
 3639750.0
 3697250.0
 3909750.0
 3995550.0
 4115050.0
 4135050.0
 4243050.0
 4597750.0
 4928850.0
 5006850.0
 5046350.0
 5223750.0
 5749150.0
 5961150.0
 6102750.0
 6406450.0
 6995050.0
 7208850.0
 7266150.0
 7327350.0
 7847150.0
 8415350.0
 8782050.0
 9383750.0
 9525650.0
 9582850.0
 9674150.0
 9739550.0
 9891550.0
 9898350.0
10082750.0
10095450.0
10123050.0
10276150.0
10419350.0
10446450.0
10515450.0
10771150.0
10799650.0
11098450.0
11126450.0
11337950.0
11459550.0
11558550.0
11586150.0
11791950.0
12107950.0
12236850.0
12269650.0
12401650.0
12471750.0
12979250.0
13212350.0
13394750.0
13405050.0
13558050.0
13709250.0
13917950.0
13997750.0
14049650.0
14398350.0
14544150.0
14613950.0
14633950.0
14780550.0
14905350.0
14946150.0
15045250.0
15494650.0
15777450.0
16103950.0
16451950.0
16963850.0
17212650.0
17335050.0
17390650.0
17444450.0
17467850.0
17790150.0
18257750.0
18581450.0
18796750.0
18825550.0
19187150.0
19568950.0
19733850.0
19766250.0
19860450.0
20041550.0
20412150.0
20500650.0
20813050.0
21222950.0
21839150.0
22146050.0
22475650.0
22550450.0
22666650.0
22815350.0
22881350.0
