  196150.0
  493050.0
  824350.0
  871150.0
  909850.0
 1275150.0
 1340250.0
 1453350.0
 1455850.0
 1631550.0
 1798650.0
 1992750.0
 2159850.0
 2286950.0
 2504850.0
 2509450.0
 2722250.0
 2834050.0
 3000850.0
 3310650.0
 3451450.0
 3463850.0
 3492550.0
 3590550.0
 3664150.0
 3717050.0
 3721950.0
 4075050.0
 4516150.0
 4932550.0
 5236650.0
 5847050.0
 6103350.0
 6349150.0
 6383450.0
 6487450.0
 7062650.0
 7073050.0
 7403450.0
 7868550.0
 8010150.0
 8198450.0
 8293350.0
 8326850.0
 8581550.0
 9125350.0
 9155750.0
 9328050.0
 9436050.0
 9463550.0
 9467450.0
 9473250.0
 9655050.0
 9660550.0
 9711850.0
 9878850.0
 9891950.0
10123250.0
10188450.0
10638750.0
10759750.0
10873450.0
11203850.0
11665650.0
11878650.0
12187950.0
12251150.0
12452950.0
12704350.0
12953250.0
13110450.0
13151450.0
13281850.0
13404950.0
13480050.0
13639850.0
13832850.0
14154050.0
14318450.0
14604150.0
14650950.0
14696450.0
15182250.0
15200750.0
15222250.0
15253450.0
15499950.0
15573150.0
15621050.0
15694650.0
15985050.0
16256750.0
16376250.0
16491550.0
16540450.0
16839850.0
16936550.0
17042250.0
17415050.0
17609850.0
18136150.0
18141250.0
18147450.0
18740450.0
18836150.0
18988250.0
18988350.0
19008550.0
19561550.0
19644950.0
19740350.0
19841850.0
19858550.0
19970150.0
20111150.0
20366750.0
20395050.0
20539250.0
20781250.0
20788450.0
20876750.0
21037150.0
21058250.0
21078850.0
21151450.0
21336950.0
21518450.0
21682650.0
21703150.0
21718150.0
21894750.0
22001650.0
22045850.0
22117850.0
22159050.0
22531850.0
22562050.0
