  337950.0
 1073650.0
 1109950.0
 1263150.0
 1474050.0
 1475550.0
 1729950.0
 1784150.0
 1820850.0
 1910750.0
 2342050.0
 2807050.0
 3429650.0
 3676850.0
 3735850.0
 3889950.0
 4225650.0
 4253350.0
 4570350.0
 4588250.0
 4656650.0
 4664550.0
 5113250.0
 5128050.0
 5278850.0
 5467750.0
 5485150.0
 5517450.0
 5938450.0
 5978050.0
 6069250.0
 6073750.0
 6250750.0
 6332850.0
 6707450.0
 7088950.0
 7268550.0
 7703950.0
 7779150.0
 7834750.0
 7982950.0
 8032350.0
 8045750.0
 8099150.0
 8210050.0
 8747450.0
 8751250.0
 8912050.0
 9412050.0
 9663550.0
 9718550.0
 9811350.0
 9934650.0
10301950.0
10316450.0
10342350.0
10632050.0
10788350.0
10836850.0
11306650.0
11407850.0
11533450.0
11533750.0
11807650.0
11882150.0
12493950.0
13088850.0
13186950.0
13364150.0
13372150.0
13616750.0
13631850.0
13858050.0
14278950.0
14535750.0
14763550.0
14930150.0
14976950.0
15143550.0
15222650.0
15428050.0
15481850.0
15920450.0
16066150.0
16363750.0
16975350.0
17332850.0
17437250.0
17735950.0
17986250.0
18026050.0
18269050.0
18304250.0
18441050.0
18602150.0
18920350.0
18980750.0
19091150.0
20304250.0
20610050.0
20632550.0
20713750.0
20737950.0
20787550.0
20892150.0
21334650.0
21497450.0
21596350.0
22084350.0
22209350.0
22300550.0
22361850.0
22478950.0
22573050.0
22592350.0
22698650.0
22818150.0
22860050.0
22933650.0
