354.0
548.3
595.6
605.5
1075.8
1236.9
1315.3
1472.7
1676.2
1976.5
2060.0
2704.8
2716.0
2868.9
2916.5
2938.6
3170.1
3743.3
3832.0
3969.0
4015.8
4083.2
4871.9
4901.7
4961.2
5167.0
5202.6
5653.9
6023.4
6206.5
6238.8
6303.1
6528.5
6604.3
6694.1
7085.2
7304.1
7343.1
7536.1
7540.5
7582.4
7692.9
7725.1
7966.3
8096.4
8658.2
8833.7
9579.1
9837.5
10226.5
10270.1
10418.1
10421.8
10466.5
10756.6
10829.7
10935.5
11433.9
11601.1
11622.6
11670.8
12009.2
12155.8
12324.5
12594.2
12745.8
13114.8
13157.8
13311.6
13765.4
14156.9
14492.8
14791.4
15137.6
15164.1
15220.4
15226.0
15552.1
15628.7
15782.0
15994.5
16504.8
16616.1
16719.8
16829.4
17142.4
17194.8
17524.0
17677.8
17774.8
17784.2
18053.6
18740.1
18815.2
18932.6
18990.8
19126.6
19658.8
19754.5
20242.5
20250.3
20521.3
20541.3
20977.1
21026.6
21533.5
21587.6
21590.6
21601.0
21732.6
21823.3
22140.6
22240.2
22502.0
22905.1
22954.0
