   87250.0
  164750.0
  178750.0
  250250.0
  275050.0
  301450.0
  321050.0
  334750.0
  659650.0
  675150.0
  780450.0
 1139250.0
 1703750.0
 1715550.0
 2165250.0
 2334350.0
 2600050.0
 2646150.0
 3030650.0
 3739350.0
 4328550.0
 4657950.0
 4851650.0
 4996650.0
 5085850.0
 5314750.0
 5335850.0
 5815550.0
 5920150.0
 6606750.0
 6608150.0
 6730650.0
 6847350.0
 7050850.0
 7084850.0
 7320750.0
 7525850.0
 7715550.0
 8207550.0
 8406050.0
 8460250.0
 8499350.0
 8501550.0
 8609950.0
 9003350.0
10205850.0
10531450.0
10747250.0
10759950.0
10963150.0
11079150.0
11591750.0
11657850.0
11683050.0
12162350.0
12349550.0
12493750.0
12658250.0
12674750.0
13411950.0
13632250.0
14069450.0
14300550.0
14461450.0
14599650.0
14914650.0
14992450.0
15001550.0
15031050.0
15108350.0
15112250.0
15569050.0
15846050.0
15935250.0
15968350.0
16225350.0
16555150.0
17040050.0
17140350.0
17301050.0
17407550.0
17739550.0
17770550.0
18170950.0
18776350.0
18797950.0
19894450.0
19957450.0
20645650.0
20818250.0
20824550.0
20863750.0
21105150.0
21172950.0
21560550.0
21589850.0
21967850.0
22593050.0
22651550.0
22919950.0
