  194550.0
  425150.0
  490850.0
  730950.0
  814150.0
  862950.0
 1017350.0
 1513550.0
 1808450.0
 2233250.0
 2511150.0
 2721050.0
 3203450.0
 3234450.0
 3260450.0
 3701950.0
 3826350.0
 3917150.0
 4186650.0
 4280550.0
 4300950.0
 4573750.0
 4869850.0
 5028250.0
 5168250.0
 5311650.0
 5543750.0
 5980150.0
 6108550.0
 6120450.0
 6184750.0
 6378450.0
 6639850.0
 7118950.0
 7188150.0
 7400350.0
 7612150.0
 7652850.0
 7755850.0
 7768350.0
 8015350.0
 8305850.0
 8373750.0
 8379250.0
 8399450.0
 8845250.0
 9002250.0
 9168550.0
 9186850.0
 9250150.0
 9481950.0
 9974150.0
10006450.0
10201150.0
10208050.0
10247250.0
10276250.0
10642150.0
10985450.0
11027250.0
11110450.0
11466250.0
11777250.0
12152650.0
12642950.0
12872050.0
13406850.0
13410050.0
13650350.0
13651550.0
13746550.0
13755450.0
13778850.0
13966850.0
14242350.0
14301350.0
14403050.0
14780150.0
14896750.0
14924450.0
14930750.0
15044850.0
15069850.0
15796250.0
16021750.0
16029550.0
16177050.0
16251450.0
16314450.0
16466050.0
16524250.0
16585750.0
17139150.0
17339250.0
17493650.0
17800650.0
18214550.0
18425350.0
18662150.0
18829250.0
18992850.0
19049850.0
19360450.0
19858550.0
19959950.0
20147450.0
20275450.0
20683250.0
20762450.0
20986850.0
21029750.0
21031850.0
21160850.0
21247750.0
21601750.0
21683150.0
21809550.0
22202350.0
22244450.0
22338250.0
22341950.0
