  166150.0
  463650.0
  470250.0
  536450.0
  738050.0
  902350.0
 1700650.0
 1859250.0
 1891950.0
 1959050.0
 2395850.0
 2829250.0
 2867950.0
 2930350.0
 2935650.0
 3772450.0
 3903150.0
 4147350.0
 4219050.0
 4656550.0
 4668350.0
 5032850.0
 5043150.0
 5476050.0
 5511950.0
 5536850.0
 5604750.0
 5626550.0
 5819750.0
 5863250.0
 5939150.0
 5953650.0
 5993050.0
 6347550.0
 6848550.0
 6905650.0
 7235750.0
 7554050.0
 7951450.0
 8049250.0
 8141050.0
 8218950.0
 8447650.0
 8459550.0
 8728450.0
 8840650.0
 9207350.0
 9416150.0
10071650.0
10188650.0
11112450.0
11121450.0
11273150.0
11451450.0
11548450.0
11551950.0
12345850.0
12398550.0
12442050.0
12557750.0
12600150.0
12865950.0
12866150.0
12985050.0
13539950.0
13756050.0
14086150.0
14179250.0
14211650.0
14283750.0
14412750.0
14464050.0
14553450.0
14569050.0
14569450.0
14591850.0
14948350.0
15306350.0
15350650.0
15732150.0
15845550.0
15949650.0
16052350.0
16195850.0
16680450.0
16996050.0
17011350.0
17015750.0
17137650.0
17140450.0
17540750.0
17881750.0
18003250.0
18600150.0
18794250.0
18849350.0
18881450.0
19091050.0
19152050.0
19918950.0
20412450.0
20455950.0
20573350.0
20708050.0
20794150.0
21093750.0
21227650.0
21816750.0
21985750.0
22056050.0
