151.9
266.4
601.0
693.8
714.9
1045.6
1091.2
1575.6
2383.3
2488.6
3186.7
3219.7
3339.7
3381.1
4072.1
4777.2
4805.6
5767.2
5790.3
5943.4
6081.5
6342.8
6517.4
6629.5
7384.4
7401.8
7413.7
7625.3
7739.5
7900.4
8100.6
8220.4
8676.1
9658.4
9668.5
10082.7
10422.5
10907.4
10979.3
11293.0
11308.6
11318.9
11505.8
12023.9
12253.1
12352.2
12530.9
12665.3
12786.8
12854.6
12908.9
12975.7
13424.7
13621.9
13961.9
14533.4
14768.2
14930.9
15119.3
15509.1
15664.7
15665.6
15765.4
16122.3
16146.4
16355.4
16717.8
17033.6
17166.7
17201.7
17448.5
17890.8
18183.3
18600.7
18815.7
18923.9
19248.0
19581.1
19621.7
19677.8
19748.4
19859.8
19906.7
19944.4
19980.2
20143.0
20186.8
20269.5
20548.6
20599.2
20803.0
20932.9
21091.6
21949.5
21999.9
22012.8
22085.6
22117.3
22328.4
22474.8
22530.4
22533.6
22534.0
22710.7
22853.6
22999.2
23013.3
