  604350.0
  641050.0
  776050.0
  832650.0
  927450.0
 1116050.0
 1260750.0
 1334250.0
 1571050.0
 1743950.0
 2197950.0
 2367650.0
 2735050.0
 2833050.0
 3180250.0
 3206650.0
 3350550.0
 3575050.0
 3722550.0
 3857650.0
 4011150.0
 4119750.0
 4331250.0
 4489750.0
 4499750.0
 4604850.0
 4729750.0
 4819850.0
 5362250.0
 5839850.0
 6146650.0
 6422350.0
 6514150.0
 6530350.0
 7055350.0
 7070550.0
 7138550.0
 7872950.0
 7903050.0
 7947750.0
 8662550.0
 9251150.0
 9278250.0
 9288550.0
 9411050.0
 9422150.0
 9514850.0
 9745750.0
 9807950.0
 9972650.0
10029650.0
10070050.0
10210350.0
10319350.0
10920450.0
11808050.0
11816350.0
11918650.0
12064550.0
12370550.0
12678550.0
12727750.0
12895850.0
13153550.0
13371350.0
13513950.0
13769750.0
14272850.0
14353850.0
14599850.0
14904350.0
15038850.0
15524150.0
15654750.0
15897050.0
16027050.0
16320950.0
16455250.0
16500850.0
16515850.0
16680250.0
16724450.0
16956250.0
16986450.0
17174250.0
17343050.0
17360250.0
17477850.0
17629050.0
17663650.0
17723850.0
17805750.0
17922650.0
18176650.0
18365350.0
18387050.0
18785250.0
18863650.0
19247850.0
19456450.0
19543650.0
19873650.0
20113750.0
20663850.0
20726350.0
20727450.0
20930950.0
20989950.0
21102850.0
21362450.0
21365450.0
21473450.0
21507650.0
21547450.0
21572550.0
22141250.0
22191950.0
22492750.0
22510350.0
22720650.0
