  238550.0
  292050.0
  348650.0
  601450.0
  717950.0
  755750.0
 1216350.0
 1256750.0
 1305050.0
 1553150.0
 1639850.0
 2902150.0
 3001050.0
 3670750.0
 3945250.0
 4198450.0
 4200550.0
 4218850.0
 4333150.0
 4435050.0
 4505650.0
 4658150.0
 4995550.0
 5019150.0
 5026450.0
 5273850.0
 5890750.0
 6595050.0
 6737550.0
 6778750.0
 7005650.0
 7258550.0
 7349850.0
 7391250.0
 7566250.0
 7608850.0
 7736650.0
 8046550.0
 8100750.0
 8196450.0
 8354650.0
 8359650.0
 8487750.0
 8521050.0
 8568050.0
 8648650.0
 9156750.0
 9270050.0
 9303050.0
 9378750.0
 9697050.0
 9750250.0
10163650.0
10831150.0
11193650.0
11196050.0
11287650.0
11343250.0
11484050.0
11490450.0
11631750.0
11829350.0
12127050.0
12173350.0
12184850.0
12310750.0
12397150.0
12563250.0
12626950.0
12880150.0
13135650.0
13244350.0
13397550.0
13453450.0
13645350.0
13656050.0
13668350.0
13954250.0
14012650.0
14036550.0
14547650.0
14550650.0
14700050.0
14765850.0
14799050.0
15147150.0
15502450.0
15548450.0
16074250.0
16455950.0
16608750.0
16695050.0
16768850.0
16802450.0
16956450.0
17018150.0
17273650.0
18076350.0
18111050.0
18492150.0
18511450.0
18764850.0
19235850.0
19300150.0
19405750.0
19447950.0
20092250.0
20144350.0
20151750.0
20416950.0
20596650.0
20759350.0
20844650.0
21009550.0
21034850.0
21109650.0
21545050.0
21982250.0
22073250.0
22250650.0
22368450.0
22460350.0
22502450.0
22550150.0
22679450.0
22876950.0
22889450.0
