   73250.0
  145150.0
  231650.0
  680350.0
  866650.0
  882550.0
  886750.0
 1079850.0
 1132250.0
 1197450.0
 1209750.0
 1338850.0
 1351650.0
 1402250.0
 1638550.0
 1689650.0
 2040750.0
 2061350.0
 2162450.0
 2405450.0
 2649250.0
 2659350.0
 2761850.0
 2771650.0
 3242350.0
 3338050.0
 3586050.0
 3734650.0
 3804950.0
 3906950.0
 3925250.0
 4127750.0
 4218950.0
 4261650.0
 4359450.0
 5011950.0
 5204450.0
 5229250.0
 5761350.0
 5777850.0
 5835950.0
 5959350.0
 5976150.0
 6442250.0
 6618850.0
 6795350.0
 6877750.0
 6898650.0
 7576050.0
 7816450.0
 7941050.0
 8187250.0
 8194750.0
 8195250.0
 8224950.0
 8274150.0
 8282450.0
 8352950.0
 8512550.0
 8576150.0
 8583650.0
 8782550.0
 9107150.0
 9203150.0
 9221650.0
 9224050.0
 9357550.0
 9809750.0
10277550.0
11020950.0
11082750.0
11485150.0
12072850.0
12142750.0
12158350.0
12740350.0
13047050.0
13403550.0
13404950.0
13420650.0
13497250.0
13533850.0
13544750.0
13654950.0
13728150.0
13868550.0
14381950.0
14841650.0
14999950.0
15061750.0
15066050.0
15689450.0
15854750.0
15932350.0
16117350.0
16556150.0
16650050.0
16806750.0
16903150.0
16913150.0
17641050.0
17726950.0
18509950.0
19388250.0
19432450.0
19974350.0
20017650.0
20033650.0
20725950.0
20883650.0
21272150.0
21323950.0
21450050.0
21750750.0
21779150.0
21782850.0
21872150.0
21967650.0
22194350.0
22541650.0
22678250.0
22791750.0
22997650.0
