  299550.0
  542750.0
  594450.0
  649050.0
  900150.0
 1041750.0
 1528250.0
 1678050.0
 2070350.0
 2129850.0
 2149550.0
 2258950.0
 2735150.0
 2972650.0
 3151550.0
 3164750.0
 3200550.0
 4302450.0
 4496050.0
 4592550.0
 4955050.0
 5088650.0
 5305750.0
 5351750.0
 5786450.0
 5804150.0
 5874750.0
 6071150.0
 6176850.0
 6479250.0
 6830350.0
 7676450.0
 7898150.0
 8047550.0
 8202550.0
 8305050.0
 8418150.0
 8671550.0
 8702650.0
 8780550.0
 8826850.0
 9079450.0
 9137650.0
 9149950.0
 9469550.0
 9651950.0
 9656850.0
10126750.0
10252950.0
10485850.0
10530550.0
10820650.0
10895250.0
11064150.0
11246250.0
11357550.0
11547950.0
11641550.0
11937650.0
11967650.0
12184550.0
12202450.0
12322150.0
12355350.0
12437550.0
12938150.0
13086950.0
13535450.0
13569850.0
13648650.0
14147950.0
14507150.0
14542150.0
14617550.0
14973850.0
15396050.0
15679750.0
15834150.0
16143750.0
16191750.0
16328350.0
16725350.0
16804550.0
16927350.0
17057550.0
17587350.0
17835850.0
17911550.0
18307550.0
18698750.0
18968250.0
19089150.0
19322350.0
19360350.0
19411650.0
19436450.0
19552650.0
19572550.0
19728950.0
20181750.0
20842950.0
21544950.0
21637450.0
21696250.0
22122550.0
22704850.0
22736750.0
22801450.0
22842250.0
