  140750.0
  222250.0
  357350.0
 1123150.0
 1476150.0
 1876150.0
 1927650.0
 1940650.0
 2228150.0
 2885150.0
 2995250.0
 3005850.0
 3156350.0
 3679650.0
 3831650.0
 4173150.0
 4316050.0
 4333750.0
 4553950.0
 4554550.0
 4798150.0
 5007950.0
 5196350.0
 5839350.0
 5855650.0
 5895250.0
 6036950.0
 6445850.0
 7152950.0
 7522150.0
 7652550.0
 7785950.0
 8127350.0
 8404850.0
 8493550.0
 8568450.0
 8910750.0
 8952250.0
 9209350.0
 9423050.0
 9656250.0
 9754250.0
10081450.0
10228050.0
10667150.0
10707550.0
10775250.0
10945850.0
11133950.0
11169650.0
11184750.0
11353750.0
11574750.0
11699750.0
11703250.0
11921750.0
12106850.0
12157050.0
12166150.0
13122650.0
13143550.0
13646250.0
13649050.0
14175450.0
14255150.0
15327350.0
15604350.0
15663550.0
15686350.0
15868950.0
15933450.0
16208150.0
16304050.0
16415050.0
16538450.0
16611550.0
16629950.0
16714550.0
17052350.0
17149150.0
17154050.0
17823750.0
17859150.0
17914650.0
18072250.0
18578250.0
18597150.0
18682450.0
19428450.0
19567850.0
19825850.0
20063850.0
20108550.0
20170650.0
21182950.0
21277550.0
21383750.0
22300550.0
22442850.0
22551650.0
