335.5
561.2
925.7
1361.7
1811.4
2091.0
2253.0
2340.0
2345.7
2392.6
2444.0
2546.3
2884.3
3021.5
3181.3
3570.3
3919.9
3971.2
4146.9
4152.7
4495.9
4925.2
5254.0
5378.2
6750.7
6769.8
6804.6
7129.7
7229.4
7241.7
7644.5
7969.5
9017.6
9239.8
9285.7
9436.0
9466.6
9648.3
9657.3
9686.6
9698.6
9724.8
9725.1
10508.5
10836.8
10934.2
10974.7
11195.8
11917.7
12299.7
12362.3
12640.6
12661.1
12889.4
13011.2
13195.0
13254.7
13384.9
13437.5
13607.9
13802.4
13958.2
13993.7
14144.8
14204.3
14455.6
14619.2
14680.6
15040.9
15383.9
15463.3
15596.9
15743.1
16059.6
16377.0
16473.0
16733.7
16831.2
16867.2
17078.8
17253.2
17535.1
17596.1
17605.5
17755.8
17771.4
17795.9
17800.5
17888.2
18294.9
18889.3
19417.8
19514.3
19675.0
20089.9
20270.0
20602.2
20806.2
20852.5
21156.8
21310.0
21469.4
21493.7
21638.2
22196.8
22456.3
22610.1
22656.2
22739.2
22869.3
22952.3
