535.3
541.4
1078.2
1212.9
1575.7
2427.0
2467.5
2516.4
2855.5
2975.6
3027.9
3293.6
3506.9
4557.7
4829.4
4867.0
5087.7
5213.9
5537.6
5599.6
6250.1
6894.8
7347.9
7440.9
7571.8
7658.7
7709.0
7967.2
8163.8
8620.4
8644.2
8903.8
8963.7
9010.3
9304.4
9424.9
9643.8
10547.3
10577.5
10588.1
10923.0
11109.4
11161.9
11221.5
11270.0
11354.4
11390.3
11637.2
11891.3
12056.8
12073.8
12707.4
12766.2
12900.3
12944.6
13050.8
13099.9
13142.3
13222.1
13385.4
13411.1
14014.7
14237.3
14330.4
14659.1
14772.8
15070.8
15857.9
15922.4
16314.3
16336.6
16365.6
16491.1
16772.2
16982.6
17090.0
17318.4
17344.0
17426.1
17429.9
17430.0
17660.7
18205.5
18413.0
19141.1
19185.9
19189.8
19289.5
19412.0
19418.6
19457.3
19724.7
20529.7
20723.3
20864.5
20969.4
20992.7
21183.5
21258.4
21847.0
22097.0
22278.8
22426.7
22709.2
22722.7
22912.0
23023.7
