  397650.0
  697250.0
  755350.0
  775350.0
 1178150.0
 2114950.0
 2591850.0
 2870950.0
 3476950.0
 3585650.0
 3894550.0
 4196150.0
 4206450.0
 4220050.0
 4405150.0
 4651150.0
 4800250.0
 4953350.0
 5809350.0
 5930150.0
 6006350.0
 6134150.0
 6225650.0
 6661350.0
 6680250.0
 6911850.0
 6912350.0
 6920150.0
 7039350.0
 7152050.0
 7311350.0
 7763050.0
 7861350.0
 7891150.0
 7915750.0
 7994650.0
 8026750.0
 8130850.0
 8198850.0
 8299350.0
 8388250.0
 8501650.0
 8778950.0
 8992950.0
 9486450.0
 9616150.0
 9663350.0
 9742550.0
 9944750.0
10093950.0
10374150.0
10688850.0
10761850.0
11030450.0
11232250.0
11472950.0
11639450.0
11804350.0
11813150.0
11930850.0
12362150.0
12401750.0
13044250.0
13091650.0
13142250.0
13145350.0
13402450.0
13712350.0
13880550.0
14210050.0
14266650.0
14319750.0
14523750.0
14696750.0
14715650.0
15159050.0
15185150.0
15499050.0
16307050.0
16628050.0
16724550.0
16727350.0
16764750.0
16767750.0
16929350.0
16980950.0
17143350.0
17334650.0
17339150.0
17570950.0
17587250.0
17605050.0
17771850.0
17859550.0
17972450.0
18013650.0
18059650.0
18148550.0
18369050.0
18448150.0
18716250.0
18748450.0
18790250.0
19149250.0
19246850.0
19389350.0
19390350.0
19435150.0
19893450.0
20309750.0
20455250.0
20473050.0
20666450.0
20889050.0
21165250.0
21260950.0
21429750.0
21958150.0
22854350.0
22861650.0
22939950.0
