   63850.0
  363950.0
  496250.0
  992350.0
 1127750.0
 1172950.0
 1348150.0
 1417350.0
 1479150.0
 1559950.0
 2221050.0
 2753650.0
 2850650.0
 2886450.0
 2922050.0
 3055350.0
 3485150.0
 3524250.0
 3578450.0
 3647650.0
 3684050.0
 4053750.0
 4524650.0
 4677750.0
 4729650.0
 4825850.0
 5510050.0
 5519750.0
 5539850.0
 5652650.0
 5712650.0
 5735650.0
 5785650.0
 6006350.0
 6007750.0
 6013950.0
 6349850.0
 6474050.0
 6482850.0
 6987350.0
 7036550.0
 7270450.0
 7294350.0
 8132850.0
 8285150.0
 8319350.0
 8325250.0
 8404650.0
 8519550.0
 8871550.0
 9054950.0
 9211150.0
 9251350.0
 9497050.0
 9566450.0
10268250.0
10343950.0
10434050.0
10691550.0
11041450.0
11404450.0
11538250.0
11785550.0
11789350.0
11913550.0
11985450.0
12670450.0
12779450.0
12851250.0
13007250.0
13235650.0
13357050.0
13599450.0
13742150.0
13750350.0
13757350.0
13977250.0
14263550.0
14406750.0
14426350.0
14762650.0
14789550.0
14938250.0
14972150.0
14973350.0
14986850.0
15068950.0
15463750.0
15569950.0
15926650.0
15939150.0
15958750.0
16275450.0
16353350.0
16357150.0
16549350.0
16695850.0
16849350.0
16981550.0
17055950.0
17136750.0
17220350.0
17360150.0
18294950.0
18336150.0
18500050.0
18508750.0
18880750.0
19187050.0
19200350.0
19285650.0
19628050.0
19716150.0
19798650.0
20359250.0
20518850.0
21189450.0
21453150.0
21509750.0
21562450.0
21676850.0
21757050.0
21828650.0
22149050.0
22170850.0
22226450.0
22265550.0
22795650.0
22992750.0
