   73950.0
  441850.0
  535950.0
  642650.0
  931950.0
 1772750.0
 2028550.0
 2121350.0
 2376550.0
 2511950.0
 2564150.0
 2660950.0
 2770650.0
 2961250.0
 3161550.0
 3238150.0
 3447750.0
 3763250.0
 4043350.0
 4287850.0
 4605650.0
 5123950.0
 5281350.0
 5307650.0
 5672250.0
 5708950.0
 5742250.0
 5803250.0
 6192750.0
 6293550.0
 6294350.0
 6511250.0
 7002250.0
 7054750.0
 7132450.0
 7357250.0
 7560550.0
 7609650.0
 7699750.0
 7806050.0
 8080950.0
 8403050.0
 9791450.0
 9847850.0
 9917550.0
10136350.0
10283950.0
10395550.0
10993850.0
11590750.0
11695350.0
11968850.0
12015450.0
12112950.0
12206550.0
12263150.0
12392150.0
12397050.0
12594650.0
12785450.0
12807450.0
12807950.0
13332550.0
13431250.0
13514550.0
13560250.0
13880350.0
13966350.0
14336250.0
14346750.0
14465650.0
14641950.0
14747750.0
14799350.0
14836250.0
15169350.0
15183450.0
15202450.0
15221350.0
15289550.0
15455050.0
15490750.0
15689150.0
16134150.0
16136650.0
16375550.0
16785050.0
17295850.0
17678650.0
18078450.0
18120250.0
18184550.0
18193550.0
18270650.0
18311250.0
18368950.0
18608950.0
19095150.0
19146150.0
20057950.0
20185550.0
20223250.0
20336650.0
20592350.0
21050450.0
21341950.0
21472850.0
21723350.0
21783050.0
21941350.0
22001550.0
22013150.0
22053750.0
22063850.0
22256750.0
22288250.0
22648850.0
22910750.0
