  466450.0
  479650.0
  599950.0
  756650.0
  782350.0
  885250.0
 1040250.0
 1189750.0
 1318350.0
 1564350.0
 1605750.0
 1637650.0
 1668150.0
 1683650.0
 1706750.0
 1829950.0
 1885050.0
 2131950.0
 2287050.0
 2654150.0
 3057150.0
 3209850.0
 3401050.0
 3479650.0
 3505150.0
 3726350.0
 3899150.0
 4788950.0
 4815950.0
 5768050.0
 5890650.0
 6113450.0
 6189750.0
 6202450.0
 6385150.0
 7132150.0
 7233550.0
 7336950.0
 7354050.0
 7624550.0
 7735750.0
 7801650.0
 7811550.0
 7828450.0
 8177850.0
 8256350.0
 8336650.0
 8467550.0
 8752350.0
 8775450.0
 9250250.0
 9755250.0
 9835250.0
 9913250.0
10045950.0
10166150.0
10228950.0
10277750.0
10576750.0
10648850.0
10667150.0
10908450.0
11166350.0
11262350.0
11458950.0
11951550.0
11996550.0
12133650.0
12288850.0
12470150.0
12543850.0
12626650.0
12662350.0
12921850.0
13115250.0
13294050.0
13439950.0
13515350.0
13657050.0
13772850.0
13881850.0
13922650.0
14007050.0
14080050.0
14239350.0
14430150.0
14449350.0
14618350.0
14702650.0
14856750.0
14859650.0
15145750.0
15312350.0
15605950.0
16377150.0
16560050.0
16576350.0
16708650.0
16810250.0
16811550.0
17396650.0
17637750.0
17644450.0
17808750.0
18052650.0
18082050.0
18136150.0
18299750.0
18625250.0
18683650.0
18781850.0
18961050.0
18974150.0
19065350.0
19294050.0
19326250.0
19331550.0
19412250.0
19462850.0
19489150.0
20195350.0
20317350.0
20322950.0
20439750.0
20710950.0
20909050.0
21278950.0
21354250.0
21768550.0
22203750.0
22359650.0
22516550.0
22769550.0
22774350.0
22827650.0
