   24350.0
  271750.0
  744750.0
 1306050.0
 1386050.0
 1389850.0
 2210250.0
 2266650.0
 2305250.0
 2514150.0
 2532750.0
 2582250.0
 2743850.0
 2807750.0
 3070250.0
 3552250.0
 3672050.0
 3822350.0
 3911550.0
 4248250.0
 4585550.0
 4708150.0
 5159150.0
 5218550.0
 5478350.0
 5752750.0
 5905350.0
 5911650.0
 5960650.0
 6123650.0
 6143050.0
 6157950.0
 6853750.0
 6863150.0
 6913050.0
 7349750.0
 7550550.0
 7939350.0
 8028550.0
 8355850.0
 8644650.0
 9145550.0
 9204650.0
 9257850.0
 9398150.0
 9619550.0
10256750.0
10488450.0
10734650.0
10909950.0
10986350.0
11263850.0
11280550.0
11286250.0
11389850.0
11482450.0
11816650.0
12179150.0
12542850.0
12829350.0
13414550.0
13438250.0
13685850.0
13805250.0
14293450.0
14608650.0
14645350.0
14961250.0
14981550.0
15290150.0
15493150.0
15554850.0
15671050.0
15696150.0
15703050.0
15722150.0
15975550.0
15994250.0
16046150.0
16106950.0
16217950.0
16530450.0
16651250.0
16784550.0
17078650.0
17368250.0
17490350.0
17525650.0
17539250.0
17792250.0
17919350.0
18024250.0
18029250.0
18073350.0
18080950.0
18243450.0
18297550.0
19014450.0
19019950.0
19211750.0
19832950.0
19845450.0
19981450.0
19987250.0
20210050.0
20994450.0
21190050.0
21632450.0
21888250.0
21952150.0
22214350.0
22271950.0
22286950.0
22725550.0
22797550.0
22970650.0
