  124050.0
  573550.0
  578150.0
  588550.0
  694250.0
  949150.0
 1526650.0
 1839350.0
 1957150.0
 2305450.0
 2394250.0
 3028350.0
 3046050.0
 3294150.0
 3495150.0
 3723750.0
 4120350.0
 4222650.0
 4525450.0
 4609850.0
 4618450.0
 4645950.0
 4703550.0
 4719650.0
 4819050.0
 4901050.0
 4987950.0
 5227750.0
 5442650.0
 5680650.0
 5781350.0
 5884950.0
 6723750.0
 6954650.0
 7195050.0
 7467450.0
 7563950.0
 7724750.0
 7755650.0
 7802550.0
 8043650.0
 8137550.0
 8397150.0
 8707650.0
 9041650.0
 9179750.0
 9374950.0
 9488250.0
 9862750.0
 9979350.0
10360450.0
10673950.0
10687250.0
10719550.0
10822250.0
10834950.0
11114750.0
11337350.0
11514550.0
11634950.0
11650150.0
11814950.0
11902450.0
11983150.0
12418650.0
12545850.0
13287450.0
13327950.0
13671850.0
13721750.0
13723650.0
14135350.0
14181950.0
14401050.0
14583050.0
14882850.0
15439150.0
15617250.0
15668150.0
15900450.0
16097950.0
16187950.0
16313050.0
17595650.0
17628350.0
17754850.0
17792450.0
17921250.0
17937250.0
18100450.0
18116950.0
18121950.0
18201250.0
18262550.0
18285650.0
18525050.0
18867050.0
19253850.0
19312850.0
19397350.0
19577850.0
19642550.0
19701750.0
19779550.0
19988450.0
20030650.0
20053850.0
20350150.0
20537250.0
20633450.0
20833750.0
20895850.0
20990850.0
21383650.0
21827950.0
22086950.0
22169450.0
