138.6
399.8
650.7
774.8
857.1
2127.7
2204.0
2364.8
2786.3
2789.1
2850.4
2916.4
2944.2
3028.3
3085.9
3383.7
3434.1
3461.2
3628.5
3710.7
3804.3
4129.4
4192.5
4628.4
5210.3
5840.6
6253.4
7312.2
7858.1
7902.8
8025.4
8211.1
8374.2
8445.4
8947.1
8954.8
9028.4
9176.4
9640.7
9774.6
10675.8
10777.7
10827.8
11500.5
11529.0
11585.9
11599.5
12373.3
12415.6
12674.2
12995.5
13177.0
13191.2
13230.6
13978.9
14416.2
15408.8
15488.4
15595.1
15738.1
15855.4
16074.9
16094.6
16182.3
16447.4
16815.5
16817.5
16932.5
17112.0
17224.0
17298.1
17560.5
17569.8
17839.0
17866.4
18462.8
18516.3
18588.6
18809.6
18891.7
18954.9
19057.4
19362.7
19553.6
19633.2
19843.1
20442.6
20691.2
20696.5
20805.5
20891.6
21440.2
21584.8
22028.0
22322.4
22740.5
22921.7
