  200750.0
  311250.0
  513250.0
  521350.0
  739450.0
  771650.0
  818950.0
  971150.0
 2313050.0
 2539150.0
 2642450.0
 2796250.0
 2945750.0
 3030450.0
 3137450.0
 3242350.0
 3297850.0
 3380850.0
 3404650.0
 3440050.0
 3785550.0
 4542450.0
 4679850.0
 4838350.0
 5020750.0
 5447950.0
 5786850.0
 6084450.0
 6200150.0
 6552750.0
 6607050.0
 6711550.0
 6915450.0
 7009550.0
 7254350.0
 7617650.0
 7669250.0
 7670350.0
 7783050.0
 8166950.0
 8197350.0
 8406350.0
 8790550.0
 8796650.0
 8801450.0
 8854350.0
 8961650.0
 9265350.0
 9989450.0
10264750.0
10382850.0
10715550.0
10900750.0
11031150.0
11067850.0
11111050.0
11879050.0
11914950.0
11939750.0
12080050.0
12146150.0
12250250.0
12298550.0
12550250.0
12856150.0
12934350.0
13133550.0
13171750.0
13355250.0
13461250.0
13634450.0
13825750.0
13833150.0
13926550.0
14095450.0
14117650.0
14577250.0
14688850.0
14780950.0
15434950.0
15553650.0
15643550.0
15699650.0
15901650.0
15906850.0
16167850.0
16426050.0
16439450.0
16573350.0
16581250.0
16739750.0
16777150.0
16839950.0
17056750.0
17292450.0
17878450.0
18095450.0
18096850.0
18370350.0
18492750.0
18505150.0
18544150.0
18778850.0
18898750.0
19010150.0
19371750.0
19379950.0
19616950.0
19763050.0
19947650.0
20275250.0
20423150.0
20777050.0
20781750.0
21053250.0
21064450.0
21312650.0
21486550.0
21646750.0
21735250.0
21736150.0
22002250.0
22481650.0
22656350.0
22904950.0
22944650.0
