   24050.0
  364250.0
  544650.0
  699750.0
  782550.0
 1407550.0
 1570350.0
 1842250.0
 1940750.0
 2310450.0
 2397350.0
 2656250.0
 2696150.0
 2793150.0
 2919350.0
 3001450.0
 3135750.0
 3249750.0
 3682450.0
 3684850.0
 3939950.0
 4082450.0
 4404550.0
 4543950.0
 4771050.0
 5141450.0
 5682150.0
 5972250.0
 6180650.0
 6200050.0
 6215250.0
 6567950.0
 6721450.0
 6783550.0
 6849750.0
 7425250.0
 7535150.0
 7741950.0
 8305650.0
 8473850.0
 8506850.0
 8618050.0
 9716750.0
 9723850.0
10017950.0
10080150.0
10138950.0
10219450.0
10253650.0
10271650.0
10497350.0
10591950.0
10801350.0
11191850.0
11342850.0
11415450.0
11448550.0
11584050.0
11935550.0
12159650.0
12229650.0
12527950.0
12625350.0
12835350.0
13171250.0
13197550.0
13204550.0
13231850.0
13733850.0
14196150.0
14294350.0
14478150.0
14480150.0
14526250.0
14648450.0
15040650.0
15447550.0
15496350.0
15737250.0
15841650.0
16134650.0
16205050.0
16343850.0
16490450.0
16794750.0
17355850.0
17694950.0
18684950.0
18976150.0
19390450.0
19768550.0
19844750.0
19857550.0
20033250.0
20156450.0
20192050.0
20328650.0
20444950.0
20677550.0
20782850.0
21091450.0
21192650.0
21306650.0
21590150.0
21778550.0
21809750.0
21877950.0
21942150.0
22137450.0
22287750.0
22366550.0
22380450.0
22687650.0
22703250.0
22732350.0
22861350.0
22991750.0
