345.9
556.4
568.2
994.8
1083.1
1754.2
1858.9
1883.0
2660.0
2770.7
2947.6
3135.8
3228.0
3347.3
3480.8
3593.8
4063.8
4079.1
4564.9
4656.7
5248.7
5502.4
6169.1
6408.6
6741.8
6789.5
6922.2
7082.0
7438.5
7452.6
8104.5
8174.0
8256.5
8378.7
8600.2
8644.7
8870.2
9356.0
9432.2
9684.1
9738.3
10665.7
10774.4
10879.4
10903.4
10963.7
11073.5
11191.2
11233.0
11237.5
11481.5
11545.0
11769.4
11852.7
11968.8
12278.8
12535.6
12749.9
12884.3
13029.2
13374.4
13406.9
13592.2
13961.3
14374.0
14479.0
14716.5
14818.6
14991.2
15600.0
15803.9
15843.2
16032.6
16740.7
16770.5
16958.2
17607.8
17630.6
18047.7
18433.7
18684.6
18696.9
18740.4
18901.5
18909.7
18936.3
19160.4
19164.1
19516.1
20147.0
20411.5
20457.1
20527.8
20633.9
21628.6
21887.1
21922.5
22036.9
22113.8
22226.7
22262.6
22281.6
22312.6
22523.9
22717.8
22876.3
