112.9
133.3
326.7
466.9
492.8
623.9
641.6
842.8
1169.1
1198.6
1212.3
1402.2
1478.3
1746.3
1762.8
2022.0
2385.4
2451.8
3202.9
3668.5
3802.4
3808.7
4532.3
5010.1
5089.9
5106.1
5159.2
5593.5
5620.7
5655.6
7092.6
7247.9
7329.5
7522.6
7680.5
8172.6
8299.5
8393.4
8916.5
8919.1
8948.6
9241.2
9280.7
9406.2
9669.6
9720.6
10478.6
10524.8
10826.2
11288.4
11958.6
11997.8
12156.2
12244.3
12384.3
12562.0
12645.0
12830.3
12883.3
13032.7
13050.5
13293.4
13519.8
13650.7
13847.4
13972.0
14112.2
14146.3
14581.8
14693.1
14832.2
14936.6
15018.3
15139.3
15365.7
15694.1
16121.1
16122.2
16201.7
16453.0
16555.4
16779.0
17022.6
17318.7
17546.8
17757.7
17829.9
17900.4
18047.1
18158.6
18378.1
18639.7
18928.4
19033.8
19540.9
19579.8
19896.4
20459.2
21030.4
21164.0
21225.2
21252.2
21305.3
21354.6
21437.2
22189.0
22675.5
