  105450.0
  559950.0
  875850.0
  988350.0
 1080850.0
 1418750.0
 1703650.0
 2068550.0
 2332850.0
 2476350.0
 2984050.0
 2985450.0
 3042250.0
 3263650.0
 3415650.0
 3442650.0
 3707550.0
 3939750.0
 4106950.0
 4324250.0
 4729350.0
 4754750.0
 4903750.0
 4933450.0
 5129350.0
 5171450.0
 5451350.0
 6288950.0
 6296850.0
 6332650.0
 6534850.0
 6625950.0
 6855050.0
 7205150.0
 7513050.0
 7585450.0
 7765350.0
 8012150.0
 8058750.0
 8099250.0
 8171750.0
 8375250.0
 8422650.0
 8445150.0
 8953250.0
 9147650.0
 9177750.0
 9345050.0
 9923150.0
 9927950.0
10403750.0
10442250.0
10465050.0
10548150.0
10685550.0
10888450.0
11181050.0
11318350.0
11349650.0
11468150.0
11760650.0
11844250.0
12152150.0
12271550.0
12471750.0
12541050.0
13007850.0
14075350.0
14497450.0
14590150.0
14674250.0
14706750.0
14966450.0
14976150.0
15336050.0
15437450.0
15576250.0
15686350.0
15852750.0
16234450.0
16349650.0
16833750.0
16989550.0
17210950.0
17272650.0
17569650.0
17644450.0
17882750.0
17955950.0
17987750.0
18024450.0
18174950.0
18265250.0
18548650.0
19116250.0
20137350.0
20254950.0
20397450.0
20756650.0
21170450.0
21300850.0
21542250.0
21704750.0
21854850.0
22082050.0
22379750.0
22424850.0
22482850.0
22498250.0
22923350.0
22990550.0
