  381050.0
  404950.0
  450250.0
  566850.0
  578050.0
  688750.0
  798050.0
 1403950.0
 1522650.0
 1608950.0
 1719250.0
 1793150.0
 2283350.0
 2478650.0
 2710150.0
 2751250.0
 3288150.0
 3365950.0
 3787050.0
 3868950.0
 4113750.0
 4170250.0
 4270850.0
 4442050.0
 4540650.0
 4554950.0
 5212950.0
 5540450.0
 5717750.0
 5792750.0
 6012250.0
 6066650.0
 6376450.0
 6489350.0
 6501950.0
 6555450.0
 6592350.0
 6668150.0
 7108950.0
 7361750.0
 7556650.0
 7639750.0
 7724850.0
 7752550.0
 7975050.0
 7976250.0
 8366050.0
 8420450.0
 8842450.0
 9490550.0
 9690050.0
 9892250.0
10271050.0
10622150.0
10730150.0
10789750.0
10847650.0
10998150.0
11426450.0
11467450.0
11732050.0
11871050.0
12235650.0
12277550.0
12461850.0
12609550.0
12853750.0
12978350.0
13032950.0
13162950.0
13271950.0
13315550.0
13657650.0
13702850.0
13853050.0
14257550.0
14280650.0
14578150.0
14961550.0
15125250.0
15218650.0
15444550.0
15660450.0
15982150.0
15983150.0
16155950.0
16344250.0
16384050.0
16664250.0
16784050.0
16806750.0
16866250.0
17010050.0
17607050.0
17636650.0
17663150.0
17706550.0
17823850.0
17836350.0
17896650.0
18247550.0
18462950.0
18505850.0
18705550.0
18712250.0
18774350.0
18942650.0
19214850.0
19262550.0
19361950.0
19446750.0
19936750.0
20195050.0
20212450.0
20426650.0
20633350.0
20644850.0
21589850.0
21744050.0
21916650.0
22099350.0
22105350.0
22259950.0
22530050.0
22576550.0
22962750.0
