81.0
434.2
441.3
448.8
1042.2
1233.1
1459.7
1880.9
2029.0
2031.5
2080.4
2485.2
2521.8
2715.9
2796.9
3146.7
3392.0
3436.7
3969.6
4235.9
4366.4
4573.1
4861.4
5092.9
5246.4
5303.6
6402.7
6447.2
6557.7
6610.0
6664.3
6775.9
6894.3
7082.3
7271.6
7543.8
7963.9
8450.0
8655.1
9116.5
9155.1
9458.1
9741.7
10124.0
10238.1
10261.4
10501.0
10503.4
10796.2
10904.8
11085.9
11159.7
11180.3
11264.4
11429.8
11578.2
11811.0
11939.0
11965.7
12025.9
12139.8
12174.6
12177.5
12395.5
12738.9
13111.8
13240.8
13365.3
14942.0
15047.6
15335.0
15372.8
15421.1
15563.4
15643.1
15776.5
15848.0
15860.2
16072.8
16323.0
16589.1
16683.0
17137.4
17276.3
17404.1
17470.4
17517.1
17624.7
17641.4
17896.3
18250.3
18509.7
18606.2
18690.8
18795.9
18913.2
19036.6
19402.4
19420.2
19537.0
19588.5
19813.9
19828.4
20272.3
20281.3
20435.8
20639.1
20863.5
21002.7
21234.4
21265.0
21374.2
21431.8
21603.9
21610.7
21676.9
22060.2
22157.9
