  113350.0
  188550.0
  388650.0
  446050.0
  556550.0
  611050.0
  783050.0
  815250.0
 1032950.0
 1752950.0
 1921050.0
 1926550.0
 2015250.0
 2228850.0
 2401150.0
 2840550.0
 3141250.0
 3208150.0
 3251250.0
 3256050.0
 3278450.0
 3402450.0
 3448350.0
 3541550.0
 3757350.0
 4004350.0
 4340750.0
 4829050.0
 4955250.0
 5108450.0
 5243250.0
 5682150.0
 6043750.0
 6269650.0
 6309450.0
 6616450.0
 6642650.0
 7002750.0
 7056150.0
 7281350.0
 7585950.0
 7943450.0
 8705450.0
 8760950.0
 8786450.0
 8844950.0
 9032250.0
 9344550.0
 9384250.0
 9674550.0
 9930250.0
10377350.0
10545350.0
10641150.0
11234150.0
11346550.0
11433850.0
11453850.0
11476350.0
11823850.0
11969750.0
12090050.0
12180250.0
12351450.0
12496450.0
12978650.0
13135750.0
13137150.0
13310150.0
13640250.0
13761650.0
13925450.0
14210850.0
14219250.0
14512450.0
14715450.0
14824750.0
14870050.0
14919550.0
15189950.0
15190450.0
15224250.0
15269250.0
15322350.0
15959850.0
16054050.0
17106150.0
17224250.0
17386450.0
17468250.0
17515050.0
17566050.0
18144350.0
18193050.0
18428050.0
18575150.0
18804650.0
18910750.0
18967550.0
19017850.0
19254550.0
19287050.0
19393550.0
19695150.0
19772650.0
19954250.0
20281150.0
20443750.0
20760950.0
20867850.0
20913250.0
21003250.0
21389050.0
21480150.0
21526450.0
21921950.0
22071450.0
22262050.0
22391750.0
