  203350.0
  320550.0
  760350.0
  971450.0
 1235150.0
 1330950.0
 1402550.0
 1542750.0
 1589350.0
 1739550.0
 1941250.0
 2104150.0
 2117950.0
 2380050.0
 2637250.0
 2942050.0
 3013250.0
 3081950.0
 3103050.0
 3169250.0
 3265950.0
 3420450.0
 3476450.0
 4256850.0
 4435950.0
 4886150.0
 5324250.0
 5328250.0
 5379750.0
 5750950.0
 5927550.0
 5976450.0
 6020750.0
 6027750.0
 6264750.0
 6338050.0
 6371850.0
 6445150.0
 6833450.0
 7162850.0
 7343550.0
 7501150.0
 7651250.0
 7767650.0
 7789250.0
 7864050.0
 7900850.0
 7990350.0
 8176150.0
 9014950.0
 9071650.0
 9252350.0
 9565650.0
 9713050.0
 9968750.0
10078050.0
10138550.0
10262050.0
10552850.0
10620350.0
10622850.0
10692350.0
10716950.0
11087350.0
11288250.0
11300850.0
11917150.0
11952450.0
12054350.0
12120050.0
12266950.0
12494950.0
12521550.0
12870750.0
12901950.0
13339050.0
13364050.0
13448750.0
13548050.0
13613450.0
13680350.0
14603850.0
14724350.0
14837450.0
15194950.0
15211650.0
15230550.0
15274750.0
15280550.0
15700050.0
15933050.0
16131850.0
16333250.0
16480750.0
16702650.0
16848150.0
16866450.0
17306850.0
17565150.0
17860750.0
18062350.0
18265150.0
18422250.0
18465950.0
18673650.0
18688950.0
18876350.0
19053350.0
19472550.0
20150950.0
20234250.0
20661250.0
20737350.0
20861150.0
21058750.0
21964950.0
22094950.0
22112950.0
22458650.0
22809650.0
22861650.0
