  154350.0
  185450.0
  324350.0
  359650.0
  539050.0
  548850.0
  763250.0
 1152550.0
 1162350.0
 1343650.0
 1345850.0
 1725550.0
 1825350.0
 2256650.0
 2326250.0
 2637950.0
 3095050.0
 3682750.0
 4072650.0
 4358350.0
 4399850.0
 4443050.0
 5262750.0
 5548750.0
 5679850.0
 6034350.0
 6041250.0
 6491350.0
 6817250.0
 6918650.0
 6973450.0
 7324450.0
 7812250.0
 8055950.0
 8195250.0
 8246450.0
 8558050.0
 8583950.0
 8645650.0
 8676450.0
 8707550.0
 8823650.0
 9063450.0
 9293150.0
 9612450.0
 9684250.0
 9809050.0
 9948050.0
 9951150.0
10295950.0
10395550.0
10556250.0
10631950.0
10758250.0
11298950.0
11624750.0
11768750.0
11849350.0
11967150.0
11968150.0
12470350.0
12496350.0
12619350.0
12707850.0
12837750.0
13199350.0
13440850.0
13590950.0
13710450.0
14093450.0
14178950.0
14239650.0
14285050.0
14360150.0
14416250.0
14632950.0
14702350.0
14845850.0
15043450.0
15397250.0
15508750.0
15555650.0
15607450.0
15702450.0
15842750.0
16297050.0
16531150.0
16834050.0
16929050.0
17217350.0
17310350.0
17442450.0
17873150.0
17912850.0
18374550.0
18474450.0
18525750.0
18581450.0
18875450.0
19166650.0
19336550.0
19590650.0
19694250.0
19929250.0
19977750.0
20359350.0
20408450.0
20451050.0
20679050.0
20996550.0
21289850.0
21557950.0
21863050.0
22140150.0
22547450.0
22979650.0
