  339250.0
  543450.0
  839850.0
 1121550.0
 1209150.0
 1211350.0
 1538350.0
 1580950.0
 2355750.0
 2423150.0
 3028750.0
 3159950.0
 3312050.0
 3416850.0
 3532250.0
 3670850.0
 3705250.0
 4159750.0
 4304150.0
 4424750.0
 4445250.0
 4539750.0
 4564350.0
 4686050.0
 4993750.0
 5038550.0
 5243450.0
 5478650.0
 5664050.0
 5716250.0
 6020650.0
 6065950.0
 6322850.0
 6355250.0
 6424050.0
 6431550.0
 6512250.0
 6548950.0
 7575550.0
 7809850.0
 7843050.0
 8198950.0
 8369550.0
 8376750.0
 8395450.0
 8753250.0
 8761950.0
 8902850.0
 9002750.0
 9015950.0
 9126650.0
 9286450.0
 9422650.0
 9492550.0
 9584250.0
 9876250.0
10308850.0
10349750.0
10368050.0
10460450.0
10972450.0
11186950.0
11608150.0
11952350.0
12240750.0
12296250.0
12979650.0
13250250.0
13404450.0
13409150.0
13427050.0
13500050.0
13650150.0
13875950.0
14098250.0
14237250.0
14477150.0
15113150.0
15230750.0
15264650.0
15400950.0
15584650.0
15621750.0
15788250.0
16162450.0
16253050.0
16376950.0
16448050.0
16566450.0
17073350.0
17076450.0
17127050.0
17207650.0
17209650.0
17808350.0
17817850.0
18139850.0
18156550.0
18196350.0
18298050.0
18804250.0
18875350.0
18923850.0
19092950.0
19133550.0
19284750.0
19329350.0
20180450.0
20403950.0
21490950.0
21893550.0
22453350.0
22548750.0
22663650.0
22787050.0
22796050.0
