460.2
460.5
544.1
552.8
671.6
770.7
945.9
955.7
1128.9
1359.6
1747.6
1823.3
2105.2
2122.7
2305.3
3222.9
3226.9
3433.7
3472.0
3508.8
3643.0
4053.6
4087.7
4373.9
4384.5
4965.0
5059.3
5162.8
5503.8
5713.7
5995.1
6272.5
7205.1
7642.6
7739.6
7795.2
7797.4
8128.2
8226.5
8261.0
8289.1
8397.8
8418.5
8843.1
8979.9
9139.5
9214.7
9916.2
9926.4
10089.7
10552.0
10612.7
10750.8
11433.5
11503.4
11609.7
11655.9
11813.1
11974.2
12745.8
12780.4
13052.0
13357.3
13584.9
14477.6
15039.0
15256.2
16283.3
16668.5
16789.7
16992.1
16994.8
17289.9
17476.8
17621.7
17664.3
17687.4
17730.2
17766.3
17839.1
18145.9
18349.7
18360.5
18454.5
18500.1
18767.9
18855.7
18881.4
19070.9
19354.4
19463.7
19512.1
19561.8
19826.4
20077.3
20271.8
20453.3
20725.8
20728.7
20907.0
21082.5
21185.6
21754.5
22058.3
22538.7
22967.9
