  103650.0
  239450.0
  427350.0
  444650.0
 1206750.0
 1897550.0
 2007150.0
 2078450.0
 2228850.0
 2255950.0
 2331950.0
 2504850.0
 2847150.0
 2919750.0
 3177150.0
 3216650.0
 3372250.0
 3645350.0
 4129550.0
 4441350.0
 4449850.0
 4507950.0
 4555950.0
 4918350.0
 5124050.0
 5151150.0
 5405450.0
 5843650.0
 5894250.0
 6351650.0
 6438450.0
 6620550.0
 7289650.0
 7380150.0
 7531850.0
 7588050.0
 7755150.0
 8027350.0
 8232350.0
 8404750.0
 8770650.0
 8933250.0
 9515350.0
 9781950.0
 9895550.0
10323450.0
10553450.0
10765450.0
10850250.0
10992350.0
11016950.0
11263050.0
11340250.0
11696450.0
11847650.0
11925250.0
12037250.0
12114150.0
12134650.0
12173450.0
12534150.0
12648250.0
12653550.0
13032750.0
13101250.0
13117050.0
13274650.0
13333050.0
13451150.0
13622850.0
13699250.0
13966550.0
14395050.0
14550450.0
14624650.0
14794250.0
15053450.0
15126550.0
15180850.0
15746850.0
15795850.0
16010050.0
16184350.0
16202750.0
16468950.0
16499250.0
16595750.0
17227150.0
17227350.0
17273550.0
17632750.0
17671150.0
17686650.0
17943350.0
18061050.0
18112750.0
18157250.0
18290650.0
18378250.0
18615250.0
18640750.0
18696450.0
18738350.0
18781150.0
18895150.0
19149150.0
19181450.0
19320350.0
19706350.0
19967050.0
20090650.0
20235050.0
20410750.0
20439350.0
20747950.0
21185650.0
21264550.0
21292650.0
21362050.0
21404050.0
21557250.0
21707050.0
21844850.0
22809750.0
22841550.0
