106.7
199.2
258.1
925.4
1249.7
1322.6
1467.0
2066.8
2140.2
2704.2
3014.8
3122.8
3670.2
3692.4
3760.9
3811.6
3898.5
4006.6
4049.6
4248.3
4588.2
4903.0
5052.1
5220.4
5902.9
6174.3
6188.6
6676.3
6754.7
6886.6
7019.1
7086.1
7189.0
7273.2
7334.7
7379.5
7409.6
7668.8
7764.0
7995.5
8427.9
9185.8
9302.2
9544.3
9560.3
9568.7
9598.2
9933.0
10103.5
10236.3
10685.5
10941.8
11086.3
11333.9
11455.2
11610.1
11759.7
12018.3
12104.2
12387.6
12645.2
13166.5
13850.1
14086.1
14103.7
14511.2
14801.1
14980.0
15256.8
15412.9
15583.3
15879.9
15954.6
16253.7
16295.3
16322.8
16472.3
16521.8
16532.9
16643.6
16649.4
16673.2
16919.5
17026.9
17570.4
17852.1
17894.0
17905.2
18133.4
18239.1
18363.2
18698.0
18722.2
18802.9
19033.7
19208.0
19347.9
19442.1
19458.4
19644.6
19710.9
19976.5
20076.0
20399.9
20404.5
20605.2
20780.4
21074.1
21167.0
21426.0
21796.9
21983.1
22193.2
22316.1
22436.3
22472.7
