   46150.0
  314550.0
  552950.0
  854050.0
  946750.0
 1307050.0
 1362950.0
 1894850.0
 2062150.0
 2127650.0
 2544350.0
 2549150.0
 2889450.0
 2931450.0
 3236350.0
 3471250.0
 3822350.0
 3962650.0
 4258750.0
 4569250.0
 4614250.0
 4828150.0
 5101450.0
 5408550.0
 5458750.0
 5481350.0
 5688650.0
 5853050.0
 6023950.0
 6043450.0
 6217550.0
 6402750.0
 6849950.0
 6927050.0
 7104850.0
 7289250.0
 7297050.0
 7326250.0
 7333550.0
 7433850.0
 7508850.0
 7595250.0
 7742450.0
 8416450.0
 8461150.0
 8592250.0
 8615350.0
 9180650.0
 9402350.0
 9496050.0
 9920850.0
10006850.0
10119750.0
10259850.0
10505250.0
10577450.0
10911750.0
10972150.0
10986550.0
11090650.0
11256650.0
11268950.0
11385550.0
11516850.0
12088350.0
12688150.0
12706250.0
12932650.0
13124150.0
13415150.0
13664150.0
14115850.0
14233150.0
14253950.0
14989450.0
15038150.0
15192850.0
15221150.0
15317350.0
15493850.0
15771350.0
15924450.0
16047050.0
16080450.0
16381050.0
16658350.0
16659650.0
16726250.0
17101050.0
17135550.0
17226350.0
17444050.0
17607350.0
17611950.0
17714750.0
17718850.0
17943050.0
18016850.0
18031850.0
18064350.0
18344850.0
18371350.0
18632050.0
18642550.0
18917550.0
18941350.0
18946150.0
19199050.0
19449250.0
19573750.0
19730650.0
19863350.0
19982850.0
20286950.0
20406650.0
20446950.0
20507750.0
20510650.0
20545150.0
20671450.0
20936850.0
21036250.0
21583250.0
21600950.0
22188650.0
22659450.0
