  232150.0
  536550.0
  630250.0
 1144550.0
 1147950.0
 1250150.0
 1474450.0
 1636150.0
 1786550.0
 1831350.0
 1922850.0
 2067350.0
 2324750.0
 2652850.0
 2738550.0
 3030750.0
 3184150.0
 3216150.0
 3240350.0
 3250350.0
 3269350.0
 3473850.0
 3541750.0
 3717250.0
 3747350.0
 3817850.0
 4500550.0
 4568450.0
 4747950.0
 4759050.0
 4769150.0
 4898250.0
 5183450.0
 5494750.0
 5522750.0
 5582450.0
 5637450.0
 6136750.0
 6228450.0
 6473750.0
 6499150.0
 7054650.0
 7153250.0
 7246450.0
 7319050.0
 7458850.0
 7506550.0
 7511350.0
 7611550.0
 7874550.0
 8055050.0
 8211550.0
 8293650.0
 8551250.0
 8732950.0
 9249450.0
 9260550.0
 9320250.0
 9453750.0
 9609150.0
 9618650.0
 9803850.0
 9895350.0
10435050.0
10491650.0
10692950.0
10919850.0
11334450.0
11347150.0
11383250.0
11590450.0
11620750.0
11829550.0
11897550.0
11938250.0
12001350.0
12021150.0
12241750.0
12269550.0
12387050.0
12458250.0
12855850.0
12963550.0
13228850.0
13235650.0
13660050.0
13889350.0
14351750.0
14389750.0
14607050.0
14722250.0
14853650.0
14924150.0
15147550.0
15196050.0
16070850.0
16098050.0
16301650.0
16431950.0
16698950.0
17052250.0
17138550.0
17507750.0
17651550.0
18202250.0
18362750.0
18433350.0
18456150.0
19160450.0
19183250.0
19373450.0
19384250.0
19617350.0
19706450.0
20446850.0
20619050.0
20991450.0
21124650.0
21132850.0
21229150.0
21317650.0
21641150.0
22011750.0
22526650.0
22569550.0
22613950.0
22694450.0
22846850.0
22867550.0
22908650.0
22992650.0
22997450.0
