   17550.0
   71250.0
  134450.0
  292350.0
  864150.0
  886350.0
 1320950.0
 1351950.0
 1497250.0
 1515050.0
 1556350.0
 1616050.0
 1722950.0
 2043250.0
 2167950.0
 2939050.0
 3161350.0
 3311350.0
 3457250.0
 3486450.0
 3592350.0
 3625950.0
 3739250.0
 3776150.0
 4077250.0
 4204150.0
 4304350.0
 4461150.0
 4479050.0
 4928950.0
 4964250.0
 5115850.0
 5639650.0
 5915250.0
 5944050.0
 5953350.0
 6362550.0
 6883250.0
 6940750.0
 7028350.0
 7817250.0
 7826250.0
 7964150.0
 7992950.0
 7998650.0
 8140950.0
 8470050.0
 8982250.0
 9046450.0
 9678050.0
 9963750.0
 9965850.0
10051050.0
10221150.0
10555550.0
10816950.0
11127950.0
11163150.0
11779950.0
12157850.0
12358050.0
12556550.0
13517550.0
13541550.0
13547750.0
13549450.0
13569250.0
13584850.0
13598950.0
13859850.0
14046550.0
14117750.0
14398650.0
14475450.0
14537450.0
14684950.0
14947250.0
15122950.0
15256850.0
15484150.0
15697450.0
16013450.0
16303350.0
16442850.0
17066550.0
17220650.0
17457150.0
18032550.0
18508350.0
18599550.0
19105350.0
19131650.0
19203950.0
19346150.0
19694650.0
19732650.0
19999150.0
20053650.0
20179050.0
20351150.0
20906350.0
21098850.0
21101250.0
21246450.0
21306850.0
21533550.0
21545250.0
21585050.0
22032550.0
22207950.0
22226150.0
22321350.0
22410950.0
22486250.0
