  471550.0
  646550.0
  889350.0
 1436650.0
 1440950.0
 1540350.0
 1677250.0
 2387750.0
 2706950.0
 2922450.0
 3503050.0
 3846150.0
 3968550.0
 4058350.0
 4239550.0
 4510150.0
 4708350.0
 4754150.0
 5040850.0
 5077550.0
 5194650.0
 5236550.0
 5646850.0
 5655950.0
 6435150.0
 7147650.0
 7626650.0
 7643450.0
 7649450.0
 7750750.0
 7921350.0
 8197150.0
 8487650.0
 8733650.0
 9436750.0
 9566050.0
 9692550.0
 9892450.0
10025350.0
10334050.0
11054950.0
11116950.0
11171850.0
11248050.0
11615550.0
12123150.0
12359550.0
12434250.0
12567150.0
12596950.0
12754250.0
12870450.0
13027250.0
13080850.0
13352350.0
13403350.0
13449950.0
13745150.0
13855850.0
14554550.0
14832050.0
14842950.0
14873750.0
14898650.0
15049050.0
15374450.0
15587450.0
16262950.0
16309150.0
16548350.0
16640650.0
16652750.0
17076150.0
17406450.0
17516050.0
17796650.0
18357650.0
18464350.0
18474850.0
18583450.0
18980150.0
19072450.0
19168450.0
19277150.0
19291050.0
19439350.0
19472150.0
19939150.0
20039550.0
20174050.0
20241450.0
20354350.0
20507350.0
20824550.0
21057250.0
21105950.0
21253350.0
21343350.0
21361250.0
21411150.0
22546050.0
22761550.0
22948650.0
