  176750.0
  580350.0
  740250.0
  854350.0
  862850.0
 1053250.0
 1141250.0
 1386450.0
 1437850.0
 1504850.0
 1675650.0
 1858050.0
 1965950.0
 2038550.0
 2506350.0
 2540950.0
 3283850.0
 3443650.0
 3594050.0
 3623950.0
 3729950.0
 3879250.0
 3967850.0
 3972850.0
 4222750.0
 4508450.0
 4759850.0
 4860750.0
 5082150.0
 5293050.0
 5348650.0
 5371350.0
 5393750.0
 5661950.0
 5818050.0
 5921750.0
 5957950.0
 6285150.0
 6611250.0
 6625350.0
 6995050.0
 6997950.0
 7235050.0
 7418650.0
 7558650.0
 7617250.0
 7716750.0
 7789350.0
 7863250.0
 7932550.0
 8222150.0
 8301550.0
 8308350.0
 8419750.0
 8813150.0
 8915550.0
 9399850.0
 9879550.0
 9897850.0
10077650.0
10167750.0
10215150.0
10509950.0
10516950.0
10577350.0
10733850.0
10891850.0
11271950.0
11300750.0
11495850.0
11729450.0
11848850.0
11924150.0
11932450.0
12132250.0
12290350.0
12486850.0
12614750.0
12616150.0
12688150.0
12799550.0
13561150.0
13581350.0
13746350.0
13762650.0
13844650.0
14110550.0
14431250.0
14617950.0
14791450.0
14867350.0
14913850.0
14951750.0
15054150.0
15054650.0
15156750.0
15725750.0
16370550.0
16445350.0
16732350.0
16752850.0
17091550.0
17364550.0
17532750.0
17561550.0
17740950.0
17816850.0
17839050.0
18097150.0
18792650.0
19379250.0
19506750.0
20108850.0
20148950.0
20149550.0
20206450.0
20214650.0
20975850.0
21051950.0
21067650.0
21207450.0
21366950.0
21554150.0
22114350.0
22294250.0
22414050.0
22447750.0
22855650.0
