    6250.0
  182850.0
  595150.0
  873850.0
 1706650.0
 1716050.0
 2005050.0
 2006750.0
 2291950.0
 2392650.0
 2572850.0
 3238050.0
 3328950.0
 3592150.0
 3920350.0
 4022950.0
 4054650.0
 4068650.0
 4071250.0
 4306450.0
 4406150.0
 4707750.0
 4828750.0
 4900950.0
 5074350.0
 5384150.0
 5496950.0
 5605250.0
 6164350.0
 6383350.0
 6547150.0
 6636350.0
 6669850.0
 6689750.0
 6782850.0
 6836150.0
 7043250.0
 7237650.0
 7276250.0
 7488950.0
 7529850.0
 7624150.0
 7822550.0
 8116050.0
 8242450.0
 8295250.0
 8402150.0
 8715650.0
 8983950.0
 9156250.0
 9363550.0
 9438950.0
 9583350.0
 9599150.0
 9707050.0
 9986050.0
10004250.0
10278850.0
10482950.0
10620250.0
11065350.0
11196950.0
11197550.0
11280150.0
11290850.0
11296250.0
11942750.0
12019250.0
12085050.0
12175150.0
12490750.0
12706450.0
12721550.0
13195150.0
13623450.0
13725350.0
13999250.0
14000650.0
14063450.0
14120950.0
14207750.0
14737750.0
14755150.0
14921350.0
15097350.0
15309650.0
15388850.0
15497050.0
15593550.0
15628250.0
16106150.0
16146950.0
16182850.0
16236150.0
16394150.0
16878450.0
17260850.0
17313050.0
17420950.0
17589050.0
18170950.0
18206550.0
18476650.0
18564350.0
18592550.0
18631850.0
18652850.0
19110250.0
19384950.0
19498850.0
19719450.0
19766950.0
19823850.0
19840450.0
19955250.0
20296750.0
20374550.0
20521250.0
20702850.0
20724950.0
20879150.0
20909850.0
20953650.0
21038450.0
21198150.0
21554350.0
21581150.0
21762450.0
21831950.0
21916350.0
