   10850.0
   23750.0
  428850.0
  432050.0
  548150.0
  817750.0
 1267850.0
 1700650.0
 1786250.0
 1883050.0
 2071450.0
 2431750.0
 2919350.0
 3529350.0
 3560950.0
 3592850.0
 3596950.0
 3879350.0
 4092850.0
 4096750.0
 4532050.0
 4765450.0
 4813650.0
 5564850.0
 5665350.0
 5814250.0
 5887150.0
 6083650.0
 6153550.0
 6284150.0
 6321750.0
 6670850.0
 7232250.0
 7387050.0
 7420750.0
 7729850.0
 8105450.0
 8120250.0
 8362150.0
 8373450.0
 8775750.0
 8947350.0
 9130650.0
 9512250.0
 9791550.0
 9838850.0
 9866950.0
10164250.0
10165650.0
10592050.0
10764450.0
11474650.0
11911350.0
11929150.0
12039950.0
12183350.0
12230750.0
12381550.0
13238350.0
13268250.0
13271550.0
13276050.0
13645950.0
13771450.0
13859550.0
14047250.0
14067250.0
14138250.0
14334250.0
14399350.0
14670950.0
15075450.0
15281750.0
15632950.0
16276150.0
16321350.0
16931150.0
17086950.0
17151350.0
17212450.0
18488150.0
18489950.0
18561050.0
18565850.0
19004650.0
19043550.0
19206250.0
19457550.0
19723250.0
19878350.0
19949950.0
20200850.0
20499450.0
20616350.0
20726450.0
20877950.0
20938850.0
21260950.0
21262250.0
21724750.0
22188550.0
22906150.0
22989750.0
22995750.0
