   72850.0
   86050.0
  107750.0
  136350.0
  816250.0
  877350.0
 1339450.0
 1459150.0
 2029150.0
 2272850.0
 2318150.0
 2529450.0
 2734450.0
 2886750.0
 3483250.0
 3687650.0
 3748650.0
 3778150.0
 3778550.0
 3838150.0
 4012550.0
 4493650.0
 4801050.0
 5000250.0
 5687450.0
 5738550.0
 5774850.0
 6101050.0
 6476450.0
 7095250.0
 7143150.0
 7284450.0
 7684050.0
 7769850.0
 8103850.0
 8332950.0
 8384250.0
 8833650.0
 8906550.0
 8973650.0
 9233850.0
 9292550.0
 9450950.0
 9561850.0
10011350.0
10297650.0
10419750.0
10468950.0
10483850.0
10556650.0
10669250.0
11178450.0
11200150.0
11226950.0
11350750.0
11691350.0
11788050.0
12376350.0
12403750.0
12620350.0
13000550.0
13038150.0
13040350.0
13267450.0
13457450.0
13558350.0
13630350.0
13918150.0
14621150.0
14760250.0
15044650.0
15140550.0
15191250.0
15305850.0
15646050.0
15794150.0
15856050.0
15985850.0
16980350.0
17011050.0
17016150.0
17039650.0
17346150.0
17402650.0
17466350.0
17641950.0
17658850.0
17944150.0
17961250.0
18010850.0
18208550.0
18250550.0
18370750.0
18465650.0
18639950.0
18734250.0
18750150.0
18922750.0
19204350.0
19451750.0
19561150.0
20338550.0
20548950.0
20675550.0
21369750.0
21560750.0
21798350.0
21869650.0
21918350.0
22131450.0
22304550.0
22364550.0
22707350.0
22718750.0
22962650.0
22989150.0
