   10650.0
  482850.0
  546550.0
  694850.0
 1052650.0
 1144150.0
 1687950.0
 1698250.0
 1699350.0
 1902050.0
 1957950.0
 2155350.0
 2522750.0
 2628150.0
 2731850.0
 2919150.0
 3001850.0
 3017150.0
 3100650.0
 3113150.0
 3281950.0
 3400950.0
 3638750.0
 3717050.0
 3768750.0
 4069650.0
 4217350.0
 4218450.0
 4352950.0
 4465250.0
 4577250.0
 5339750.0
 5476850.0
 5852750.0
 5924050.0
 6262950.0
 6366150.0
 6372150.0
 6413950.0
 6481850.0
 6695950.0
 6801450.0
 7112650.0
 7326050.0
 7330950.0
 7418150.0
 7646250.0
 7855450.0
 7943350.0
 8206350.0
 8210850.0
 8498750.0
 8750850.0
 8999150.0
 9154250.0
 9173550.0
 9305550.0
 9331050.0
 9681250.0
 9824050.0
 9990650.0
10372850.0
10587250.0
10623650.0
10952050.0
11198250.0
11426650.0
11655650.0
11828450.0
11951850.0
12033850.0
12124050.0
12378150.0
12556350.0
12760350.0
12889650.0
13172650.0
13329850.0
13809950.0
13813250.0
13846250.0
13886950.0
14268650.0
14303050.0
14341850.0
14762450.0
14938250.0
15071550.0
15240650.0
15626550.0
15897550.0
16006250.0
16118450.0
16141850.0
16202850.0
16267350.0
16572950.0
17001950.0
17521050.0
17598350.0
17606150.0
17691050.0
17729250.0
17974850.0
18073950.0
18182150.0
18471750.0
18581650.0
18742350.0
18822250.0
18851450.0
18986950.0
19140650.0
19856950.0
20016250.0
20020450.0
20312750.0
20650350.0
20658050.0
21323450.0
21492350.0
21561950.0
21624850.0
21630450.0
21659950.0
22000250.0
22149950.0
22193450.0
22433050.0
22566250.0
22685250.0
22779450.0
22916950.0
