  591250.0
  684650.0
  762450.0
 1116050.0
 1718250.0
 1854350.0
 1882750.0
 1963350.0
 2253250.0
 2682150.0
 2752550.0
 2794250.0
 3009250.0
 3946050.0
 4047450.0
 4209150.0
 4504650.0
 4584150.0
 4655750.0
 4763050.0
 4889150.0
 4944050.0
 4977550.0
 4995950.0
 5060550.0
 5670450.0
 5898250.0
 6081550.0
 6478050.0
 6557450.0
 6631650.0
 6788850.0
 7115850.0
 7385050.0
 7434050.0
 7497550.0
 7540350.0
 7593350.0
 7681450.0
 7710550.0
 7964550.0
 8051450.0
 8103050.0
 8157550.0
 8292950.0
 8294850.0
 8318250.0
 8480450.0
 8565550.0
 8870250.0
 9213450.0
 9748150.0
 9963050.0
10206950.0
10294750.0
10533450.0
10539550.0
10581750.0
10633650.0
10764550.0
11335250.0
11510250.0
11570250.0
11931050.0
11946650.0
11959350.0
12183350.0
12431750.0
12733850.0
12776250.0
13311150.0
13487950.0
13877350.0
13976550.0
14412350.0
14498850.0
14550650.0
14790150.0
14798350.0
15018550.0
15047650.0
15385750.0
15424050.0
15522650.0
16342650.0
17036750.0
17210050.0
17258450.0
17353150.0
17389550.0
17660650.0
17828750.0
18208950.0
18561650.0
18589650.0
18749350.0
18783450.0
19010750.0
19084150.0
19150350.0
19353950.0
19407850.0
19562450.0
19623150.0
19899150.0
19940150.0
20135050.0
20252050.0
20351550.0
20429250.0
20488850.0
20532550.0
20619050.0
20653150.0
21018050.0
21107750.0
21140450.0
21368350.0
21782450.0
21945250.0
22087450.0
22137750.0
22364850.0
22546650.0
22903450.0
22909250.0
22929350.0
