  598850.0
  613850.0
  915550.0
 1264450.0
 1314050.0
 1376150.0
 1556050.0
 1667450.0
 1710450.0
 1725350.0
 2138750.0
 2430150.0
 2599650.0
 2694250.0
 2781850.0
 2827550.0
 2889450.0
 3126650.0
 3239050.0
 3317550.0
 3857850.0
 4242850.0
 4440050.0
 4548850.0
 5034950.0
 5063550.0
 5354750.0
 5673250.0
 5819450.0
 6257150.0
 6372650.0
 6550450.0
 7027350.0
 7106550.0
 7194350.0
 7221450.0
 7483750.0
 8405550.0
 8779650.0
 8853650.0
 8956550.0
 9202550.0
 9278550.0
 9594750.0
 9662150.0
 9813250.0
 9854750.0
10057550.0
10160450.0
10260850.0
10384850.0
10746450.0
10789850.0
10940350.0
11014050.0
11099550.0
11225950.0
11888250.0
12088150.0
12281350.0
12593850.0
12788250.0
13036550.0
13275350.0
13741350.0
13877350.0
14069050.0
14240250.0
14522250.0
14706050.0
14826750.0
14830550.0
14853250.0
15062550.0
15094850.0
15101150.0
15252850.0
15510150.0
15989450.0
16209650.0
16728950.0
16826650.0
16847950.0
17402450.0
17793150.0
17891250.0
17939550.0
18072850.0
18111450.0
18116550.0
18141750.0
18489550.0
18868150.0
18936350.0
19126250.0
19485150.0
19651350.0
19652850.0
19657450.0
20073750.0
20078550.0
20176250.0
20201650.0
20488850.0
20495850.0
20519550.0
20854350.0
20996450.0
21040350.0
21150450.0
21310850.0
21372950.0
21379950.0
21455350.0
21567650.0
21940650.0
21993150.0
22221550.0
22311250.0
22399350.0
22465650.0
22641650.0
22789450.0
22815950.0
22926350.0
22997350.0
