   25850.0
   37750.0
   72450.0
  568750.0
  623350.0
  963650.0
 1148250.0
 1171550.0
 1555350.0
 1767350.0
 1806950.0
 2107250.0
 2122150.0
 2315350.0
 2337550.0
 2494050.0
 2602450.0
 2682150.0
 2919350.0
 3085750.0
 3117250.0
 3335650.0
 3645050.0
 3648350.0
 3722750.0
 3871250.0
 3940550.0
 4079150.0
 4080450.0
 4202450.0
 4204550.0
 4443350.0
 4886050.0
 4981650.0
 5083650.0
 5085650.0
 5333550.0
 5415250.0
 5522850.0
 5537750.0
 6173850.0
 6201550.0
 6824850.0
 6869850.0
 6888550.0
 7416150.0
 7545350.0
 8207050.0
 8267150.0
 8320950.0
 8628850.0
 8946050.0
 9061950.0
 9136550.0
 9150350.0
 9239850.0
 9271650.0
 9309550.0
 9428250.0
 9566850.0
 9624750.0
 9723950.0
10129450.0
10583650.0
10595650.0
10597450.0
10833550.0
11171350.0
11446050.0
11524450.0
11865450.0
12132350.0
12329250.0
12412450.0
12519550.0
12602250.0
13057850.0
13166950.0
13716550.0
13762550.0
14200450.0
14288850.0
14757050.0
15127550.0
15410050.0
15827650.0
16604050.0
16640250.0
16851250.0
16932650.0
17202650.0
17237050.0
17291750.0
17431350.0
17789650.0
18059650.0
18848650.0
18859950.0
19015050.0
19195750.0
19198750.0
19353950.0
19449650.0
19661150.0
19810850.0
19948350.0
20208350.0
20799350.0
20823950.0
20860550.0
21035850.0
21071850.0
21577450.0
22390250.0
22674250.0
22696750.0
22895050.0
