1646
1647
1648
1652
1656
1658
1659
1665
1770
1771
1773
1775
1777
1779
1782
1783
1784
1787
1788
1899
1900
1913
3271
3272
3274
3283
3287
3288
3289
3290
3291
3294
3295
3296
3387
3390
3401
3403
3404
3412
3413
3415
3416
3417
3419
3420
3424
3428
3510
3511
3514
3515
3517
3518
3521
3522
3524
3526
3529
3531
3532
3534
3535
3536
3538
3539
3540
3550
3552
3636
3637
3640
3641
3642
3643
3645
3649
3650
3652
3653
3654
3657
3660
3661
3663
3665
3666
3668
3671
3675
3676
3677
3766
3767
3770
3771
3772
3773
3778
3782
3786
3788
3789
3790
3791
5150
5152
5154
5156
5157
5159
5160
5161
5164
5169
5267
5271
5277
5281
5282
5285
5286
5287
5288
5289
5290
5292
5294
5389
5390
5391
5403
5405
5407
5413
5417
5419
5425
5426
5511
5514
5519
5521
5522
5524
5527
5528
5529
5531
5535
5541
5543
5546
5547
5638
5640
5643
5644
5645
5646
5647
5650
5651
5652
5653
5654
5656
5657
5659
5662
5664
5666
5671
5673
5676
5677
5762
5764
5765
5767
5768
5770
5771
5772
5786
5788
5791
5794
5795
5797
5892
5893
5895
5899
5900
5901
5904
5908
5909
5910
5915
5916
6025
6026
6027
6030
6031
6037
6040
9528
9530
9531
9533
9534
9653
9655
9657
9658
9659
9660
9661
9776
9901
9903
9904
9908
9909
9911
10020
10022
10023
10024
10025
10027
10034
10035
10038
10040
10150
10152
10159
10160
10273
10277
10278
10279
10282
10285
10287
10289
10290
10294
10393
10396
10399
10400
10401
10404
10406
10407
10414
10416
10418
10419
10517
10519
10521
10525
10531
10535
10536
10541
10546
10547
10643
10648
10649
10652
10653
10659
10660
10662
10669
10671
10766
10769
10770
10771
10772
10773
10774
10775
10776
10782
10787
10792
10794
10890
10894
10897
10899
10911
10912
10914
10916
10919
10921
11015
11016
11018
11019
11024
11028
11030
11039
11141
11142
11143
11151
11152
11153
11154
11157
11158
11160
11163
11266
11270
11273
11282
11288
11293
11296
11394
11398
11403
11404
11406
11407
11414
11416
11418
11419
11521
11523
11524
11525
11527
11530
11532
11533
11538
11545
11646
11651
11652
11653
11656
11657
11660
11664
11668
11669
11772
11779
11786
11787
11789
11790
11892
11894
11900
11901
11903
11906
11907
11910
11912
11913
11919
12024
12026
12032
12033
12035
12038
12149
12153
12156
12161
12276
12280
12283
12286
12399
12402
12403
12406
12409
