16396
16398
16399
16402
16404
16405
16410
16413
16415
16518
16528
16529
16532
16533
16535
16540
16542
16543
16643
16644
16650
16657
16658
16659
16665
16666
16667
16669
16670
16769
16773
16775
16776
16779
16781
16783
16789
16793
16905
16907
16909
16913
16916
16917
17033
19276
19278
19283
19286
19397
19398
19406
19409
19411
19412
19413
19414
19418
19419
19515
19516
19522
19523
19525
19527
19528
19530
19531
19532
19533
19534
19535
19540
19542
19543
19544
19546
19548
19549
19638
19644
19647
19649
19651
19657
19658
19659
19661
19665
19666
19670
19673
19674
19675
19677
19764
19770
19772
19778
19780
19783
19787
19788
19790
19793
19794
19795
19796
19797
19798
19799
19800
19802
19803
19885
19886
19888
19890
19891
19892
19894
19903
19905
19908
19910
19912
19914
19916
19918
19919
19921
19923
19926
19929
20012
20016
20020
20022
20024
20025
20026
20027
20029
20035
20037
20038
20039
20040
20042
20044
20045
20047
20050
20052
20053
20138
20139
20141
20145
20146
20147
20149
20154
20159
20161
20163
20164
20165
20167
20168
20170
20171
20172
20174
20175
20176
20177
20264
20271
20276
20277
20281
20282
20283
20285
20287
20290
20291
20296
20297
20300
20395
20397
20398
20400
20403
20404
20406
20407
20408
20412
20413
20418
20420
20421
20529
20530
20532
20533
20534
