3774
3776
3777
3779
3780
3782
3784
3785
3901
3902
3907
3908
3909
3917
3918
4024
4025
4028
4029
4030
4031
4033
4039
4043
4045
4143
4144
4146
4154
4156
4157
4161
4164
4166
4273
4275
4277
4278
4279
4280
4283
4289
4291
4399
4401
4403
4404
4406
4407
4412
4413
4414
8524
8525
8526
8527
8528
8530
8533
8536
8538
8541
8543
8645
8651
8653
8659
8665
8668
8772
8773
8779
8780
8781
8783
8784
8786
8788
8895
8897
8899
8900
8913
8915
9014
9016
9017
9021
9025
9027
9030
9031
9035
9037
9040
9142
9149
9150
9157
9162
9164
9166
9167
9169
9171
9172
9265
9273
9274
9276
9277
9279
9282
9284
9286
9289
9291
9293
9294
9296
9297
9389
9390
9392
9393
9395
9403
9407
9408
9412
9420
9422
9511
9512
9514
9517
9518
9519
9520
9523
9524
9525
9528
9529
9532
9534
9535
9537
9538
9539
9540
9544
9545
9548
9550
9638
9641
9645
9647
9650
9651
9653
9660
9668
9670
9671
9672
9674
9675
9760
9765
9769
9773
9774
9775
9780
9791
9792
9797
9800
9890
9898
9900
9901
9902
9905
9911
9912
9915
9916
9917
9919
9922
9927
10011
10015
10016
10022
10024
10030
10031
10032
10033
10036
10037
10038
10040
10042
10046
10049
10050
10051
10054
10134
10137
10139
10141
10145
10149
10153
10155
10157
10158
10160
10161
10162
10166
10170
10172
10178
10179
10180
10258
10264
10269
10271
10272
10274
10275
10276
10277
10278
10282
10283
10284
10286
10287
10291
10295
10300
10304
10383
10386
10387
10389
10399
10400
10401
10402
10403
10407
10410
10411
10413
10416
10417
10419
10421
10423
10424
10429
10430
10508
10509
10514
10516
10517
10519
10523
10524
10525
10527
10531
10532
10534
10536
10538
10539
10540
10541
10547
10552
10553
10554
10555
10631
10644
10645
10647
10648
10650
10655
10662
10665
10668
10670
10671
10681
10682
10758
10759
10761
10763
10764
10765
10769
10770
10771
10772
10773
10780
10785
10786
10788
10789
10791
10793
10796
10797
10799
10800
10881
10884
10886
10888
10889
10895
10897
10898
10901
10904
10906
10909
10910
10912
10914
10915
10917
10918
10921
10923
10924
10928
10929
10930
11004
11009
11011
11014
11015
11017
11019
11020
11022
11025
11026
11027
11031
11033
11036
11037
11038
11047
11050
11052
11054
11056
11131
11132
11134
11136
11140
11141
11142
11145
11147
11149
11153
11154
11160
11164
11165
11170
11174
11181
11182
11256
11260
11261
11263
11266
11267
11269
11277
11278
11282
11283
11284
11285
11289
11291
11292
11293
11295
11298
11299
11300
11303
11304
11305
11308
11379
11380
11382
11385
11389
11390
11392
11393
11394
11395
11396
11397
11398
11399
11403
11404
11405
11406
11407
11409
11411
11413
11416
11417
11418
11419
11421
11422
11427
11431
11508
11510
11514
11516
11517
11520
11523
11524
11527
11528
11529
11533
11535
11537
11539
11542
11544
11547
11549
11551
11553
11556
11632
11638
11639
11644
11647
11648
11649
11651
11652
11653
11655
11657
11658
11663
11665
11666
11667
11670
11672
11674
11677
11678
11683
11756
11759
11761
11766
11767
11769
11770
11771
11773
11775
11776
11779
11782
11783
11787
11788
11789
11791
11797
11799
11882
11884
11885
11891
11893
11894
11896
11897
11898
11899
11902
11903
11904
11905
11906
11909
11910
11911
11915
11916
11918
11920
11923
11925
11927
11932
12005
12007
12013
12015
12016
12021
12023
12026
12027
12029
12030
12031
12036
12037
12040
12041
12044
12046
12052
12055
12058
12131
12133
12135
12139
12140
12145
12146
12147
12149
12150
12152
12153
12154
12156
12157
12158
12160
12161
12163
12165
12167
12168
12169
12172
12173
12182
12254
12257
12259
12263
12266
12268
12269
12273
12274
12277
12278
12286
12287
12289
12291
12297
12298
12301
12302
12303
12304
12305
12307
12383
12384
12391
12395
12397
12399
12403
12405
12408
12411
12412
12413
12414
12415
12416
12418
12419
12421
12423
12426
12428
12432
12510
12514
12515
12516
12519
12520
12522
12523
12524
12525
12530
12533
12535
12538
12539
12543
12546
12548
12550
12551
12554
12555
12631
12632
12633
12634
12635
12636
12640
12643
12645
12646
12647
12650
12651
12655
12656
12657
12659
12664
12665
12666
12667
12671
12672
12675
12679
12681
12758
12764
12765
12769
12771
12773
12774
12776
12777
12784
12785
12786
12788
12790
12792
12793
12796
12798
12799
12803
12805
12806
12883
12884
12897
12899
12900
12901
12903
12905
12910
12911
12914
12920
12923
12925
12926
13008
13011
13015
13016
13026
13031
13037
13039
13041
13043
13044
13045
13047
13049
13050
13052
13137
13141
13144
13147
13152
13153
13154
13155
13156
13157
13160
13161
13162
13173
13176
13262
13264
13266
13267
13270
13273
13274
13275
13276
13277
13280
13281
13283
13288
13290
13291
13294
13295
13296
13388
13398
13399
13400
13401
13403
13404
13405
13410
13411
13416
13417
13418
13421
13422
13423
13516
13517
13518
13520
13525
13528
13533
13536
13541
13647
13652
13654
13659
13662
13773
13776
13777
13778
13779
13782
13783
13786
13903
13906
