143
144
145
146
148
156
159
160
161
164
165
167
266
268
274
288
290
291
292
294
295
296
388
394
395
403
405
406
408
409
410
411
413
414
416
418
420
424
425
426
510
512
513
514
516
520
521
522
525
532
536
539
541
545
547
551
552
553
636
637
639
640
642
645
651
653
654
655
656
657
659
660
661
662
663
664
666
667
669
671
672
674
676
761
762
764
765
767
768
775
776
777
779
780
788
789
791
794
795
797
798
802
803
884
886
895
896
898
904
908
910
911
914
915
916
917
918
919
920
922
926
928
1013
1014
1015
1017
1022
1025
1029
1031
1032
1034
1036
1037
1038
1039
1041
1043
1045
1047
1049
1139
1140
1142
1143
1144
1146
1147
1148
1149
1150
1151
1152
1156
1158
1159
1160
1162
1163
1164
1166
1168
1169
1172
1174
1270
1278
1280
1283
1285
1286
1290
1292
1295
1398
7403
7406
7522
7526
7531
7536
7541
7646
7649
7652
7656
7661
7664
7766
7767
7769
7773
7777
7779
7781
7782
7787
7790
7792
7793
7794
7795
7892
7895
7896
7897
7900
7901
7904
7906
7907
7912
7914
7916
7918
7920
8015
8016
8019
8024
8025
8026
8029
8030
8033
8034
8036
8037
8040
8043
8044
8047
8048
8140
8141
8142
8144
8145
8146
8147
8148
8150
8151
8155
8156
8157
8162
8164
8165
8166
8168
8169
8171
8172
8174
8175
8263
8268
8269
8270
8274
8276
8277
8279
8286
8289
8295
8297
8298
8299
8391
8392
8394
8396
8400
8403
8405
8407
8411
8415
8416
8417
8421
8423
8514
8516
8518
8521
8523
8524
8525
8526
8531
8533
8534
8537
8539
8540
8541
8542
8546
8548
8637
8638
8639
8642
8644
8647
8648
8649
8651
8654
8657
8659
8663
8664
8666
8668
8671
8672
8765
8769
8770
8771
8775
8783
8784
8786
8790
8791
8792
8794
8801
8886
8890
8891
8893
8897
8899
8900
8902
8903
8904
8907
8908
8909
8910
8912
8914
8915
8916
8921
8925
9014
9020
9023
9025
9031
9032
9033
9037
9040
9041
9043
9044
9047
9053
9139
9142
9146
9148
9151
9152
9155
9157
9158
9159
9162
9163
9164
9165
9166
9167
9171
9172
9174
9175
9176
9265
9267
9273
9275
9277
9281
9283
9284
9285
9286
9287
9288
9290
9291
9293
9294
9297
9298
9302
9386
9391
9395
9396
9397
9398
9401
9402
9405
9408
9410
9412
9414
9415
9421
9422
9515
9520
9523
9529
9530
9533
9536
9537
9540
9541
9543
9545
9549
9550
9552
9637
9639
9645
9648
9650
9658
9659
9660
9662
9665
9667
9669
9671
9673
9676
9679
9758
9759
9762
9764
9765
9770
9771
9774
9778
9783
9784
9786
9788
9791
9792
9794
9796
9797
9798
9804
9885
9887
9891
9894
9899
9901
9902
9903
9905
9908
9916
9917
9918
9925
9926
9929
10011
10014
10015
10018
10019
10026
10027
10028
10029
10031
10033
10035
10038
10039
10048
10052
10054
10132
10135
10137
10141
10146
10147
10148
10149
10155
10159
10160
10163
10164
10165
10166
10170
10173
10176
10266
10268
10276
10290
10292
10296
10297
10383
10394
10400
10401
10402
10405
10410
10411
10417
10422
10425
10430
10509
10513
10514
10515
10519
10522
10523
10525
10526
10528
10529
10531
10534
10535
10546
10547
10550
10556
10633
10634
10636
10646
10647
10648
10649
10650
10651
10652
10655
10657
10660
10664
10666
10669
10672
10679
10758
10762
10763
10764
10766
10767
10768
10769
10770
10775
10776
10779
10780
10784
10794
10795
10796
10797
10799
10803
10804
10805
10806
10883
10885
10890
10891
10894
10897
10898
10899
10900
10902
10906
10907
10912
10919
10921
10926
10928
10929
11007
11008
11012
11013
11014
11017
11020
11021
11023
11026
11027
11028
11031
11032
11033
11034
11035
11039
11040
11042
11043
11044
11045
11048
11049
11133
11142
11145
11149
11150
11151
11152
11154
11155
11157
11158
11161
11162
11163
11169
11172
11176
11178
11261
11262
11269
11272
11275
11278
11281
11282
11284
11292
11295
11296
11297
11382
11384
11385
11388
11391
11393
11394
11396
11397
11399
11400
11401
11402
11406
11409
11410
11411
11414
11415
11416
11417
11420
11421
11422
11423
11424
11508
11515
11519
11523
11524
11525
11528
11531
11534
11538
11540
11541
11542
11544
11546
11549
11553
11635
11636
11637
11638
11641
11642
11645
11646
11651
11656
11657
11660
11662
11666
11668
11675
11759
11760
11765
11767
11768
11772
11773
11777
11779
11781
11783
11784
11786
11792
11794
11795
11797
11800
11883
11884
11885
11891
11895
11900
11901
11905
11906
11914
11922
11924
11926
11928
11929
12010
12013
12014
12019
12025
12027
12029
12032
12035
12038
12039
12042
12043
12045
12046
12047
12048
12049
12050
12138
12139
12143
12145
12146
12152
12155
12161
12162
12171
12172
12174
12178
12264
12266
12271
12272
12277
12278
12279
12281
12285
12286
12287
12289
12292
12298
12299
12302
12385
12387
12389
12391
12398
12399
12401
12402
12403
12404
12406
12415
12418
12423
12428
12522
12526
12527
12529
12531
12533
12534
12539
12540
12541
12542
12544
12546
12550
12638
12643
12647
12648
12649
12650
12651
12653
12656
12657
12658
12659
12660
12663
12664
12667
12670
12772
12773
12774
12775
12778
12780
12784
12786
12789
12902
12905
12907
12909
12910
12914
