396
402
403
407
408
411
414
415
416
417
420
513
515
516
520
523
524
525
526
528
529
533
535
537
538
539
540
542
544
550
634
638
639
640
641
642
644
645
646
656
662
663
665
667
671
672
674
675
676
677
763
766
768
769
773
774
775
776
778
781
782
783
786
787
789
790
791
793
799
803
885
886
890
895
896
900
902
904
906
907
912
914
916
918
919
923
925
1015
1017
1019
1023
1024
1026
1028
1030
1033
1034
1038
1039
1043
1047
6525
6526
6527
6528
6529
6530
6531
6532
6533
6539
6540
6541
6542
6641
6643
6644
6645
6648
6652
6656
6660
6661
6662
6666
6667
6668
6669
6671
6764
6768
6774
6780
6781
6784
6785
6786
6788
6789
6793
6799
6891
6892
6894
6895
6896
6897
6900
6901
6908
6909
6911
6915
6918
6925
7013
7014
7017
7019
7020
7023
7028
7029
7030
7031
7034
7035
7036
7046
7144
7146
7148
7151
7154
7155
7157
7159
7160
7164
7168
7169
7171
7173
7266
7269
7271
7273
7278
7280
7281
7284
7285
7287
7288
7291
7293
7294
7296
7297
7395
7398
7401
7403
7407
7411
7416
7418
7419
7525
7526
7529
7530
7535
13532
13537
13538
13540
13647
13654
13655
13656
13657
13658
13659
13660
13664
13668
13669
13773
13774
13778
13780
13782
13784
13786
13793
13795
13900
13902
13904
13906
13907
13909
13911
13913
13914
13915
13917
13920
14024
14025
14027
14029
14033
14035
14038
14040
14041
14151
14153
14154
14160
14161
14162
14166
14282
19651
19654
19655
19656
19657
19659
19663
19666
19668
19762
19764
19765
19772
19774
19775
19778
19783
19785
19786
19791
19794
19796
19798
19802
19884
19891
19892
19894
19895
19896
19897
19899
19905
19906
19909
19911
19912
19916
19921
19923
19925
19928
19929
20011
20014
20015
20016
20019
20020
20021
20023
20027
20028
20029
20032
20033
20035
20040
20043
20046
20047
20049
20050
20139
20142
20143
20148
20150
20156
20158
20159
20161
20164
20166
20167
20168
20171
20172
20268
20269
20270
20277
20278
20279
20282
20288
20289
20293
20294
