1144
1147
1150
1155
1156
1157
1158
1264
1267
1270
1274
1276
1278
1280
1286
1287
1388
1389
1392
1395
1402
1407
1408
1409
1411
1413
1514
1515
1517
1519
1520
1525
1533
1535
1537
1639
1642
1644
1645
1646
1647
1653
1654
1656
1657
1660
1661
1662
1770
1771
1772
1775
1776
1777
1779
1784
4141
4143
4146
4152
4158
4160
4161
4163
4259
4268
4275
4277
4278
4279
4281
4287
4288
4290
4292
4294
4391
4393
4399
4400
4401
4402
4403
4404
4405
4407
4409
4410
4411
4412
4413
4414
4416
4417
4418
4419
4421
4422
4505
4507
4511
4512
4516
4520
4521
4523
4524
4528
4530
4534
4536
4537
4538
4539
4540
4541
4546
4629
4630
4631
4633
4634
4636
4638
4641
4643
4646
4649
4651
4654
4655
4656
4659
4660
4662
4666
4667
4670
4755
4756
4761
4764
4767
4773
4774
4776
4779
4781
4782
4783
4785
4791
4793
4796
4888
4892
4894
4895
4896
4899
4900
4901
4905
4907
4911
4912
4913
4916
4921
4922
5008
5009
5010
5016
5017
5019
5020
5022
5026
5027
5030
5033
5034
5035
5036
5037
5039
5040
5045
5135
5136
5137
5139
5141
5142
5145
5147
5148
5149
5150
5154
5155
5157
5160
5163
5166
5270
5271
5272
5275
5276
5279
5280
5282
5284
5286
5402
5403
5406
11025
11027
11030
11151
11272
11275
11280
11397
11404
11516
11518
11521
11524
11529
11531
11536
11643
11644
11645
11648
11650
11651
11655
11658
11659
11660
11766
11768
11769
11771
11773
11778
11781
11785
11893
11895
11896
11900
11901
11904
11912
12014
12015
12017
12019
12024
12028
12032
12036
12039
12141
12142
12143
12145
12146
12148
12150
12152
12159
12160
12265
12267
12268
12269
12271
12272
12280
12389
12391
12396
12401
12407
12408
12410
12412
12414
12514
12515
12519
12521
12526
12530
12532
12533
12539
12641
12642
12645
12646
12651
12653
12655
12657
12658
12659
12767
12768
12771
12776
12777
12778
12780
12781
12782
12786
12890
12892
12894
12895
12897
12899
12900
12905
12911
13020
13021
13022
13025
13026
13027
13030
13034
13036
13141
13142
13144
13145
13149
13150
13151
13153
13154
13268
13271
13275
13276
13281
13397
13399
13401
13402
