412
413
414
420
424
427
428
431
432
433
435
437
444
446
447
451
540
542
544
545
548
550
551
553
554
556
557
561
562
563
565
567
568
569
572
574
665
667
668
670
672
674
676
685
691
693
694
695
796
805
806
807
813
815
816
6050
6053
6056
6058
6063
6065
6168
6171
6172
6173
6175
6176
6179
6181
6188
6189
6190
6192
6193
6194
6195
6291
6294
6295
6297
6303
6304
6307
6309
6312
6315
6319
6320
6321
6421
6423
6424
6425
6426
6429
6434
6437
6439
6440
6441
6442
6444
6538
6540
6546
6548
6549
6550
6552
6553
6556
6561
6562
6563
6564
6565
6567
6568
6569
6570
6571
6572
6574
6576
6663
6664
6669
6673
6674
6675
6677
6678
6679
6680
6681
6684
6685
6686
6688
6692
6694
6696
6698
6702
6785
6786
6788
6789
6790
6791
6792
6797
6799
6802
6805
6807
6809
6812
6813
6814
6816
6817
6819
6820
6826
6913
6914
6920
6921
6924
6926
6927
6928
6930
6931
6933
6935
6938
6940
6941
6948
6949
6951
6952
7035
7036
7039
7042
7043
7044
7046
7047
7050
7053
7054
7058
7060
7061
7063
7064
7068
7069
7070
7072
7159
7161
7162
7163
7167
7169
7171
7172
7174
7175
7176
7179
7183
7184
7185
7187
7190
7191
7194
7197
7200
7202
7203
7204
7284
7288
7289
7290
7291
7294
7295
7296
7299
7300
7301
7304
7308
7309
7311
7312
7315
7317
7318
7319
7320
7321
7325
7328
7329
7411
7413
7414
7415
7417
7419
7421
7423
7424
7426
7428
7433
7436
7438
7439
7440
7441
7444
7446
7447
7538
7539
7540
7541
7542
7543
7544
7545
7548
7552
7554
7557
7558
7559
7563
7564
7565
7566
7567
7570
7572
7574
7575
7661
7662
7663
7666
7667
7668
7670
7671
7672
7673
7674
7675
7676
7679
7680
7681
7682
7683
7686
7687
7691
7693
7695
7699
7700
7702
7790
7794
7795
7797
7798
7799
7800
7802
7804
7805
7806
7809
7810
7811
7813
7814
7817
7823
7826
7919
7920
7923
7925
7932
7935
7943
7944
7945
7946
8040
8046
8051
8053
8054
8055
8057
8058
8061
8063
8064
8066
8167
8168
8173
8174
8177
8179
8180
8182
8183
8184
8192
8194
8195
8295
8296
8300
8305
8311
8314
8316
8424
8425
8427
8429
8434
8435
8437
8549
8553
8554
8558
8560
8561
8675
8682
8683
8684
8686
8688
8802
8804
8805
8808
8811
8812
18557
18669
18671
18672
18678
18681
18683
18684
18685
18686
18688
18690
18693
18793
18796
18802
18804
18806
18807
18808
18812
18813
18815
18816
18817
18818
18819
18820
18915
18916
18917
18921
18926
18929
18931
18932
18933
18934
18936
18938
18939
18943
18945
18948
19039
19048
19049
19053
19059
19060
19063
19065
19066
19068
19070
19071
19072
19073
19074
19163
19165
19166
19167
19169
19171
19174
19175
19177
19179
19180
19181
19182
19183
19184
19186
19290
19292
19295
19297
19301
19302
19304
19305
19310
19314
19316
19317
19318
19321
19322
19323
19419
19424
19427
19429
19432
19435
19441
19445
19545
19546
19549
19554
19555
19557
19560
19561
19564
