4796
4799
4801
4802
4803
4811
4816
4922
4925
4929
4931
4933
4936
4937
4939
4940
4941
4944
5045
5047
5049
5050
5051
5052
5053
5057
5061
7293
7295
7305
7307
7309
7310
7314
7318
7319
7413
7417
7421
7424
7425
7430
7432
7436
7437
7438
7442
7444
7446
7447
7448
7536
7538
7543
7544
7546
7549
7551
7552
7553
7554
7555
7557
7563
7564
7565
7566
7567
7569
7662
7664
7666
7667
7669
7672
7673
7674
7680
7682
7683
7684
7685
7688
7690
7693
7697
7703
7784
7785
7789
7793
7794
7796
7801
7803
7804
7805
7806
7807
7808
7809
7811
7814
7816
7819
7820
7821
7824
7825
7826
7827
7828
7910
7918
7919
7921
7923
7927
7929
7930
7931
7933
7935
7940
7943
7945
8037
8045
8047
8051
8052
8060
8063
8064
8067
8072
8073
8075
8076
8163
8169
8171
8175
8177
8178
8181
8183
8184
8185
8186
8191
8196
8199
8296
8299
8300
8306
8307
8309
8310
8315
8319
8320
8425
8432
8436
8558
8560
8562
8677
8683
8684
8685
8809
8812
13803
13804
13808
13811
13814
13924
13927
13930
13931
13932
13941
13942
13945
14043
14046
14048
14049
14050
14053
14054
14057
14058
14059
14060
14066
14071
14163
14168
14169
14170
14171
14172
14173
14181
14182
14184
14185
14186
14187
14188
14189
14192
14193
14195
14196
14201
14286
14290
14292
14295
14296
14298
14299
14301
14303
14307
14308
14314
14318
14320
14321
14327
14411
14419
14425
14430
14431
14435
14436
14438
14439
14442
14444
14450
14539
14540
14541
14542
14543
14545
14546
14550
14553
14555
14557
14558
14563
14564
14565
14567
14569
14572
14665
14668
14670
14674
14676
14677
14679
14680
14684
14687
14688
14689
14692
14693
14694
14695
14697
14698
14794
14795
14797
14798
14799
14800
14808
14809
14811
14813
14817
14818
14920
14922
