2297
2300
2303
2306
2308
2309
2311
2313
2316
2417
2419
2425
2428
2429
2430
2434
2438
2439
2440
2443
2445
2446
2447
2448
2449
2540
2542
2543
2545
2546
2549
2551
2553
2557
2558
2559
2560
2561
2562
2563
2564
2565
2566
2567
2569
2576
2661
2662
2670
2672
2674
2682
2687
2688
2689
2690
2691
2697
2702
2787
2788
2790
2791
2792
2793
2796
2798
2799
2802
2806
2808
2813
2815
2816
2817
2820
2912
2916
2918
2919
2920
2922
2923
2924
2925
2926
2930
2934
2935
2938
2941
2942
2943
2945
2946
2947
2948
2949
2950
2952
3036
3037
3040
3042
3043
3044
3045
3047
3051
3054
3058
3059
3069
3071
3074
3161
3165
3170
3171
3172
3173
3180
3181
3182
3186
3188
3191
3194
3195
3196
3197
3198
3289
3292
3294
3296
3297
3299
3303
3304
3305
3307
3311
3315
3317
3318
3421
3424
3425
3426
3429
3433
3436
3437
