2803
2810
2812
2814
2915
2918
2922
2925
2928
2930
2937
2938
2944
2947
2949
3036
3038
3041
3047
3048
3049
3051
3053
3054
3057
3059
3061
3062
3063
3064
3065
3066
3068
3069
3071
3073
3074
3075
3159
3161
3165
3168
3170
3171
3173
3175
3177
3178
3179
3184
3185
3187
3188
3189
3192
3195
3196
3198
3199
3204
3284
3288
3289
3294
3295
3297
3298
3299
3300
3305
3306
3307
3309
3312
3315
3316
3318
3319
3320
3321
3324
3325
3326
3327
3328
3412
3413
3414
3416
3417
3420
3421
3422
3423
3426
3428
3429
3430
3433
3435
3437
3438
3440
3442
3445
3543
3545
3546
3549
3550
3551
3552
3558
3559
3563
3564
3565
3567
3568
3569
3570
15049
15052
15053
15054
15057
15059
15061
15064
15065
15166
15167
15168
15172
15173
15174
15182
15184
15186
15187
15188
15193
15194
15195
15288
15290
15293
15294
15295
15297
15299
15300
15303
15304
15306
15308
15309
15311
15313
15315
15316
15323
15413
15418
15420
15422
15424
15427
15428
15430
15431
15432
15435
15436
15437
15439
15443
15444
15447
15448
15449
15538
15541
15542
15544
15545
15546
15547
15552
15554
15555
15556
15558
15560
15561
15562
15565
15568
15570
15573
15574
15575
15576
15577
15660
15661
15662
15663
15664
15665
15667
15668
15671
15673
15675
15683
15684
15685
15686
15691
15693
15694
15700
15702
15786
15789
15793
15797
15799
15802
15803
15806
15807
15811
15814
15817
15818
15820
15825
15827
15911
15913
15915
15917
15920
15922
15924
15925
15926
15928
15930
15931
15934
15935
15938
15941
15944
15945
15946
15949
16037
16040
16041
16046
16047
16049
16054
16064
16066
16067
16071
16072
16073
16171
16173
16175
16178
16184
16186
16187
16189
16192
16193
19805
19806
19807
