422
425
426
429
434
435
436
437
439
440
545
548
549
557
560
564
567
669
671
672
680
682
684
686
687
690
796
798
804
805
815
817
923
925
927
930
931
933
934
935
936
938
939
941
1055
1057
1058
3303
3305
3306
3307
3417
3420
3422
3430
3431
3433
3436
3445
3537
3538
3542
3548
3550
3553
3555
3556
3559
3564
3567
3568
3569
3575
3661
3663
3664
3665
3666
3667
3668
3670
3671
3673
3677
3678
3679
3681
3684
3685
3686
3687
3688
3691
3693
3699
3701
3702
3785
3791
3792
3793
3800
3801
3802
3804
3805
3809
3810
3811
3812
3814
3817
3818
3819
3820
3822
3824
3826
3912
3913
3915
3916
3918
3919
3920
3922
3923
3924
3929
3930
3933
3934
3935
3937
3939
3941
3942
3944
3950
3951
4036
4041
4042
4043
4044
4046
4047
4050
4054
4055
4056
4057
4058
4059
4060
4062
4065
4066
4073
4075
4077
4078
4164
4165
4166
4175
4176
4177
4178
4179
4181
4185
4187
4190
4191
4192
4195
4200
4295
4296
4297
4298
4304
4312
4314
4316
4317
4319
4322
4417
4423
4428
4433
4434
4439
4443
4553
4554
8430
8431
8434
8553
8554
8556
8559
8680
8682
8683
8805
8808
8810
8925
8927
8929
8930
8933
8935
8938
8939
9052
9053
9059
9060
9061
9173
9174
9180
9183
9185
9301
9306
9309
9312
9313
9315
9421
9429
9430
9435
9436
9439
9441
9545
9546
9550
9552
9553
9554
9555
9556
9557
9561
9562
9565
9566
9677
9679
9681
9683
9687
9690
9691
9796
9797
9798
9799
9802
9803
9808
9809
9810
9815
9817
9919
9922
9932
9942
9943
10043
10045
10047
10053
10054
10057
10060
10062
10173
10174
10178
10185
10192
10296
10301
10304
10305
10307
10310
10311
10315
10316
10318
10420
10422
10423
10424
10425
10429
10435
10543
10547
10549
10551
10558
10559
10561
10565
10567
10569
10669
10672
10674
10677
10681
10682
10686
10689
10691
10695
10794
10795
10798
10800
10804
10806
10810
10817
10818
10820
10921
10924
10925
10928
10932
10933
10940
10942
10943
10944
10945
11043
11045
11054
11055
11056
11057
11060
11062
11066
11069
11070
11168
11172
11174
11176
11183
11189
11194
11293
11297
11303
11305
11306
11307
11308
11309
11310
11311
11314
11318
11419
11420
11421
11423
11424
11426
11431
11437
11438
11442
11545
11546
11548
11549
11550
11551
11554
11562
11567
11569
11669
11671
11674
11676
11679
11686
11688
11694
11794
11796
11798
11804
11805
11811
11818
11925
11927
11935
12049
12051
12053
12054
12055
12060
12062
12065
12172
12177
12179
12183
12185
12186
12297
12305
12312
12313
