399
404
405
407
410
416
419
420
514
515
517
520
524
525
528
529
532
538
540
545
636
637
640
642
644
646
647
650
653
656
661
664
665
667
668
674
677
761
762
765
766
770
771
774
778
782
783
786
790
791
803
888
890
892
894
895
896
898
901
905
906
912
915
917
919
922
923
1012
1013
1014
1017
1024
1025
1028
1029
1031
1033
1035
1036
1037
1039
1041
1047
1049
1143
1146
1147
1148
1149
1158
1159
1163
1169
1280
1281
2897
2905
2906
2910
2911
2912
2913
3014
3016
3018
3020
3022
3023
3025
3026
3027
3028
3030
3031
3033
3039
3041
3043
3046
3048
3049
3139
3140
3141
3142
3143
3145
3148
3153
3155
3156
3157
3158
3159
3162
3164
3168
3173
3175
3261
3262
3264
3266
3269
3272
3273
3274
3275
3277
3278
3281
3282
3283
3284
3285
3286
3287
3289
3293
3295
3297
3299
3300
3301
3302
3303
3384
3386
3389
3394
3395
3396
3397
3400
3402
3403
3405
3408
3410
3413
3414
3416
3418
3419
3420
3423
3427
3510
3511
3512
3514
3516
3519
3520
3522
3527
3533
3535
3539
3541
3544
3545
3640
3643
3644
3646
3652
3657
3658
3661
3663
3671
3674
3773
3776
3788
5774
5779
5783
5787
5789
5893
5895
5898
5899
5902
5903
5904
5905
5907
5908
5910
5913
5917
5920
6015
6016
6019
6022
6026
6027
6035
6038
6040
6043
6045
6047
6137
6138
6140
6143
6146
6148
6149
6152
6153
6154
6156
6158
6159
6162
6163
6164
6168
6169
6170
6171
6172
6173
6176
6260
6263
6265
6266
6271
6273
6276
6278
6283
6286
6289
6290
6292
6296
6301
6302
6385
6387
6388
6389
6393
6395
6396
6399
6400
6401
6402
6404
6406
6409
6412
6413
6416
6417
6420
6423
6426
6427
6511
6512
6513
6515
6516
6519
6523
6525
6530
6532
6533
6534
6536
6541
6544
6549
6551
6553
6554
6640
6641
6642
6643
6644
6648
6653
6654
6655
6656
6657
6659
6662
6664
6665
6669
6670
6672
6673
6674
6678
6679
6760
6771
6773
6775
6777
6778
6780
6783
6786
6787
6789
6792
6794
6795
6796
6797
6801
6802
6803
6885
6889
6893
6895
6896
6897
6898
6900
6901
6902
6903
6904
6906
6907
6908
6915
6916
6917
6918
6922
6923
6924
6926
6928
7011
7012
7025
7036
7039
7040
7043
7046
7048
7138
7140
7141
7142
7145
7146
7149
7152
7155
7156
7159
7161
7162
7164
7166
7169
7173
7267
7268
7272
7273
7275
7277
7278
7279
7280
7286
7289
7291
7295
7296
7396
7398
7400
7405
7407
7408
7411
7416
7417
13895
13897
13900
13905
13907
13908
13913
13915
13917
13919
14020
14023
14026
14030
14033
14035
14036
14037
14038
14043
14044
14139
14140
14143
14146
14149
14150
14153
14156
14157
14159
14160
14163
14167
14171
14172
14173
14174
14176
14263
14266
14270
14271
14272
14277
14278
14279
14283
14284
14288
14295
14296
14298
14301
14386
14387
14388
14389
14390
14391
14392
14393
14396
14398
14400
14401
14405
14406
14409
14410
14412
14413
14414
14416
14417
14423
14509
14510
14513
14515
14516
14518
14520
14522
14523
14525
14526
14529
14531
14532
14533
14536
14538
14540
14543
14544
14545
14546
14547
14548
14554
14637
14640
14641
14644
14645
14646
14647
14648
14650
14653
14655
14657
14658
14659
14660
14661
14662
14666
14667
14669
14671
14673
14674
14678
14765
14767
14768
14769
14770
14774
14775
14776
14778
14780
14781
14782
14784
14785
14786
14787
14794
14800
14889
14892
14894
14897
14898
14899
14901
14902
14904
14905
14907
14908
14910
14915
14918
14919
14921
14922
14925
14926
15013
15014
15015
15017
15019
15020
15024
15030
15031
15035
15037
15045
15047
15049
15140
15141
15143
15147
15149
15151
15153
15155
15159
15164
15165
15166
15172
15271
15274
15276
15277
15278
15284
15286
15290
15293
15403
15405
15407
15409
17142
17143
17151
17153
17160
17162
17163
17268
17270
17274
17275
17278
17280
17282
17283
17287
17288
17294
17297
17299
17388
17392
17398
17400
17401
17402
17403
17404
17405
17408
17409
17411
17413
17415
17417
17418
17420
17424
17426
17513
17514
17518
17519
17520
17524
17526
17527
17529
17530
17531
17532
17534
17537
17543
17544
17545
17548
17549
17551
17636
17639
17640
17641
17647
17648
17650
17651
17654
17655
17656
17657
17660
17662
17663
17664
17667
17669
17671
17672
17673
17676
17677
17762
17766
17767
17768
17769
17770
17773
17774
17776
17778
17779
17780
17782
17783
17784
17789
17790
17792
17793
17795
17796
17798
17800
17891
17892
17893
17894
17895
17896
17903
17904
17905
17906
17909
17911
17913
18033
18035
19770
19771
19773
19775
19776
19778
19779
19781
19782
19783
19784
19785
19786
19787
19788
19791
19792
19793
19795
19887
19889
19891
19896
19899
19900
19901
19903
19905
19910
19911
19912
19913
19915
19918
19919
19921
19922
19923
19924
20014
20015
20017
20019
20021
20023
20024
20026
20028
20029
20032
20033
20035
20036
20037
20038
20040
20045
20046
20047
20048
20049
20051
20052
20136
20145
20148
20151
20152
20155
20156
20157
20158
20159
20160
20161
20162
20164
20168
20169
20174
20175
20262
20266
20267
20269
20270
20275
20277
20282
20283
20285
20286
20288
20293
20295
20296
20297
20300
20394
20395
20397
20400
20402
20403
20407
20408
20409
20410
20416
20418
