2280
2397
2401
2402
2406
2409
2411
2412
2416
2417
2418
2419
2522
2523
2527
2529
2534
2536
2538
2541
2650
2652
2654
4018
4020
4022
4023
4026
4027
4030
4034
4037
4038
4041
4044
4047
4049
4141
4142
4144
4147
4148
4151
4153
4154
4156
4157
4158
4161
4163
4164
4167
4170
4171
4173
4174
4176
4261
4262
4272
4278
4279
4285
4287
4289
4290
4291
4292
4297
4301
4387
4391
4392
4393
4394
4400
4401
4402
4404
4405
4408
4409
4410
4411
4412
4414
4419
4422
4423
4521
4529
4536
4538
4539
4540
4541
4544
6278
6279
6280
6282
6288
6289
6394
6396
6399
6400
6402
6404
6407
6408
6420
6421
6515
6516
6518
6520
6521
6522
6525
6526
6527
6529
6530
6532
6533
6534
6536
6540
6546
6547
6548
6636
6640
6646
6647
6654
6658
6659
6662
6664
6665
6666
6668
6669
6672
6674
6676
6761
6769
6774
6776
6777
6778
6780
6783
6786
6787
6788
6791
6792
6795
6798
6801
6802
6886
6887
6888
6889
6892
6893
6894
6896
6897
6898
6901
6903
6904
6906
6909
6911
6915
6916
6923
6925
6926
6927
7013
7014
7016
7017
7020
7021
7022
7026
7036
7041
7043
7045
7046
7047
7050
7140
7144
7147
7149
7150
7152
7154
7155
7163
7165
7171
7173
7271
7273
7278
7279
7284
7287
7290
