9773
9777
9779
9786
9787
9791
9900
9907
9911
9912
9914
9915
9917
10018
10020
10021
10023
10024
10029
10030
10033
10034
10036
10037
10040
10044
10144
10148
10151
10153
10154
10159
10160
10165
10166
10167
10274
10276
10278
10280
10282
10283
10284
10289
10292
10404
10405
12654
12660
12766
12768
12770
12771
12772
12773
12774
12776
12780
12783
12784
12788
12791
12889
12891
12894
12895
12897
12902
12904
12909
12911
12912
12913
12915
12917
12920
12921
12922
12923
12925
13011
13012
13015
13016
13017
13021
13023
13025
13026
13030
13031
13032
13034
13035
13036
13038
13043
13045
13048
13049
13134
13137
13138
13139
13140
13142
13143
13144
13148
13150
13152
13156
13163
13165
13166
13167
13170
13172
13173
13174
13178
13259
13262
13264
13267
13270
13272
13275
13276
13277
13278
13283
13285
13290
13293
13295
13296
13297
13299
13300
13302
13304
13388
13389
13390
13391
13397
13399
13400
13401
13405
13406
13408
13410
13412
13413
13414
13415
13416
13420
13421
13424
13425
13428
13511
13514
13516
13517
13518
13519
13521
13523
13525
13526
13531
13532
13535
13536
13537
13538
13540
13541
13542
13543
13545
13551
13637
13642
13643
13645
13658
13659
13663
13667
13671
13771
13772
13775
13777
13779
13786
13788
13792
13793
13901
