12
16
17
20
21
22
23
25
26
27
28
31
35
36
37
38
41
46
48
50
51
137
140
142
146
147
151
153
156
157
158
159
160
163
164
165
166
167
168
169
175
263
264
265
266
268
270
272
276
278
280
281
282
285
287
288
290
291
292
293
294
295
298
388
393
395
396
400
401
402
404
405
406
407
410
411
413
415
416
515
517
518
519
523
525
530
531
532
533
534
537
538
541
542
543
544
545
546
642
644
645
647
648
650
651
652
655
661
664
665
668
669
778
785
5646
5652
5653
5654
5655
5657
5659
5660
5666
5765
5770
5772
5774
5780
5781
5786
5787
5790
5889
5895
5898
5899
5900
5901
5902
5904
5906
5912
5913
5920
5921
5925
6011
6014
6015
6016
6022
6024
6025
6027
6029
6030
6032
6034
6038
6040
6042
6043
6045
6050
6053
6135
6137
6139
6140
6141
6143
6147
6148
6149
6151
6155
6157
6158
6160
6166
6167
6173
6262
6267
6268
6275
6276
6279
6280
6283
6284
6286
6287
6289
6290
6292
6293
6295
6296
6301
6386
6387
6388
6389
6390
6391
6393
6394
6395
6396
6398
6399
6402
6403
6405
6406
6408
6409
6410
6411
6415
6419
6420
6421
6426
6427
6428
6515
6519
6523
6528
6535
6536
6537
6539
6540
6541
6543
6546
6550
6552
6637
6638
6639
6641
6644
6646
6648
6654
6658
6660
6661
6663
6667
6668
6673
6766
6767
6770
6772
6775
6776
6777
6780
6782
6784
6786
6791
6897
6901
6903
6906
6910
6914
6915
6916
11897
11898
11899
11900
11901
11903
11905
11911
11912
11913
11915
12022
12024
12025
12028
12030
12034
12035
12037
12040
12041
12043
12139
12141
12144
12145
12146
12147
12150
12156
12158
12161
12162
12169
12170
12172
12264
12270
12271
12272
12279
12280
12282
12283
12284
12286
12287
12289
12294
12295
12388
12389
12390
12391
12394
12397
12399
12408
12409
12410
12412
12413
12415
12417
12420
12515
12518
12520
12521
12525
12526
12527
12529
12530
12534
12641
12642
12644
12646
12649
12650
12652
12653
12655
12659
12660
12661
12662
12664
12665
12667
12668
12670
12671
12672
12771
12772
12775
12777
12781
12782
12783
12785
12786
12788
12792
