517
522
523
524
525
527
528
530
531
532
533
534
536
537
541
544
638
639
641
642
643
644
647
648
649
653
656
659
660
668
669
671
673
760
761
765
766
767
770
772
776
777
781
785
786
787
789
790
791
792
793
794
797
798
799
803
885
888
893
894
895
897
899
900
901
904
907
908
910
911
913
914
922
923
925
928
1009
1011
1016
1017
1018
1019
1020
1024
1025
1027
1029
1033
1036
1040
1041
1043
1044
1045
1047
1137
1143
1145
1146
1148
1152
1154
1155
1161
1162
1163
1165
1166
1167
1168
1170
1171
1173
1175
1176
1271
1273
1274
1275
1280
1282
1287
1292
2901
2902
2907
2908
2909
2911
2913
3019
3022
3026
3028
3030
3036
3042
3044
3045
3047
3140
3141
3145
3146
3147
3152
3153
3155
3158
3163
3164
3165
3170
3172
3173
3174
3261
3262
3264
3266
3267
3268
3273
3274
3275
3276
3281
3284
3285
3286
3289
3290
3292
3295
3302
3385
3387
3388
3390
3391
3393
3396
3397
3398
3400
3403
3409
3411
3413
3415
3416
3417
3419
3420
3421
3423
3427
3511
3512
3513
3515
3516
3517
3518
3520
3524
3527
3531
3532
3538
3540
3541
3542
3543
3544
3547
3548
3551
3552
3553
3646
3647
3649
3650
3654
3655
3656
3658
3659
3661
3662
3663
3666
3668
3669
3673
3675
3767
3771
3772
3788
3792
3793
5408
5409
5519
5522
5523
5526
5528
5529
5532
5533
5534
5536
5537
5542
5644
5645
5646
5647
5648
5651
5652
5654
5655
5656
5657
5658
5659
5660
5662
5663
5665
5668
5669
5672
5673
5674
5760
5763
5768
5769
5770
5771
5774
5775
5776
5778
5779
5780
5783
5786
5787
5790
5792
5794
5796
5797
5798
5799
5800
5801
5885
5886
5888
5893
5895
5897
5901
5902
5907
5909
5910
5914
5918
5920
5921
5923
5924
5925
5926
5927
5928
6010
6012
6013
6014
6015
6016
6020
6021
6024
6025
6030
6031
6034
6035
6036
6037
6038
6039
6044
6050
6138
6140
6142
6143
6146
6147
6153
6154
6155
6156
6157
6158
6159
6161
6162
6168
6174
6268
6269
6272
6276
6278
6279
6284
6292
6294
6405
6408
8022
8024
8029
8030
8031
8033
8034
8038
8039
8040
8144
8147
8148
8149
8151
8153
8155
8157
8161
8169
8171
8173
8263
8265
8266
8268
8270
8272
8275
8277
8280
8281
8282
8283
8284
8286
8288
8290
8292
8299
8300
8301
8302
8387
8388
8390
8395
8396
8399
8400
8401
8403
8404
8405
8408
8410
8415
8418
8419
8420
8421
8424
8427
8510
8512
8513
8514
8516
8518
8521
8523
8524
8525
8526
8528
8529
8531
8533
8534
8535
8536
8538
8543
8548
8639
8641
8643
8644
8648
8651
8653
8657
8658
8659
8670
8674
8765
8767
8768
8769
8771
8772
8775
8778
8779
8780
8783
8787
8791
8792
8793
8797
8905
8907
8908
10539
10541
10646
10648
10652
10655
10659
10660
10664
10665
10666
10667
10669
10762
10763
10764
10767
10773
10774
10776
10780
10781
10784
10785
10790
10791
10793
10795
10796
10798
10886
10891
10892
10898
10903
10904
10906
10907
10909
10911
10912
10913
10915
10916
10917
10921
10924
10925
10926
11011
11012
11013
11015
11016
11018
11019
11020
11030
11031
11032
11033
11034
11035
11038
11043
11045
11046
11047
11137
11147
11148
11149
11150
11151
11152
11153
11155
11157
11160
11163
11164
11166
11171
11174
11267
11271
11273
11274
11278
11279
11281
11286
11287
11288
11290
11291
11295
11296
13032
13033
13146
13149
13150
13152
13157
13161
13164
13166
13168
13267
13277
13278
13283
13285
13286
13287
13290
13293
13298
13392
13393
13397
13398
13403
13405
13407
13411
13412
13414
13415
13422
13423
13424
13514
13515
13521
13524
13529
13533
13534
13535
13536
13537
13538
13540
13541
13548
13549
13640
13641
13652
13655
13659
13662
13665
13667
13669
13670
13768
13771
13772
13777
13779
13786
13787
13788
13789
