1530
1532
1533
1646
1647
1653
1655
1656
1658
1661
1662
1665
1666
1773
1777
1781
1782
1786
1791
1793
1901
1905
1906
1907
1908
1909
1912
1914
3263
3264
3265
3269
3275
3276
3278
3284
3286
3287
3394
3395
3397
3399
3401
3402
3404
3405
3407
3408
3409
3410
3412
3413
3419
3509
3512
3514
3516
3518
3519
3522
3523
3526
3532
3534
3535
3536
3540
3551
3640
3645
3646
3650
3653
3656
3658
3659
3662
3663
3666
3669
3671
3672
3673
3770
3778
3779
3780
3781
3788
3791
4913
5017
5019
5022
5023
5024
5025
5026
5030
5031
5034
5036
5038
5039
5043
5136
5137
5138
5142
5144
5145
5148
5149
5150
5151
5153
5154
5156
5159
5162
5165
5166
5169
5262
5265
5267
5268
5270
5271
5272
5273
5276
5283
5284
5286
5288
5290
5293
5294
5295
5297
5300
5301
5391
5395
5398
5399
5400
5403
5405
5411
5412
5414
5415
5418
5419
5520
5526
5528
5529
5531
5533
5534
5542
