3022
3023
3024
3026
3027
3028
3031
3032
3033
3035
3041
3044
3045
3140
3147
3149
3156
3157
3159
3165
3167
3169
3171
3172
3175
3260
3263
3265
3272
3274
3275
3276
3277
3278
3279
3280
3285
3289
3292
3298
3299
3302
3384
3392
3393
3394
3395
3397
3401
3403
3407
3411
3413
3415
3416
3417
3421
3425
3511
3513
3515
3516
3518
3520
3522
3527
3528
3530
3532
3533
3535
3537
3540
3544
3545
3546
3551
3552
3553
3638
3639
3644
3646
3648
3651
3652
3653
3654
3656
3657
3660
3661
3663
3668
3669
3671
3672
3677
3770
3771
3775
3777
3778
3781
3783
3784
3787
3788
3792
3793
3796
3797
3798
3800
3895
3899
3901
3903
3905
3906
3907
3909
3913
3914
3917
7900
7901
7903
7904
7908
7913
7914
8023
8030
8031
8034
8035
8036
8038
8040
8043
8044
8045
8146
8149
8152
8154
8161
8166
8168
8169
8171
8268
8270
8271
8273
8274
8279
8280
8286
8288
8289
8290
8293
8294
8392
8396
8399
8400
8401
8403
8404
8405
8411
8412
8413
8414
8417
8523
8526
8539
8540
8542
8651
8652
8653
