2776
2779
2781
2784
2785
2894
2895
2896
2897
2899
2906
2908
2909
2914
2915
2916
2921
2924
3010
3011
3016
3018
3020
3021
3022
3023
3026
3028
3033
3034
3035
3036
3039
3040
3043
3045
3134
3136
3137
3141
3142
3144
3145
3146
3147
3148
3149
3152
3153
3157
3162
3163
3164
3165
3171
3172
3173
3175
3261
3262
3264
3265
3268
3272
3273
3276
3277
3283
3289
3291
3293
3295
3302
3387
3388
3389
3395
3399
3400
3402
3403
3404
3406
3416
3418
3419
3420
3422
3524
3526
3527
3529
3530
3533
3536
3537
3540
3541
8277
8279
8286
8291
8292
8295
8390
8391
8394
8395
8399
8400
8404
8405
8408
8410
8412
8413
8414
8417
8418
8419
8420
8421
8424
8521
8522
8523
8525
8526
8527
8529
8530
8532
8533
8536
8537
8540
8542
8544
8545
8547
8548
8549
8641
8650
8651
8653
8656
8658
8662
8663
8667
8672
8777
8782
8783
8784
10274
10275
10277
10281
10285
10287
10289
10290
10398
10399
10401
10402
10403
10404
10412
10415
10416
10417
10418
10419
10523
10526
10527
10529
10531
10532
10534
10535
10537
10538
10540
10646
10648
10651
10656
10659
