287
289
290
394
395
396
399
400
401
406
409
416
418
514
518
520
522
523
526
533
536
539
540
543
544
547
645
646
647
648
650
653
654
655
658
659
660
661
662
663
665
667
668
670
672
675
763
765
767
768
770
771
775
777
782
783
784
789
793
801
886
887
889
891
894
895
896
898
899
900
901
902
904
906
911
912
914
916
917
922
923
924
1015
1016
1018
1021
1023
1024
1025
1026
1027
1028
1033
1034
1036
1039
1041
1043
1045
1046
1048
1139
1140
1142
1143
1145
1146
1150
1151
1152
1155
1159
1161
1162
1164
1167
1172
1173
1174
1175
1266
1268
1269
1270
1271
1278
1281
1283
1288
1289
1293
1296
1297
1393
1398
1403
1407
1413
1417
1526
1530
1531
1533
1534
7524
7525
7528
7531
7536
7538
7643
7647
7648
7650
7654
7655
7656
7657
7658
7661
7663
7664
7666
7668
7669
7769
7770
7774
7775
7776
7784
7785
7786
7787
7791
7792
7796
7891
7892
7894
7896
7897
7899
7900
7903
7904
7907
7910
7914
7916
7918
7924
8017
8018
8024
8027
8029
8032
8036
8037
8041
8042
8043
8044
8045
8137
8138
8143
8147
8151
8152
8153
8154
8160
8162
8163
8164
8165
8172
8176
8264
8265
8266
8270
8273
8274
8275
8276
8278
8280
8281
8282
8283
8285
8286
8287
8291
8295
8296
8297
8301
8388
8389
8390
8396
8401
8402
8405
8408
8409
8410
8412
8416
8418
8419
8425
8513
8516
8524
8526
8527
8528
8530
8531
8532
8535
8536
8537
8539
8540
8542
8543
8544
8545
8548
8636
8638
8639
8645
8647
8648
8651
8652
8655
8656
8661
8662
8663
8665
8671
8762
8763
8767
8768
8769
8772
8773
8774
8775
8776
8778
8779
8783
8784
8786
8787
8788
8789
8790
8791
8792
8797
8798
8799
8800
8890
8891
8892
8895
8897
8901
8902
8903
8906
8907
8913
8916
8919
8920
8925
8927
9011
9014
9015
9018
9019
9021
9028
9032
9035
9036
9040
9042
9044
9045
9046
9052
9137
9139
9140
9141
9142
9144
9145
9148
9150
9152
9154
9157
9160
9162
9163
9165
9169
9172
9173
9260
9261
9265
9267
9268
9269
9270
9272
9274
9275
9276
9278
9279
9280
9281
9285
9286
9288
9289
9294
9297
9300
9391
9392
9393
9394
9396
9397
9398
9400
9402
9404
9405
9406
9407
9410
9411
9414
9415
9416
9422
9424
9427
9510
9511
9513
9514
9515
9517
9520
9524
9528
9529
9530
9533
9534
9535
9538
9539
9540
9541
9544
9545
9548
9553
9636
9638
9639
9640
9641
9642
9643
9645
9646
9649
9650
9651
9653
9654
9655
9656
9657
9661
9664
9667
9670
9671
9676
9678
9764
9770
9771
9775
9777
9782
9783
9784
9785
9788
9789
9791
9795
9796
9801
9802
9889
9891
9893
9898
9899
9902
9905
9906
9907
9912
9915
9916
9918
9919
9920
9924
9926
10012
10013
10017
10018
10019
10020
10021
10023
10024
10026
10027
10033
10035
10037
10039
10041
10044
10046
10048
10050
10051
10052
10135
10138
10143
10144
10146
10149
10150
10151
10153
10154
10158
10159
10160
10161
10162
10167
10173
10263
10264
10265
10266
10267
10271
10272
10274
10275
10276
10277
10278
10282
10283
10284
10286
10288
10291
10292
10297
10300
10386
10388
10389
10390
10394
10395
10396
10398
10399
10401
10403
10405
10406
10407
10409
10410
10412
10414
10418
10419
10420
10423
10510
10518
10521
10523
10525
10528
10531
10534
10536
10538
10540
10541
10542
10543
10547
10636
10637
10638
10640
10641
10642
10644
10645
10646
10648
10649
10650
10652
10656
10657
10658
10660
10661
10664
10667
10668
10670
10761
10762
10767
10768
10772
10774
10775
10776
10778
10783
10785
10786
10787
10791
10792
10793
10794
10796
10799
10888
10891
10895
10897
10898
10901
10904
10905
10907
10908
10909
10910
10911
10914
10915
10916
10920
10922
10923
10925
11016
11017
11019
11020
11024
11025
11026
11028
11030
11031
11033
11035
11038
11039
11042
11044
11046
11048
11138
11140
11143
11144
11148
11149
11154
11155
11157
11158
11160
11161
11162
11166
11170
11173
11263
11265
11268
11270
11271
11274
11275
11276
11280
11281
11282
11289
11293
11295
11297
11299
11389
11394
11396
11397
11399
11401
11402
11403
11404
11406
11407
11417
11418
11421
11513
11514
11515
11516
11519
11521
11522
11524
11527
11532
11533
11534
11536
11539
11541
11544
11547
11641
11642
11643
11644
11646
11647
11648
11649
11650
11652
11653
11654
11661
11664
11668
11768
11769
11771
11773
11774
11775
11778
11779
11783
11784
11785
11788
11790
11791
11793
11794
11796
11894
11896
11898
11900
11903
11905
11906
11907
11908
11909
11910
11911
11912
11914
11916
11920
11922
12023
12024
12028
12031
12033
12034
12036
12037
12040
12041
12042
12147
12150
12151
12156
12157
12163
12164
12270
12272
12274
12275
12276
12277
12280
12281
12286
12288
12289
12290
12291
12292
12293
12395
12398
12400
12402
12403
12406
12408
12411
12415
12418
12527
12528
12529
12530
12531
12532
12537
19274
19277
19282
19394
19396
19397
19401
19402
19404
19407
19408
19410
19411
19420
19516
19525
19526
19529
19530
19531
19532
19534
19536
19543
19545
19547
19640
19645
19646
19647
19652
19655
19656
19659
19660
19662
19663
19664
19665
19668
19671
19672
19673
19674
19764
19765
19766
19769
19772
19778
19779
19781
19784
19785
19787
19788
19789
19790
19794
19795
19799
19889
19890
19892
19893
19897
19898
19899
19900
19902
19903
19906
19907
19910
19913
19915
19916
19919
19921
19922
20020
20022
20025
20027
20029
20030
20033
20037
20042
20044
20045
20149
20151
20152
20154
20276
20278
20282
20284
20288
