4030
4032
4033
4144
4145
4147
4151
4152
4153
4155
4157
4158
4159
4160
4162
4164
4165
4169
4274
4278
4279
4280
4281
4283
4286
4289
4290
4291
4293
6270
6271
6277
6280
6282
6286
6291
6294
6393
6394
6395
6398
6399
6400
6405
6409
6410
6411
6413
6417
6418
6419
6420
6423
6511
6512
6519
6520
6521
6522
6523
6524
6525
6527
6528
6529
6530
6532
6537
6538
6544
6545
6548
6549
6552
6635
6637
6643
6644
6646
6648
6649
6651
6653
6661
6664
6668
6670
6678
6760
6761
6762
6765
6766
6767
6770
6771
6777
6778
6779
6781
6783
6784
6786
6787
6788
6789
6790
6793
6795
6796
6797
6798
6799
6800
6803
6893
6894
6895
6897
6898
6901
6903
6907
6909
6910
6913
6915
6916
6918
6919
6922
6923
6924
6927
7012
7013
7015
7016
7018
7019
7022
7025
7026
7030
7031
7033
7034
7038
7040
7041
7042
7047
7049
7050
7139
7140
7142
7144
7146
7147
7150
7151
7153
7154
7160
7162
7163
7166
7168
7173
7174
7269
7271
7272
7274
7276
7281
7282
7289
7291
13027
13028
13030
13031
13032
13034
13036
13038
13150
13154
13157
13160
13161
13165
13168
13170
13269
13271
13273
13275
13276
13278
13286
13289
13290
13291
13297
13298
13299
13388
13390
13393
13394
13395
13396
13404
13405
13406
13408
13409
13410
13412
13413
13414
13423
13513
13514
13516
13518
13519
13526
13527
13528
13529
13533
13537
13539
13543
13548
13549
13643
13649
13651
13654
13655
13657
13658
13659
13668
13671
13672
13766
13770
13774
13776
13780
13784
13786
13792
13900
13902
13904
13905
13906
