5283
5396
5399
5400
5403
5405
5407
5410
5412
5417
5521
5524
5525
5527
5532
5533
5537
5539
5542
5645
5648
5650
5651
5653
5657
5658
5660
5662
5667
5668
5774
5775
5780
5781
5787
8026
8029
8032
8033
8035
8037
8150
8151
8154
8160
8161
8275
8279
8280
8281
8285
8400
8403
8404
8408
8410
8524
8525
8527
8529
8530
8537
8544
8548
8642
8643
8644
8647
8649
8654
8655
8657
8659
8663
8668
8671
8765
8767
8769
8772
8773
8775
8777
8780
8785
8788
8790
8791
8793
8797
8892
8897
8898
8901
8902
8903
8904
8906
8907
8912
8914
8919
8921
8923
9017
9020
9021
9030
9033
9034
9035
9036
9039
9043
9044
9047
9049
9135
9138
9139
9141
9147
9149
9151
9152
9155
9158
9159
9161
9164
9165
9167
9174
9176
9177
9260
9263
9266
9268
9271
9272
9274
9279
9282
9284
9285
9290
9291
9299
9302
9303
9385
9386
9388
9392
9393
9395
9399
9400
9403
9404
9409
9410
9411
9412
9421
9425
9427
9513
9514
9517
9519
9522
9530
9533
9534
9535
9538
9540
9541
9546
9549
9632
9633
9638
9641
9642
9644
9648
9651
9655
9656
9657
9658
9660
9663
9664
9665
9669
9671
9672
9676
9679
9760
9764
9765
9766
9768
9769
9774
9775
9778
9782
9785
9786
9791
9799
9801
9805
9882
9886
9887
9889
9890
9898
9902
9906
9907
9908
9909
9910
9912
9915
9920
9922
9923
9925
9926
9927
9928
9931
10009
10010
10013
10018
10019
10021
10022
10025
10026
10033
10034
10035
10037
10041
10043
10045
10046
10048
10050
10051
10055
10136
10137
10142
10143
10147
10149
10150
10153
10155
10158
10163
10169
10170
10171
10172
10176
10178
10179
10183
10254
10255
10257
10259
10261
10263
10264
10265
10266
10271
10272
10274
10276
10279
10283
10288
10291
10292
10293
10295
10296
10297
10298
10300
10301
10304
10305
10308
10379
10380
10383
10384
10387
10390
10391
10392
10394
10395
10397
10398
10400
10408
10410
10413
10414
10420
10422
10424
10427
10428
10430
10505
10509
10511
10515
10516
10519
10521
10524
10526
10527
10528
10533
10534
10537
10539
10543
10544
10546
10549
10550
10552
10554
10555
10556
10628
10630
10631
10639
10643
10649
10650
10651
10653
10654
10657
10658
10659
10661
10662
10663
10666
10668
10671
10676
10677
10680
10682
10684
10754
10756
10763
10765
10766
10768
10771
10773
10774
10775
10779
10781
10783
10784
10788
10789
10790
10794
10797
10802
10805
10807
10883
10886
10888
10892
10893
10894
10895
10897
10899
10900
10904
10905
10907
10909
10910
10912
10913
10915
10916
10918
10923
10924
10928
10929
10930
10931
10933
11006
11010
11014
11015
11019
11021
11025
11026
11027
11028
11029
11030
11031
11033
11036
11037
11038
11039
11040
11047
11048
11049
11052
11054
11055
11056
11132
11138
11139
11146
11147
11149
11151
11152
11153
11154
11155
11156
11158
11161
11162
11165
11166
11168
11170
11171
11173
11181
11182
11255
11258
11263
11264
11266
11268
11271
11273
11274
11275
11278
11280
11283
11284
11289
11290
11296
11298
11299
11381
11386
11388
11389
11390
11391
11396
11397
11400
11403
11404
11405
11408
11409
11410
11411
11414
11415
11416
11417
11419
11426
11427
11432
11433
11506
11507
11511
11513
11515
11516
11518
11519
11520
11522
11526
11528
11530
11536
11537
11539
11541
11543
11547
11549
11551
11553
11555
11556
11640
11644
11645
11647
11650
11651
11653
11657
11658
11659
11660
11661
11662
11664
11666
11669
11670
11673
11674
11683
11756
11757
11758
11761
11762
11764
11765
11766
11769
11771
11773
11775
11778
11779
11780
11781
11787
11788
11789
11794
11796
11797
11798
11803
11804
11805
11808
11880
11881
11886
11896
11898
11899
11900
11905
11907
11908
11911
11913
11915
11916
11917
11918
11919
11920
11921
11922
11924
11926
12006
12016
12018
12019
12024
12026
12028
12032
12034
12036
12039
12040
12041
12042
12043
12045
12047
12048
12049
12050
12052
12133
12136
12143
12145
12150
12151
12152
12154
12155
12157
12160
12162
12163
12164
12167
12169
12171
12172
12175
12178
12259
12264
12265
12267
12270
12271
12273
12278
12283
12289
12292
12293
12296
12298
12299
12305
12384
12392
12393
12394
12395
12396
12399
12400
12401
12403
12406
12410
12412
12414
12417
12421
12422
12423
12425
12426
12427
12429
12512
12517
12518
12526
12527
12530
12533
12534
12537
12541
12542
12544
12546
12547
12550
12641
12644
12646
12647
12649
12651
12658
12664
12665
12666
12770
12771
12777
12778
12779
12780
14774
14777
14778
14779
14780
14782
14784
14785
14788
14796
14893
14894
14895
14897
14899
14901
14902
14904
14911
14912
14913
14915
14924
15016
15021
15022
15028
15029
15030
15032
15036
15037
15042
15044
15050
15139
15143
15144
15149
15152
15153
15156
15157
15164
15166
15167
15169
15170
15173
15177
15261
15266
15269
15270
15271
15272
15274
15276
15279
15280
15281
15282
15289
15295
15300
15387
15389
15391
15392
15393
15394
15396
15398
15399
15402
15403
15405
15406
15410
15414
15415
15416
15418
15424
15517
15518
15519
15522
15525
15527
15528
15529
15533
15534
15537
15543
15544
15545
15546
15548
15645
15646
15650
15651
15652
15653
15660
15661
15663
15664
15665
15667
