3525
3529
3531
3532
3533
3536
3538
3541
3647
3648
3650
3654
3655
3656
3660
3661
3663
3665
3772
3775
3778
3779
3783
3784
3787
3893
3894
3895
3896
3900
3905
3907
3909
3911
3912
3916
3917
4021
4023
4026
4027
4029
4033
4037
4038
4041
4154
4156
7528
7529
7534
7535
7536
7648
7649
7653
7654
7660
7661
7663
7664
7666
7768
7770
7772
7773
7774
7777
7779
7781
7784
7785
7790
7793
7797
7892
7893
7896
7897
7902
7904
7905
7906
7907
7908
7913
7914
7917
7920
7921
8018
8023
8025
8026
8027
8031
8033
8035
8036
8037
8038
8040
8043
8044
8141
8145
8147
8149
8150
8152
8153
8156
8157
8158
8160
8161
8162
8163
8164
8165
8167
8173
8174
8175
8176
8262
8270
8272
8276
8277
8279
8280
8281
8282
8284
8285
8289
8292
8295
8297
8298
8299
8300
8301
8389
8390
8392
8393
8396
8398
8399
8404
8405
8406
8408
8410
8414
8415
8416
8419
8421
8513
8514
8522
8524
8525
8526
8527
8528
8529
8530
8533
8534
8535
8539
8544
8545
8546
8548
8551
8552
8554
8636
8639
8640
8644
8645
8647
8648
8650
8652
8653
8656
8657
8658
8659
8660
8662
8663
8665
8666
8667
8669
8671
8676
8677
8678
8759
8761
8762
8765
8769
8771
8773
8774
8775
8776
8781
8786
8787
8789
8791
8793
8798
8800
8801
8802
8804
8884
8885
8894
8898
8900
8901
8903
8905
8907
8910
8913
8915
8916
8917
8918
8921
8923
8924
8926
8929
9013
9019
9021
9024
9030
9031
9032
9033
9034
9036
9040
9043
9044
9045
9047
9048
9132
9134
9136
9138
9141
9142
9145
9147
9149
9150
9154
9155
9156
9157
9159
9160
9161
9164
9166
9167
9168
9169
9171
9174
9175
9176
9177
9181
9257
9258
9266
9267
9268
9271
9272
9274
9276
9278
9280
9284
9285
9290
9292
9293
9294
9295
9296
9297
9298
9300
9301
9303
9383
9384
9389
9390
9392
9399
9401
9408
9411
9415
9416
9418
9419
9420
9421
9426
9508
9509
9512
9514
9517
9520
9525
9530
9531
9532
9535
9537
9540
9542
9543
9544
9547
9548
9551
9633
9636
9639
9642
9643
9645
9649
9652
9653
9654
9655
9657
9659
9662
9663
9671
9673
9674
9675
9676
9677
9680
9755
9756
9758
9763
9764
9765
9766
9768
9772
9775
9777
9778
9780
9781
9785
9787
9789
9793
9796
9802
9806
9881
9884
9885
9886
9889
9893
9894
9895
9901
9907
9908
9911
9913
9914
9915
9917
9924
9925
9931
10005
10010
10020
10022
10028
10029
10030
10031
10032
10035
10037
10039
10040
10041
10046
10049
10053
10056
10129
10138
10142
10144
10148
10151
10156
10157
10160
10162
10163
10164
10165
10166
10168
10169
10174
10177
10180
10254
10255
10266
10269
10274
10276
10277
10279
10281
10283
10287
10288
10289
10290
10291
10292
10294
10295
10296
10297
10299
10379
10380
10382
10389
10396
10398
10401
10405
10407
10408
10410
10412
10413
10414
10415
10418
10419
10423
10427
10433
10504
10506
10514
10516
10521
10522
10523
10524
10526
10527
10528
10533
10537
10538
10540
10549
10550
10551
10552
10559
10630
10633
10634
10636
10637
10639
10643
10644
10648
10649
10650
10656
10658
10659
10661
10663
10665
10669
10670
10671
10672
10675
10676
10754
10755
10761
10764
10765
10766
10769
10774
10775
10776
10777
10779
10780
10781
10783
10786
10789
10792
10795
10796
10797
10802
10803
10804
10805
10807
10808
10880
10886
10891
10896
10898
10899
10900
10904
10907
10909
10912
10913
10914
10915
10917
10919
10921
10922
10923
10926
10931
10932
10933
11004
11007
11008
11012
11016
11017
11019
11020
11021
11023
11025
11027
11029
11030
11031
11032
11033
11034
11038
11040
11045
11047
11050
11132
11137
11142
11145
11148
11149
11150
11151
11152
11153
11154
11155
11156
11157
11159
11160
11161
11164
11166
11168
11171
11175
11178
11182
11183
11253
11259
11261
11263
11266
11267
11268
11272
11274
11277
11278
11281
11282
11285
11287
11288
11289
11290
11294
11296
11297
11299
11302
11305
11308
11381
11383
11386
11388
11389
11391
11392
11393
11396
11397
11399
11400
11401
11405
11412
11413
11417
11418
11422
11426
11430
11431
11434
11505
11513
11516
11517
11521
11523
11525
11526
11527
11529
11533
11534
11535
11536
11539
11542
11545
11547
11550
11554
11559
11634
11635
11642
11643
11645
11647
11652
11653
11654
11655
11657
11658
11661
11662
11665
11669
11670
11671
11673
11675
11676
11677
11762
11768
11771
11773
11774
11775
11777
11779
11782
11783
11785
11786
11788
11789
11793
11794
11795
11797
11800
11802
11806
11807
11882
11886
11889
11891
11895
11896
11897
11898
11899
11902
11903
11905
11906
11907
11908
11909
11911
11914
11917
11920
11921
11922
11924
11925
11927
11928
11930
12005
12006
12007
12010
12012
12013
12015
12016
12019
12022
12027
12030
12032
12033
12034
12035
12036
12040
12042
12043
12048
12053
12054
12131
12135
12136
12138
12139
12140
12141
12142
12143
12144
12146
12147
12148
12149
12152
12153
12155
12157
12161
12162
12163
12164
12169
12173
12175
12176
12182
12256
12257
12259
12263
12265
12266
12269
12270
12271
12273
12274
12275
12277
12287
12288
12289
12291
12292
12293
12295
12301
12302
12304
12307
12383
12386
12387
12392
12394
12396
12397
12398
12400
12402
12403
12405
12406
12407
12410
12412
12415
12418
12420
12421
12425
12426
12427
12433
12508
12512
12516
12519
12524
12530
12531
12532
12533
12543
12544
12545
12546
12551
12554
12555
12556
12631
12633
12634
12636
12644
12645
12646
12647
12648
12650
12653
12654
12655
12656
12658
12660
12661
12663
12664
12665
12666
12667
12668
12669
12670
12672
12676
12677
12679
12759
12761
12766
12771
12772
12774
12775
12776
12777
12779
12780
12782
12783
12788
12790
12792
12796
12798
12800
12889
12892
12894
12895
12896
12897
12899
12904
12905
12907
12909
12913
12915
12917
12919
12923
13014
13015
13017
13018
13022
13024
13025
13028
13033
13034
13035
13036
13039
13040
13041
13146
13147
13150
13151
13153
13157
13158
13160
13169
13276
13280
13282
