4398
4403
4405
4406
4409
4411
4414
4519
4523
4524
4527
4530
4533
4535
4541
4542
4543
4544
4644
4645
4646
4649
4653
4655
4656
4657
4658
4662
4664
6019
6025
6026
6028
6031
6034
6038
6039
6040
6041
6043
6044
6136
6139
6144
6148
6150
6155
6156
6157
6159
6160
6161
6163
6165
6166
6167
6168
6169
6172
6174
6175
6262
6266
6268
6269
6270
6273
6275
6277
6279
6280
6283
6286
6290
6291
6294
6300
6302
6387
6389
6392
6393
6394
6395
6397
6399
6402
6405
6406
6408
6409
6410
6411
6412
6413
6416
6424
6425
6513
6515
6517
6522
6524
6526
6528
6530
6531
6533
6535
6537
6540
6543
7778
7779
7781
7784
7786
7787
7889
7892
7894
7895
7897
7898
7899
7903
7906
7907
7908
7911
7912
7918
7919
7920
7922
7924
8012
8013
8015
8016
8017
8020
8025
8026
8027
8029
8032
8033
8037
8040
8045
8046
8049
8051
8139
8140
8141
8146
8150
8151
8154
8156
8157
8158
8161
8162
8164
8166
8170
8172
8269
8270
8274
8275
8277
8278
8279
8282
8283
8285
8286
8288
8289
8290
