  350450.0
  462550.0
  473450.0
  746650.0
  880750.0
  911550.0
 1463450.0
 1557650.0
 1848850.0
 2052950.0
 2163050.0
 2254850.0
 2488050.0
 2511550.0
 2542350.0
 2683150.0
 2904250.0
 3359250.0
 3686250.0
 3766950.0
 4274350.0
 4312950.0
 4492850.0
 4911450.0
 5015450.0
 5295150.0
 5667650.0
 6032250.0
 6806150.0
 7232850.0
 7374950.0
 7492850.0
 7522350.0
 7743550.0
 7894650.0
 8051450.0
 8157950.0
 8322850.0
 8390650.0
 8658150.0
 8749950.0
 8990950.0
 9597750.0
 9768050.0
 9848950.0
 9930950.0
 9946250.0
10222250.0
10276650.0
10551150.0
10781850.0
11022350.0
11044950.0
11448250.0
11559150.0
11586450.0
11816750.0
12032750.0
12551350.0
12762450.0
12898850.0
12975050.0
13075650.0
13251450.0
13637550.0
13748850.0
13885250.0
14177150.0
14611850.0
15083650.0
15131850.0
15440450.0
15562150.0
15585050.0
15587050.0
15641650.0
15685450.0
16141850.0
16615450.0
16620450.0
16803250.0
16978250.0
17537550.0
17542250.0
17555350.0
18012450.0
18319450.0
18423250.0
18423450.0
18430550.0
18652150.0
18684550.0
19061050.0
19134950.0
19526350.0
19768650.0
19771650.0
20019350.0
20397650.0
20520250.0
20566950.0
20675150.0
20846350.0
20939050.0
21013950.0
21116150.0
21237750.0
21371950.0
21652650.0
21831250.0
22021950.0
22037050.0
22412050.0
22418250.0
22591950.0
22744050.0
