  102350.0
  407850.0
  927350.0
  997250.0
 1021850.0
 1100050.0
 1430750.0
 1661350.0
 2028450.0
 2072750.0
 2114850.0
 2137750.0
 2145250.0
 2152950.0
 2555350.0
 2580350.0
 2836450.0
 2942150.0
 2951250.0
 3528250.0
 3976350.0
 4230350.0
 4235550.0
 4241550.0
 4310150.0
 4759550.0
 5203950.0
 5337850.0
 5821750.0
 6304450.0
 6330650.0
 6460550.0
 6587150.0
 7430250.0
 7784950.0
 8108650.0
 8165750.0
 8291050.0
 8364950.0
 8421850.0
 8480250.0
 8530450.0
 9122550.0
10393350.0
10581650.0
10591950.0
10717850.0
10754350.0
10813650.0
10975150.0
11308750.0
11357850.0
11384150.0
11764550.0
11767750.0
11901950.0
11911950.0
12038650.0
12275050.0
12393650.0
12419350.0
12798250.0
12912750.0
12951350.0
13069950.0
13217650.0
13431650.0
13431850.0
13578750.0
13590050.0
13987650.0
14208450.0
14297550.0
14986950.0
15159050.0
15202750.0
15482250.0
15673250.0
15804350.0
16118550.0
16331850.0
16701350.0
16846750.0
17031750.0
17038950.0
17087350.0
17477350.0
17576850.0
17761950.0
18072250.0
18232750.0
18588650.0
18722650.0
18845850.0
19120950.0
19254250.0
19621850.0
19623650.0
19954850.0
20064150.0
20263050.0
20337650.0
20343550.0
20451250.0
20734150.0
20954150.0
21045750.0
21412750.0
21524550.0
22740550.0
