   54550.0
   92150.0
  272450.0
  571950.0
  681950.0
 1067250.0
 1244650.0
 1399350.0
 1529150.0
 1913850.0
 2123350.0
 2150850.0
 2242650.0
 2257250.0
 2534550.0
 2544650.0
 2570350.0
 2628350.0
 2645750.0
 2677250.0
 2755650.0
 2994450.0
 3074550.0
 3175150.0
 3190150.0
 3256550.0
 3407350.0
 3426850.0
 3584150.0
 4096850.0
 4150250.0
 4231750.0
 4331150.0
 4495850.0
 4981750.0
 5214350.0
 5407550.0
 5661050.0
 5727050.0
 5840750.0
 6011950.0
 6164550.0
 6279950.0
 6399950.0
 6427250.0
 6438150.0
 6592850.0
 6664250.0
 6702350.0
 6923550.0
 7028850.0
 7075050.0
 7181750.0
 7188250.0
 7447650.0
 7510450.0
 7640150.0
 7654150.0
 8071250.0
 8160150.0
 8543250.0
 9245250.0
10015750.0
10345950.0
10799650.0
10916150.0
10935650.0
10953550.0
11106350.0
11401050.0
11570450.0
11680050.0
11873650.0
12230550.0
12303550.0
12422550.0
12468750.0
12507550.0
12508350.0
12619050.0
12679850.0
12760850.0
12821350.0
12850450.0
13076850.0
13356150.0
13550550.0
13575250.0
13853550.0
13949150.0
14312750.0
14382550.0
14625850.0
14640750.0
14779450.0
14819750.0
14879250.0
15245050.0
15259850.0
15311150.0
15406250.0
15679950.0
15749550.0
15842750.0
16051050.0
16309150.0
16624650.0
17043750.0
17049050.0
17464150.0
17854650.0
17883150.0
18499150.0
19180150.0
19461850.0
19528250.0
19650550.0
19854750.0
20254250.0
20385050.0
20477450.0
20628150.0
20703750.0
20864250.0
20974550.0
21260850.0
21274850.0
21468350.0
22229450.0
22487650.0
22539150.0
22740450.0
22816450.0
