  207950.0
  842050.0
 1425150.0
 1437050.0
 1484750.0
 1503350.0
 1570550.0
 1865850.0
 1957250.0
 2129150.0
 2129850.0
 2166350.0
 2254950.0
 2518450.0
 2651350.0
 3147150.0
 3405050.0
 3443350.0
 3609250.0
 3905450.0
 4010250.0
 4363250.0
 4641850.0
 4724750.0
 4768550.0
 5029550.0
 5235650.0
 5568550.0
 5847550.0
 5866250.0
 6111850.0
 6387050.0
 6507450.0
 7143150.0
 7168050.0
 7460650.0
 7568250.0
 7672650.0
 7700950.0
 7726850.0
 7857450.0
 7890650.0
 7944450.0
 8448750.0
 8456250.0
 8777850.0
 8884550.0
 9062350.0
 9120350.0
 9339250.0
 9373850.0
 9526750.0
 9733050.0
 9997150.0
10119050.0
10472050.0
10515550.0
10521650.0
10566550.0
10681950.0
10900450.0
11477750.0
11741050.0
12021050.0
12776550.0
13234750.0
13323950.0
13459350.0
13522050.0
13646150.0
13901250.0
13952050.0
14061050.0
14108350.0
14380050.0
14941650.0
15271350.0
15414150.0
15573750.0
15642550.0
15785150.0
15947750.0
15989450.0
16185850.0
16596350.0
16628250.0
16682150.0
17700150.0
17926250.0
18353050.0
18601550.0
18673550.0
19286750.0
19584050.0
19778950.0
20160750.0
20163550.0
20177250.0
20257550.0
20264850.0
20307150.0
20897750.0
20961050.0
21206650.0
21761250.0
21965250.0
22054250.0
22118050.0
22858750.0
