   50050.0
  216150.0
  577550.0
  757050.0
  818350.0
 1414350.0
 1584250.0
 1621650.0
 1839950.0
 1880250.0
 1893950.0
 1992350.0
 1998650.0
 2258050.0
 2395350.0
 2854850.0
 3018650.0
 3043250.0
 3069750.0
 3150050.0
 3323950.0
 3405750.0
 3522150.0
 3664450.0
 3724150.0
 4185150.0
 4579450.0
 4828750.0
 5157050.0
 5516850.0
 6246150.0
 6442150.0
 6522750.0
 7378350.0
 7383050.0
 7480550.0
 7719050.0
 7746050.0
 7847050.0
 8370850.0
 8371850.0
 8548250.0
 8870850.0
10896750.0
10929750.0
11510250.0
12250250.0
12813250.0
12925350.0
12963050.0
13102650.0
13122350.0
13168750.0
13301350.0
13330450.0
13385250.0
13539250.0
13729350.0
13777850.0
13838250.0
13899150.0
14199950.0
14367350.0
14460150.0
14763150.0
14912050.0
15032750.0
15932450.0
15947150.0
15969250.0
16118550.0
16189950.0
16230150.0
16418850.0
16463950.0
16766750.0
17327550.0
17930750.0
17967550.0
18050350.0
18055550.0
18150550.0
18286150.0
18491450.0
18506050.0
18737150.0
18792150.0
19112850.0
19538150.0
19729650.0
20012950.0
20197850.0
20557750.0
20673050.0
20699650.0
20757650.0
20789450.0
21415750.0
21661250.0
21684750.0
21740950.0
21879750.0
22099750.0
22211850.0
22275950.0
22631250.0
22796150.0
