  695750.0
  727250.0
 1028050.0
 1193850.0
 1349950.0
 1381350.0
 1992350.0
 2688350.0
 2726850.0
 3128150.0
 3261550.0
 3273750.0
 3322350.0
 3464550.0
 3676050.0
 3746250.0
 3764350.0
 3875750.0
 4571250.0
 4916050.0
 4986150.0
 5087650.0
 5181450.0
 5242650.0
 5254250.0
 5467350.0
 5495150.0
 5601050.0
 5666950.0
 5723950.0
 5748550.0
 5853750.0
 5975350.0
 6060950.0
 6120650.0
 6171950.0
 6210950.0
 6248150.0
 6351950.0
 6369550.0
 6557150.0
 6843850.0
 7016250.0
 7281750.0
 7473450.0
 7594950.0
 7667950.0
 7883650.0
 7888950.0
 7902050.0
 8399050.0
 8730150.0
 9104150.0
 9423950.0
 9504550.0
 9620850.0
10085350.0
10114650.0
10341150.0
10715550.0
10760750.0
10811050.0
10826650.0
10846150.0
11192050.0
11566350.0
11906350.0
11994650.0
12218050.0
12284550.0
12640150.0
12662050.0
12843650.0
13092750.0
13191350.0
13254150.0
13300750.0
13326950.0
13551450.0
13557650.0
13587450.0
13949850.0
14608250.0
14668050.0
15865150.0
16093850.0
16208150.0
16419650.0
16692850.0
16792750.0
17757550.0
18065750.0
18214350.0
18379350.0
18404950.0
18522950.0
18596550.0
18780650.0
18922050.0
19024350.0
19050750.0
19172050.0
19376850.0
19914850.0
20233450.0
20374150.0
20635350.0
20727550.0
20748150.0
20768750.0
21025050.0
21184250.0
21227050.0
21304050.0
21411650.0
21603350.0
21818150.0
22130350.0
22236750.0
22250550.0
22251250.0
22395050.0
22652050.0
22943550.0
