   70450.0
  366450.0
  511950.0
  556250.0
  781250.0
  840850.0
 1052050.0
 1183650.0
 1253950.0
 1294450.0
 1677450.0
 1865250.0
 2011750.0
 2158950.0
 2496450.0
 2550350.0
 2579350.0
 2675050.0
 2734250.0
 2939850.0
 3192150.0
 3238150.0
 3262050.0
 3979950.0
 4065650.0
 4714150.0
 4861350.0
 4882750.0
 4939750.0
 5038750.0
 5129150.0
 5198250.0
 5648950.0
 5764650.0
 5925450.0
 6235350.0
 6586550.0
 6724450.0
 6730550.0
 7062550.0
 7132050.0
 7297050.0
 7912550.0
 7986650.0
 8001250.0
 8343350.0
 8735850.0
 8780950.0
 8899950.0
 9052250.0
 9216150.0
 9614650.0
 9683150.0
 9769850.0
 9802650.0
 9955550.0
10026950.0
10166950.0
10272050.0
10274750.0
10566550.0
10626850.0
10661950.0
10859450.0
11020850.0
11265650.0
11624850.0
11679850.0
11862350.0
12033750.0
12334350.0
12367850.0
12587550.0
12828050.0
13193450.0
13779450.0
14112150.0
14155050.0
14172650.0
14262250.0
14278750.0
14662250.0
14759050.0
15211550.0
15552450.0
15703550.0
15936650.0
15957850.0
16013350.0
16223850.0
16262550.0
16385950.0
16530250.0
16816250.0
16958650.0
17101850.0
17569550.0
17570250.0
17609550.0
17745650.0
17906850.0
17977050.0
18038950.0
18115150.0
18205250.0
18328850.0
18532650.0
18603250.0
18705550.0
18732450.0
18826550.0
18971350.0
19308850.0
19654050.0
19687750.0
19748450.0
19843550.0
19954350.0
20195050.0
20232250.0
20288550.0
20354850.0
20423050.0
20433350.0
20972750.0
21165150.0
21393450.0
21569250.0
21691550.0
22249050.0
22488350.0
22537250.0
22570650.0
22831950.0
