   54650.0
   66150.0
  320750.0
  433350.0
  445050.0
  522950.0
  607550.0
  963850.0
 1213350.0
 1261450.0
 1309050.0
 2058650.0
 2155250.0
 2360650.0
 2363350.0
 2446850.0
 2591650.0
 2751450.0
 2890050.0
 2968750.0
 2987650.0
 3059250.0
 3599750.0
 3733650.0
 4195950.0
 4267150.0
 4315650.0
 4481950.0
 4748050.0
 4805650.0
 4952650.0
 5751850.0
 5994350.0
 6075950.0
 6112150.0
 6240650.0
 6357550.0
 6508950.0
 6832250.0
 6945950.0
 7329950.0
 7473450.0
 7801450.0
 8432550.0
 8434950.0
 8543050.0
 8953750.0
 9224250.0
 9463050.0
10044550.0
10228550.0
10272550.0
10325850.0
10442550.0
10754250.0
10817050.0
11167050.0
11820750.0
11946350.0
12539350.0
12856650.0
13243050.0
13291750.0
13450950.0
13523350.0
13760850.0
14249650.0
14467750.0
14585750.0
14799450.0
14805850.0
14818850.0
14952750.0
14971350.0
15006650.0
15046250.0
15300850.0
15460750.0
15524950.0
15606650.0
15817650.0
15889950.0
16091750.0
16153650.0
16533450.0
16810150.0
16856850.0
17519150.0
17624950.0
17884650.0
17960450.0
18162150.0
18653850.0
18741850.0
18821050.0
19057850.0
19224450.0
19742850.0
19867850.0
19907450.0
20234050.0
20689150.0
20842750.0
20949350.0
21659850.0
21726950.0
21731150.0
22026550.0
22090150.0
22577150.0
22720950.0
22730350.0
22800250.0
22804350.0
