  108150.0
  243850.0
  288850.0
  534850.0
  541750.0
 1717450.0
 1744650.0
 1745250.0
 1829150.0
 1871350.0
 2089550.0
 2306050.0
 2326250.0
 2380950.0
 2928550.0
 3103250.0
 3200750.0
 3796850.0
 3877450.0
 4473750.0
 4875350.0
 4968650.0
 5087550.0
 5233750.0
 5346650.0
 5353150.0
 6462750.0
 6491350.0
 6501350.0
 6645150.0
 6753150.0
 7413150.0
 7494850.0
 7746350.0
 7967950.0
 8261350.0
 8303750.0
 8686650.0
 9009650.0
 9320250.0
 9398650.0
 9581550.0
 9919750.0
10006050.0
10121150.0
10544050.0
10553950.0
10560750.0
10607150.0
10777550.0
11487450.0
11873450.0
12250750.0
12497850.0
12512850.0
12574050.0
12606350.0
12965650.0
13273950.0
13392550.0
13488450.0
14003350.0
14140450.0
14251050.0
14524450.0
14805150.0
15258550.0
15323150.0
15440950.0
15772650.0
16021250.0
16133250.0
16421350.0
16521850.0
16720450.0
17346450.0
17401850.0
17462750.0
17483450.0
17554450.0
17923650.0
18303150.0
18658450.0
18731250.0
19211150.0
19352550.0
19471850.0
19676850.0
19750550.0
20050350.0
20075850.0
20089550.0
20327150.0
20416150.0
20445850.0
20906450.0
20997650.0
21507350.0
21518950.0
21725650.0
21733850.0
22081550.0
22395950.0
22790750.0
22899850.0
