  478350.0
  618650.0
  748450.0
 1086150.0
 1117550.0
 1457050.0
 2163650.0
 2376650.0
 2399350.0
 2419050.0
 2546050.0
 2700850.0
 2846550.0
 2860050.0
 2888950.0
 3264550.0
 3309150.0
 3637750.0
 3681350.0
 3744050.0
 3936750.0
 4041450.0
 4227350.0
 4473250.0
 4943850.0
 4977650.0
 5570450.0
 5702250.0
 5803650.0
 5962450.0
 5976750.0
 6433850.0
 6511750.0
 6540850.0
 6589450.0
 6687850.0
 6706250.0
 6756550.0
 6927550.0
 7226450.0
 7459750.0
 7623450.0
 7804450.0
 8031850.0
 8088450.0
 8309950.0
 8376650.0
 8413350.0
 8917950.0
 9062950.0
 9161950.0
 9938750.0
10263050.0
10317750.0
10330250.0
10330950.0
10525350.0
10784050.0
10955350.0
11188350.0
11460150.0
12183850.0
12206550.0
12277250.0
12311950.0
12823250.0
12923850.0
13055450.0
13171350.0
13316150.0
13618050.0
14001650.0
14298750.0
14567250.0
14614350.0
14729250.0
14825150.0
14833450.0
14884750.0
15176050.0
15332350.0
15476750.0
16014350.0
16171450.0
17105950.0
17695850.0
17901850.0
18167250.0
18251850.0
18435450.0
18525250.0
19130150.0
19363450.0
19705450.0
19969550.0
19971950.0
20604050.0
20741250.0
20931850.0
21005750.0
21014250.0
21076650.0
21079150.0
21089850.0
21278150.0
21489550.0
21755550.0
22098850.0
22233850.0
22391550.0
22576150.0
22753150.0
