  158050.0
  287650.0
  304050.0
  312150.0
  725750.0
 1041050.0
 1139350.0
 1439350.0
 1462350.0
 1827750.0
 1934650.0
 1990450.0
 2344050.0
 2702450.0
 3064950.0
 3218150.0
 3358650.0
 3519950.0
 3701750.0
 3780650.0
 3970650.0
 4806050.0
 4921050.0
 5330450.0
 5347450.0
 5391850.0
 5662450.0
 5683350.0
 5734650.0
 6039150.0
 6092050.0
 6144850.0
 6252250.0
 6260550.0
 6544250.0
 6756650.0
 6824550.0
 7384550.0
 7434950.0
 7471550.0
 7472650.0
 7658150.0
 7707350.0
 7848850.0
 8324350.0
 8762050.0
 9394450.0
 9624350.0
 9639550.0
 9825850.0
10075050.0
10121650.0
10171250.0
10283250.0
10469150.0
10772050.0
10933050.0
11001750.0
11708850.0
11961950.0
12268050.0
12362250.0
12514050.0
12577250.0
13205650.0
13553850.0
14090650.0
14214750.0
14406950.0
14492750.0
14878250.0
14898550.0
15038850.0
15288550.0
15298850.0
15504850.0
15597150.0
15839150.0
15930550.0
16165650.0
16327850.0
16629650.0
16701950.0
16728050.0
16759050.0
17286050.0
17357150.0
17382150.0
17578550.0
17909550.0
17969850.0
18281250.0
18321450.0
18503950.0
18602350.0
18767050.0
19409250.0
19432050.0
19822650.0
19875650.0
20217650.0
20534250.0
20557850.0
20656550.0
20676950.0
20692950.0
21221650.0
21572750.0
21600550.0
21613650.0
21715950.0
21877050.0
22018150.0
22038150.0
22193850.0
22679850.0
22706750.0
22819550.0
22998850.0
