  200750.0
  945750.0
 1374850.0
 1401650.0
 1592950.0
 1593850.0
 1603250.0
 1645550.0
 1724950.0
 1780950.0
 2017750.0
 2121850.0
 2327650.0
 2344950.0
 3434950.0
 3519450.0
 3896450.0
 4407150.0
 4446350.0
 4495750.0
 5059950.0
 5093450.0
 5111750.0
 5499150.0
 5838050.0
 5883450.0
 5943850.0
 5964350.0
 6151150.0
 6555650.0
 6564450.0
 6801550.0
 6967550.0
 7220150.0
 7462250.0
 7763750.0
 8556450.0
 8635050.0
 8652950.0
 8670150.0
 9469850.0
 9551650.0
 9841650.0
 9885350.0
10032750.0
10204750.0
10592150.0
10713750.0
10821150.0
10867150.0
10894450.0
11021750.0
11240050.0
11582150.0
11784350.0
11829450.0
12532550.0
12898050.0
13096450.0
13186150.0
13704650.0
13792750.0
13920050.0
14298450.0
15226750.0
15340450.0
15385750.0
15537050.0
15567450.0
15818850.0
16024750.0
16532950.0
16939850.0
16988950.0
16997650.0
17036850.0
17236350.0
17237350.0
17461750.0
17822950.0
17837350.0
18086850.0
18903250.0
19169050.0
19458050.0
19571750.0
19892650.0
20185450.0
20200050.0
20532850.0
20559550.0
21026350.0
21102750.0
21335650.0
21372850.0
21763250.0
22015950.0
22192050.0
22303950.0
22341950.0
22959450.0
