  309850.0
  457350.0
  601750.0
  920850.0
  969650.0
 1047550.0
 1450850.0
 1457250.0
 1484850.0
 1546350.0
 1604950.0
 1718750.0
 1792950.0
 1825250.0
 1861750.0
 2108150.0
 2337350.0
 2416550.0
 2581150.0
 3356650.0
 3387950.0
 3582050.0
 3649050.0
 3950650.0
 3952650.0
 4117150.0
 4277050.0
 4316850.0
 4459150.0
 4583450.0
 4809350.0
 4871750.0
 4886450.0
 4970050.0
 5058550.0
 5231450.0
 5354650.0
 5373450.0
 5381650.0
 5760550.0
 5774050.0
 6385950.0
 6425050.0
 6631650.0
 7763150.0
 7998950.0
 8060850.0
 8473950.0
 9142150.0
 9378350.0
 9721450.0
 9999350.0
10992550.0
11762850.0
11854850.0
12053150.0
12092950.0
12245050.0
12272250.0
12273950.0
12576550.0
12588450.0
12659950.0
12718950.0
13025650.0
13249450.0
13554850.0
13765350.0
14001050.0
14296550.0
14423950.0
14438650.0
14477750.0
14697150.0
14891250.0
15066750.0
15264750.0
15311450.0
15378950.0
15474550.0
15537650.0
15585750.0
15729150.0
16056650.0
16235550.0
16565150.0
16701750.0
16738450.0
16740750.0
16959350.0
17048350.0
17180250.0
17213150.0
17348250.0
17368350.0
17386850.0
17704650.0
17840350.0
18146050.0
18195950.0
18247550.0
18543950.0
18810850.0
19077450.0
19130950.0
19243250.0
19284450.0
19365150.0
19701350.0
19732850.0
19815050.0
19910950.0
19942450.0
20209150.0
20425450.0
20426050.0
20879250.0
21088750.0
21123250.0
21439350.0
21606950.0
21809950.0
21939550.0
21964450.0
22483350.0
22813050.0
