   93650.0
  400550.0
  446650.0
  595550.0
  813450.0
  968950.0
 1256350.0
 1662450.0
 1732350.0
 1790350.0
 2414350.0
 2595150.0
 2741450.0
 3055250.0
 3088450.0
 3272550.0
 3995450.0
 4015550.0
 4336450.0
 4470650.0
 4592050.0
 5001050.0
 5201550.0
 5284650.0
 5681550.0
 5846850.0
 6032250.0
 6342050.0
 6438350.0
 6528850.0
 6933050.0
 6967650.0
 7029950.0
 7099350.0
 7177150.0
 7358750.0
 7768050.0
 7784950.0
 7820350.0
 8113850.0
 8214050.0
 8328550.0
 8438650.0
 8457350.0
 8644050.0
 8891650.0
 8951950.0
 9002550.0
 9314650.0
 9429250.0
 9551950.0
 9623750.0
 9749650.0
 9963550.0
10198450.0
10242050.0
10663450.0
10981950.0
11179050.0
11372650.0
11460950.0
11541150.0
11600550.0
11669250.0
11828450.0
12181350.0
12239350.0
12671250.0
12937550.0
12986750.0
13101250.0
13454550.0
13500850.0
13547950.0
13966750.0
14074650.0
14245250.0
14574750.0
14582850.0
14950050.0
14965350.0
15006350.0
15112650.0
15344150.0
15639350.0
15759950.0
15826350.0
15958750.0
16051050.0
16105650.0
16136650.0
16344250.0
16436250.0
16473450.0
16628850.0
16822250.0
17096450.0
17240450.0
17260050.0
17424850.0
17626750.0
17642650.0
17678750.0
17949550.0
18423250.0
18611150.0
18799450.0
18876850.0
18889150.0
19174650.0
19560950.0
19779950.0
19869050.0
19887750.0
19908250.0
19963250.0
20058450.0
20581650.0
20657850.0
20741550.0
20873250.0
20950550.0
21214750.0
21503050.0
21680650.0
21826350.0
21942950.0
22114550.0
22128650.0
22210950.0
22599450.0
22768050.0
22770650.0
