  338650.0
  698850.0
  778450.0
  815050.0
  899450.0
 1032150.0
 1209750.0
 1374850.0
 1376950.0
 1416350.0
 1531250.0
 1775850.0
 1801150.0
 1980150.0
 1982750.0
 2124550.0
 2327550.0
 2526850.0
 2638550.0
 2642250.0
 2902150.0
 3616250.0
 3961350.0
 4047250.0
 4050150.0
 4083350.0
 4110950.0
 4655350.0
 5167550.0
 5173250.0
 5523550.0
 5652050.0
 5768950.0
 5825450.0
 5962450.0
 5974350.0
 6493050.0
 6866150.0
 7251650.0
 7456150.0
 7904950.0
 8005250.0
 8228750.0
 8356450.0
 8402050.0
 8483850.0
 9242350.0
 9244750.0
 9571050.0
 9829350.0
10017950.0
10401350.0
11307350.0
11495250.0
11673050.0
11795250.0
12123250.0
12528950.0
13106250.0
13327350.0
13382550.0
13567350.0
13618150.0
13703650.0
13949750.0
14021450.0
14508050.0
14525650.0
14607050.0
15435550.0
15436450.0
15626650.0
16130450.0
16433550.0
16604050.0
17098550.0
17163550.0
17191550.0
17273750.0
17812050.0
17945950.0
17988050.0
18202750.0
19035350.0
19263150.0
19280550.0
19503950.0
19586250.0
19628650.0
20191950.0
20556550.0
21095850.0
21125050.0
21428050.0
21724950.0
21991850.0
22048250.0
22053150.0
22418650.0
22456250.0
22750050.0
