   32150.0
  203950.0
  216750.0
  249950.0
  603150.0
  802550.0
 1301950.0
 1508450.0
 1785550.0
 1786350.0
 1904050.0
 2128550.0
 2841350.0
 2891550.0
 2905750.0
 3169050.0
 3180150.0
 3229850.0
 3533750.0
 3752150.0
 4112850.0
 4453250.0
 4477050.0
 4571550.0
 4630050.0
 4868850.0
 4882450.0
 5319350.0
 5338150.0
 5378750.0
 5657950.0
 5722950.0
 5764750.0
 5830550.0
 6900450.0
 6956350.0
 6961350.0
 7704450.0
 7771450.0
 7969950.0
 8011650.0
 8343150.0
 8412450.0
 8414950.0
 8462450.0
 8762250.0
 8874350.0
 8956750.0
 9156350.0
 9339450.0
 9485750.0
 9633050.0
 9695250.0
10082450.0
10746550.0
10776250.0
10927050.0
11057350.0
11339750.0
11360850.0
11577250.0
11635650.0
11798250.0
11938150.0
11950750.0
12162550.0
12358150.0
12400950.0
12441350.0
12704750.0
12881550.0
13128150.0
13426350.0
13488150.0
13792850.0
14173750.0
14185250.0
14527650.0
14819150.0
14833950.0
15195450.0
15296150.0
15781750.0
15782150.0
15912150.0
16030350.0
16037750.0
16406750.0
16415950.0
16725750.0
16858150.0
16976050.0
17062050.0
17227550.0
17255250.0
17265550.0
17478350.0
18163350.0
18250650.0
18384750.0
18477450.0
19084250.0
19172550.0
19186850.0
19390050.0
19525750.0
19544950.0
19772750.0
19816550.0
19818750.0
19863950.0
20074650.0
20103150.0
20246350.0
20335850.0
20403050.0
20451850.0
20493450.0
20568950.0
20604250.0
20888750.0
20916350.0
20991850.0
21139950.0
21372550.0
21620150.0
21928150.0
22164650.0
22237650.0
22285750.0
22440350.0
