  939250.0
  998550.0
 1096350.0
 1441250.0
 1498450.0
 1814650.0
 2309250.0
 2505450.0
 2690850.0
 2763250.0
 2766950.0
 2811150.0
 2915750.0
 3197250.0
 3381850.0
 3496750.0
 3565150.0
 3789450.0
 4480750.0
 4576250.0
 4727150.0
 5690450.0
 5744250.0
 5758550.0
 5957650.0
 6010350.0
 6290750.0
 6628650.0
 6806150.0
 6972350.0
 7110150.0
 7162650.0
 7492150.0
 7915050.0
 8057250.0
 8156050.0
 8231950.0
 8880350.0
 9382950.0
 9390550.0
 9865550.0
 9998950.0
10024050.0
10121950.0
10212750.0
10419150.0
10543650.0
10997650.0
11572850.0
12018050.0
12223450.0
12309350.0
12494250.0
12503950.0
12597850.0
12599250.0
12810950.0
12898950.0
12976250.0
13048150.0
13183750.0
13282750.0
13533150.0
13674150.0
13782950.0
13823950.0
13892450.0
14491650.0
14743650.0
14768050.0
14775350.0
14950150.0
14976250.0
14986250.0
14990750.0
15135650.0
15832750.0
15996050.0
15996250.0
15999150.0
16329050.0
16857250.0
16966050.0
17315850.0
17421250.0
17424050.0
17605750.0
17633250.0
17673250.0
17781050.0
18229250.0
18563850.0
19020250.0
19020650.0
19045950.0
19755350.0
19790450.0
19932950.0
20460150.0
20496050.0
20517650.0
21389650.0
21525350.0
22454750.0
22610050.0
22915450.0
