   61650.0
  258250.0
  832950.0
  951250.0
  952650.0
 1013350.0
 1073350.0
 1158550.0
 1210450.0
 1249650.0
 1262750.0
 1505750.0
 1591550.0
 1683950.0
 1820250.0
 1877650.0
 2129850.0
 2131150.0
 2301950.0
 2349550.0
 2557550.0
 2724350.0
 2874750.0
 3196850.0
 3471850.0
 3588350.0
 4172150.0
 4505650.0
 4560750.0
 4709550.0
 4863750.0
 5018750.0
 5154850.0
 5750450.0
 5921350.0
 5978250.0
 5988050.0
 6055750.0
 6656950.0
 6680950.0
 6758750.0
 6767050.0
 6881050.0
 6920950.0
 6952650.0
 7132550.0
 7219150.0
 7403850.0
 7406550.0
 8205450.0
 8206250.0
 8224750.0
 8693150.0
 8735250.0
 9452450.0
 9502950.0
10154950.0
10293350.0
11013150.0
11325250.0
11378450.0
12215450.0
12243150.0
12316450.0
12985750.0
13107650.0
13382250.0
13667250.0
14251650.0
14580750.0
14786850.0
15234250.0
16066450.0
16087950.0
16110350.0
16134650.0
16182650.0
16202050.0
16211150.0
16243050.0
16300250.0
16555850.0
17179950.0
17255650.0
18009450.0
18210050.0
18366250.0
18878250.0
19576650.0
19690150.0
19751850.0
19756350.0
19890450.0
20230550.0
20285050.0
20417750.0
20798150.0
20917750.0
21031950.0
21134450.0
21138950.0
21310350.0
21454550.0
21624850.0
21666550.0
21961750.0
22697450.0
22884550.0
22950550.0
