397.3
499.1
778.3
821.3
1157.1
1170.5
1222.7
1389.5
1481.8
1590.9
1819.7
2122.2
2707.6
3045.0
3783.4
4098.7
4105.2
4334.1
5237.1
5458.1
5744.0
5750.2
6021.4
6205.7
6215.7
6343.2
6417.4
6420.8
6444.4
6538.1
6754.7
6876.1
7338.3
7474.7
7555.9
7692.3
7893.0
8060.6
8119.1
8390.9
8670.7
8855.5
8927.2
8973.3
8984.3
8986.0
9186.7
9244.7
9584.5
9590.4
9606.0
10147.9
10566.5
10856.0
11307.3
11818.8
12771.3
12884.6
13261.1
13476.6
13498.2
13749.8
13755.7
13970.1
14067.2
14221.9
14249.2
14565.1
14579.0
14630.2
14840.3
14955.6
14956.2
15236.8
15368.9
15399.3
15474.1
16199.3
16403.6
16404.2
16531.1
16735.4
16997.9
17095.2
17141.8
17145.6
17255.5
17524.7
17543.9
17682.2
17730.7
17776.9
18469.4
18607.5
18768.8
18934.8
19249.4
19359.4
19562.3
19594.5
19637.0
19740.2
20014.1
20041.4
20123.1
20139.4
20163.1
20217.8
20784.3
21090.2
21585.8
21829.8
22355.0
22841.2
23016.6
