  550050.0
  878850.0
  937450.0
  975950.0
 1132850.0
 1415850.0
 1559350.0
 1591950.0
 2054350.0
 2164750.0
 2286550.0
 2292050.0
 2337750.0
 2369850.0
 2503850.0
 2509150.0
 2609150.0
 2644550.0
 3014850.0
 3032250.0
 3300350.0
 3392950.0
 3415950.0
 3602550.0
 3636250.0
 4292650.0
 4320450.0
 4439950.0
 4913150.0
 4919350.0
 4935450.0
 5132150.0
 5300950.0
 5386450.0
 5391350.0
 5445950.0
 5833150.0
 6003150.0
 6021050.0
 6433750.0
 7338350.0
 7501550.0
 7676850.0
 7927650.0
 8073750.0
 8305850.0
 8528150.0
 8589550.0
 8598950.0
 8746250.0
 8886950.0
 9731750.0
10414450.0
10702950.0
11109950.0
11528750.0
11536050.0
11654850.0
11714150.0
11813250.0
12042850.0
12111550.0
12440950.0
12664850.0
12744650.0
12909850.0
13009950.0
13018950.0
13111550.0
13161450.0
13174250.0
13297650.0
13411350.0
13781750.0
13939050.0
13942750.0
14352650.0
15035450.0
15080950.0
15247950.0
15283250.0
15466850.0
15553550.0
15693650.0
15793350.0
16086850.0
16194350.0
17108750.0
17137250.0
17233550.0
17310350.0
17397750.0
17550850.0
17821050.0
17864550.0
18085050.0
18085750.0
18283650.0
18299750.0
18386450.0
18446950.0
18525450.0
18562150.0
18642250.0
18890950.0
18902950.0
19091650.0
19322450.0
19458850.0
19626950.0
19867050.0
19876050.0
20005450.0
20053850.0
20183750.0
20569350.0
20605950.0
20757550.0
21040950.0
21115850.0
22100450.0
22145550.0
22228150.0
22381350.0
22555850.0
22584850.0
22631750.0
22687450.0
22962150.0
