  134250.0
  325150.0
  623350.0
  940650.0
 1049750.0
 1141750.0
 1261350.0
 1364050.0
 1522250.0
 1595350.0
 1649950.0
 2043750.0
 2133250.0
 2243550.0
 2337550.0
 2590650.0
 2772950.0
 2831050.0
 2858450.0
 3113950.0
 3208750.0
 3248050.0
 3285650.0
 3526050.0
 3692750.0
 3709150.0
 4324350.0
 4402350.0
 4500950.0
 4597050.0
 5061850.0
 5274350.0
 5387850.0
 5397550.0
 5724250.0
 6167050.0
 6259950.0
 6385450.0
 6440650.0
 6613950.0
 6775550.0
 7039650.0
 7231750.0
 7258050.0
 7561950.0
 7796750.0
 7809550.0
 8037850.0
 8167750.0
 8715550.0
 8751450.0
 8790150.0
 8847550.0
 9203050.0
 9687950.0
10239650.0
10780550.0
10909750.0
11092750.0
11287050.0
11298750.0
11495450.0
11762650.0
11914950.0
12229150.0
12306450.0
13079250.0
13164750.0
13919650.0
14243850.0
14805750.0
14839650.0
14931450.0
15340650.0
15574650.0
15935350.0
16070450.0
16226550.0
16827350.0
16947150.0
16970650.0
17286750.0
17377750.0
17697150.0
17783950.0
17853950.0
18478350.0
18557450.0
18760050.0
19041150.0
19073650.0
19105250.0
19162950.0
19325750.0
19584550.0
19643950.0
19693750.0
19780950.0
19913250.0
19923250.0
20050350.0
20223350.0
20319550.0
20698850.0
21011250.0
21582050.0
21751350.0
22013150.0
22015950.0
22237950.0
22365350.0
22435950.0
22504050.0
22531150.0
22742950.0
22762550.0
