  272250.0
  870750.0
  983850.0
 1045050.0
 1593850.0
 1615650.0
 1911050.0
 2513150.0
 2778750.0
 3546350.0
 3644650.0
 3980450.0
 4041750.0
 4222550.0
 4521250.0
 4833250.0
 5094550.0
 5883350.0
 6038250.0
 6392150.0
 6420850.0
 6425550.0
 6490950.0
 6500850.0
 6635750.0
 6658550.0
 6754550.0
 7331750.0
 7469150.0
 8119750.0
 8406050.0
 8756050.0
 8806550.0
 8818750.0
 8913950.0
 9760950.0
 9766650.0
 9944450.0
10080350.0
10183950.0
10430650.0
10778350.0
10785850.0
11030550.0
11419950.0
11435650.0
11476450.0
11709250.0
11920050.0
12104150.0
12177050.0
12557150.0
12776850.0
12981050.0
13089050.0
13126950.0
13281750.0
13688750.0
13759250.0
13922650.0
13930250.0
14084150.0
14150450.0
14151450.0
14202550.0
14304850.0
14648150.0
14668850.0
14888750.0
15079350.0
15264050.0
15762250.0
16384650.0
16871750.0
17105150.0
17184950.0
17239350.0
17289050.0
17315750.0
17439850.0
17582350.0
17727150.0
17764550.0
17874050.0
18269050.0
18280550.0
18422650.0
18640950.0
18786450.0
18812150.0
18999450.0
19057750.0
19124050.0
19243050.0
19361550.0
19383050.0
19613150.0
19723850.0
19831550.0
20190150.0
20344350.0
20647050.0
20784450.0
20932750.0
21126950.0
21386950.0
21608150.0
21835650.0
22210850.0
22471350.0
22932350.0
