   66650.0
  328850.0
  548050.0
 1092850.0
 1101450.0
 1717850.0
 1724250.0
 1999050.0
 2279650.0
 2287850.0
 2339950.0
 2416450.0
 2477850.0
 2617850.0
 2760750.0
 2909350.0
 3047450.0
 3553450.0
 3767050.0
 4152350.0
 4559650.0
 4576450.0
 4639750.0
 4791250.0
 5218250.0
 5314050.0
 5610950.0
 5793650.0
 5987650.0
 6013150.0
 6023350.0
 6671650.0
 7366450.0
 7402850.0
 7955050.0
 8309450.0
 8381650.0
 8454150.0
 9648150.0
 9704450.0
10011650.0
10092850.0
10401850.0
10510550.0
11130950.0
11224150.0
11329750.0
11647050.0
11762350.0
11884850.0
11889150.0
12162950.0
12262550.0
12787450.0
12925650.0
13098250.0
13196450.0
13257850.0
13340650.0
13427950.0
13458550.0
13662950.0
13867050.0
14145250.0
14291950.0
14655650.0
14785650.0
15146950.0
15566650.0
15793150.0
15824750.0
16417350.0
16809850.0
17282550.0
17368350.0
17395850.0
17968950.0
17986450.0
18085350.0
18248050.0
18340950.0
18342850.0
18390650.0
18442250.0
18671050.0
18722050.0
18928650.0
19116650.0
19285150.0
19508650.0
19594750.0
19690050.0
19836450.0
19842350.0
20336250.0
20659150.0
20743050.0
20805750.0
21159450.0
21197450.0
21473750.0
21877850.0
22176050.0
22330550.0
22815750.0
22856750.0
22872750.0
22914650.0
