99.7
179.7
341.3
777.2
1549.8
1590.7
2198.9
2340.9
2402.6
2451.3
2570.2
2675.7
2859.7
3396.7
4635.5
5122.7
5377.0
5777.5
5903.9
6127.0
6544.8
6556.0
6597.2
6624.5
6735.1
7147.9
7210.4
7792.9
7986.3
8606.6
9200.2
9438.5
9575.9
10181.0
10366.5
10434.9
10545.6
10736.9
10770.4
11591.5
11665.1
11688.5
11694.9
12390.3
12451.4
12633.1
12736.9
12883.7
13069.5
13321.8
13612.6
14313.8
14640.4
14707.0
15018.4
15601.6
15620.0
15932.6
15981.1
16093.9
16163.6
16322.8
16721.9
16933.1
17083.9
17135.9
17346.6
17360.5
17369.0
17482.4
17979.5
18250.7
18471.4
19014.6
19134.5
19414.2
19545.8
19616.9
19618.8
19665.2
19968.8
20009.4
20054.7
20328.6
20558.2
21067.0
21142.6
21275.2
21373.8
21396.6
21741.5
21797.5
21855.8
21928.5
22885.1
