   23550.0
  416550.0
  600450.0
 1236050.0
 1397950.0
 1797750.0
 2151750.0
 2262750.0
 2309350.0
 2329250.0
 2583650.0
 2584150.0
 3147650.0
 3278150.0
 3636950.0
 3715050.0
 3891650.0
 4058750.0
 4659650.0
 4747350.0
 4803350.0
 4845250.0
 4900050.0
 5059750.0
 5248750.0
 5290350.0
 5313050.0
 6179350.0
 6274650.0
 6446850.0
 6601950.0
 6715050.0
 6750650.0
 6892350.0
 6918550.0
 7063450.0
 7063650.0
 7079550.0
 7170850.0
 7409350.0
 7478350.0
 7619250.0
 7837650.0
 8159350.0
 9220950.0
 9315750.0
 9388550.0
 9534550.0
 9694350.0
 9846950.0
 9983450.0
10270250.0
10544450.0
10879050.0
11055350.0
11112650.0
11208950.0
11358150.0
11403350.0
11491150.0
11535850.0
11635650.0
11900050.0
12145450.0
12351150.0
12409350.0
12561450.0
12639950.0
12792150.0
12811450.0
12881850.0
13142950.0
13266250.0
13435050.0
13605050.0
13681550.0
14118650.0
14739150.0
14769450.0
14780250.0
15108250.0
15141650.0
15166450.0
15201350.0
15333850.0
16060850.0
16112250.0
16125050.0
16393950.0
16811450.0
16973050.0
17083450.0
17205250.0
17260450.0
17325850.0
18044050.0
18096550.0
18098950.0
18517050.0
18731350.0
19250850.0
19855450.0
19885450.0
20220550.0
20412250.0
20506050.0
20791750.0
20813750.0
20849350.0
21067850.0
21544850.0
21908150.0
21956950.0
22008950.0
22028550.0
22041750.0
22094050.0
22614550.0
22623950.0
22733550.0
22826450.0
22934950.0
22984850.0
