  131350.0
  169350.0
  542950.0
  649050.0
  677250.0
 1265450.0
 1301750.0
 1464150.0
 1669850.0
 1692250.0
 2031150.0
 2079250.0
 2451950.0
 2544050.0
 2547150.0
 2640050.0
 2710650.0
 3334750.0
 3612650.0
 3895950.0
 3942250.0
 4316950.0
 4526350.0
 4564750.0
 5235950.0
 5311850.0
 5737950.0
 6039050.0
 6115350.0
 6183150.0
 6211950.0
 6213750.0
 6278850.0
 6344950.0
 6393450.0
 6601050.0
 6643150.0
 6846250.0
 6952250.0
 7190050.0
 7268150.0
 7676250.0
 7829150.0
 8150350.0
 8176350.0
 8612550.0
 8768550.0
 8942650.0
 8996350.0
 9049050.0
 9191350.0
 9702350.0
10305550.0
10611750.0
10657850.0
10963550.0
11053550.0
11354550.0
12337750.0
12408450.0
12942250.0
13213650.0
13459050.0
13506850.0
13715650.0
14071650.0
14082950.0
14089150.0
14382950.0
15234350.0
15250450.0
15353350.0
16184550.0
16534350.0
16767250.0
16974950.0
17170350.0
17584950.0
17729850.0
17810550.0
18405450.0
18418450.0
18533650.0
18597850.0
18680750.0
18880250.0
18927950.0
19126550.0
19342050.0
19360650.0
19365350.0
19800550.0
19890050.0
20042750.0
20871050.0
21382950.0
21395350.0
21433450.0
21510450.0
21515150.0
21562650.0
21831550.0
21882150.0
22226850.0
22475050.0
22880650.0
