   52550.0
  217450.0
  476150.0
  488450.0
  523550.0
  669950.0
 1379850.0
 1417950.0
 1470850.0
 1507650.0
 2124850.0
 2596650.0
 2599650.0
 3312450.0
 3387750.0
 3453350.0
 3463350.0
 3584650.0
 3755150.0
 3778450.0
 4071650.0
 4151650.0
 4160450.0
 4715150.0
 4740350.0
 4884450.0
 5242350.0
 5795250.0
 5866350.0
 5920150.0
 6204550.0
 6266850.0
 6953550.0
 7698550.0
 7803950.0
 7863450.0
 7937350.0
 8032050.0
 8111350.0
 8157250.0
 8392950.0
 8508950.0
 8526350.0
 8562550.0
 8897850.0
 9436750.0
 9478650.0
 9490350.0
 9498550.0
 9502750.0
 9817250.0
 9891150.0
 9961350.0
 9987250.0
10496550.0
10713250.0
10802150.0
10989250.0
11010750.0
11135850.0
11458150.0
11605050.0
11915450.0
12094050.0
12325250.0
12577050.0
12840650.0
12855350.0
12901050.0
12955850.0
13343150.0
13424350.0
13536850.0
13560950.0
13601950.0
13707250.0
14071550.0
14250750.0
14340850.0
14605750.0
14645750.0
14796550.0
14887750.0
15714550.0
15835350.0
15885150.0
16166050.0
16299250.0
16456250.0
16595750.0
16949650.0
17017050.0
17576850.0
17684350.0
17999750.0
18146050.0
18199650.0
18273950.0
18563050.0
18747250.0
18843350.0
18872350.0
19154950.0
19468650.0
19575850.0
20183250.0
20725350.0
20758150.0
20760250.0
20792750.0
21046150.0
21707450.0
22063750.0
22525650.0
22973750.0
