    4450.0
   66450.0
  643350.0
  721750.0
  754850.0
  845450.0
 1141150.0
 1181950.0
 1276850.0
 1555750.0
 1967850.0
 2075950.0
 2129750.0
 2267550.0
 2547950.0
 2585950.0
 2726750.0
 2958650.0
 2993450.0
 3116550.0
 3133050.0
 3276050.0
 3281950.0
 3357250.0
 4254250.0
 4716650.0
 5037850.0
 5176750.0
 5546050.0
 5593550.0
 5737350.0
 6006350.0
 6117150.0
 6203050.0
 6364150.0
 6741650.0
 6875250.0
 7126950.0
 7161350.0
 7353750.0
 7382150.0
 7636150.0
 7748150.0
 7966650.0
 8167150.0
 8280650.0
 8331750.0
 8549650.0
 9081750.0
 9141950.0
 9216450.0
 9278650.0
 9445650.0
 9618850.0
 9632050.0
 9719050.0
 9843850.0
10179550.0
10444950.0
10615750.0
10637250.0
11290750.0
11536550.0
11842150.0
12014850.0
12027050.0
12157150.0
12274750.0
12446250.0
12531150.0
12553950.0
12703150.0
12786950.0
12854450.0
13343550.0
13440950.0
13518950.0
13593450.0
13683650.0
14240050.0
14562850.0
14723650.0
14900350.0
15054850.0
15355350.0
15400950.0
16023150.0
16043750.0
16266250.0
16339850.0
16349650.0
16437450.0
16522950.0
16589650.0
16606850.0
16627950.0
16649650.0
16917350.0
16964050.0
17393350.0
17588750.0
18159350.0
18294350.0
18682950.0
19301950.0
19708550.0
19952950.0
19996950.0
20055550.0
20057550.0
20374950.0
20540750.0
20791750.0
21516250.0
21715950.0
21809550.0
21816650.0
22240750.0
22919050.0
22934650.0
