71.7
99.2
147.7
161.7
376.9
398.9
509.3
948.0
1012.4
1423.0
1476.2
1943.4
2131.7
2145.5
2263.7
2417.7
3070.7
3121.1
3324.4
3694.6
3962.5
3991.0
4081.4
4357.4
4449.7
4813.2
5071.7
5104.2
5577.0
5705.3
5799.0
5923.6
6573.7
6663.8
6734.9
6765.3
6844.8
7065.5
7102.4
7181.1
7351.1
7503.3
7677.1
7849.3
7917.7
7926.1
8145.3
8477.2
8591.5
8719.1
8777.3
8922.8
8981.5
9012.8
9209.3
9504.3
9546.3
9555.5
9606.3
11152.6
11229.7
11424.0
11463.9
11500.7
11538.3
11748.3
11903.4
12053.4
12884.7
12956.2
13032.6
13069.3
13450.3
13600.8
13762.8
13922.6
14047.0
14061.3
14299.7
14637.2
15213.5
15437.9
15557.3
15564.9
15654.2
16066.1
16702.5
16851.5
17141.8
17432.9
17940.1
17966.2
18240.2
18324.0
18531.5
18713.8
18914.0
18915.2
18928.3
19126.6
19354.5
19744.9
19879.0
19999.9
20065.3
20098.6
20458.4
20514.5
20515.0
21073.3
21184.8
21988.9
22136.1
22258.0
22346.7
22762.5
22913.4
