  115950.0
  197550.0
  861350.0
  875950.0
  909350.0
 1606850.0
 1620550.0
 2044550.0
 2086450.0
 2175550.0
 2247850.0
 2452750.0
 2462950.0
 2566350.0
 2600050.0
 2863250.0
 3073450.0
 3215650.0
 3249550.0
 3328650.0
 4826150.0
 4874350.0
 5049050.0
 5089750.0
 5428650.0
 5497050.0
 5719350.0
 5927050.0
 6030750.0
 6271750.0
 6327750.0
 6743250.0
 6891050.0
 6918350.0
 7045650.0
 7057750.0
 7421750.0
 7520150.0
 7569250.0
 7834750.0
 7922750.0
 8098850.0
 8134050.0
 8170450.0
 8233250.0
 8245550.0
 8306150.0
 8762150.0
 9153750.0
 9158450.0
 9435650.0
10007150.0
10149950.0
10299050.0
10591550.0
12360050.0
12745250.0
12981850.0
13004950.0
13579250.0
13642650.0
13944750.0
14010550.0
14016950.0
14393950.0
14492950.0
14495250.0
14670850.0
14811850.0
14834850.0
15145150.0
15419550.0
16033450.0
16121450.0
16593350.0
16676850.0
16717950.0
16737350.0
16860150.0
17102650.0
17324450.0
17335050.0
17392050.0
17677950.0
18226150.0
18226450.0
18269650.0
18374450.0
18647950.0
19289950.0
19402650.0
19656050.0
19775850.0
19797150.0
20036650.0
20137950.0
20563750.0
20778950.0
20864650.0
20972550.0
21037350.0
21495150.0
21497450.0
21621150.0
21734150.0
21946650.0
22031350.0
22345350.0
22440550.0
22500750.0
22524050.0
