  267250.0
  560350.0
 1148050.0
 1331650.0
 1472750.0
 1597250.0
 1621550.0
 2127650.0
 2529850.0
 2858750.0
 2881550.0
 3001050.0
 3024950.0
 3155750.0
 3386250.0
 3532650.0
 3689350.0
 3734350.0
 3838050.0
 4065250.0
 4127850.0
 4485350.0
 4832350.0
 4922550.0
 4998950.0
 5020550.0
 5114650.0
 5458450.0
 5685350.0
 5849050.0
 5858650.0
 5977250.0
 6273850.0
 6294450.0
 6320450.0
 6395750.0
 6490250.0
 6540550.0
 6662750.0
 7191250.0
 7238750.0
 7857250.0
 8032450.0
 8350050.0
 8848750.0
 8918650.0
 8943850.0
 9050150.0
 9273250.0
 9299450.0
 9492950.0
 9580550.0
 9699650.0
 9884850.0
 9908050.0
10170150.0
10477150.0
11118250.0
11282650.0
12298950.0
12541950.0
12706450.0
12864350.0
12971950.0
13016950.0
13019750.0
13593850.0
13694650.0
13964750.0
13997650.0
14059950.0
14210750.0
14225050.0
14234550.0
14579650.0
14738850.0
15742250.0
16262750.0
16404250.0
16434050.0
16438050.0
16664950.0
16731250.0
16979250.0
17124350.0
17137250.0
17452450.0
17502350.0
17529850.0
18240450.0
18370550.0
18395850.0
18463250.0
18660050.0
18949150.0
19097450.0
19405050.0
19550350.0
19604350.0
20060850.0
20134250.0
20307250.0
20374050.0
20586450.0
20654750.0
21101850.0
21384450.0
21929650.0
22072950.0
22146250.0
22192950.0
22359950.0
22589550.0
22841650.0
