  511850.0
  638750.0
  684550.0
  803250.0
  879150.0
  981450.0
 1184150.0
 1367250.0
 1413650.0
 1839750.0
 1851350.0
 2300350.0
 2469450.0
 2897650.0
 3118650.0
 3188150.0
 3201850.0
 3435350.0
 3451750.0
 4268450.0
 4592750.0
 4909750.0
 5177250.0
 5370950.0
 5410350.0
 5519650.0
 5628150.0
 5647650.0
 5657950.0
 6039150.0
 6078350.0
 6467650.0
 6521150.0
 6734050.0
 6756450.0
 6772050.0
 6776750.0
 6785350.0
 6814850.0
 7286950.0
 7620550.0
 7689950.0
 7780350.0
 8009050.0
 8482050.0
 8501850.0
 8792750.0
 8855250.0
 8906650.0
 9226050.0
 9380150.0
 9604450.0
 9710650.0
 9786150.0
 9913550.0
10092150.0
10368850.0
10404250.0
10565750.0
10801350.0
11355250.0
11719150.0
11866250.0
12203650.0
12219350.0
12464150.0
12482050.0
12662450.0
13127750.0
13159350.0
13275750.0
13466150.0
13577150.0
13710250.0
13712150.0
13756550.0
13816150.0
13895550.0
14308550.0
14391050.0
14475650.0
14597250.0
14733550.0
14815150.0
14863750.0
15127050.0
15665750.0
15908950.0
15956450.0
16537850.0
16802850.0
16842950.0
16919450.0
17313550.0
17321950.0
17384950.0
17422050.0
18172950.0
18388150.0
18793250.0
18799950.0
18990350.0
19011950.0
19023250.0
19250250.0
19445950.0
19469550.0
19971050.0
20076850.0
20165650.0
20239950.0
20366050.0
20370150.0
20472750.0
21056150.0
21577650.0
21757050.0
21825650.0
22344050.0
22411850.0
22452650.0
22456750.0
22852650.0
