279.6
448.5
1171.5
1185.2
1412.1
1447.0
1614.9
1628.9
1824.1
2234.5
2257.4
2379.2
2490.0
2578.4
3218.2
3285.7
3435.1
3537.6
3726.3
3891.4
3977.6
3999.1
4552.5
4704.0
4811.3
4883.8
4953.6
5190.9
5270.9
5363.1
5364.9
5757.3
5972.0
6494.7
7108.8
7307.0
7740.7
7744.6
7846.6
8028.9
8038.4
8196.4
8383.6
8438.7
8490.0
8512.9
8525.5
8610.9
8627.8
8767.0
8813.6
8854.9
9201.7
9642.2
9666.3
9723.4
9866.0
9946.2
10527.8
10710.1
11069.6
11212.4
11237.8
11261.6
11528.7
12025.9
12296.3
12366.2
12431.7
12441.9
12535.3
12683.7
13004.1
13141.4
13250.0
14078.0
14245.3
14259.8
14540.8
14735.1
15556.6
15703.1
16934.5
17294.7
17488.1
17680.6
17729.4
17803.2
17926.8
18144.4
18238.0
18275.4
18278.4
18350.4
18565.1
18877.7
19120.4
19160.3
19165.5
19207.3
19254.3
19512.6
20325.1
20342.3
20417.4
20907.9
20908.0
21078.6
21108.3
21545.3
21587.3
22035.9
22217.9
22234.1
22240.1
22320.2
22445.8
22446.0
22731.8
