   41250.0
   50550.0
  241450.0
  266850.0
  271150.0
  347750.0
  361050.0
  502450.0
  546550.0
  566750.0
  686650.0
  805950.0
  844350.0
 1663550.0
 1901750.0
 2174050.0
 2229750.0
 2550250.0
 2913550.0
 3326350.0
 3544550.0
 4339150.0
 5023650.0
 5182850.0
 5349150.0
 5883050.0
 5990650.0
 6054550.0
 6115250.0
 6169950.0
 6375450.0
 6398650.0
 6616150.0
 6885450.0
 6986350.0
 7258150.0
 7390650.0
 7642650.0
 7799050.0
 7815950.0
 7900650.0
 8291250.0
 8464550.0
 8538750.0
 8741050.0
 8808350.0
 8910350.0
 9012350.0
 9161950.0
 9304250.0
10888050.0
11441250.0
11557950.0
11796850.0
12021450.0
12111250.0
12150250.0
12193550.0
12618150.0
13147350.0
13239050.0
13243650.0
13266050.0
13898150.0
14019750.0
14039850.0
15004350.0
15766150.0
15903350.0
15916950.0
16008950.0
16339750.0
16376550.0
16581650.0
16601250.0
16734550.0
16960250.0
16996250.0
17387650.0
17470950.0
17818150.0
18209050.0
18221650.0
18410850.0
18442750.0
18473950.0
18728850.0
18729650.0
18880250.0
18912650.0
19159050.0
19658250.0
19678350.0
19680650.0
19816050.0
19877750.0
20161050.0
20309550.0
20455150.0
20553550.0
20609750.0
20644750.0
20676050.0
20708350.0
20712850.0
20745750.0
20866750.0
21238350.0
21557950.0
22000450.0
22101150.0
22183950.0
22519450.0
22669650.0
