   90650.0
  130050.0
  190450.0
  257250.0
  400150.0
  578450.0
  655750.0
  822850.0
 1024250.0
 1032650.0
 1169650.0
 1178050.0
 1521550.0
 1522950.0
 1566450.0
 1727450.0
 2532250.0
 2710150.0
 3013950.0
 3152350.0
 3228750.0
 3283150.0
 3541950.0
 3807650.0
 3944050.0
 4107950.0
 4166050.0
 4501150.0
 4653050.0
 4656850.0
 4774450.0
 4907250.0
 5037750.0
 5249750.0
 5270950.0
 5557150.0
 5783450.0
 6055450.0
 6125850.0
 6368050.0
 6409850.0
 6466050.0
 6611950.0
 6638350.0
 6847750.0
 6865550.0
 7056750.0
 7259350.0
 7386350.0
 7416250.0
 7712750.0
 7778650.0
 8035950.0
 8043950.0
 8104250.0
 8495050.0
 8525050.0
 8749650.0
 8893650.0
 9201950.0
 9366050.0
 9531950.0
 9698150.0
 9730650.0
 9910550.0
10030050.0
10140250.0
10337650.0
10463350.0
10529450.0
10540250.0
10957550.0
11038850.0
11117650.0
11395950.0
11510150.0
11911850.0
12062850.0
12418350.0
12437950.0
12584950.0
12710950.0
12825750.0
12836250.0
12992350.0
13025750.0
13263750.0
13323150.0
13370050.0
13569550.0
13706150.0
13872650.0
13876750.0
13907950.0
14122450.0
14142050.0
14328750.0
14902950.0
15159050.0
15306250.0
15360050.0
15680350.0
15918750.0
16121450.0
16212650.0
16447250.0
16481450.0
16931050.0
17303150.0
17355550.0
17616650.0
17954350.0
18051050.0
18282750.0
18527050.0
18528050.0
18958550.0
19680650.0
19757750.0
20007750.0
20578250.0
20798050.0
20931550.0
21166850.0
21637250.0
21691750.0
21841650.0
21901350.0
22065950.0
22101750.0
22307550.0
22428250.0
22446350.0
22492550.0
22663750.0
22784650.0
