  358650.0
  534950.0
  614050.0
  749450.0
  767450.0
  955950.0
  966750.0
  992650.0
 1364250.0
 1647250.0
 1656350.0
 1733450.0
 1980050.0
 2232750.0
 2361650.0
 2476450.0
 2514550.0
 2838350.0
 2877450.0
 3264950.0
 3322850.0
 3536350.0
 4021450.0
 4120150.0
 4156150.0
 4205450.0
 4243350.0
 4446050.0
 4587850.0
 4676250.0
 4803550.0
 4968650.0
 5295850.0
 5549850.0
 5752750.0
 6022450.0
 6103850.0
 6353050.0
 6572050.0
 6999650.0
 7254250.0
 7372550.0
 7513850.0
 7849150.0
 7966550.0
 9213050.0
 9404350.0
 9531450.0
 9536850.0
 9968150.0
10096150.0
10139350.0
10167150.0
10239350.0
10498850.0
10880050.0
10933150.0
10953950.0
11006050.0
11006350.0
11543250.0
11831450.0
11865250.0
11934250.0
11992050.0
12196050.0
12308950.0
12344150.0
12507350.0
12624450.0
12881450.0
13316650.0
13379750.0
13615250.0
13658550.0
13807350.0
14170650.0
14791250.0
14800150.0
15050050.0
15145850.0
15385350.0
15496850.0
15710550.0
16009350.0
16213950.0
16483150.0
16796250.0
16803250.0
16816050.0
16874950.0
17013150.0
17054750.0
17290150.0
17774750.0
18078450.0
18363750.0
18519950.0
18539350.0
18711850.0
19447450.0
19503550.0
19564650.0
19686750.0
19955350.0
20169550.0
20524950.0
20598050.0
20971650.0
20995150.0
21052150.0
21296550.0
22320650.0
22742450.0
