   36450.0
   92550.0
  101650.0
  189250.0
  229350.0
  340750.0
  533150.0
  562050.0
  692550.0
  826350.0
  830150.0
  962350.0
 1014550.0
 1154250.0
 1304850.0
 1317650.0
 1660850.0
 1820550.0
 1904650.0
 1928650.0
 1958250.0
 2031450.0
 2156950.0
 2258450.0
 2273050.0
 2527450.0
 2664350.0
 3196450.0
 3507850.0
 3875550.0
 3898450.0
 4026850.0
 4438450.0
 4441950.0
 4495450.0
 4523450.0
 4647650.0
 4918450.0
 4955450.0
 4977850.0
 4984150.0
 5190950.0
 5613850.0
 5654850.0
 5674350.0
 6076850.0
 6118550.0
 6244950.0
 6349750.0
 6407150.0
 6621050.0
 6628950.0
 6793750.0
 7165650.0
 7218750.0
 7343850.0
 7462350.0
 7550550.0
 7897050.0
 7952850.0
 8166150.0
 8314350.0
 8790550.0
 8957750.0
 9327750.0
 9440350.0
 9587450.0
 9691250.0
 9745850.0
 9896550.0
10037550.0
10941550.0
11144250.0
11411850.0
11545550.0
11707250.0
11707450.0
11919550.0
12368150.0
12514950.0
12632950.0
12700150.0
12728450.0
12736650.0
12824450.0
12947150.0
12967050.0
13370650.0
13632250.0
13701550.0
14060050.0
14092550.0
14421550.0
14424650.0
14616550.0
14654250.0
14907550.0
15037250.0
15519850.0
15675250.0
15830950.0
15874350.0
16008450.0
16011250.0
16214750.0
16524250.0
16594850.0
16860450.0
17031650.0
17051550.0
17304650.0
17453650.0
17703450.0
17867950.0
17980750.0
18369950.0
18402250.0
18677450.0
18991550.0
19022450.0
19443450.0
19703650.0
20226750.0
20395550.0
20767550.0
21082950.0
21128350.0
21403350.0
21605550.0
21948150.0
22322750.0
22337050.0
22371150.0
22929150.0
22967450.0
