   75250.0
  269850.0
  353150.0
 2060250.0
 2360050.0
 2467350.0
 2987650.0
 3026950.0
 3139950.0
 3532450.0
 3817750.0
 4044050.0
 4127550.0
 4192050.0
 4302450.0
 4712550.0
 4800450.0
 4915550.0
 4932550.0
 5100150.0
 5172150.0
 5502750.0
 5787650.0
 5795950.0
 5959250.0
 6053550.0
 6150650.0
 6271550.0
 6371050.0
 6476050.0
 6486150.0
 6740050.0
 6759850.0
 6821750.0
 7037950.0
 7636050.0
 7860550.0
 7927450.0
 8099150.0
 8302950.0
 8734750.0
 8875950.0
 8942950.0
 9069050.0
 9368150.0
 9625650.0
10021550.0
10030450.0
10049950.0
10061850.0
10330750.0
10448050.0
10956850.0
10957950.0
11397650.0
11447250.0
11494950.0
11575150.0
11851050.0
11971350.0
12012750.0
12069450.0
12078650.0
12114650.0
12318350.0
12478850.0
12764250.0
12924750.0
12958550.0
12962350.0
12964650.0
13562350.0
13589150.0
14549850.0
14593150.0
14709850.0
14832650.0
15284150.0
15753550.0
15785450.0
16142650.0
16228450.0
16331550.0
16482350.0
16633350.0
16898150.0
17247250.0
17391250.0
17694550.0
17869650.0
17920550.0
18051050.0
18313850.0
18755650.0
18841350.0
18849650.0
19025650.0
19257950.0
19258750.0
19322050.0
19388550.0
19410450.0
19477150.0
19610050.0
19996350.0
20236450.0
20509150.0
20641650.0
20997350.0
21243350.0
21255750.0
21448550.0
21454750.0
21824750.0
22044250.0
22165450.0
22282350.0
22700150.0
22730550.0
22929250.0
