  135350.0
  184450.0
  287050.0
  861450.0
 1291450.0
 1430350.0
 1698950.0
 1756150.0
 1795550.0
 2207050.0
 2853250.0
 3068750.0
 3258250.0
 3395050.0
 3466950.0
 3471850.0
 3712350.0
 3845350.0
 4012250.0
 4178650.0
 4384550.0
 4545150.0
 4579250.0
 4619950.0
 4766250.0
 4971050.0
 5449150.0
 5564650.0
 5756450.0
 5836450.0
 6156350.0
 6904350.0
 7051050.0
 7083350.0
 7155950.0
 7597250.0
 7634450.0
 7699550.0
 7959150.0
 8160350.0
 8398850.0
 8401150.0
 8845050.0
 9148650.0
10068850.0
10587850.0
10758850.0
11016550.0
11107150.0
11119150.0
11277950.0
11298950.0
11331250.0
11851550.0
12139550.0
12554650.0
13149650.0
13877250.0
13978350.0
14115550.0
14180450.0
14211850.0
14264550.0
14315150.0
14690650.0
15061850.0
15155150.0
15239750.0
15397850.0
15727650.0
15901150.0
16248750.0
16625150.0
16964250.0
17242850.0
17274050.0
17597850.0
17627950.0
17655150.0
17730150.0
17932550.0
17937350.0
17973750.0
18159950.0
18995650.0
19016750.0
19143750.0
19262050.0
19364750.0
19517050.0
19529250.0
19768450.0
19773350.0
19876650.0
20059550.0
20262050.0
20460650.0
20644250.0
20823050.0
21204850.0
21245250.0
21317050.0
21420550.0
21858150.0
22244650.0
22366550.0
