  731250.0
 1116950.0
 1280350.0
 1322450.0
 1336250.0
 1466150.0
 1473050.0
 1704950.0
 1917650.0
 2052150.0
 2479050.0
 3151450.0
 3501050.0
 3726750.0
 4062550.0
 4776550.0
 4884750.0
 5220250.0
 5405950.0
 5642950.0
 5655850.0
 5885350.0
 6042050.0
 6346550.0
 6542250.0
 6665450.0
 6918550.0
 7338150.0
 7342550.0
 7464850.0
 7801950.0
 8054750.0
 8110650.0
 8559350.0
 8560550.0
 8562150.0
 8566050.0
 8596250.0
 8885750.0
 9039350.0
 9083150.0
 9174850.0
 9651750.0
 9748450.0
 9752750.0
10292550.0
10355650.0
10384250.0
10450150.0
10485050.0
10553550.0
10698150.0
10734850.0
10807350.0
10914950.0
10950550.0
11225450.0
11300350.0
11308250.0
11611450.0
12098550.0
12149550.0
12182450.0
12236950.0
12698550.0
12966950.0
13404250.0
14497950.0
14572750.0
14655650.0
14736850.0
14938150.0
15514450.0
15566150.0
15734650.0
15864950.0
15908750.0
16415350.0
16498850.0
16507950.0
16624050.0
16759550.0
16827350.0
16991650.0
17079650.0
17096550.0
17223450.0
17341550.0
17389550.0
17392150.0
18116550.0
18156850.0
18161850.0
18182850.0
18556850.0
18701250.0
18848950.0
18971350.0
19631350.0
19739450.0
19754050.0
19991050.0
20175050.0
20187950.0
20740350.0
20807250.0
20934750.0
21263650.0
21276950.0
21443350.0
21493250.0
21677750.0
22215850.0
22775950.0
22784050.0
22808950.0
22948950.0
22971250.0
