  232550.0
  377550.0
  428050.0
  636850.0
  675350.0
 1038850.0
 1114850.0
 1178050.0
 1381250.0
 1703050.0
 1755250.0
 1862650.0
 2019050.0
 2287650.0
 2749750.0
 2799150.0
 2871650.0
 3102150.0
 3478250.0
 3498850.0
 4254350.0
 4327250.0
 4373650.0
 4410250.0
 4599350.0
 5663250.0
 5895250.0
 5980950.0
 6036550.0
 6687550.0
 6820050.0
 7430350.0
 7616650.0
 7656150.0
 7788550.0
 7933650.0
 8208050.0
 8456050.0
 8485150.0
 8677550.0
 8797750.0
 8819150.0
 8996250.0
 9019050.0
 9081150.0
 9413650.0
 9632750.0
10253850.0
10286450.0
10298550.0
10493350.0
10496350.0
10558850.0
10945350.0
11084750.0
11762950.0
11925150.0
11988750.0
12016150.0
12089450.0
12120150.0
12158450.0
12222550.0
12224250.0
12411850.0
12459150.0
13266050.0
13268950.0
13697050.0
13839650.0
14158350.0
14628650.0
14751150.0
14857850.0
14899750.0
15209950.0
15337950.0
15998150.0
16062850.0
16084050.0
16169150.0
16367650.0
16383450.0
16390550.0
16703050.0
16709950.0
16723450.0
17055350.0
17104050.0
17170850.0
17197550.0
17256650.0
17729450.0
17844250.0
18452350.0
18456450.0
18550850.0
18807250.0
19171750.0
19299550.0
19307550.0
19340950.0
19504050.0
19661050.0
19804650.0
19835450.0
19868950.0
19876450.0
20310650.0
20552750.0
20700850.0
20937950.0
21157150.0
21206550.0
21254350.0
21324450.0
21679550.0
22374450.0
22869550.0
22898950.0
22944150.0
