232.5
233.1
291.5
320.6
441.4
513.1
573.5
765.9
1181.2
1610.8
2058.6
2072.2
2250.9
2357.0
2437.7
2804.0
3459.0
3563.8
3667.9
3785.9
3788.3
3807.0
3857.2
4145.6
4523.8
4952.8
5181.7
5234.5
5244.3
5319.0
5743.2
5798.3
6067.1
6087.5
6094.0
6152.4
6566.7
6728.0
7009.0
7026.2
7045.2
7099.5
7108.5
7539.5
7608.5
7868.3
7880.0
7942.3
8490.7
8603.9
8715.1
8761.0
9011.0
9377.8
9534.7
9661.9
9785.1
9822.8
9951.3
10077.6
10136.4
10158.1
10296.4
10734.0
10772.2
10796.0
11209.1
11630.4
11958.0
12034.2
12242.0
12625.3
13008.4
13649.3
13741.1
13865.3
13924.0
14134.8
14537.5
15105.4
15226.5
15335.1
15742.7
15922.5
16178.2
16330.9
16904.2
17254.4
17264.5
17523.8
17538.1
17608.8
17861.0
18241.8
18890.3
19102.9
19155.8
19725.3
19874.5
19903.3
19989.8
20595.2
20784.6
20880.1
21122.9
21348.8
21413.4
21508.4
22098.4
22125.9
22210.5
22283.7
22436.6
22548.4
22650.4
22756.6
22867.8
22869.5
23003.0
23030.2
