  411650.0
  819350.0
 1276650.0
 2135050.0
 2188050.0
 2246450.0
 2291250.0
 2441650.0
 3189850.0
 3193850.0
 3233450.0
 4026450.0
 4293850.0
 5309550.0
 5310650.0
 5587850.0
 5657450.0
 5773250.0
 5775550.0
 5779650.0
 6120750.0
 6139450.0
 6160950.0
 6343050.0
 7102950.0
 7113050.0
 7192450.0
 7380950.0
 7763950.0
 7778750.0
 7808650.0
 7898050.0
 7974050.0
 8501350.0
 8574550.0
 8774050.0
 9209350.0
 9565350.0
 9627950.0
 9844250.0
 9898450.0
 9933950.0
10048450.0
10102950.0
10142650.0
10194550.0
10493850.0
10601150.0
10773150.0
10948750.0
11091050.0
11511550.0
11540950.0
11543150.0
11671750.0
11770450.0
11808650.0
12592150.0
12747850.0
13120550.0
13429250.0
13513650.0
13654850.0
14107750.0
14203750.0
14370050.0
14855250.0
15072250.0
15209350.0
15871350.0
15941150.0
16117250.0
16444950.0
16589650.0
17568950.0
17799050.0
17994750.0
18147950.0
18303950.0
18442750.0
18917350.0
18927150.0
18943650.0
18965450.0
19608450.0
19762650.0
20340650.0
20550750.0
20891050.0
20922850.0
21327450.0
21331950.0
21678450.0
22239550.0
22604150.0
22875550.0
22948750.0
