  202050.0
  414650.0
  430150.0
  556750.0
  575650.0
  770750.0
  814150.0
  890950.0
 1210550.0
 1560450.0
 1560550.0
 1743750.0
 1808550.0
 1956650.0
 2019650.0
 2029450.0
 2039750.0
 2318750.0
 2462950.0
 2565750.0
 3498950.0
 3599850.0
 3642450.0
 3900550.0
 4019150.0
 4381550.0
 4530650.0
 4716150.0
 4765050.0
 4792250.0
 4857750.0
 5028150.0
 5306350.0
 5333250.0
 5672050.0
 5710550.0
 5803050.0
 5849350.0
 5932250.0
 5989850.0
 6166050.0
 6218250.0
 6226750.0
 6229250.0
 6359750.0
 6367750.0
 6981750.0
 7087350.0
 7754550.0
 7799350.0
 8173350.0
 8228850.0
 8490050.0
 8997650.0
 9211050.0
 9296550.0
 9497650.0
 9603650.0
 9889750.0
 9918050.0
10097850.0
10202750.0
10241550.0
10374550.0
10382050.0
10651150.0
10858750.0
11070450.0
11208250.0
11282350.0
11500650.0
11969350.0
12097350.0
12101950.0
12230250.0
12553850.0
12618150.0
13308750.0
13310850.0
13390350.0
13598450.0
13831650.0
13999750.0
14128950.0
14371450.0
14472150.0
14875350.0
15012650.0
15120150.0
15147750.0
15157250.0
15664350.0
16097550.0
16358050.0
16528650.0
16591050.0
16748850.0
17079850.0
17117250.0
17223350.0
17361250.0
17392150.0
17523450.0
17543350.0
17557150.0
17571050.0
17589950.0
17717850.0
17790850.0
17861450.0
17874050.0
18236750.0
18470350.0
18574150.0
19093850.0
19138450.0
19305450.0
19319750.0
19427450.0
19451550.0
19484550.0
19521350.0
19690050.0
20102050.0
20455750.0
20498050.0
20715750.0
20784450.0
21044550.0
21159550.0
21281850.0
21747250.0
21785050.0
21858850.0
21950850.0
22059950.0
22144550.0
22374050.0
22448750.0
22700450.0
22854450.0
