    6250.0
  156850.0
  175650.0
  201750.0
  392150.0
  544350.0
  586450.0
  907150.0
 1390150.0
 1479450.0
 1609050.0
 1716350.0
 1760550.0
 1761850.0
 1789450.0
 2177250.0
 2285350.0
 2360750.0
 2412450.0
 2437250.0
 2686850.0
 2807650.0
 2966950.0
 3182150.0
 3595550.0
 3720050.0
 3908850.0
 3917150.0
 4709850.0
 4841350.0
 5642950.0
 5856450.0
 5893550.0
 5977750.0
 6028350.0
 6388450.0
 6570150.0
 6594550.0
 6635850.0
 6920350.0
 7332450.0
 7408550.0
 7466950.0
 8077750.0
 8180750.0
 8587950.0
 8670550.0
 8816550.0
 9014850.0
 9207850.0
 9288250.0
 9413750.0
 9965550.0
 9995550.0
10074550.0
10078550.0
10323250.0
10514850.0
10650550.0
10697850.0
10827950.0
10885150.0
10898650.0
11267050.0
11435350.0
11482050.0
11762050.0
11827250.0
12043450.0
12120250.0
12187950.0
12686950.0
12713550.0
12789550.0
12945650.0
13037650.0
13276550.0
13341550.0
13375350.0
13911550.0
14108950.0
14384950.0
14594250.0
14633250.0
15048550.0
15610650.0
15798750.0
16003350.0
16027450.0
16204150.0
16299350.0
16326450.0
16335350.0
17090450.0
17129350.0
17240550.0
17388050.0
17616550.0
17756750.0
17783150.0
17805650.0
17852550.0
17922950.0
17992750.0
18297750.0
18490150.0
18502550.0
18551850.0
18926950.0
18996750.0
19274650.0
19302850.0
20071050.0
20087550.0
20150650.0
20198750.0
20506350.0
20641450.0
20681750.0
21192350.0
22047450.0
22075250.0
22187050.0
22526750.0
