198.2
327.3
483.3
663.2
841.8
970.6
1013.4
1535.8
1548.1
2189.8
2241.9
2246.6
2481.7
2573.6
2647.2
2673.6
2789.1
2811.7
2944.6
3055.0
3266.2
3672.8
3834.3
3842.5
3850.2
4012.1
4064.6
4210.4
4259.4
4370.8
4420.5
4489.5
4612.8
4780.3
4929.5
5092.6
5103.7
5105.7
5315.3
5319.7
5526.1
5728.2
5853.1
5995.8
6111.6
6431.8
7030.2
7152.0
7167.4
7263.2
7411.1
7438.4
7559.9
7572.9
8322.8
8357.5
8492.2
8889.9
9201.7
9283.1
9628.6
9748.3
9772.8
9846.9
9859.6
9877.5
9903.3
10138.5
10190.7
10387.5
10554.5
10899.7
11395.1
11516.5
11917.2
12378.8
12520.2
12942.5
13154.4
13301.1
13332.6
13665.1
14117.8
14180.8
14331.9
14962.9
15061.0
15466.0
15792.9
15885.3
15893.7
16067.0
16363.4
16699.3
16899.2
16912.2
17057.2
17302.6
17351.3
17358.5
17603.1
17614.6
17975.4
18240.1
18485.0
18490.6
18944.4
19330.2
19430.1
19788.5
19800.5
20126.8
20285.6
20609.2
20661.9
21098.0
21123.0
21425.1
22266.5
22397.4
22444.5
22460.2
22632.8
22922.4
22944.5
