    8850.0
  198050.0
  578350.0
  720150.0
 1204150.0
 1413950.0
 1588350.0
 1608150.0
 1900550.0
 2203650.0
 2242250.0
 2254750.0
 2472250.0
 2509650.0
 2734650.0
 2735850.0
 3039150.0
 3439250.0
 3622850.0
 4065750.0
 4341450.0
 5043450.0
 5193950.0
 5291950.0
 5469850.0
 5763150.0
 5820350.0
 6072450.0
 6098350.0
 6255450.0
 6325250.0
 6329550.0
 6511950.0
 6690450.0
 7092650.0
 7174450.0
 7228750.0
 7436750.0
 7967050.0
 8114650.0
 8265750.0
 8354150.0
 8863150.0
 9544950.0
10026350.0
10054450.0
10100950.0
10141550.0
10220950.0
10318350.0
10432650.0
10617150.0
10737050.0
10823650.0
10935950.0
11187750.0
11499350.0
11993750.0
12210950.0
12342850.0
12352850.0
12456550.0
12691250.0
12729850.0
12912250.0
13318150.0
13441350.0
13657050.0
13724350.0
13762750.0
14149850.0
14925450.0
15725850.0
15798350.0
15920250.0
16255750.0
16595650.0
16783350.0
16989950.0
16992850.0
17252850.0
17668950.0
17995850.0
18167550.0
18481850.0
18806550.0
18893850.0
19189850.0
19208950.0
19361650.0
19432450.0
19847150.0
19895250.0
20544950.0
20822550.0
20845650.0
21458750.0
21668550.0
21944650.0
22202750.0
22296150.0
22961850.0
