  502550.0
  869450.0
  885150.0
  915050.0
  975850.0
 1024850.0
 1220850.0
 1374250.0
 1649250.0
 1763250.0
 2321150.0
 2438450.0
 2571650.0
 2890950.0
 3510750.0
 3534750.0
 3540450.0
 3619550.0
 3698850.0
 3942550.0
 3992350.0
 4065750.0
 4155650.0
 4215250.0
 4254150.0
 4336250.0
 4521550.0
 4616250.0
 4762350.0
 5104650.0
 5640950.0
 5786150.0
 5891550.0
 6246650.0
 6520850.0
 7052850.0
 7388050.0
 7566950.0
 7617850.0
 7754750.0
 7756050.0
 7969750.0
 8248150.0
 8312150.0
 8409850.0
 8451450.0
 8507350.0
 9426150.0
 9577950.0
 9841250.0
10295650.0
10575350.0
10647550.0
10922550.0
10925250.0
11441550.0
11526850.0
11573050.0
11714650.0
11722250.0
12035450.0
12260950.0
12345150.0
12526750.0
13258550.0
13395650.0
13575650.0
13709450.0
14583950.0
14663550.0
15045050.0
15079950.0
15594950.0
16016450.0
16436150.0
16486450.0
16945250.0
17192950.0
17393950.0
17476650.0
17516750.0
17567350.0
17631950.0
17713950.0
17823750.0
17830550.0
17846050.0
17858650.0
17912050.0
18056450.0
18077850.0
18217350.0
18712550.0
19294750.0
19356850.0
19379750.0
19975950.0
20543550.0
20553750.0
20563850.0
20821650.0
21709150.0
21722050.0
21899950.0
21975350.0
22126550.0
22217550.0
22366350.0
22373950.0
22556950.0
