  100750.0
  361850.0
  586050.0
  848250.0
  942050.0
  982150.0
 1123350.0
 1282550.0
 1426350.0
 2011350.0
 2035650.0
 2067950.0
 2115050.0
 2260350.0
 2576550.0
 2777850.0
 3015850.0
 3159150.0
 3226450.0
 3337350.0
 3442950.0
 3526050.0
 3769350.0
 3901350.0
 3987350.0
 4065250.0
 4581750.0
 4636450.0
 4681150.0
 5369650.0
 5537950.0
 5763250.0
 5774550.0
 6086550.0
 6146250.0
 6321250.0
 6346650.0
 6357650.0
 6378450.0
 6834850.0
 7057550.0
 7362650.0
 7491750.0
 7503550.0
 7917150.0
 8184850.0
 8974650.0
 9710450.0
10126650.0
10357950.0
10368350.0
10642450.0
10821350.0
10845950.0
11076550.0
11622350.0
11644850.0
11796450.0
12176150.0
12390650.0
12782750.0
12798750.0
12814450.0
13046450.0
13069750.0
13135750.0
13174550.0
13184050.0
13327450.0
13350350.0
13978150.0
13980350.0
14348050.0
14614950.0
14840950.0
14959850.0
15094950.0
15108250.0
15119150.0
15348950.0
15373150.0
15397950.0
15528050.0
15684750.0
15817150.0
15976450.0
16018250.0
16470850.0
16673650.0
16797750.0
16927850.0
17049350.0
17056950.0
17136350.0
17773550.0
17977150.0
18025350.0
18100950.0
18639450.0
18675050.0
18693450.0
18722350.0
18756250.0
18853450.0
18935250.0
19148750.0
19172850.0
19180050.0
19622350.0
20550550.0
20691750.0
21011950.0
21659450.0
21776550.0
21953350.0
22003150.0
22117850.0
22141550.0
22395250.0
22464450.0
22497850.0
22714450.0
22735750.0
22869250.0
22929850.0
22950650.0
22984450.0
