    8850.0
  370250.0
  621350.0
  816150.0
  875050.0
  909150.0
  979350.0
 1071350.0
 1268350.0
 1288150.0
 1615750.0
 1717350.0
 2002250.0
 2066350.0
 2078550.0
 2330650.0
 2435750.0
 2471550.0
 2835650.0
 2847150.0
 3371850.0
 4109150.0
 4587850.0
 4659550.0
 4668750.0
 4681450.0
 4716650.0
 5176550.0
 5217550.0
 5417150.0
 5618250.0
 5861850.0
 6055150.0
 6075950.0
 6285450.0
 7107850.0
 7622150.0
 7784150.0
 7846850.0
 8100750.0
 8427550.0
 8782950.0
 9019250.0
 9103750.0
 9689650.0
 9697050.0
 9811850.0
 9962050.0
10447550.0
10697950.0
11022550.0
11046050.0
11327250.0
11369750.0
11398650.0
11426850.0
11733850.0
11734750.0
12111850.0
12143450.0
12175350.0
12604550.0
12695450.0
12951950.0
13104750.0
13370850.0
13407450.0
13439550.0
13577850.0
13742950.0
14056050.0
14110150.0
14165050.0
14213850.0
14326650.0
14562250.0
14683450.0
14867050.0
14891450.0
15685750.0
16093250.0
16175550.0
16338650.0
16710450.0
17193650.0
17294350.0
17383850.0
17582250.0
17669250.0
17845750.0
18084850.0
18494350.0
18585750.0
18588950.0
18757450.0
19233950.0
19237750.0
19371050.0
19469950.0
19727650.0
19809550.0
19822250.0
19903650.0
20097650.0
20401450.0
20415150.0
20794150.0
20982050.0
21086450.0
21097150.0
21442050.0
21504250.0
21571950.0
21624850.0
22101750.0
22325650.0
22487350.0
22615550.0
22701050.0
22814050.0
22902150.0
