  551750.0
  699950.0
 1099550.0
 1796050.0
 1887950.0
 2048850.0
 2161250.0
 2371050.0
 2404450.0
 2466350.0
 2828050.0
 3148550.0
 3166550.0
 3574750.0
 3840750.0
 3960150.0
 4013850.0
 4037950.0
 4374550.0
 4406250.0
 4449650.0
 4510750.0
 4551750.0
 4594050.0
 5053150.0
 5393450.0
 5490750.0
 5511750.0
 5555850.0
 5560250.0
 5822250.0
 6162550.0
 6613650.0
 6840650.0
 7052750.0
 7301650.0
 7654750.0
 7677050.0
 7788450.0
 7796250.0
 8028750.0
 8107350.0
 8267250.0
 8526850.0
 8542050.0
 9211650.0
 9252950.0
 9443450.0
 9908550.0
10062050.0
10240450.0
10469350.0
10562050.0
11106750.0
11161750.0
11609950.0
12636150.0
13670150.0
13782150.0
14103550.0
14271550.0
14276450.0
14327150.0
14370750.0
14410250.0
14434450.0
14534450.0
14579450.0
14693850.0
14701850.0
14903750.0
15066050.0
15125450.0
15183250.0
15542850.0
15627250.0
15724550.0
15899250.0
16093950.0
16435150.0
16445350.0
16700850.0
16800850.0
17789150.0
17799750.0
17833250.0
18096750.0
18299350.0
18824050.0
18826750.0
19032950.0
19080950.0
19414350.0
19676250.0
20409150.0
20836150.0
21188350.0
21607150.0
21715650.0
22189050.0
22637950.0
