  370750.0
  420050.0
  494350.0
  586850.0
  731250.0
  762050.0
 1005750.0
 1031450.0
 1532650.0
 1645350.0
 1718750.0
 2060050.0
 2281850.0
 2351450.0
 2828150.0
 2830850.0
 3079350.0
 4692250.0
 4723950.0
 4813350.0
 4905250.0
 5241850.0
 5251350.0
 5299550.0
 5445150.0
 6069650.0
 6162350.0
 6485950.0
 6598150.0
 7409950.0
 8426450.0
 8983150.0
 9062650.0
 9216350.0
 9300750.0
 9792550.0
10351750.0
10447450.0
10565550.0
10894750.0
10995750.0
11349550.0
11538150.0
11583950.0
11789750.0
11816950.0
11996450.0
12123250.0
12593550.0
12768350.0
13964450.0
14159550.0
14550250.0
14719650.0
14766350.0
15091950.0
15314150.0
15327950.0
15528150.0
15597050.0
15866050.0
15875650.0
15902950.0
16092050.0
16156150.0
16660550.0
16722850.0
16811050.0
17008250.0
17015750.0
17221450.0
17232150.0
17278950.0
17387050.0
17648550.0
17824850.0
18104350.0
18189950.0
18222250.0
18426550.0
18777950.0
19673650.0
19785650.0
19887350.0
19924750.0
19933350.0
19947750.0
20256250.0
20451250.0
20627750.0
20730850.0
20799050.0
20976150.0
21041950.0
21049750.0
21408350.0
21432350.0
21558350.0
21679450.0
22091250.0
22488850.0
22762750.0
