157.1
456.1
523.0
558.6
813.5
1128.7
1374.1
1385.3
1478.4
1931.2
1946.6
1969.4
2107.8
2132.5
2420.1
2484.7
2724.6
2736.7
3075.6
3166.7
3493.4
3623.2
3806.5
3861.1
3944.3
3990.7
4067.9
4456.1
4526.1
4708.6
4834.1
4871.7
5068.3
5308.9
5341.8
5346.0
5490.8
5539.1
5758.9
5795.9
5975.6
6133.2
6203.4
6351.0
6384.4
6522.2
7465.1
8277.7
9265.3
9318.6
9834.3
9942.6
10108.6
10477.6
10720.4
10774.0
11328.2
11765.8
11865.1
12184.4
12785.0
12997.8
13055.6
13308.2
13482.3
14093.8
14237.6
14453.2
14475.0
14544.3
14668.2
15224.6
15301.9
15915.7
16009.4
16387.7
16514.2
16596.8
16609.4
16710.1
16859.3
16964.4
17114.0
17121.1
17158.3
17245.9
17348.1
17403.8
17846.5
18419.9
18794.7
19113.2
19280.9
19583.3
19684.0
19834.1
19993.1
20121.9
20167.7
20532.8
20906.4
21278.7
21689.3
22118.7
22381.2
22629.1
22697.4
22920.4
22920.5
23004.2
