  397150.0
  459850.0
  616350.0
  623750.0
  931250.0
  970150.0
 1236150.0
 1387450.0
 1887550.0
 2430550.0
 2537450.0
 2612150.0
 2647850.0
 2871650.0
 2941050.0
 3225150.0
 3406650.0
 3519450.0
 4106350.0
 4153450.0
 4269250.0
 4604550.0
 4809750.0
 5528350.0
 6273250.0
 6370750.0
 6398750.0
 7399650.0
 7569950.0
 7757050.0
 7950950.0
 8017750.0
 8058050.0
 8155650.0
 8305350.0
 8536650.0
 8877250.0
 9159950.0
 9314150.0
 9421350.0
 9432950.0
 9917950.0
10084850.0
10321850.0
11265650.0
11539650.0
11862450.0
12117350.0
12576850.0
12752850.0
13022850.0
13643050.0
13916450.0
13920950.0
13938550.0
14403050.0
15011650.0
15079550.0
15173150.0
15425750.0
16177350.0
16228350.0
16256050.0
16382250.0
16614150.0
16727350.0
16736250.0
16785950.0
16807450.0
17078950.0
17679950.0
17684650.0
17774850.0
17800250.0
17942150.0
18182250.0
18310850.0
18545150.0
18874150.0
18929250.0
19302450.0
19578050.0
20196350.0
20273250.0
20681250.0
20849550.0
20895350.0
20905450.0
21031850.0
21138550.0
21212350.0
21576250.0
22140450.0
22185450.0
22492950.0
22936850.0
