927
928
929
934
936
1049
1050
1055
6040
6041
6043
6045
6047
6049
6050
6051
6055
6057
6058
6060
6063
6065
6067
6068
6069
6070
6072
6163
6165
6166
6170
6171
6176
6177
6181
6189
6191
6193
6194
6195
6197
6199
6201
6288
6297
6298
6302
6303
6304
6305
6306
6307
6311
6312
6314
6317
6319
6324
6326
6409
6410
6412
6414
6416
6417
6419
6420
6422
6423
6425
6426
6427
6429
6431
6434
6435
6436
6437
6439
6440
6441
6442
6445
6448
6452
6537
6539
6540
6544
6549
6551
6552
6553
6557
6559
6560
6562
6563
6564
6568
6572
6575
6671
6673
6676
6677
6681
6683
6684
6685
6692
11421
11422
11423
11425
11426
11437
11440
11547
11548
11550
11551
11554
11558
11560
11563
11565
11566
11567
11568
11571
11572
11666
11669
11675
11676
11678
11679
11680
11681
11685
11687
11688
11692
11695
11696
11697
11790
11793
11794
11797
11799
11802
11804
11806
11807
11808
11810
11811
11812
11814
11816
11817
11822
11919
11920
11932
11933
11935
11938
11940
11941
13428
13433
13435
13437
13438
13440
13546
13547
13549
13550
13553
13554
13555
13557
13559
13563
13566
13667
13669
13670
13671
13675
13676
13678
13682
13684
13685
13687
13688
13689
13690
13692
13693
13695
13796
13803
13806
13808
13809
13810
13811
13812
13813
