1431
1433
1551
1553
1555
1558
1562
1678
1682
1683
5918
5921
5922
5923
5927
5928
5930
5933
5934
5937
5939
5940
5946
6037
6040
6041
6042
6045
6048
6049
6052
6053
6055
6056
6058
6060
6061
6069
6070
6071
6073
6161
6163
6165
6171
6174
6183
6186
6188
6190
6192
6194
6195
6196
6198
6199
6202
6203
6284
6285
6289
6290
6291
6292
6294
6295
6297
6300
6301
6302
6304
6305
6309
6311
6313
6320
6321
6323
6329
6415
6416
6417
6418
6419
6421
6422
6423
6424
6425
6430
6432
6434
6439
6440
6441
6442
6443
6444
6445
6446
6447
6451
6453
6537
6538
6541
6543
6546
6548
6553
6554
6556
6557
6558
6560
6561
6566
6567
6568
6572
6574
6577
6664
6675
6676
6677
6680
6681
6687
6689
6693
6694
6695
6696
6699
6795
6803
6810
6812
6813
6814
10801
10803
10804
10805
10807
10812
10917
10918
10919
10920
10925
10926
10927
10929
10930
10931
10932
10933
10936
10937
10938
10939
10940
11042
11049
11050
11051
11058
11062
11064
11066
11067
11071
11166
11168
11173
11175
11178
11181
11182
11183
11185
11186
11187
11191
11193
11195
11197
11292
11293
11294
11296
11299
11300
11301
11304
11309
11310
11317
11320
11421
11424
11426
11427
11428
11434
11436
11437
11438
11441
