415
420
422
423
425
426
429
430
431
433
435
437
439
442
446
447
450
536
545
547
550
553
554
555
556
557
558
559
560
561
564
565
567
568
569
571
573
577
663
664
666
673
676
678
679
685
686
687
689
690
693
694
695
698
699
700
785
786
789
791
793
795
796
797
799
801
802
804
805
809
810
813
815
816
819
821
827
828
910
911
920
922
927
929
930
934
935
936
937
940
941
947
948
949
950
952
1036
1037
1038
1039
1043
1046
1047
1049
1051
1053
1055
1057
1059
1064
1065
1067
1068
1069
1070
1077
1163
1165
1166
1170
1171
1174
1177
1179
1188
1189
1191
1192
1194
1196
1198
1293
1295
1296
1302
1304
1312
1314
1431
1434
1435
