508
513
514
520
521
524
525
526
528
529
530
534
541
543
631
632
634
635
638
639
644
645
646
649
650
652
654
655
657
659
660
664
665
671
760
761
762
764
770
771
773
776
779
782
785
787
789
896
897
898
906
2398
2401
2405
2520
2522
2525
2527
2529
2531
2533
2534
7517
7519
7520
7523
7525
7527
7528
7539
7634
7635
7639
7640
7648
7649
7652
7654
7655
7660
7662
7663
7666
7667
7669
7755
7757
7762
7763
7766
7767
7768
7770
7773
7774
7779
7780
7781
7782
7783
7784
7785
7787
7789
7790
7879
7886
7889
7890
7891
7895
7897
7898
7900
7903
7904
7905
7906
7910
7913
7917
7921
8006
8007
8008
8019
8020
8021
8022
8023
8024
8026
8029
8031
8038
8041
8135
8137
8140
8143
8144
8146
8148
8150
8151
8153
8154
8155
12894
12895
12899
12903
12905
12907
12910
12911
12913
13012
13013
13014
13018
13019
13022
13025
13029
13031
13033
13035
13039
13044
13134
13142
13144
13147
13148
13149
13154
13155
13158
13159
13162
13166
13167
13262
13263
13265
13267
13268
13269
13275
13276
13279
13281
13282
13283
13290
13291
13292
13294
13388
13391
13392
13395
13398
13401
13402
13404
13407
13409
13414
13520
