3901
4024
4025
4028
4031
4150
4155
4156
8391
8392
8397
8399
8400
8401
8402
8403
8406
8408
8409
8411
8510
8516
8518
8521
8522
8526
8528
8530
8534
8537
8539
8542
8632
8633
8635
8645
8646
8650
8651
8652
8653
8654
8655
8661
8663
8665
8668
8669
8670
8671
8672
8756
8762
8765
8766
8767
8768
8769
8772
8773
8775
8781
8784
8786
8787
8788
8792
8879
8884
8887
8889
8891
8892
8897
8898
8902
8904
8913
8914
8917
8918
8919
8922
8923
9007
9008
9012
9013
9014
9015
9017
9018
9019
9020
9022
9023
9024
9027
9028
9030
9032
9034
9037
9038
9040
9041
9042
9043
9045
9046
9047
9133
9136
9137
9138
9140
9141
9142
9145
9146
9150
9155
9158
9162
9163
9164
9165
9166
9171
9260
9262
9272
9274
9275
9277
9278
9282
9287
9290
9392
9399
9406
9407
13394
13398
13399
13400
13401
13404
13405
13407
13411
13513
13519
13520
13521
13522
13523
13526
13528
13530
13531
13532
13534
13537
13538
13539
13540
13638
13639
13642
13646
13650
13656
13658
13665
13668
13760
13762
13763
13766
13770
13771
13773
13779
13781
13782
13783
13786
13787
13789
13790
13792
13890
13892
13900
13901
13904
13905
13908
13910
13913
13914
13915
14015
14022
14024
14025
14026
14030
14031
14032
