511
512
514
515
517
518
519
520
527
529
531
538
540
541
649
650
8391
8392
8396
8397
8398
8400
8401
8403
8409
8410
8518
8520
8522
8523
8524
8525
8526
8527
8529
8530
8533
8534
8647
8649
8653
8654
8655
10013
10014
10016
10017
10018
10019
10020
10027
10028
10029
10031
10032
10033
10039
10040
10131
10133
10135
10137
10140
10142
10143
10144
10146
10147
10149
10150
10152
10153
10155
10156
10158
10161
10166
10170
10172
10173
10254
10258
10260
10261
10264
10269
10271
10272
10273
10274
10275
10278
10279
10282
10284
10285
10287
10291
10296
10297
10298
10387
10390
10391
10394
10396
10397
10399
10401
10402
10403
10404
10405
10409
10410
10411
10414
10416
10418
10419
10509
10511
10512
10513
10514
10518
10519
10520
10521
10523
10526
10528
10531
10532
10535
10536
10538
10539
11769
11771
11772
11775
11778
11779
11781
11783
11786
11788
11789
11791
11883
11886
11889
11892
11896
11897
11898
11902
11903
11908
11909
11913
11915
11916
11918
11919
11920
12008
12009
12011
12012
12014
12017
12024
12025
12028
12029
12030
12031
12032
12034
12039
12040
12042
12043
12045
12132
12137
12138
12142
12143
12149
12150
12151
12155
12157
12158
12159
12161
12163
12166
12167
12169
12262
12263
12266
12269
12274
12275
12277
12278
12279
12282
12283
