2797
2798
2800
2803
2804
2809
2810
2815
2816
2916
2918
2921
2924
2926
2928
2930
2931
2933
2938
2942
2944
2946
3039
3042
3044
3047
3053
3054
3056
3057
3059
3061
3068
3070
3073
3165
3167
3170
3174
3175
3177
3180
3183
3186
3188
3190
3294
3300
3307
6676
6678
6679
6681
6682
6690
6691
6792
6794
6795
6802
6803
6805
6807
6812
6814
6817
6914
6916
6921
6924
6927
6928
6930
6931
6933
6934
6936
6938
6939
6940
6941
6945
6946
6948
7044
7045
7046
7048
7049
7051
7052
7054
7055
7058
7060
7061
7063
7066
7069
7070
7072
7073
7169
7171
7173
7179
7183
7184
7186
7187
7189
7191
7193
12550
12551
12552
12555
12556
12557
12559
12560
12561
12562
12564
12669
12671
12673
12675
12680
12681
12682
12683
12684
12685
12687
12689
12694
12787
12788
12790
12793
12799
12800
12802
12803
12806
12807
12813
12816
12818
12819
12820
12822
12827
12909
12912
12916
12917
12919
12920
12922
12924
12925
12927
12931
12933
12934
12935
12937
12941
12943
12944
12945
12946
12950
12951
12952
12953
12954
13039
13040
13041
13043
13045
13046
13047
13051
13055
13057
13060
13062
13063
13064
13065
13066
13067
13069
13070
13073
13075
13078
13165
13167
13171
13172
13175
13178
13180
13181
13182
13183
13185
13191
13195
13197
13293
13296
13299
13300
13303
13306
13308
13312
13426
