413
414
415
416
424
429
433
434
435
440
444
446
447
448
449
539
542
543
544
546
547
551
552
555
556
560
565
566
567
570
571
673
677
678
686
688
2426
2427
2430
2431
2432
2437
2543
2549
2550
2551
2554
2561
2563
2564
2569
2671
2673
2675
2677
2678
2680
2681
2682
2684
2685
2686
2690
2691
2692
2695
2701
2790
2794
2795
2797
2799
2801
2802
2803
2806
2807
2811
2812
2816
2821
2822
2823
2825
2826
2912
2921
2922
2927
2928
2929
2931
2932
2934
2935
2936
2940
2942
2947
2949
2950
3040
3042
3043
3049
3051
3052
3053
3057
3060
3062
3063
3065
3066
3067
3069
3071
3073
3166
3168
3169
3171
3175
3178
3180
3184
3185
3190
3192
3193
3300
3302
3305
3307
4926
4927
4930
4931
4932
4934
4935
4937
4939
5042
5045
5049
5052
5056
5062
5066
5067
5068
5069
5165
5169
5171
5173
5174
5175
5179
5182
5185
5186
5188
5191
5192
5193
5195
5196
5197
5198
5286
5289
5291
5295
5297
5300
5301
5303
5305
5306
5310
5313
5315
5316
5320
5321
5323
5327
5410
5411
5412
5413
5414
5415
5416
5417
5420
5422
5424
5425
5426
5429
5430
5431
5439
5440
5441
5445
5446
5450
5453
5536
5537
5538
5541
5542
5543
5544
5545
5546
5549
5551
5554
5556
5565
5568
5663
5665
5668
5673
5675
5678
5687
5689
5691
5694
5696
5697
5797
5798
5799
5802
5803
5804
5808
5809
5814
5818
7433
7434
7435
7438
7439
7440
7542
7543
7544
7548
7551
7556
7558
7560
7562
7563
7567
7568
7574
7666
7668
7670
7671
7672
7673
7677
7678
7679
7680
7684
7686
7687
7688
7689
7691
7692
7694
7695
7697
7698
7699
7701
7785
7786
7789
7794
7796
7802
7806
7807
7811
7812
7818
7819
7820
7822
7825
7826
7827
7910
7912
7916
7917
7921
7925
7927
7928
7931
7933
7935
7936
7938
7939
7940
7941
7942
7943
7948
7950
8039
8048
8052
8054
8058
8059
8060
8062
8063
8065
8066
8068
8070
8077
8162
8165
8169
8171
8172
8174
8178
8179
8180
8182
8183
8186
8191
8193
8195
8196
8293
8296
8297
8299
8300
8301
8302
8310
8311
8316
8320
9936
9937
9938
9939
10045
10046
10049
10051
10061
10063
10064
10068
10164
10166
10167
10168
10169
10173
10174
10178
10179
10180
10183
10184
10187
10188
10189
10190
10192
10196
10285
10292
10293
10294
10296
10297
10298
10299
10300
10301
10303
10304
10305
10306
10307
10308
10309
10310
10312
10313
10316
10322
10324
10412
10415
10416
10417
10418
10420
10421
10422
10423
10424
10425
10428
10429
10430
10431
10434
10436
10437
10438
10440
10441
10442
10443
10449
10534
10535
10536
10539
10545
10546
10547
10550
10551
10552
10553
10556
10557
10558
10562
10564
10570
10576
10661
10669
10673
10674
10677
10678
10679
10681
10683
10686
10689
10697
10699
10701
10795
10797
10798
10799
10800
10804
10806
10808
10812
10814
10816
10817
10821
12544
12550
12551
12554
12555
12557
12558
12560
12561
12565
12568
12664
12666
12672
12674
12676
12679
12680
12682
12685
12686
12688
12689
12691
12694
12789
12790
12793
12794
12795
12797
12800
12801
12802
12804
12805
12806
12807
12813
12814
12815
12818
12820
12824
12825
12910
12912
12913
12914
12919
12920
12921
12924
12929
12931
12934
12938
12939
12941
12944
12948
13035
13038
13040
13041
13042
13045
13046
13047
13050
13051
13052
13054
13056
13057
13058
13059
13061
13062
13064
13065
13066
13068
13069
13071
13073
13074
13075
13077
13164
13165
13166
13167
13170
13174
13175
13177
13178
13180
13188
13189
13191
13192
13194
13198
13199
13299
13301
13305
13306
13308
13309
13310
13311
13318
13319
13420
13431
13432
