4266
4267
4270
4272
4274
4277
4282
4283
4386
4389
4390
4392
4393
4399
4400
4402
4403
4407
4411
4412
4414
4417
4511
4514
4515
4518
4520
4521
4524
4526
4527
4529
4531
4534
4536
4537
4539
4540
4541
4636
4642
4645
4649
4652
4656
4659
4766
4771
4772
4774
4776
4778
4781
4782
4784
4785
4786
4789
8149
8151
8153
8155
8262
8265
8273
8276
8278
8280
8284
8286
8287
8289
8290
8293
8385
8387
8388
8389
8390
8393
8394
8396
8397
8400
8401
8405
8406
8407
8408
8412
8414
8417
8510
8515
8517
8521
8522
8525
8526
8532
8533
8535
8538
8639
8647
8648
8652
8653
8655
8659
8663
8770
8771
8772
8774
14020
14022
14023
14026
14028
14032
14034
14137
14138
14139
14141
14146
14148
14149
14161
14163
14167
14256
14257
14260
14262
14264
14269
14270
14275
14276
14279
14280
14281
14282
14283
14284
14285
14288
14289
14290
14292
14294
14297
14298
14382
14383
14385
14388
14390
14391
14395
14397
14399
14400
14404
14405
14407
14409
14413
14414
14418
14419
14421
