1301
1302
1306
1307
1308
1310
1311
1315
1317
1318
1418
1419
1421
1424
1431
1433
1439
1440
1444
1445
1448
1539
1540
1541
1543
1545
1547
1548
1550
1553
1554
1557
1558
1559
1561
1564
1568
1569
1570
1572
1573
1574
1659
1664
1666
1668
1669
1670
1672
1673
1675
1676
1677
1678
1680
1681
1683
1684
1687
1688
1691
1693
1694
1695
1698
1784
1785
1786
1787
1790
1791
1792
1793
1794
1797
1798
1802
1804
1807
1808
1809
1810
1812
1815
1817
1819
1820
1821
1822
1824
1826
1909
1911
1915
1918
1921
1923
1924
1928
1929
1931
1932
1938
1942
1943
1946
1947
1951
2037
2038
2039
2041
2043
2045
2048
2050
2051
2057
2058
2059
2060
2062
2066
2067
2068
2069
2074
2163
2167
2169
2172
2174
2178
2179
2182
2185
2187
2191
2197
2293
2294
2295
2297
2302
2303
2305
2306
2311
2313
2315
2318
2319
4679
4681
4682
4804
12303
12304
12306
12309
12310
12311
12313
12314
12315
12316
12423
12424
12425
12427
12434
12437
12438
12442
12540
12542
12544
12546
12550
12553
12554
12557
12558
12559
12560
12562
12566
12567
12568
12569
12669
12672
12680
12682
12683
12686
12688
12691
12692
12694
12696
12697
12698
12789
12791
12795
12800
12804
12807
12808
12809
12811
12813
12815
12817
12818
12823
12913
12915
12916
12918
12921
12925
12926
12928
12930
12931
12933
12937
12938
12939
12940
12946
13043
13046
13047
13050
13051
13053
13054
13059
13060
13061
13064
13065
13069
13071
13172
13173
13174
13175
13176
13179
13181
13182
13185
13186
13188
13191
