1766
1767
1774
1775
1777
1780
1784
1785
1886
1888
1890
1892
1893
1894
1897
1898
1901
1905
1906
1910
1911
1912
1913
1915
1917
1918
2008
2013
2015
2016
2022
2024
2026
2028
2029
2033
2036
2037
2038
2040
2047
2130
2133
2134
2137
2139
2140
2145
2146
2149
2153
2155
2159
2169
2173
2255
2257
2258
2260
2261
2262
2263
2265
2266
2268
2269
2270
2272
2274
2275
2278
2280
2283
2285
2289
2290
2293
2298
2380
2383
2385
2388
2389
2390
2392
2394
2395
2397
2398
2399
2400
2405
2410
2413
2415
2416
2417
2419
2420
2421
2423
2510
2515
2520
2523
2528
2533
2535
2536
2537
2544
2545
2639
2640
2641
2645
2649
2654
2659
2660
2662
2665
2666
2766
2769
2775
2777
2778
2780
6764
6768
6769
6771
6772
6773
6776
6777
6779
6780
6782
6784
6786
6787
6888
6893
6895
6897
6898
6899
6901
6904
6907
6909
6910
7012
7014
7017
7018
7019
7021
7024
7026
7029
7030
7035
7038
7039
7042
7043
7135
7136
7139
7141
7143
7144
7145
7147
7150
7154
7156
7157
7158
7160
7161
7162
7165
7263
7265
7266
7268
7269
7273
7274
7276
7278
7279
7280
7282
7397
7398
7399
7400
7401
7404
7405
7406
14018
14021
14022
14024
14025
14032
14036
14037
14136
14142
14144
14145
14146
14148
14149
14152
14153
14156
14157
14160
14161
14166
14258
14260
14262
14263
14265
14266
14269
14270
14273
14276
14277
14278
14285
14287
14288
14289
14290
14291
14292
14293
14383
14386
14387
14389
14395
14400
14406
14411
14414
14415
14416
