2391
2393
2398
2400
2402
2404
2408
2413
2509
2510
2511
2520
2521
2523
2525
2526
2531
2533
2534
2535
2537
2538
2542
2632
2634
2636
2642
2643
2649
2653
2655
2658
2664
2667
2669
2755
2758
2760
2761
2763
2764
2766
2767
2771
2772
2775
2777
2780
2783
2786
2787
2788
2790
2793
2796
2882
2883
2886
2888
2889
2890
2894
2896
2897
2898
2901
2906
2908
2909
2910
2916
3005
3011
3012
3014
3015
3016
3022
3024
3025
3030
3031
3032
3034
3036
3037
3040
3042
3049
3130
3134
3136
3138
3142
3143
3147
3154
3156
3158
3160
3161
3162
3163
3164
3167
3168
3171
3172
3256
3261
3263
3265
3269
3271
3272
3276
3278
3279
3281
3282
3284
3288
3384
3388
3394
3395
3403
3404
3406
3409
3410
3411
3412
3413
3415
3517
3520
3527
3528
3530
3532
3537
3538
