3268
3271
3272
3275
3277
3279
3281
3284
3286
3385
3387
3388
3390
3392
3393
3394
3395
3397
3403
3404
3405
3407
3409
3410
3413
3414
3418
3421
3505
3511
3513
3518
3519
3525
3527
3528
3529
3532
3537
3541
3633
3635
3636
3640
3641
3646
3647
3648
3649
3650
3651
3653
3654
3655
3656
3661
3665
3666
3667
3668
3672
3674
3756
3758
3759
3760
3763
3764
3767
3768
3771
3773
3774
3775
3778
3780
3784
3785
3788
3790
3798
3881
3890
3892
3893
3896
3897
3900
3904
3907
3912
4012
4014
4015
4017
4022
4026
4027
4028
4029
4030
4034
4035
4036
9267
9270
9271
9272
9273
9275
9276
9277
9278
9279
9282
9389
9391
9392
9393
9394
9395
9397
9398
9402
9403
9408
9413
9416
9417
9507
9509
9511
9515
9516
9522
9527
9529
9530
9531
9532
9533
9534
9535
9536
9538
9539
9540
9541
9544
9631
9632
9633
9635
9638
9643
9645
9648
9649
9652
9653
9655
9656
9664
9665
9668
9671
9761
9764
9766
9767
9769
9770
9772
9774
9777
9782
9783
9786
9787
9788
9795
9882
9885
9887
9890
9894
9895
9901
9903
9905
9915
9917
9918
10022
10023
10033
13525
13526
13527
13528
13651
