14
18
19
23
25
26
28
36
42
49
52
139
142
144
147
150
155
156
160
166
168
170
176
264
265
267
269
271
273
274
275
277
279
280
282
283
284
285
287
289
290
292
293
295
296
402
403
406
410
1901
1903
1909
1910
2024
2025
2026
2028
2035
2038
2039
2154
2155
2156
2157
10530
10655
10656
10780
10781
10907
11030
11032
11035
11037
11038
11040
11150
11154
11155
11159
11273
11274
11278
11280
11281
11286
11288
11289
11397
11400
11407
11408
11409
11414
11528
11531
11532
11535
11537
11539
11646
11649
11651
11657
11661
11663
11664
11665
11666
11777
11779
11781
11782
11785
11786
11787
11896
11898
11899
11901
11902
11903
11905
11907
11910
11912
11913
12021
12024
12027
12028
12029
12031
12037
12040
12147
12149
12152
12153
12154
12159
12160
12162
12165
12272
12275
12277
12279
12281
12284
12289
12292
12396
12397
12399
12407
12410
12411
12412
12413
12416
12523
12527
12529
12531
12532
12533
12535
12541
12649
12650
12652
12653
12655
12656
12658
12659
12665
12772
12773
12774
12776
12777
12778
12779
12780
12782
12783
12786
12788
12790
12791
12898
12899
12900
12901
12906
12909
12910
13022
13023
13025
13026
13027
13029
13035
13039
13041
13150
13154
13155
13157
13158
13164
13166
13167
13273
13279
13280
13281
13282
13286
13287
13288
13289
13290
13405
19142
19148
19155
19156
19157
19158
19161
19162
19163
19165
19170
19171
19266
19268
19269
19271
19273
19276
19279
19283
19287
19289
19291
19294
19295
19296
19297
19298
19388
19392
19397
19398
19401
19403
19405
19406
19410
19411
19412
19416
19417
19418
19419
19423
19424
19519
19520
19530
19532
19537
19538
19540
19543
19545
19651
19654
19655
