29
39
42
43
44
151
156
158
159
1521
1528
1533
1534
1539
1543
1547
1548
1549
1639
1644
1650
1651
1656
1657
1663
1665
1669
1672
1674
1678
1759
1760
1762
1765
1769
1770
1771
1772
1773
1774
1775
1777
1779
1780
1781
1783
1784
1787
1791
1792
1793
1801
1802
1886
1887
1891
1896
1899
1900
1909
1911
1913
1918
1919
1926
2014
2019
2021
2033
2041
2043
3268
3270
3271
3272
3274
3275
3280
3285
3293
3388
3391
3392
3397
3399
3401
3402
3403
3406
3408
3413
3414
3416
3417
3420
3422
3515
3516
3518
3519
3520
3522
3523
3524
3527
3528
3532
3536
3537
3538
3539
3543
3544
3547
3548
3552
3638
3640
3643
3644
3645
3646
3647
3651
3652
3654
3655
3656
3659
3660
3665
3666
3668
3669
3670
3671
3674
3772
3773
3777
3778
3781
3783
19772
19776
19778
19782
19785
19789
19791
19792
19795
19798
19888
19889
19890
19892
19893
19894
19896
19898
19899
19901
19902
19904
19905
19907
19910
19914
19915
19918
19919
20012
20014
20019
20021
20023
20024
20030
20033
20035
20038
20040
20041
20044
20045
20046
20048
20049
20144
20145
20146
20147
20152
20153
20155
20157
20159
20160
20162
20167
20170
20269
20270
20274
