8148
8149
8153
8154
8158
8160
8164
8266
8269
8271
8272
8276
8277
8280
8281
8285
8286
8287
8288
8289
8292
8293
8296
8388
8391
8396
8398
8399
8401
8403
8405
8406
8407
8409
8411
8412
8416
8418
8421
8511
8512
8513
8514
8515
8518
8519
8521
8522
8523
8525
8526
8528
8529
8530
8532
8538
8541
8542
8543
8544
8546
8547
8549
8634
8636
8637
8639
8644
8646
8648
8649
8650
8651
8652
8655
8656
8660
8662
8663
8664
8665
8669
8672
8673
8677
8759
8760
8763
8765
8766
8768
8770
8771
8772
8773
8775
8777
8782
8783
8784
8788
8791
8792
8793
8794
8795
8800
8803
8888
8889
8896
8897
8898
8900
8901
8904
8911
8912
8914
8919
8921
8925
9016
9017
9018
9021
9025
9027
9030
9032
9035
9036
9038
9041
9043
9045
9048
9049
9140
9143
9146
9147
9151
9158
9159
9160
9166
9273
9274
9276
9281
9283
9285
11529
11532
11533
11652
11653
11657
11780
11781
11782
