7032
7033
7146
7147
7152
7154
7158
7165
7271
7272
7274
7275
7276
7280
7281
7283
7284
7288
7291
7292
7394
7398
7399
7402
7403
7406
7409
7410
7411
7412
7417
7520
7522
7525
7527
7530
7533
7535
7537
7538
7539
7542
7650
7658
7659
7660
7661
7662
7665
13403
13404
13406
13407
13409
13414
13418
13419
13520
13523
13524
13525
13526
13533
13535
13539
13540
13543
13547
13548
13638
13639
13649
13650
13651
13652
13653
13654
13657
13661
13663
13664
13665
13666
13669
13670
13675
13676
13763
13770
13771
13772
13774
13775
13777
13779
13781
13782
13784
13786
13787
13788
13791
13792
13793
13794
13800
13801
13887
13893
13896
13898
13900
13904
13905
13906
13907
13909
13910
13913
13914
13918
13923
13926
13927
14011
14020
14022
14023
14028
14030
14034
14036
14038
14041
14043
14044
14045
14047
14052
14142
14144
14145
14146
14147
14150
14154
14163
14165
14167
14169
14171
14172
14175
14261
14262
14263
14265
14267
14269
14272
14273
14274
14277
14278
14279
14280
14282
14283
14285
14287
14288
14289
14290
14294
14388
14395
14399
14405
14407
14409
14412
14415
14520
16151
16152
16153
16154
16155
16157
16159
16160
16164
16168
16171
16263
16265
16270
16271
16272
16276
16280
16283
16286
16287
16288
16290
16291
16296
16298
16386
16387
16390
16391
16394
16397
16400
16401
16402
16405
16407
16408
16411
16414
16415
16417
16419
16422
16423
16426
16427
16513
16515
16517
16518
16519
16520
16522
16523
16525
16526
16527
16528
16530
16531
16532
16533
16536
16537
16541
16546
16550
16640
16658
16660
16662
16664
16665
16668
