3144
3146
3150
3151
3152
3154
3155
3156
3157
3161
3162
3268
3269
3273
3277
3280
3281
3282
3286
3288
3289
3294
3297
3388
3389
3392
3394
3395
3397
3398
3403
3404
3405
3411
3413
3418
3421
3424
3426
3511
3512
3513
3515
3518
3521
3523
3524
3528
3534
3535
3540
3541
3542
3543
3545
3547
3548
3549
3551
3637
3638
3640
3642
3644
3645
3656
3657
3658
3660
3661
3662
3668
3669
3671
3674
3675
3677
3761
3764
3767
3768
3774
3778
3779
3780
3781
3783
3784
3788
3790
3791
3793
3797
3799
3887
3888
3890
3900
3901
3902
3905
3911
3912
3913
3918
3921
3922
3925
4014
4016
4021
4024
4026
4030
4033
4035
4036
4037
4038
4042
4045
4149
4153
4154
4155
4156
4159
4160
4161
4164
4165
4166
4276
4277
4279
4282
4286
9150
9151
9160
9161
9162
9165
9265
9272
9276
9278
9280
9282
9291
9294
9295
9296
9297
9388
9389
9390
9391
9393
9394
9396
9398
9401
9402
9403
9404
9406
9408
9411
9412
9414
9415
9418
9420
9511
9512
9513
9514
9515
9517
9518
9520
9525
9526
9527
9529
9531
9533
9534
9539
9543
9546
9552
9636
9638
9639
9640
9641
9642
9643
9646
9647
9649
9654
9656
9657
9658
9661
9662
9663
9668
9669
9670
9671
9672
9673
9674
9676
9677
9678
9679
9759
9760
9761
9762
9765
9768
9769
9770
9771
9772
9775
9776
9778
9782
9783
9784
9786
9788
9790
9791
9792
9794
9795
9796
9799
9803
9884
9885
9889
9895
9896
9898
9899
9900
9901
9904
9907
9909
9910
9912
9913
9917
9923
9924
10010
10013
10024
10028
10031
10036
10037
10040
10041
10045
10046
10050
10052
10141
10144
10147
10148
10151
10155
10158
10159
10160
10161
10163
10164
10165
10167
10169
10171
10173
10174
10267
10273
10275
10278
10280
10286
10287
10288
10289
10397
10398
10402
10408
10414
