4647
4648
4651
4653
4654
4658
4659
4660
4662
4664
4667
4671
4672
4769
4771
4773
4777
4779
4782
4785
4786
4787
4789
4791
4793
4795
4797
4887
4890
4892
4893
4898
4902
4906
4907
4908
4909
4910
4912
4916
4918
4920
4921
4923
4926
5012
5014
5015
5017
5020
5022
5024
5025
5026
5027
5029
5030
5033
5036
5038
5041
5042
5045
5046
5048
5050
5144
5146
5149
5152
5153
5156
5159
5161
5164
5165
5166
5168
5171
5272
5274
5276
5277
5278
5280
5281
5282
5283
5284
5286
5287
6777
6779
6785
6787
6899
6903
6905
6906
6909
6911
6913
6914
11898
11901
11902
11905
11906
11910
11913
11915
11916
11918
11921
12013
12014
12016
12017
12018
12021
12022
12023
12025
12030
12035
12038
12040
12041
12046
12048
12049
12052
12138
12139
12143
12145
12146
12147
12150
12153
12154
12157
12158
12165
12166
12168
12171
12173
12177
12261
12263
12264
12271
12272
12273
12274
12275
12276
12280
12282
12286
12288
12289
12290
12291
12292
12294
12295
12299
12300
12302
12386
12388
12389
12391
12392
12394
12397
12402
12406
12407
12408
12410
12412
12414
12415
12416
12419
12420
12422
12425
12524
12525
12527
12528
12531
12536
12538
12542
