283
284
287
289
291
399
401
406
407
414
417
425
511
512
514
516
517
523
526
527
530
531
532
534
535
536
537
539
540
542
546
548
550
552
635
636
637
638
640
643
646
649
650
653
655
657
658
661
662
663
664
666
667
668
674
675
676
677
678
759
767
768
770
771
772
776
781
783
784
785
786
788
789
790
791
792
795
797
799
803
885
891
893
895
896
897
898
901
903
911
912
915
917
919
922
924
926
927
1013
1014
1015
1019
1020
1021
1025
1026
1027
1031
1033
1034
1036
1039
1040
1041
1044
1047
1146
1150
1151
1163
1164
2785
2786
2787
2789
2790
2892
2893
2895
2897
2902
2904
2906
2909
2911
2912
2915
2916
2919
2920
2923
3013
3021
3024
3034
3035
3040
3045
3047
3049
3135
3136
3138
3141
3142
3144
3148
3150
3151
3154
3155
3156
3159
3163
3165
3166
3167
3169
3172
3174
3175
3262
3263
3264
3266
3267
3268
3270
3271
3274
3276
3277
3278
3289
3291
3292
3298
3387
3388
3398
3399
3400
3402
3404
3405
3407
3408
3410
3412
3413
3414
3415
3416
3417
3418
3419
3420
3424
3517
3520
3522
3524
3525
3527
3530
3531
3534
3535
3536
3539
3540
3542
3543
3544
3545
3547
3550
3646
3648
3652
3657
3662
3664
3667
5397
5399
5406
5409
5410
5412
5514
5515
5525
5527
5529
5533
5534
5535
5536
5538
5539
5540
5549
5642
5643
5646
5649
5651
5657
5660
5661
5664
5665
5666
5668
5671
5672
5673
5675
5676
5761
5763
5764
5766
5767
5768
5772
5775
5776
5778
5784
5789
5792
5793
5794
5795
5796
5799
5801
5802
5887
5892
5895
5899
5901
5903
5904
5905
5906
5907
5911
5912
5915
5916
5918
6018
6023
6026
6028
6029
6031
6032
6039
6041
6048
6049
6148
6151
6156
6158
6160
6161
6164
6165
7905
8017
8021
8022
8023
8024
8031
8034
8041
8042
8044
8143
8147
8149
8151
8154
8156
8161
8164
8165
8166
8171
8268
8270
8273
8276
8278
8280
8281
8283
8284
8285
8291
8293
8298
8390
8391
8392
8396
8403
8404
8405
8406
8407
8409
8410
8413
8418
8419
8422
8423
8424
8518
8522
8524
8527
8529
8532
8534
8535
8539
8540
8541
8545
8648
8649
8654
8658
10523
10524
10531
10534
10535
10537
10538
10644
10648
10649
10653
10655
10657
10659
10661
10662
10663
10664
10665
10666
10669
10670
10766
10775
10780
10781
10782
10786
10787
10789
10791
10795
10891
10892
10893
10901
10903
10908
10912
10916
10919
10921
10922
11019
11020
11022
11024
11029
11030
11032
11033
11036
11038
13152
13156
13157
13160
13162
13163
13279
13281
13282
13283
13285
13287
13289
13292
13397
13401
13402
13404
13407
13408
13409
13410
13415
13417
13525
13526
13527
13528
13531
13532
13535
13536
13538
