4271
4273
4274
4276
4277
4278
4279
4280
4288
4289
4290
4384
4386
4387
4388
4391
4393
4394
4399
4402
4404
4408
4412
4413
4414
4415
4507
4508
4509
4518
4520
4521
4522
4525
4527
4528
4530
4531
4534
4536
4542
4630
4634
4635
4640
4641
4642
4643
4644
4645
4647
4648
4651
4653
4655
4657
4658
4661
4665
4666
4668
4670
4672
4674
4758
4759
4760
4761
4765
4766
4767
4768
4770
4771
4772
4773
4776
4777
4780
4783
4790
4792
4794
4882
4885
4886
4888
4890
4891
4895
4896
4897
4899
4904
4906
4907
4910
4915
4916
4917
4919
4921
5011
5012
5013
5017
5020
5022
5023
5026
5030
5036
5037
5137
5139
5140
5142
5145
5149
5153
5156
5159
9145
9147
9151
9157
9158
9264
9267
9274
9275
9280
9281
9285
9289
9386
9387
9389
9390
9394
9396
9399
9401
9404
9410
9412
9513
9515
9519
9521
9523
9524
9525
9529
9530
9532
9533
9534
9536
9538
9539
9540
9639
9640
9642
9643
9644
9645
9653
9657
9659
9662
9666
9770
9772
9775
9777
9778
9780
9782
9783
9787
