505
506
508
514
515
516
519
522
524
525
526
529
530
534
536
538
539
541
542
634
635
636
637
639
640
641
645
647
648
650
652
653
657
660
662
663
668
669
670
672
673
755
760
761
762
763
765
768
781
784
785
789
792
793
797
798
883
889
891
892
893
894
896
897
898
902
903
910
917
919
920
921
1009
1017
1018
1020
1022
1023
1025
1028
1029
1030
1033
1036
1037
1038
1041
1143
1144
1151
1154
1156
1157
1160
2771
2775
2776
2778
2781
2783
2784
2789
2884
2888
2889
2890
2891
2894
2895
2898
2902
2904
2905
2906
2908
2912
2914
2915
2917
2920
3006
3015
3016
3017
3019
3022
3023
3024
3025
3030
3036
3037
3042
3045
3046
3130
3132
3133
3138
3141
3142
3147
3150
3151
3153
3154
3159
3162
3163
3164
3166
3167
3168
3169
3172
3173
3174
3255
3260
3262
3263
3265
3266
3267
3270
3274
3275
3276
3277
3279
3281
3284
3285
3286
3287
3291
3292
3298
3389
3390
3395
3396
3403
3404
3406
3408
3409
3413
3415
3418
3419
3421
3510
3511
3513
3514
3515
3516
3517
3524
3525
3528
3535
3640
3643
3644
3646
3647
3649
3653
3658
3662
5275
5389
5390
5391
5393
5394
5395
5396
5397
5399
5400
5408
5409
5410
5413
5507
5508
5509
5511
5512
5514
5515
5518
5521
5522
5525
5527
5530
5531
5535
5538
5540
5542
5544
5546
5547
5633
5635
5638
5642
5643
5645
5646
5648
5649
5652
5653
5655
5659
5661
5662
5663
5664
5665
5666
5668
5755
5757
5759
5760
5761
5762
5763
5764
5766
5767
5768
5769
5770
5777
5778
5779
5780
5783
5784
5788
5789
5790
5792
5793
5795
5796
5880
5882
5890
5892
5897
5898
5899
5901
5903
5905
5908
5909
5911
5912
5913
5914
5918
5920
6008
6009
6011
6012
6014
6016
6020
6021
6022
6025
6026
6028
6029
6032
6033
6036
6037
6038
6042
6043
6140
6141
6149
6151
6154
6156
6160
6161
6162
6163
7893
7894
7895
7901
7903
7904
7912
8019
8022
8026
8029
8030
8039
8041
8045
8131
8132
8133
8137
8140
8142
8144
8147
8148
8150
8151
8153
8158
8159
8161
8162
8163
8164
8167
8168
8169
8257
8258
8263
8264
8266
8267
8268
8272
8274
8275
8276
8277
8279
8286
8287
8290
8296
8381
8385
8387
8390
8395
8397
8399
8400
8401
8402
8403
8404
8405
8406
8408
8410
8411
8420
8421
8422
8508
8509
8511
8513
8515
8521
8523
8526
8527
8531
8533
8540
8543
8544
8545
8635
8636
8639
8640
8642
8643
8644
8647
8651
8653
8659
8661
8662
8774
10392
10393
10395
10399
10403
10405
10406
10408
10517
10522
10523
10528
10530
10531
10533
10536
10537
10538
10541
10542
10632
10635
10636
10639
10641
10643
10644
10645
10647
10648
10650
10651
10653
10654
10661
10666
10670
10671
10758
10759
10766
10769
10773
10774
10775
10780
10784
10785
10786
10787
10790
10791
10793
10797
10881
10882
10886
10888
10889
10890
10892
10893
10895
10897
10898
10900
10901
10903
10905
10907
10908
10909
10911
10912
10921
11007
11009
11013
11015
11016
11017
11018
11021
11023
11025
11027
11028
11029
11031
11034
11036
11037
11042
11138
11140
11143
11144
11150
11152
11154
11156
11157
11161
12900
12902
13018
13019
13020
13025
13028
13029
13035
13037
13135
13136
13138
13139
13143
13144
13149
13151
13153
13155
13158
13160
13161
13162
13164
13258
13259
13260
13262
13264
13265
13266
13270
13273
13277
13278
13279
13280
13282
13283
13284
13286
13287
13293
13294
13295
13383
13385
13386
13387
13388
13391
13393
13396
13397
13398
13400
13404
13405
13409
13410
13415
13417
13418
13419
13510
13511
13513
13517
13518
13519
13521
13522
13524
13527
13530
13533
13535
13638
13644
13645
13647
13649
13650
13651
13653
13655
13660
