4264
4266
4269
4271
4272
4273
4275
4276
4281
4285
4287
4288
4392
4394
4402
4404
4407
4408
4409
4412
4520
4521
4524
5786
5788
5789
5887
5888
5894
5896
5898
5902
5903
5904
5908
5909
5910
5911
5912
5914
5915
5917
6005
6006
6008
6012
6015
6019
6020
6021
6023
6025
6026
6027
6029
6031
6033
6035
6044
6046
6130
6131
6133
6134
6135
6136
6138
6140
6141
6142
6143
6145
6146
6148
6149
6150
6151
6157
6158
6159
6163
6164
6166
6167
6168
6171
6172
6256
6260
6264
6265
6266
6267
6269
6270
6271
6273
6274
6275
6284
6290
6292
6294
6389
6391
6394
6395
6396
6397
6398
6399
6402
6403
6407
6409
7534
7638
7640
7642
7644
7646
7647
7648
7649
7658
7659
7660
7662
7663
7666
7760
7761
7762
7763
7764
7765
7766
7768
7771
7772
7774
7775
7777
7780
7781
7785
7786
7787
7788
7794
7881
7882
7885
7886
7887
7889
7892
7895
7898
7899
7900
7902
7904
7907
7908
7911
7912
7913
7918
7919
7922
8007
8011
8012
8013
8014
8017
8018
8021
8022
8024
8026
8027
8029
8030
8031
8033
8037
8041
8042
8043
8145
8151
8152
8154
