8401
8402
8408
8409
8411
8413
8414
8509
8512
8514
8516
8519
8520
8522
8524
8528
8529
8531
8533
8534
8536
8542
8633
8637
8638
8639
8640
8645
8646
8650
8652
8654
8655
8656
8657
8659
8662
8665
8670
8672
8756
8757
8762
8765
8767
8771
8772
8773
8779
8781
8782
8785
8786
8787
8788
8789
8880
8886
8888
8889
8890
8892
8893
8900
8901
8902
8905
8909
8912
8913
8914
8921
8922
8924
9005
9006
9008
9009
9011
9016
9018
9022
9025
9030
9033
9034
9038
9039
9041
9048
9133
9135
9136
9137
9138
9140
9144
9145
9148
9149
9150
9151
9153
9156
9164
9165
9166
9171
9258
9260
9265
9267
9271
9275
9276
9277
9278
9281
9282
9283
9287
9290
9291
9393
9399
9400
9405
9407
11774
11776
11897
11899
11901
11904
11905
