5391
5392
5394
5395
5397
5398
5399
5402
5405
5408
5409
5410
5514
5517
5519
5527
5530
5531
5532
5535
5639
5642
5643
5649
5651
5652
5653
5659
5763
5767
5771
5774
5777
5778
5780
5783
5784
5788
5894
5899
5902
5907
5908
6025
6026
6027
8271
8273
8277
8278
8386
8387
8393
8397
8398
8401
8402
8405
8406
8407
8413
8416
8511
8513
8514
8520
8524
8528
8531
8533
8534
8535
8537
8538
8541
8542
8631
8633
8636
8639
8640
8641
8642
8649
8650
8653
8655
8659
8661
8662
8663
8666
8667
8672
8755
8759
8763
8764
8767
8773
8778
8780
8781
8782
8783
8784
8785
8789
8790
8791
8795
8796
8797
8881
8882
8883
8889
8892
8893
8894
8906
8907
8911
8912
8913
8914
8917
8922
9004
9007
9010
9012
9013
9014
9015
9019
9020
9022
9025
9027
9028
9029
9032
9033
9034
9035
9038
9040
9041
9048
9134
9136
9138
9140
9145
9146
9148
9151
9154
9155
9157
9158
9159
9160
9162
9163
9168
9170
9262
9265
9269
9271
9276
9277
9278
9282
9283
9286
9287
9289
9290
9291
9294
9387
9390
9391
9394
9395
9397
9398
9401
9403
9404
9521
9526
9530
9531
