4926
4929
4933
4935
5055
5056
5057
5062
5179
5180
5182
5185
9313
9314
9316
9422
9426
9429
9430
9432
9433
9434
9436
9438
9439
9440
9443
9537
9541
9542
9545
9546
9548
9550
9551
9553
9554
9558
9563
9564
9565
9570
9573
9576
9661
9663
9665
9668
9669
9671
9673
9674
9676
9678
9681
9683
9686
9687
9689
9690
9694
9696
9701
9702
9703
9791
9792
9796
9797
9798
9804
9813
9814
9815
9819
9820
9824
9827
9828
9909
9911
9912
9913
9914
9915
9917
9924
9928
9930
9934
9942
9943
9944
9945
9947
9948
9951
9952
10036
10042
10044
10047
10049
10052
10053
10056
10059
10060
10062
10063
10064
10066
10067
10069
10070
10074
10075
10164
10165
10167
10168
10169
10170
10171
10172
10176
10177
10179
10180
10182
10185
10186
10187
10188
10189
10192
10196
10197
10299
10303
10306
10307
10308
10316
14300
14301
14304
14305
14309
14310
14311
