3268
3269
3274
3275
3282
3285
3288
3386
3388
3389
3390
3396
3397
3398
3399
3400
3405
3408
3412
3414
3416
3510
3513
3520
3524
3530
3531
3532
3534
3535
3539
3546
3631
3633
3637
3638
3640
3641
3643
3646
3647
3649
3652
3653
3656
3657
3658
3659
3660
3661
3664
3668
3756
3762
3763
3765
3766
3767
3770
3772
3775
3776
3777
3778
3779
3780
3782
3789
3792
3793
3796
3887
3893
3895
3898
3899
3904
3907
3914
3915
3917
3920
4007
4009
4010
4012
4013
4017
4019
4020
4021
4022
4023
4025
4027
4028
4032
4033
4036
4039
4042
4135
4137
4139
4142
4145
4148
4150
4151
4155
4156
4157
4158
4161
4163
4168
4262
4265
4270
4275
4289
4290
4403
4404
9268
9269
9270
9271
9279
9284
9390
9393
9398
9400
9401
9402
9403
9405
9406
9412
9414
9418
9511
9514
9516
9520
9522
9523
9524
9525
9526
9529
9531
9534
9535
9539
9540
9542
9632
9633
9635
9636
9642
9645
9647
9649
9651
9652
9653
9656
9670
9672
9754
9756
9759
9761
9763
9764
9766
9768
9776
9784
9785
9787
9790
9797
9880
9883
9884
9885
9892
9897
9899
9900
9906
9909
9910
9914
9917
9923
9924
10004
10005
10007
10008
10010
10011
10014
10015
10018
10020
10023
10024
10025
10026
10027
10029
10031
10032
10037
10041
10042
10045
10046
10133
10137
10140
10141
10142
10143
10144
10145
10150
10151
10152
10153
10154
10155
10157
10161
10165
10168
10171
10172
10257
10261
10267
10269
10270
10271
10272
10276
10282
10284
10286
10287
10289
10290
10291
10292
10294
10295
10389
10391
10392
10398
10402
10406
10417
10516
10521
10525
10526
10532
10534
10535
10536
