3018
3020
3023
3025
3026
3028
3031
3032
3033
3034
3134
3138
3143
3146
3147
3153
3156
3157
3158
3162
3167
3169
3259
3260
3261
3262
3265
3266
3268
3272
3278
3280
3281
3283
3286
3287
3289
3292
3293
3294
3295
3296
3385
3387
3388
3394
3395
3399
3400
3402
3404
3406
3410
3412
3413
3414
3416
3417
3419
3421
3509
3511
3512
3520
3524
3528
3529
3532
3538
3543
3643
3644
3645
3646
3660
5272
5277
5280
5282
5284
5397
5398
5402
5403
10268
10270
10273
10279
10282
10285
10287
10387
10389
10395
10396
10402
10403
10405
10407
10408
10409
10410
10412
10413
10415
10418
10419
10420
10506
10507
10514
10517
10519
10521
10523
10524
10525
10530
10531
10534
10537
10539
10540
10543
10547
10632
10633
10637
10638
10639
10641
10643
10644
10647
10651
10652
10653
10654
10657
10658
10659
10660
10662
10664
10665
10669
10672
10759
10762
10763
10767
10768
10771
10774
10780
10781
10784
10786
10788
10790
10793
10795
10888
10889
10890
10892
10895
10896
10897
10901
10902
10906
10907
10910
10912
10913
10914
10917
