3806
3808
3809
3810
3811
3815
3925
3927
3928
3931
3932
3933
3934
3939
3940
3943
3945
4041
4042
4043
4044
4046
4047
4052
4053
4054
4055
4066
4069
4070
4071
4073
4166
4167
4169
4174
4176
4177
4179
4181
4182
4183
4190
4191
4201
4286
4288
4292
4294
4297
4298
4299
4301
4302
4303
4304
4306
4308
4312
4313
4314
4315
4317
4324
4327
4411
4419
4422
4428
4431
4432
4433
4436
4442
4443
4444
4447
4452
4536
4537
4538
4539
4541
4543
4546
4547
4553
4554
4555
4560
4564
4568
4569
4570
4571
4572
4574
4576
4662
4666
4667
4669
4670
4671
4673
4674
4676
4680
4681
4683
4686
4687
4690
4693
4699
4700
4790
4794
4797
4803
4808
4812
4814
4821
4822
4917
4918
4921
4923
4924
4926
4927
4929
4931
4933
4937
4939
4942
5056
5061
9921
9923
9927
9928
9929
9934
9936
9940
9941
9942
10040
10042
10044
10046
10049
10050
10055
10057
10058
10059
10061
10062
10066
10067
10068
10069
10070
10072
10165
10168
10170
10171
10172
10175
10178
10179
10183
10186
10188
10189
10192
10193
10194
10196
10197
10198
10199
10201
10286
10289
10291
10294
10295
10299
10306
10319
10320
10321
10324
10325
10412
10413
10414
10416
10418
10419
10420
10421
10423
10424
10426
10427
10428
10431
10432
10438
10439
10441
10442
10443
10444
10446
10534
10537
10543
10547
10548
10550
10552
10554
10559
10560
10561
10563
10567
10569
10570
10572
10573
10575
10577
10660
10663
10667
10668
10669
10672
10673
10675
10685
10686
10687
10688
10689
10691
10693
10694
10696
10697
10700
10701
10789
10790
10793
10794
10797
10802
10805
10806
10810
10811
10815
10816
10817
10818
10823
10917
10919
10920
10922
10924
10929
10936
10937
10940
10941
10943
10944
10946
10949
11042
11047
11048
11049
11051
11052
11057
11058
11061
11062
11065
11070
11177
11178
11179
11183
11184
11191
