419
420
422
423
427
428
431
433
434
438
445
450
537
539
540
542
544
545
551
553
559
561
564
569
572
664
667
669
670
671
675
676
681
686
687
689
691
693
694
798
800
801
804
805
809
810
811
10677
10680
10684
10685
10686
10689
10791
10792
10795
10799
10800
10801
10802
10804
10805
10806
10807
10808
10811
10812
10813
10814
10815
10816
10817
10821
10914
10918
10920
10923
10928
10929
10930
10931
10932
10933
10942
10944
10946
10947
10948
10951
11036
11037
11038
11039
11040
11045
11046
11047
11054
11056
11057
11058
11063
11064
11065
11066
11067
11070
11072
11074
11075
11077
11078
11159
11168
11169
11170
11171
11173
11176
11179
11185
11187
11188
11190
11191
11192
11194
11198
11199
11200
11202
11203
11204
11284
11286
11287
11290
11291
11295
11296
11298
11299
11300
11301
11302
11303
11305
11306
11308
11312
11324
11325
11328
11411
11415
11416
11417
11420
11421
11424
11425
11429
11430
11431
11433
11435
11436
11437
11438
11439
11441
11443
11445
11450
11451
11452
11537
11538
11542
11545
11546
11547
11550
11551
11552
11557
11561
11567
11568
11665
11667
11673
11674
11675
11676
11684
11685
11686
11688
11691
11799
11801
11810
11811
11813
14181
14183
14184
14185
