4043
4044
4050
4054
4060
4063
4071
4072
4164
4167
4169
4170
4171
4173
4176
4177
4178
4179
4184
4186
4187
4188
4189
4191
4192
4193
4198
4200
4286
4287
4290
4298
4302
4303
4304
4305
4306
4311
4316
4321
4324
4325
4327
4414
4418
4419
4420
4422
4427
4428
4429
4430
4432
4433
4434
4436
4437
4438
4440
4442
4446
4447
4542
4543
4546
4551
4553
4556
4557
4566
6176
6179
6181
6183
6184
6186
6188
6300
6301
6305
6310
6313
6314
11291
11293
11296
11298
11301
11305
11307
11309
11313
11314
11316
11318
11319
11320
11322
11410
11411
11415
11419
11421
11423
11424
11426
11432
11440
11443
11444
11445
11537
11539
11540
11541
11543
11544
11545
11546
11547
11549
11552
11559
11561
11562
11563
11564
11567
11571
11576
11660
11663
11664
11666
11667
11668
11669
11674
11677
11678
11681
11684
11686
11688
11689
11690
11691
11692
11696
11697
11698
11699
11701
11702
11790
11792
11795
11799
11801
11803
11804
11806
11810
11811
11812
11813
11815
11818
11821
11922
11924
11930
11932
11934
11936
11941
11942
