412
413
418
421
422
425
427
428
430
433
434
436
438
441
443
445
448
450
453
537
540
541
548
549
552
554
555
558
560
565
566
569
672
673
1927
1928
1930
1931
1937
1938
1941
1943
1945
2043
2047
2048
2049
2051
2053
2054
2056
2065
2067
2072
2167
2174
2175
2176
2177
2178
2180
2181
2187
2189
2191
2192
2193
2194
2195
2196
10046
10048
10049
10051
10052
10057
10058
10063
10066
10168
10170
10171
10173
10177
10179
10180
10183
10184
10186
10189
10194
10298
10303
10307
10310
10311
10313
11672
11673
11676
11678
11680
11682
11688
11689
11692
11694
11696
11786
11790
11791
11795
11799
11801
11802
11804
11807
11809
11810
11812
11813
11815
11817
11818
11819
11826
11910
11912
11916
11924
11925
11927
11928
11932
11938
11939
11940
11942
11946
11947
11949
12037
12038
12039
12040
12052
12054
12055
12056
12057
12058
12062
12063
12069
12072
12169
12172
12176
12178
12181
12183
12189
12191
13425
13429
13432
13435
13437
13440
13540
13545
13548
13551
13552
13553
13556
13558
13559
13562
13563
13566
13569
13570
13571
13574
13575
13661
13668
13675
13676
13678
13679
13680
13681
13684
13687
13695
13698
13790
13791
13794
13796
13798
13800
13801
13802
13803
13805
13808
13811
13816
13820
13822
13823
13824
13825
13918
13919
13921
13923
13926
13927
13929
13931
13936
13940
13941
13942
