908
911
912
1013
1015
1016
1020
1023
1026
1028
1029
1033
1035
1037
1134
1135
1136
1137
1138
1140
1142
1143
1145
1146
1148
1149
1151
1153
1154
1158
1159
1163
1167
1170
1257
1258
1260
1261
1267
1270
1273
1274
1277
1280
1281
1288
1292
1295
1380
1383
1384
1385
1386
1389
1392
1393
1395
1403
1409
1410
1411
1412
1414
1417
1418
1420
1422
1509
1510
1511
1515
1524
1525
1527
1530
1532
1533
1535
1540
1541
1544
1547
1633
1634
1635
1636
1639
1640
1642
1644
1645
1646
1648
1650
1651
1653
1655
1656
1664
1665
1668
1768
1770
1771
1772
1774
1781
1783
1785
1790
1893
1897
1902
1903
1904
1905
1907
1908
1911
1912
1913
11772
11773
11774
11775
11776
11778
11779
11781
11782
11892
11894
11895
11899
11900
11901
11904
11905
11906
11907
11908
11909
11913
11917
12010
12012
12014
12015
12017
12019
12023
12026
12027
12032
12034
12037
12038
12039
12040
12044
12131
12134
12135
12136
12138
12140
12141
12143
12146
12147
12151
12152
12155
12156
12159
12165
12166
12167
12168
12169
12171
12254
12259
12263
12264
12266
12270
12274
12275
12286
12287
12290
12295
12297
12298
12299
12380
12382
12384
12385
12386
12389
12391
12392
12393
12396
12399
12400
12401
12402
12404
12405
12406
12407
12409
12410
12411
12423
12424
12516
12519
12521
12523
12525
12527
12528
12530
12532
12534
12537
12538
12540
12543
12544
12545
12631
12632
12635
12644
12646
12652
12655
12656
12660
12663
12664
12667
12668
12671
12762
12763
12768
12769
12770
12771
12772
12775
12776
12784
12785
12791
12893
12895
12896
12898
12905
12906
12908
12909
