677
688
691
797
800
802
805
809
812
813
820
823
824
825
913
914
915
916
917
918
921
922
923
928
929
930
934
935
937
938
940
943
948
949
950
954
1034
1039
1041
1045
1048
1051
1052
1055
1056
1059
1060
1061
1062
1064
1068
1070
1073
1075
1076
1160
1164
1165
1166
1167
1168
1169
1171
1173
1174
1176
1179
1180
1181
1182
1186
1187
1189
1190
1199
1200
1293
1295
1297
1298
1299
1302
1304
1305
1307
1308
1311
2555
2559
2561
2668
2669
2674
2675
2678
2683
2684
2686
2687
2689
2693
2695
2696
2790
2791
2795
2797
2799
2802
2806
2807
2809
2814
2816
2820
2919
2923
2925
2926
2933
2937
2940
2941
2943
10681
10794
10796
10797
10801
10804
10805
10807
10810
10812
10813
10815
10817
10919
10921
10922
10924
10927
10928
10930
10931
10937
10939
10942
11051
11052
12304
12305
12306
12307
12308
12311
12312
12315
12316
12318
12319
12414
12416
12417
12420
12422
12423
12424
12425
12427
12429
12431
12432
12434
12441
12443
12444
12449
12450
12537
12542
12545
12546
12549
12551
12552
12553
12554
12555
12556
12560
12562
12565
12566
12568
12569
12574
12575
12577
12661
12665
12668
12670
12672
12676
12678
12680
12682
12684
12686
12691
12694
12698
12702
12703
12789
12792
12793
12796
12797
12798
12801
12805
12806
12808
12810
12811
12812
12816
12819
12918
12921
12925
12926
12930
12932
12934
12936
12938
14061
14169
14170
14176
14178
14180
14181
14182
14183
14184
14185
14187
14190
14195
14290
14291
14292
14294
14295
14296
14297
14299
14300
14301
14302
14303
14304
14305
14306
14307
14308
14311
14313
14315
14318
14319
14320
14323
14324
