556
562
563
673
676
680
681
684
687
811
813
926
932
933
934
936
6297
6299
6300
6302
6303
6304
6305
6312
6314
6317
6416
6419
6420
6421
6422
6424
6426
6427
6429
6430
6431
6432
6435
6441
6443
6446
6540
6541
6542
6543
6544
6545
6548
6550
6552
6554
6556
6557
6560
6561
6562
6570
6572
6662
6664
6665
6670
6672
6677
6679
6681
6685
6688
6690
6691
6692
6693
6695
6788
6790
6794
6795
6796
6800
6803
6807
6809
6810
6811
6816
6817
6818
6820
6822
6914
6915
6916
6919
6920
6921
6922
6924
6927
6933
6934
6935
6938
6939
6944
6946
6947
6950
6951
7038
7039
7040
7043
7044
7045
7046
7048
7054
7056
7057
7059
7061
7062
7065
7066
7071
7075
7164
7165
7166
7172
7173
7174
7175
7176
7180
7182
7184
7186
7187
7192
7194
7290
7292
7295
7300
7306
7311
7317
7318
7319
7320
7420
7421
7424
7427
7428
7429
12307
12309
12312
12313
12420
12421
12423
12427
12430
12431
12437
12442
12444
12540
12542
12543
12547
12549
12550
12553
12554
12558
12559
12562
12564
12565
12569
12571
12572
12573
12574
12668
12669
12670
12672
12674
12676
12677
12679
12680
12681
12685
12690
12691
12692
12695
12696
12697
12699
12700
12701
12785
12786
12787
12789
12793
12794
12797
12798
12799
12800
12801
12802
12804
12805
12807
12808
12809
12810
12815
12820
12821
12822
12823
12824
12825
12826
12911
12912
12913
12915
12919
12920
12921
12922
12923
12924
12925
12929
12931
12933
12936
12937
12938
12939
12941
12942
12943
13037
13038
13040
13041
13042
13043
13046
13047
13048
13049
13050
13051
13055
13056
13057
13058
13065
13066
13067
13070
13071
13076
13077
13160
13162
13163
13164
13165
13167
13169
13172
13179
13180
13181
13182
13184
13185
13189
13194
13197
13202
13203
13286
13288
13290
13291
13292
13294
13297
13299
13301
13302
13306
13311
13312
13315
13316
13318
13319
13320
13323
13415
13417
13419
13420
13423
13424
13425
13427
13428
13431
13432
13433
13434
13435
13442
13444
13446
13543
13544
13550
13551
13553
13555
13557
13562
13564
13565
