1020
1021
1023
1025
1029
1145
1146
1148
1155
1158
1160
1276
1277
1279
1281
1282
1283
1284
1402
1403
6763
6766
6771
6774
6775
6776
6777
6781
6784
6785
6789
6886
6887
6896
6904
6906
6907
6909
6912
6913
6914
6916
6917
7011
7016
7017
7020
7022
7024
7025
7026
7027
7029
7030
7033
7041
7044
7046
7133
7137
7139
7144
7145
7146
7147
7148
7149
7153
7157
7158
7160
7162
7165
7170
7259
7260
7262
7264
7265
7267
7268
7269
7276
7278
7283
7287
7293
7381
7383
7387
7388
7389
7390
7391
7392
7395
7396
7406
7408
7415
7416
7417
7419
7420
7422
7507
7508
7512
7514
7515
7516
7517
7518
7519
7520
7522
7526
7530
7531
7533
7537
7538
7539
7542
7543
7637
7641
7645
7646
7647
7651
7653
7657
7659
7660
7661
7662
7667
7668
7762
7764
7766
7767
7768
7769
7772
7774
7775
7778
7785
7786
7896
7899
7900
7902
7903
7904
12770
12891
12892
12896
12899
12904
12906
12910
12913
13008
13010
13012
13015
13017
13018
13020
13021
13022
13025
13026
13030
13033
13038
13039
13041
13042
13043
13045
13134
13135
13137
13141
13142
13145
13146
13148
13149
13151
13153
13155
13158
13166
13168
13169
13170
13256
13260
13261
13263
13265
13267
13269
13270
13272
13273
13274
13275
13276
13277
13278
13279
13280
13283
13284
13286
13290
13293
13294
13295
13296
13297
13379
13385
13386
13388
13389
13394
13395
13396
13397
13398
13400
13401
13406
13407
13408
13410
13412
13415
13416
13418
13421
13423
13506
13509
13514
13515
13516
13518
13519
13524
13525
13529
13530
13531
13534
13535
13536
13539
13540
13541
13542
13543
13548
13632
13635
13637
13642
13643
13645
13646
13647
13648
13649
13651
13652
13655
13656
13657
13659
13660
13661
13662
13664
13665
13666
13668
13672
13757
13758
13759
13760
13762
13763
13766
13767
13774
13775
13777
13779
13782
13783
13785
13790
13791
13792
13793
13794
13796
13885
13886
13887
13888
13893
13896
13897
13899
13900
13904
13908
13910
13911
13912
13914
14022
14024
14026
14027
14028
14029
14034
14036
