511
512
514
518
522
526
529
530
535
538
539
637
638
639
645
646
647
652
653
654
655
665
764
768
769
777
778
782
783
785
892
895
897
898
900
903
905
906
3016
3017
3023
3026
3033
3034
3134
3135
3143
3144
3146
3148
3149
3151
3153
3156
3158
3159
3160
3162
3164
3166
3167
3260
3264
3265
3269
3270
3272
3275
3276
3279
3281
3284
3286
3289
3291
3293
3384
3391
3392
3395
3396
3401
3404
3407
3411
3414
3416
3420
3505
3506
3508
3509
3511
3513
3514
3516
3517
3519
3521
3522
3524
3526
3528
3529
3533
3537
3538
3540
3541
3543
3544
3546
3630
3633
3638
3642
3643
3645
3646
3648
3651
3652
3653
3654
3655
3657
3658
3659
3660
3664
3666
3668
3669
3670
3671
3757
3759
3760
3764
3766
3767
3769
3770
3772
3773
3774
3776
3777
3779
3785
3787
3789
3794
3795
3891
3893
3896
3897
3898
3899
3901
3903
3905
3906
3907
3908
3909
3911
3912
3915
4016
4020
4021
4025
4029
4032
4033
4035
4037
13893
13897
13898
13900
13903
13906
13908
14014
14016
14018
14029
14031
14032
14033
14034
14042
14143
14144
14146
14148
14150
14151
14152
14155
14156
14157
14159
14162
14166
14167
14168
14170
14258
14260
14261
14267
14268
14269
14270
14271
14272
14274
14277
14282
14284
14285
14290
14292
14293
14295
14297
14379
14381
14382
14384
14389
14393
14394
14395
14400
14401
14402
14407
14408
14409
14410
14412
14416
14417
14424
