2171
2172
2173
2177
2178
2179
2183
2187
2190
2288
2292
2294
2295
2296
2299
2306
2307
2308
2311
2312
2314
2321
2324
2416
2420
2422
2424
2426
2428
2431
2442
2444
2445
2447
2448
2449
2450
2451
2453
2535
2537
2538
2541
2543
2544
2545
2546
2547
2549
2552
2555
2558
2559
2561
2564
2566
2570
2571
2572
2574
2575
2662
2664
2666
2670
2674
2675
2679
2680
2682
2683
2694
2698
2700
2791
2792
2793
2801
2802
2805
2807
2808
2809
2811
2813
2817
2819
2820
2821
7668
7670
7673
7676
7677
7681
7684
7685
7689
7690
7693
7788
7793
7796
7797
7800
7802
7803
7805
7807
7809
7810
7812
7818
7819
7821
7823
7825
7915
7918
7920
7922
7923
7930
7931
7932
7933
7934
7936
7941
7944
7947
7948
8040
8043
8045
8051
8053
8055
8056
8057
8058
8059
8060
8063
8064
8069
8176
8179
8180
8182
8184
9669
9670
9677
9678
9681
9682
9685
9690
9693
9793
9797
9804
9806
9809
9810
9813
9814
9817
9818
9819
9820
9931
9935
9936
9940
10056
10057
