1921
1923
1925
1926
1931
1936
1938
1940
1942
1943
1944
1945
2040
2041
2042
2044
2045
2048
2052
2053
2054
2055
2059
2060
2063
2064
2066
2067
2069
2071
2073
2074
2162
2165
2168
2169
2174
2180
2182
2183
2184
2190
2191
2200
2289
2290
2293
2294
2298
2299
2300
2305
2306
2309
2311
2312
2314
2315
2316
2317
2318
2320
2322
2323
2324
2325
2326
2414
2416
2417
2418
2419
2423
2424
2429
2430
2431
2432
2433
2434
2435
2436
2442
2443
2444
2447
2449
2452
2534
2536
2539
2540
2542
2543
2548
2552
2553
2555
2556
2558
2562
2564
2567
2568
2569
2570
2571
2574
2575
2576
2577
2659
2660
2661
2662
2665
2667
2668
2671
2676
2677
2678
2680
2681
2684
2685
2687
2688
2689
2695
2696
2697
2701
2791
2792
2796
2797
2799
2803
2805
2806
2809
2810
2811
2812
2814
2815
2818
2823
2913
2914
2916
2917
2918
2924
2925
2926
2929
2930
2932
2934
2935
2936
2938
2939
2943
2945
2948
3049
3050
3053
3054
3059
3060
3063
3065
3068
3070
8175
8177
8183
8184
8189
8292
8294
8298
8304
8306
8307
8309
8314
8316
8317
8318
8421
8422
8424
8427
8429
8430
8431
8432
8435
8437
8439
8441
8445
8446
8447
8448
8540
8541
8542
8543
8544
8546
8547
8549
8551
8552
8555
8557
8559
8560
8561
8563
8566
8567
8568
8569
8573
8665
8666
8675
8676
8678
8680
8681
8684
8686
8689
8696
8791
8793
8794
8795
8796
8797
8798
8799
8800
8805
8806
8807
8808
8809
8810
8812
8815
8817
8820
8916
8919
8920
8922
8925
8927
8928
8932
8933
8937
8941
8943
8947
9046
9056
9057
9063
