2546
2551
2553
2554
2555
2556
2557
2561
2563
2565
2567
2568
2570
2664
2667
2669
2670
2672
2675
2676
2677
2678
2682
2685
2686
2688
2689
2691
2692
2694
2696
2700
2784
2787
2788
2790
2793
2795
2796
2798
2799
2800
2802
2804
2805
2806
2807
2809
2810
2812
2816
2817
2818
2819
2820
2822
2823
2824
2909
2910
2914
2916
2920
2922
2925
2927
2929
2930
2932
2933
2935
2936
2939
2940
2947
2948
2953
3037
3041
3044
3046
3047
3050
3051
3054
3057
3058
3061
3065
3067
3069
3070
3075
3171
3173
3175
3178
3179
3180
3185
3188
3191
7929
7930
7935
7938
7939
7942
8041
8049
8054
8058
8059
8061
8062
8063
8066
8071
8072
8073
8074
8168
8169
8170
8175
8176
8178
8180
8183
8184
8185
8186
8187
8190
8191
8195
8196
8289
8290
8293
8302
8306
8308
8309
8310
8316
8318
8323
8423
8425
8435
8437
8438
10046
10047
10048
10058
10061
10062
10063
10065
10068
10168
10172
10173
10175
10177
10178
10179
10180
10182
10185
10186
10192
10193
10194
10301
10303
10306
10307
10308
10309
10310
10312
10315
