412
413
430
431
433
436
438
442
444
445
448
538
540
541
547
548
549
553
554
557
558
559
561
562
563
566
568
571
572
574
575
577
661
664
665
669
671
672
674
678
680
681
682
684
687
688
689
690
693
694
695
696
697
703
787
789
795
796
797
799
802
803
805
809
810
814
816
817
818
821
826
827
828
914
915
916
920
921
922
924
926
927
928
930
931
932
933
934
935
938
942
948
949
1042
1043
1044
1053
1056
1057
1059
1062
1063
1066
1067
1068
1069
1071
2799
2813
2815
2914
2915
2917
2920
2922
2927
2928
2932
2933
2935
2936
2937
2941
2942
2943
2945
2949
2950
3035
3037
3038
3039
3041
3042
3045
3048
3050
3055
3057
3060
3061
3063
3064
3065
3070
3071
3073
3159
3160
3161
3163
3164
3165
3169
3174
3176
3180
3183
3186
3187
3188
3190
3191
3194
3195
3197
3201
3202
3204
3284
3286
3287
3288
3289
3291
3293
3295
3296
3300
3302
3303
3306
3309
3310
3312
3313
3318
3322
3325
3326
3328
3416
3417
3422
3425
3426
3428
3429
3433
3435
3439
3443
3446
3447
3450
3540
3544
3545
3546
3548
3554
3557
3565
3566
3567
3568
3569
3570
3571
3678
3681
3682
3684
5299
5300
5301
5304
5305
5306
5307
5312
5315
5414
5418
5421
5422
5423
5425
5430
5431
5432
5434
5435
5436
5438
5439
5440
5441
5443
5538
5541
5542
5544
5546
5549
5550
5552
5553
5556
5557
5558
5561
5562
5564
5565
5567
5568
5570
5572
5574
5576
5662
5664
5666
5670
5673
5674
5675
5676
5680
5683
5686
5687
5689
5690
5694
5695
5696
5697
5699
5786
5788
5789
5794
5796
5799
5804
5806
5809
5810
5818
5821
5822
5824
5825
5827
5912
5913
5915
5917
5918
5921
5923
5924
5925
5927
5929
5935
5936
5941
5944
5945
5948
5951
6048
6050
6052
6053
6058
6062
6065
6067
6181
6183
6184
6185
7922
7927
7933
7936
7938
7940
7941
7945
7946
8040
8042
8044
8045
8046
8050
8051
8053
8055
8060
8061
8064
8065
8066
8071
8073
8165
8168
8169
8171
8172
8173
8177
8178
8181
8184
8185
8190
8192
8193
8194
8195
8199
8200
8201
8286
8287
8290
8293
8294
8297
8300
8304
8305
8311
8312
8313
8314
8316
8317
8326
8413
8417
8419
8422
8426
8427
8430
8431
8433
8434
8435
8439
8440
8442
8447
8448
8449
8539
8541
8542
8545
8550
8551
8552
8554
8555
8563
8565
8566
8568
8671
8672
8679
10431
10432
10433
10435
10442
10543
10548
10549
10553
10558
10560
10562
10563
10568
10572
10667
10668
10672
10673
10677
10682
10685
10687
10689
10694
10696
10699
10788
10790
10791
10792
10793
10796
10798
10801
10802
10804
10806
10807
10808
10809
10813
10814
10815
10816
10819
10823
10824
10927
10929
10931
10937
10938
10940
10944
10945
10947
11047
11048
11051
11054
11055
11058
11066
11069
11175
11178
11182
11188
11189
13049
13051
13052
13054
13059
13060
13061
13170
13171
13173
13175
13176
13180
13183
13185
13188
13189
13190
13191
13192
13194
13195
13294
13296
13299
13301
13304
13305
13309
13316
13318
13416
13418
13421
13422
13424
13432
13433
13436
13438
13440
13444
13546
13550
13555
13557
13558
13560
13563
13564
13566
