517
519
520
522
527
531
533
534
535
537
539
541
543
640
643
644
646
647
651
652
653
656
657
665
666
667
668
670
671
763
764
766
767
770
771
775
778
779
780
782
783
784
787
788
790
794
796
799
888
896
897
900
903
904
905
908
912
913
914
917
918
919
920
923
1017
1019
1020
1022
1025
1028
1036
1038
1044
2649
2650
2651
2657
2661
2664
2779
2782
13275
13276
13277
13278
13284
13285
13288
13290
13396
13398
13400
13402
13403
13405
13407
13408
13412
13417
13516
13519
13520
13521
13522
13523
13524
13525
13528
13529
13531
13533
13535
13536
13537
13541
13542
13544
13545
13546
13549
13638
13640
13646
13649
13651
13654
13655
13659
13660
13662
13664
13667
13668
13674
13676
13677
13760
13764
13767
13770
13772
13773
13776
13782
13783
13784
13785
13787
13789
13790
13792
13795
13798
13885
13886
13889
13901
13902
13903
13906
13907
13908
13910
13915
13917
13918
13919
13920
13921
13922
13924
13926
14011
14012
14013
14014
14017
14018
14020
14023
14024
14025
14026
14027
14028
14029
14034
14035
14038
14040
14042
14044
14050
14139
14141
14145
14148
14150
14152
14154
14155
14160
14165
14166
14169
14171
14172
14173
14261
14262
14265
14268
14270
14274
14277
14280
14281
14286
14287
14291
14292
14294
14296
14300
14397
14401
14402
14403
14404
14410
14411
14412
14414
14415
14421
14515
14516
14518
14519
14523
14524
14525
14526
14529
14531
14532
14533
14534
14540
19770
19772
19773
19781
19782
19783
19786
19787
19789
19791
19792
19794
19893
19895
19896
19902
19906
19909
19910
19913
19915
19917
19924
20014
20015
20016
20018
20019
20020
20022
20023
20025
20026
20030
20031
20032
20043
20045
20142
20145
20146
20147
20148
20150
20151
20152
20153
20155
20156
20160
20162
20164
20168
20169
20170
20171
20172
20269
20273
20277
20281
20283
20284
20285
20287
