4032
4144
4147
4151
4152
4154
4155
4157
4159
4162
4163
4166
4169
4270
4275
4276
4278
4279
4285
4286
4287
4288
4289
4291
4402
4403
4406
4410
4413
4414
6271
6272
6273
6278
6279
6281
6284
6285
6288
6289
6290
6391
6395
6399
6403
6411
6418
6419
6420
6423
6511
6512
6516
6518
6520
6521
6525
6528
6529
6530
6531
6535
6536
6538
6540
6542
6544
6545
6547
6549
6551
6552
6636
6637
6649
6651
6653
6654
6656
6657
6658
6659
6661
6662
6663
6666
6667
6669
6671
6672
6759
6761
6762
6764
6765
6768
6769
6770
6773
6776
6777
6786
6787
6789
6792
6793
6803
6886
6887
6890
6894
6901
6902
6904
6906
6907
6909
6911
6913
6917
6918
6919
6920
6923
7012
7015
7023
7024
7026
7027
7028
7029
7030
7032
7034
7035
7039
7041
7050
7052
7138
7140
7142
7144
7146
7147
7149
7152
7153
7154
7157
7160
7164
7170
7174
7271
7276
7280
7281
7284
7285
7291
7292
7294
12655
12656
12657
12659
12784
12788
12895
12896
12899
12903
12904
12911
12914
12917
12919
13017
13022
13023
13024
13025
13026
13030
13031
13033
13034
13036
13041
13044
13045
13137
13144
13146
13147
13148
13149
13150
13153
13154
13155
13157
13159
13163
13165
13166
13168
13169
13172
13174
13261
13266
13269
13272
13273
13274
13276
13281
13282
13285
13288
13290
13291
13295
13297
13298
13299
13387
13388
13389
13390
13391
13393
13397
13399
13400
13401
13403
13405
13406
13407
13408
13409
13410
13411
13415
13416
13419
13421
13424
13512
13514
13517
13518
13519
13522
13524
13526
13530
13533
13535
13536
13538
13540
13545
13549
13550
13552
13638
13643
13647
13650
13652
13653
13657
13662
13664
13665
13673
13675
13767
13769
13771
13777
13780
13783
13787
13789
13790
13793
13794
13795
13895
13896
13897
13900
13901
13903
13905
13907
13910
13913
13917
