3021
3022
3027
3029
3033
3034
3037
3040
3139
3140
3141
3143
3145
3146
3147
3148
3149
3152
3154
3156
3159
3160
3161
3164
3166
3167
3169
3263
3265
3269
3270
3271
3273
3277
3279
3281
3282
3284
3286
3287
3288
3290
3291
3293
3294
3295
3296
3298
3299
3389
3392
3397
3398
3399
3404
3406
3408
3409
3410
3411
3414
3415
3417
3418
3419
3421
3422
3425
3514
3515
3517
3522
3524
3525
3526
3527
3532
3537
3539
3540
3543
3544
3547
3548
3550
3551
3553
3636
3637
3638
3639
3641
3644
3645
3646
3648
3653
3655
3656
3659
3662
3663
3668
3669
3670
3673
3674
3675
3763
3764
3765
3769
3773
3774
3776
3781
3783
3785
3786
3789
3793
3794
3796
3797
3801
3893
3894
3897
3899
3904
3906
3907
3908
3909
3911
3913
3916
4021
4022
4024
4025
4026
4030
4034
4036
13787
13789
13900
13901
13903
13908
13914
13915
13917
14019
14020
14027
14040
14142
14143
14146
14149
14153
14156
14157
14158
14159
14160
14161
14162
14165
14167
14169
14266
14273
14275
14277
14281
14289
14293
14294
14391
14392
14397
14398
14401
14404
14405
14406
14412
14416
14418
14422
14515
14519
14522
14524
14526
14529
14530
14531
14533
14537
14540
14541
14542
14544
14545
14645
14646
14648
14653
14656
14660
14661
14663
14670
14769
14783
14785
14790
14792
14895
14897
14899
14900
14905
14908
14912
14916
15028
15029
15034
15035
15036
15037
