771
777
785
786
789
790
894
896
897
901
902
904
907
913
915
917
918
921
922
1014
1015
1017
1018
1020
1021
1022
1023
1024
1025
1027
1030
1031
1033
1037
1041
1044
1047
1048
1049
1137
1138
1145
1147
1149
1151
1152
1154
1155
1157
1162
1166
1167
1172
1176
1259
1260
1262
1264
1267
1269
1270
1272
1273
1278
1280
1282
1283
1289
1294
1295
1303
1385
1388
1389
1390
1391
1392
1394
1395
1396
1397
1398
1400
1403
1406
1409
1410
1418
1420
1421
1422
1423
1425
1427
1428
1510
1515
1516
1519
1520
1521
1522
1524
1525
1529
1530
1531
1537
1539
1541
1543
1544
1548
1636
1638
1647
1648
1649
1650
1654
1656
1662
1663
1664
1665
1666
1667
1669
1672
1676
1764
1765
1772
1776
1777
1778
1779
1784
1785
1786
1788
1791
1794
1799
1894
1897
1900
1903
1905
1906
1908
1911
1912
1914
1915
1916
1918
1919
1920
2019
2021
2022
2025
2026
2030
2031
2038
2039
13150
13151
13152
13154
13157
13158
13160
13161
13162
13163
13271
13276
13279
13281
13283
13284
13285
13291
13292
13293
13392
13395
13400
13401
13402
13406
13407
13408
13409
13413
13414
13417
13420
13518
13519
13520
13524
13525
13526
13527
13529
13531
13532
13533
13534
13536
13538
13542
13543
13642
13643
13644
13645
13647
13649
13650
13652
13653
13660
13662
13663
13664
13666
13668
13671
13769
13770
13776
13777
13778
13781
13783
13786
13787
13788
13789
13897
13901
13904
13907
13908
13914
13915
13917
14024
14029
14030
14031
14034
14037
